-0.597249992818	5.90047572671	5.32640050079	1.65677588476	6.66467877925	9.0	8.93542183388	8.999999999	8.99999999788	4.19868751483	8.9999999856	8.99999999788	
2.50632799571	8.999999986	8.99999884098	1.65389430829	-1.46346537754	4.61246815608	8.99999884098	8.99999976875	8.99999976875	4.20828785217	8.99999596389	8.99861105258	
2.41897117595	8.92078511295	8.99999999997	2.14802919979	0.393483683554	4.60621852732	7.58645547184	8.99999999772	4.78722911339	6.76425037636	8.99999998824	2.16281614565	
2.11133024051	8.6050364477	8.99977350368	1.90866587044	3.73267638668	6.08449948312	5.49064051966	8.99999357418	4.46114044865	6.13269423947	8.99948987098	2.45187788396	
2.50639250622	9.0	8.92810528725	1.69481146707	-1.34422218741	4.66217054174	9.0	8.99999998343	8.99667829057	6.01031159868	8.99999994367	7.10789674367	
0.228425574077	6.75901926734	8.99999999986	1.87215697266	3.23488696974	8.99999999985	8.99999999986	8.99942471152	8.91483488877	4.25893084337	8.99999984673	8.99999995739	
-0.540858066816	5.9507986487	8.99998512241	1.68946335567	-1.46113959898	4.63028838771	8.99998512241	8.99995390144	8.99999976875	5.88889198752	8.99999976875	7.22405540894	
-0.519656365224	5.97083465377	5.23701831727	1.70999594857	4.46922365989	6.77454790034	8.99999976743	8.99999976128	8.64762536664	8.84055815809	8.99999974772	3.9248493031	
2.50227923897	8.99689905349	8.93953803361	1.70136766321	-1.33132724509	4.67700401231	8.99999990038	8.99996067131	8.84757326134	7.48961174375	8.99999982174	5.48316409035	
-0.549500472849	5.96246516425	7.03322615573	3.53865577317	6.73766958521	8.99996769044	8.99998247935	8.99999999998	6.8714320709	9.0	8.99999974005	2.01238486335	
-0.537104690382	5.96668133479	9.0	1.70407711343	-1.38457230307	4.6717574961	9.0	8.99999999707	9.0	8.95978323231	8.99999998978	4.16694730882	
-0.543456073175	5.94453711724	7.08250678861	1.69492973055	6.70892938565	9.0	7.11808148734	8.99897202348	5.37612028449	5.54143659333	8.99999986262	3.94485562719	
-0.520380501931	5.97388521129	8.55102786548	1.70795979509	-0.336993156024	4.67759649819	8.40124008423	8.99999982493	8.99493151849	8.99999976875	8.99999976875	4.1202337113	
-0.547441334845	5.9467547824	9.0	1.86828874434	1.51554169109	4.71738060272	6.2977336791	8.99999999637	6.06914592485	7.70486977152	8.99999998721	2.48666717689	
-0.547951236381	5.95569949518	9.0	1.70158086368	-1.43503748468	4.62952053214	8.99845234023	8.99999999715	9.0	8.97278007237	8.99999998975	4.14675048671	
-0.558525046486	5.91559440066	8.99993304836	1.98250577059	-1.190828264	4.63732583105	8.99993304836	8.99999976732	3.67429631923	5.50796050962	8.99992625826	2.26393793362	
2.48358952038	8.97701071174	8.99999976876	1.85357913299	-1.20678520873	4.65021588649	8.93311516679	8.99999974991	4.31803681326	5.9529963697	8.99999976875	2.4803462086	
-0.536325889086	5.95698777411	9.0	1.69738074509	-0.00116171192229	4.66099813854	7.58460616629	8.99999999624	9.0	6.01998786311	8.99999998739	7.0979891063	
2.50523962308	9.0	6.77565152198	1.6554226962	0.778320554546	4.62660893812	9.0	8.99999999891	8.99932959119	4.20985770167	8.9999999838	8.99999999737	
-0.529523376371	5.93600795033	8.99999999998	3.53772776906	2.22277862721	4.87972076104	7.37405362779	8.99999999641	3.79035083853	5.90442378178	8.99999998844	1.99249028654	
-0.558768380223	5.94060721846	8.9786606069	5.46125687339	6.71033114963	9.0	9.0	8.99999999601	6.26190153119	8.37529036574	8.99999998802	1.99767921039	
-0.531081632489	5.9632124452	9.0	1.70705502767	-1.39099208044	4.67277023717	9.0	8.99999999704	9.0	9.0	8.99999998999	4.12450921446	
-0.569355665355	5.93003928443	8.80547784162	2.84297931601	0.440541357834	4.64119736071	8.44626707445	8.98054325897	4.14919327197	6.23875733246	8.99999980338	2.02578912139	
2.48464953973	8.99999999381	8.91532684313	1.70317342484	0.73658105921	4.7382330112	7.04359916261	8.99366731865	7.90798449889	6.04585179917	8.99999980353	5.99626786331	
1.88720157542	8.37920059021	6.40926343597	1.73477920983	1.25135933266	4.70536004211	8.99999999996	8.99273966315	8.06925413852	9.0	8.99999981735	3.20231790184	
2.48054126464	8.97182759802	6.06019171711	1.69648347957	1.58140377064	4.72050720451	9.0	8.99999999687	6.65529459688	5.7597918539	8.99999998895	5.02068778078	
2.50315736042	9.0	8.98933051877	5.33051311496	6.70428620813	9.0	8.8665368578	8.99999999674	4.34516837648	6.46175271613	8.99999998968	2.00136357469	
-0.514885536648	5.96955482584	6.31752165849	1.68887076083	1.28880713452	4.66687186889	8.96061960476	8.99999999637	9.0	6.28303155606	8.99999998742	6.83062707581	
2.48692213995	8.98303667294	9.0	3.15628525453	6.70516272418	9.0	6.67803451073	8.99999999675	4.57074762199	6.67358543399	8.99999998901	2.01713161016	
-0.543406545124	5.95233025917	8.72799128398	1.69895615638	6.72618326744	9.0	5.46835475907	8.9999999964	9.0	9.0	8.9999999886	4.11125087665	
-0.484633210128	5.99749419575	8.99944550158	1.83087849941	-1.39238525628	4.58097863232	8.98593253515	8.99090692435	3.55942744551	5.20989997708	8.99999981778	2.44616910942	
2.50481108697	9.0	9.0	5.4787540179	6.6862704706	8.97981386672	9.0	8.99999998277	6.88264920559	9.0	8.99999994435	2.00232737348	
-0.55738095359	5.93811962744	9.0	1.70218625066	-0.169779562388	4.65770986977	7.75667535752	8.99999999661	8.6712397227	9.0	8.99999998855	3.78890038793	
-0.558527912673	5.93938239106	8.99999999999	3.90021003916	0.799264290259	4.66770308226	8.99999999999	8.99986908626	4.35473269959	6.47353277966	8.99999981499	2.00082273299	
-0.608414613818	5.89473898198	8.76266185403	1.68419935718	-0.329040346372	4.64195018409	8.12110683819	8.99999356472	5.41643864645	5.44436632344	8.99999976875	4.07775127566	
-0.560755166903	5.924793414	7.12528533955	1.71706324567	0.427378302357	4.63314775816	8.99999999992	8.98006903686	4.43163420444	5.48549006043	8.9999997991	3.06681118112	
-0.407210160732	6.10060738162	8.99999999314	1.79028500733	-1.09174338844	4.81463942308	8.99999999314	8.99946613249	6.33303465013	5.32663562415	8.99999977436	5.18707427477	
-0.53427258865	5.95970509678	7.74801865796	2.67316270919	0.837477812381	4.68257523035	9.0	8.99999999644	5.04397818983	7.11990296815	8.99999998814	2.0547578852	
-0.646404844838	5.85453560398	8.91958509028	1.63976303989	-0.743174497189	4.61389554629	8.28819286836	8.99998610978	8.95317147068	5.06704062554	8.99999976875	7.96412268735	
2.5028296667	8.99723864299	8.94588025988	1.71568533523	0.21697546025	4.67790993964	7.46032808412	8.99999976654	8.31184282903	8.99731730515	8.99999974533	3.440153034	
2.30624581655	8.7955389957	7.33502081136	1.69097604728	0.239346175101	4.6475022698	8.98503861204	8.9999999967	9.0	5.92225874022	8.99999998884	7.19575743584	
2.50668988056	9.0	5.45302595643	1.93120530341	5.32739362905	7.62461276474	9.0	8.9999999965	6.05861026726	7.79156694432	8.99999998761	2.38488049101	
-0.526442832788	5.95963209549	8.99999976875	3.50138018689	0.423459425754	4.70498373734	8.99999976875	8.99773964837	6.88394256815	8.99993712802	8.99999541491	2.01058899584	
2.51419275605	8.99971136206	5.80471804037	2.29631003908	6.21649900149	8.50767901401	9.0	8.99999999672	7.00222294915	9.0	8.99999998894	2.1201541898	
-0.476387977117	6.01128322108	6.40419619947	1.68522467431	1.23238738913	4.6911679382	8.9687300068	8.99999976876	8.85438627688	4.91110170581	8.99999976832	8.0815717951	
2.50446657745	9.0	8.61235706637	1.70167912519	6.70570543251	9.0	5.61166780714	8.99999999625	7.80493149776	7.11597720201	8.99999998785	4.8085222397	
-0.538773828588	5.95845721207	5.58854912698	2.01125691084	6.684773117	8.97702459336	8.94231951974	8.99999999639	7.17844427276	9.0	8.99999998742	2.29393978128	
-0.447802050574	6.03312064566	8.9728443025	1.97191904675	-1.21447837312	4.5708516705	8.98911285746	8.99999976875	3.81397671342	5.62964954564	8.99999074699	2.29265852345	
-0.50265400517	5.98307625462	8.99999999998	1.71080598955	2.68500337784	5.16896718157	5.39729791559	8.97209336708	8.99976084816	8.98754390551	8.99999980931	4.1530235623	
-0.57521158381	5.92930134973	8.62901368081	1.65654798298	3.29834890336	8.99999976711	8.96574954535	8.99999976875	8.99999976968	4.27440158806	8.99981863047	8.83276322047	
-0.599441343779	5.89821520145	8.65966022982	1.65278770078	-1.11311542457	4.62312640826	9.0	8.9996777776	8.99999999711	4.20475091486	8.99999998223	8.99999999711	
-0.547362530808	5.94607846816	8.99963102523	4.85249424914	2.05445521391	4.84539946172	8.87039652399	8.99999972581	6.87413610422	8.99975999724	8.99999975674	1.99834487182	
-0.467621470459	6.00531695664	9.0	1.69674067063	5.87216483623	8.16069996076	5.18399740239	8.99999999591	7.20853252909	5.70879842543	8.9999999854	5.61104153602	
-0.554376067456	5.94532672218	5.25294983613	1.69870155445	6.65166630333	8.96646445948	8.98941681622	8.9999922371	7.99449921822	5.52570526262	8.99999976875	6.57926995924	
-0.559931467392	5.94148453903	8.99982467228	4.12001093461	1.02773558735	4.67231517372	8.99978973839	8.99999974973	4.50887317677	6.63261072636	8.99999951779	1.99687821436	
-0.514366742404	5.98115909231	7.09072354138	1.70284144814	0.515201797639	4.67321911908	9.0	8.99999999608	8.0785091225	6.37211361391	8.99999998677	5.83006695784	
2.43714840396	8.93653274359	8.99994067229	5.4655398504	4.69530885356	6.99493086061	8.99994067229	8.99999981113	6.87874172821	8.99973976156	8.99999976724	2.00279493268	
-0.617445202405	5.87416543003	8.99999999976	1.86883691201	-1.29785327133	4.58019708482	8.94727864734	8.98741714111	4.19569867276	5.91579970711	8.99999979648	2.36464631483	
2.43120014835	8.92740982392	8.9999997668	1.69675753061	6.71004354007	8.99999974568	5.21262980018	8.99999976876	8.94107193874	6.37983260718	8.99999992302	6.67633815908	
2.14794318428	8.64116410018	6.92538070117	1.734802283	4.72407029954	7.02379185457	7.33033874592	8.99539249367	5.7344456762	6.73144716523	8.99999985569	3.12178697041	
2.5049856856	8.99479535954	9.0	1.70471896057	1.50425842705	4.75633536248	6.18620354265	8.99999999749	8.99999999997	5.20271342344	8.99999998967	7.93726304607	
-0.547208585208	5.94575896974	8.9999945646	1.69262869415	1.57807189716	4.71564564048	6.05324631713	8.9999989927	8.98334976005	5.6967127209	8.99999976875	7.40469582997	
2.49863914109	8.9982320044	8.96821153304	1.69457735312	-1.38254197505	4.65671166798	8.99941531177	8.99999976169	8.63445117197	7.00361912939	8.99999976875	5.75301889016	
2.50621328439	9.0	6.5647753522	1.7073853636	1.06328614905	4.69562712773	9.0	8.9999999869	8.99999999999	8.99999999999	8.9999999558	4.12315213099	
2.50573345752	9.0	9.0	1.7150259597	-1.38261267489	4.67212177995	9.0	8.99999998706	8.33789533758	9.0	8.99999995621	3.46385796795	
-0.228101631819	6.25326771679	8.94486707225	1.95163935412	1.9771502866	4.86225469246	6.12084709317	8.99999999678	7.32789350948	8.97672702334	8.99999998735	2.51627759042	
-0.572119267766	5.92815941171	5.25803929286	1.65507075605	6.63557469106	8.99668198652	8.9854533239	8.99890046784	8.99999976875	4.29365061584	8.99999976875	8.80202310589	
2.38284350033	8.87535143382	8.43204978102	1.70486000073	1.41976023035	4.72021931633	6.80368188893	8.99999975419	8.99992225224	6.43608799656	8.99999976896	6.69503031442	
-0.674617126276	5.80863865014	8.99999999998	1.64224728578	-1.56984097759	4.58314765351	8.97642494139	8.99999999703	8.99999999999	5.82966536191	8.99999998745	7.24768630837	
-0.448044807709	6.02478171581	5.22226125695	1.71718834221	6.71409199625	9.0	9.0	8.99999999687	8.99999999993	4.88343917365	8.9999999869	8.2614446275	
-0.545756585013	5.94542974709	7.60399042387	1.920980197	0.19818346567	4.63804040564	8.97410881179	8.9999999933	4.10685628231	5.8499192839	8.99999993807	2.36683993245	
-0.534011200281	5.96704163296	8.99938053238	5.47890478638	6.71005717444	9.0	9.0	8.99999999594	3.6178421093	5.73503746035	8.99999998883	1.99151788461	
-0.558686091786	5.93652506653	9.0	1.66986583826	6.65469762815	9.0	5.28412702075	8.99538678767	8.99999999717	4.21182774829	8.9999999813	8.99999999717	
2.49346566114	8.98332846867	8.99706549507	2.37428328373	0.457818865744	4.63124420196	7.76755761915	8.99999976833	3.5222817802	5.55478169687	8.99999426791	2.07954320411	
-0.49102793791	5.99298999146	6.59373312122	2.01405090756	1.27197586792	4.63876767821	8.99999976875	8.99999999437	4.69055978297	6.52771783034	8.99999976875	2.28120718706	
-0.575170529546	5.92112392155	9.0	5.37439720391	6.71806647192	8.9944925827	8.87414961368	8.99999999641	3.76099676203	5.87901725427	8.99999998814	1.9950826915	
-0.57917068817	5.93468463996	8.38827246491	2.63777186606	0.121579848648	4.62646287921	9.0	8.9999999963	3.3902981433	5.4826106901	8.99999998934	2.02340247887	
-0.516054794554	5.97942762544	8.99997768931	1.70460698193	2.93571806786	9.0	8.99999549285	8.99999998455	8.99835428294	8.878045931	8.99999995057	4.24349648302	
-0.546494023592	5.96538293019	8.99999999999	1.69396167872	6.68832557137	8.99919804133	5.2665854286	8.99999292148	8.99999999124	4.77426257154	8.99999981013	8.37791261466	
2.50666274472	8.99806046364	8.99999976875	3.32539590679	6.71643228816	8.99999976875	6.82786866006	8.99995251292	3.35763164677	5.47178185478	8.99999976875	1.997936669	
-0.560701235349	5.93779444756	8.63889496951	1.7049153232	1.66019942026	4.7327200959	6.36969585979	8.9999999965	8.51443788937	8.96268434416	8.99999998788	3.67403183974	
-0.549101715289	5.9378047932	5.14957866876	1.68575963413	5.69208460722	7.94899071827	8.99999999987	8.99768717503	8.99999999997	8.93036320973	8.99999980465	4.17923466248	
-0.507995255454	5.98374475309	8.08162266831	4.54442269886	6.6869083654	8.98321928953	8.98227242246	8.99999188808	3.96196303412	6.0742150862	8.99999976875	2.00544720862	
-0.546734840374	5.94568255585	8.99992544693	2.68340702183	-0.4461491486	4.64912489664	8.99999866753	8.99992285938	3.6664878213	5.74394422557	8.99999976875	2.03672970212	
-0.568646111464	5.9254974234	6.11242864548	2.40689496788	4.82995785733	7.06937660909	8.76174357307	8.99999999626	3.48103837108	5.51720193282	8.99999998649	2.08677154959	
2.50480391128	9.0	9.0	1.69874896708	-1.41092132881	4.66193352092	8.99998658985	8.9999999894	9.0	8.99995486823	8.99999996443	4.12159301281	
2.50505603857	9.0	5.26056224744	1.75338082398	6.38514085359	8.67564207496	9.0	8.98819180763	7.79954054869	9.0	8.99999981755	2.92198281408	
-0.524376702706	5.96732877873	9.0	1.70211686548	-0.975930945856	4.66639566083	8.5691616223	8.99999999642	9.0	7.54033162151	8.99999998774	5.58262605304	
-0.651727406698	5.85061816018	7.23548495275	1.64136501716	0.264129762077	4.58734966598	8.99925475725	8.99999999856	8.99427832975	4.19019171045	8.99999997733	8.99999999624	
-0.615578927938	5.90473451666	8.99932671713	1.70995354612	-1.38284339488	4.64854360645	9.0	8.99999999691	8.99999999997	5.756042756	8.99999998748	7.3815268407	
-0.565602305154	5.93684468908	9.0	1.67912511823	-1.36888979745	4.66242702167	9.0	8.99999999914	8.99999999787	4.22793745594	8.99999998716	8.99999999787	
-0.515086233838	5.97639346421	8.99992796263	1.69978136311	3.73963954106	6.07117775158	5.24178994646	8.9895936711	7.20235184593	5.54078171934	8.99999978706	5.77276486142	
-0.188219554618	6.27349030494	5.83613110281	2.49797013702	6.91185039706	8.99163761477	8.9949264248	8.99398619987	6.35321408311	8.46695691008	8.99999979967	2.13379769347	
-0.603668016172	5.91463613647	8.21941127018	1.67416305066	-0.644336538777	4.63534340319	8.98634832326	8.99999999627	5.6146653927	5.51299438129	8.99999998705	4.21366059015	
-0.53650734476	5.95575803007	8.87061248746	2.26000725563	-0.729774818549	4.64824039729	8.98903762405	8.99999740715	3.65476452029	5.64272542412	8.99999976875	2.12683737602	
-0.570465834168	5.92182981035	9.0	1.68769245858	-1.43907647159	4.64868498398	8.99909695273	8.9999999965	9.0	7.08097846308	8.99999998805	6.03481619871	
-0.475750256182	6.00400926813	7.28623794172	1.70568369707	0.304488921902	4.670452558	9.0	8.99999999618	8.58946633233	6.07423517798	8.9999999869	6.64109599944	
-0.599144945435	5.91284881818	9.0	4.39743283648	6.69228288372	9.0	7.93828249844	8.99999999572	4.706720211	6.82433802459	8.99999998757	1.98397869107	
2.50244078513	9.0	9.0	1.69909448606	2.93520674076	9.0	8.99996300532	8.99999998618	8.66133912565	7.27521545362	8.99999995303	5.5169834179	
-0.595031335061	5.91510495672	9.0	1.6882701149	-1.42758417935	4.64476341167	9.0	8.99999999618	7.42485919055	6.4874730013	8.99999998748	5.04814498534	
