0.275550194121	6.77034203371	8.99777311929	2.66068517463	8.99999564836	6.96105848376	8.99777312037	2.88471270145	2.51670925233	8.82911550989	2.38718835757	3.72970250646	
0.275549734323	6.77033397848	8.9999478654	2.74538884116	8.99862071791	6.99519518235	8.99999975967	2.76336141641	2.57214842599	8.792519593	2.39567845258	3.83037530362	
0.275592124274	6.77039097729	8.99999988119	2.72954024581	8.99999959463	7.04712308899	8.99999988119	2.72858835102	8.92005713889	8.98053613319	1.40535112935	8.99995940024	
0.275129175703	6.76977756107	8.99226288781	2.72866465705	8.63117760952	6.68248017066	8.99999264182	2.72841426367	8.68072737012	8.99999976875	1.39043032121	8.72608863601	
0.275592108825	6.77039095539	8.99999976841	2.72831277464	8.99999983942	7.04712249168	8.99999991543	2.7298166081	8.89775399727	8.98153734735	1.40409454597	8.97539846196	
0.275576305241	6.77036971686	8.99999976875	2.73419984031	8.99204628428	7.0247689539	8.99999911492	2.73839877818	3.16475358595	8.76056301115	2.27946460858	4.33873865412	
0.275586123883	6.77038248849	8.99999934814	2.72891428944	8.99992293285	7.0388006363	8.99990249238	2.73750306871	2.78495444615	8.72595358111	7.2858826916	8.99999976875	
-0.0512642138399	6.12175560627	8.99992449692	2.06539705147	8.99739319128	8.98689488889	8.99996001447	2.08075021767	4.67737222777	7.28936169743	-1.20076897707	3.52290006707	
0.275562740397	6.77035274629	8.999995301	2.74499515887	8.99547565865	7.00419517716	8.99922564956	2.75207177776	2.98341299325	8.81127357323	2.03374514021	3.86092593588	
0.27558538945	6.7703814092	8.99999976875	2.72886767868	8.99999961133	7.03788056038	8.99999536904	2.7385095205	2.73814743767	8.72696032192	7.33372613235	8.99999892	
0.275567999145	6.77035706261	8.99999976875	2.72723140042	8.99867146041	7.01433093139	8.99971547425	2.76252644581	2.21492822617	8.74946625593	7.87936038406	8.99999976875	
0.274786118145	6.76935370304	8.99126605917	2.73958760352	8.52408477754	6.55129923477	8.9999994627	2.74912114213	2.81513158129	8.77648200975	2.30468050784	3.99806130984	
2.3917479938	8.86941092808	8.99905583009	2.73799517138	7.79931186796	5.88312984466	8.99999976875	2.71145401396	3.76058787631	8.99999976875	1.38910052926	3.79787955593	
0.275592155215	6.77039101849	8.99999916222	2.72905989026	8.99997706791	7.04710088798	8.99999976875	2.72906827182	8.95899743468	8.99862471597	1.38453885104	8.99999884027	
0.275592152306	6.77039101492	8.99999989988	2.7277713337	8.99999976875	7.04711950837	8.99999976875	2.73036090578	7.6757309874	8.74792780004	2.23335474528	8.81624520389	
0.275588866489	6.77038635385	8.99999976875	2.72900726431	8.99999898289	7.04259730866	8.99999976875	2.7336542295	3.04543164873	8.72219584432	7.02167717358	8.99999976875	
0.275592137301	6.77039100584	8.99999994249	2.72955295852	8.99999996931	7.04712256086	8.99999976973	2.72857647223	8.35505633946	8.9999313294	1.38313207666	8.39334435916	
2.47726540761	8.94358749003	8.999999788	2.67371188772	7.68125551184	5.86327325021	8.99929560562	2.69924255329	2.95797564891	8.62638984721	1.71311230262	3.68493491446	
0.275591980113	6.77039078377	8.99999976875	2.72916813015	8.99990652733	7.04681888837	8.9999999143	2.72917114838	6.01913652493	8.99876623374	1.38483942339	6.06029693456	
0.275581575542	6.77037680326	8.99999976875	2.73392481847	8.9970942374	7.03239010403	8.99999999968	2.73606110687	3.45346000694	8.77879425637	2.04591403328	4.37566426414	
-0.0320330424861	6.13396009105	8.99999999948	2.08256255604	8.99999999969	8.99999999969	8.99999999948	2.07830415282	8.99919396756	6.56048305076	-1.01031973086	8.75607874117	
2.51138435391	8.99999992974	8.99999995573	2.78285703561	8.99999999999	6.76148945964	8.99999995573	2.97230921088	1.35041260561	8.99999992314	8.99999993288	8.99999993288	
0.275553356627	6.77033959943	8.99989088566	2.72903893409	8.93790890312	6.98543305507	8.99999976875	2.72900946916	7.68882460287	8.95612257231	1.43825263324	7.82602898756	
0.275592176251	6.77039104655	8.99999989832	2.72905424088	8.99999976875	7.04712359708	8.99999987355	2.72907401271	8.01606760336	8.7604905878	2.08932683436	8.99999112875	
0.275592157355	6.77039105031	8.99999995382	2.72168452288	8.9999999261	7.04698645485	8.99997982502	2.73657132481	8.63159931816	8.87422267673	1.58141629526	8.9938802143	
0.275586557948	6.77038349104	8.99999976875	2.73236777658	8.9999479986	7.03966740057	8.9999820434	2.73317599305	3.91254284011	8.81617803534	1.79351401199	4.54496050716	
2.50957871437	8.99999999912	8.99999971547	2.67319926472	8.99999999997	6.76208237865	8.99913747029	3.08093599284	1.36019758763	8.99999999939	8.99241619817	8.99874252765	
2.53311479487	8.99999999999	8.99999984248	2.78761823932	7.93432460138	6.10202401591	8.99999984248	2.59555764503	2.42631083272	8.55275740274	3.92937407554	5.44105861183	
0.179765744736	6.64587895828	8.99643483353	2.6218666117	7.39834861367	5.66549927829	8.99999976875	2.67501653445	1.78686365296	8.4372216673	3.52847939726	4.50785288728	
0.154536939724	6.64283129989	8.99718395417	3.27049096239	7.79066087375	5.59189122117	8.99720231912	2.45741576074	2.28222609401	8.99999976875	5.58229276192	6.50962701151	
0.27558753936	6.77038456476	8.99999989125	2.72992452743	8.99999976873	7.04118963608	8.99999976875	2.73414065397	3.098221787	8.72798480271	3.06995398038	5.09527719701	
-0.0634758546059	6.10858521865	8.99999999966	2.07819763641	8.9999999998	8.9999999998	8.99999999966	2.07531276048	8.92178483754	6.38121684358	-0.870386957992	8.99920119293	
2.49794381309	8.97949943787	8.99992079905	2.73070681357	7.91324244973	6.01068728705	8.99999976875	2.69692818377	5.65022177457	8.99999976875	1.34587262698	5.64627630235	
0.275573005146	6.77036396926	8.99999349476	2.7278182298	8.99999756436	7.02089714803	8.99999349433	2.75656929864	2.29356893432	8.74412890689	7.79546760244	8.99999976876	
0.275591659916	6.77039050146	8.99947766449	2.7290688973	8.99823762893	7.04575412426	8.99999976875	2.72906666244	5.97163692267	8.72220577531	3.00593927155	7.9104572657	
0.275591806891	6.77039056513	8.99998870008	2.72906809622	8.99965443927	7.04657692522	8.99999976875	2.72928151602	4.38506330012	8.7185149469	3.85861884244	7.18025439574	
0.275577683353	6.77037117656	8.99999785835	2.73381225151	8.99923142119	7.02861279175	8.99999976875	2.74207320788	2.83778018611	8.74832509213	2.62290907238	4.36744730882	
0.2755921735	6.77039104676	8.99999976936	2.72894638285	8.99999951642	7.04712323769	8.99999991046	2.72918186593	8.85640927443	8.9527616926	1.44124093483	8.99997579663	
0.275589262845	6.77038693494	8.99999979503	2.72770181972	8.99999976876	7.04319147533	8.99999976875	2.73436064234	3.10709059108	8.72156144156	6.95829336979	8.99890864819	
0.275592146255	6.770391002	8.99999976398	2.72906249924	8.99999983489	7.04712021993	8.99999999376	2.72906919577	6.22440689641	8.72012543177	3.30184765136	8.46121638211	
0.27558865927	6.77038659953	8.99999806147	2.73140387533	8.99554472944	7.04096713581	8.99999976875	2.72843730294	4.84251189465	8.88979464779	1.55321018008	5.16101378596	
2.51023657764	8.99999993032	8.99999999852	2.65381487029	8.99999991384	7.05278258893	8.99999999852	2.80723819471	8.99999959349	8.99999976052	1.35151779882	8.99999976965	
0.275580258549	6.7703741598	8.99999679811	2.73178032523	8.99999976117	7.0316054462	8.99999715854	2.74187415002	2.51694590374	8.73337508144	6.46006830841	7.89872426845	
0.275592090123	6.77039092808	8.99999976173	2.72910328627	8.99999932364	7.04703756419	8.99999986096	2.72911045524	5.87543514507	8.81474023735	1.76105813461	6.47684029778	
0.0816356285474	6.53984916021	8.99999976875	2.56361169472	7.04058849704	5.50328065085	8.99696489046	2.56165255084	3.61266565783	8.27206112818	1.22555468176	4.18878254845	
0.275543399216	6.77032697261	8.99999976875	2.75766157126	8.9999977197	6.98174570976	8.99999976875	2.76587445688	3.17778579649	8.92321226676	1.69251649332	3.60216309777	
0.275571758526	6.77036355475	8.99999851636	2.73719493239	8.99405871432	7.02008901114	8.99999851636	2.74205279509	3.09188409728	8.7754847698	2.18052625496	4.15200641537	
0.111119936353	6.53401070596	8.99999991898	2.38815604227	8.99999999927	6.33716553162	8.99999991898	3.93832915891	0.0746285343879	8.99999992325	8.99999999458	7.67331698961	
0.275592154558	6.77039100222	8.99999976839	2.72935592813	8.99999995922	7.04712343478	8.99999968296	2.72877239098	8.93735876258	8.99297309588	1.39085022986	8.99032315184	
0.275557845689	6.77034288132	8.99488984287	2.72471924312	8.99998866473	7.00123904062	8.99999976875	2.78009682596	2.05182213897	8.76392735178	8.05664712566	8.99999976875	
0.275589368818	6.77038706249	8.99999404289	2.72901195885	8.99999976875	7.043298419	8.99999976876	2.73295507921	3.11724197304	8.72148110076	6.94914878657	8.99999976875	
0.275590234746	6.77038859616	8.99999948245	2.72955497492	8.99636921062	7.04337621342	8.99999948245	2.72869319896	4.60991775584	8.71780543225	5.4528006506	8.99999976539	
0.275592029774	6.77039084811	8.99999996945	2.72915277043	8.99999410297	7.04693452831	8.99999976875	2.72915859355	6.02408803629	8.97204197227	1.41618513006	6.12331840076	
0.275590910435	6.77038926224	8.99999976875	2.7306673848	8.99999928891	7.04536878006	8.99999976719	2.72921808445	3.45709973503	8.71942487925	6.60723791741	8.99999976935	
0.275322102006	6.77003468141	8.99996685824	2.72841918096	8.72336466923	6.77135993837	8.99999976875	2.72911343401	8.6294289244	8.99120803422	1.40134740991	8.69456919681	
0.198205922439	6.67826559135	8.99999977234	2.61168289875	7.67224868865	5.6841738928	8.99284460567	2.91253145848	1.33851191227	8.74984572454	8.76304104257	8.99699384935	
0.275552102989	6.7703371091	8.99920872398	2.72903252652	8.93805489617	6.98607212807	8.99999976977	2.72903996034	5.18865799859	8.71800062302	4.6771791795	8.80290906902	
0.275590317946	6.77038847577	8.99999958451	2.72969211494	8.99999976875	7.04477346642	8.99999976875	2.7307879435	3.68502312705	8.73148360228	2.64847121365	5.25709747807	
-0.0219287778063	6.39966183743	8.99922931588	2.52869861454	8.95856149591	7.61161303338	8.99933177957	2.4553630223	3.36165072415	8.00117762061	0.524779944416	3.50792361904	
0.275572655762	6.77036394925	8.99999843882	2.72982244798	8.99793872035	7.02099826423	8.99999976875	2.75240338555	2.4085796391	8.74383343682	3.46484593248	4.78467584604	
0.275589929033	6.77038803542	8.99999598709	2.73043107449	8.99999976876	7.04416001437	8.9999959871	2.73068225415	4.44490518615	8.84403045176	1.67229031239	4.92825163564	
0.275570817926	6.77036137336	8.99999976875	2.72751992681	8.99262191796	7.01651237212	8.99944440382	2.75413940396	2.33941957709	8.74123584848	7.74670054292	8.99999976875	
0.275584400818	6.7703803107	8.99997161844	2.73143440781	8.99996986334	7.03727447619	8.99999976875	2.73656507046	3.02855796153	8.73742707164	2.72267835462	4.66889443752	
0.275541564175	6.77033242667	8.99999678974	2.76839730611	8.96697386629	6.92498269432	8.99999976875	2.77889961052	3.11544819426	8.96810993591	1.66859871849	3.47097218584	
0.275443844205	6.77019749977	8.99960130079	2.73943349828	8.81427197138	6.86219898452	8.9999997734	2.71861265619	8.88637048285	8.98454260739	1.40656758248	8.96343299523	
0.275592150943	6.77039101055	8.99999982823	2.72900562978	8.99999978614	7.04712352639	8.99999976964	2.72912255998	8.80985994792	8.96135018654	1.4295663981	8.93316342422	
0.117824501504	6.51915625855	8.99971787897	2.46103247577	8.99930499508	7.64403777295	8.99971471339	2.56487072983	4.83454018599	8.99999976875	0.25096239163	3.68626847429	
0.275564858736	6.77035369493	8.99999632339	2.73820005568	8.99999976899	7.01313897937	8.99999976875	2.75393780298	2.62066089361	8.76793100861	2.54633018554	4.05414108654	
0.27559217085	6.77039107896	8.99999997981	2.72908875118	8.99999976594	7.04712068148	8.9999988044	2.72904134596	8.02504407609	8.99045638568	1.39370449538	8.08337948738	
0.275592111725	6.77039096095	8.99999993793	2.72913474944	8.99999982246	7.04701769662	8.9999997691	2.729099418	6.32097606083	8.99999978314	1.38326027409	6.3593238107	
0.275578071583	6.77037222737	8.99940815348	2.7361373757	8.99702882751	7.02866432602	8.99999665556	2.73774154155	3.63750059313	8.8353985748	1.75812358389	4.21526999213	
0.275517107869	6.77029269132	8.99999928297	2.74187201305	8.9999958532	6.94923234343	8.99992542088	2.81411107638	2.52735821242	8.86072113945	2.18177737215	3.50348754401	
2.5518805452	8.99999999995	8.99999999741	2.29553413745	8.99999999815	6.76219633118	8.99999999741	3.57657179665	8.99999997884	8.99999995191	1.46016228414	8.99999997932	
0.275552849444	6.77033623748	8.99832435211	2.72063441652	8.99999976875	6.98514287975	8.99832435206	2.80024692759	1.93281278837	8.78015724447	8.1919440051	8.99999976875	
0.0748761526722	6.48901385634	8.99998834234	2.38702689204	6.75743559061	5.40831047984	8.99998834234	2.64343601257	2.73102751545	7.94118715386	1.06345246916	3.41392443663	
2.40990995054	8.89053657954	8.99999976875	2.66208321503	8.30771214228	6.09542816048	8.99934664924	3.07738797288	1.36277978904	8.99999976656	8.88962814293	8.90378587125	
0.275587717675	6.77038498314	8.99999999939	2.7312026109	8.99999976494	7.04154633119	8.99999976875	2.73250558958	3.64371525333	8.75752512919	2.18867776317	4.72995208586	
0.275591265138	6.77038976381	8.99999976875	2.72762266236	8.99999976875	7.04599279155	8.99999976875	2.73163658176	3.64248981997	8.71877829568	4.97045890446	7.54925787017	
0.27559210997	6.77039099208	8.99999989934	2.72975168467	8.99999976812	7.04711057866	8.99999989934	2.72838958833	5.62038582025	8.71782095683	4.44229062096	8.99994277085	
0.275591186636	6.77038974064	8.99998583091	2.72911710362	8.99842864794	7.04542804873	8.99999976875	2.72915047299	5.19657507095	8.74821509928	2.23203695054	6.33548389601	
0.275556358202	6.77034055827	8.99999976875	2.72480751131	8.99999975944	7.00034397876	8.99999976875	2.7801232034	2.0507718228	8.76484454753	8.058670828	8.99927238461	
0.275589506961	6.77038731855	8.99999976875	2.72665401748	8.99999413787	7.04364960931	8.99999976875	2.7349527952	3.16141697671	8.72107833767	6.89969757028	8.99512329497	
0.275563944538	6.77035332011	8.99999993815	2.73527310697	8.97157848107	7.00448746526	8.99999972624	2.73710617498	3.54619793571	8.80753846955	1.87710217756	4.27084010122	
0.0674352711116	6.53133132647	8.99832849169	2.61320869814	7.06476671144	5.466133192	8.99999976944	2.56014120575	3.22545516779	8.44019123686	1.06057115889	3.47692279487	
0.275562438226	6.77034913485	8.99999976875	2.72607624754	8.99992553843	7.00722684958	8.99997475465	2.77190722346	2.1187457161	8.75785903718	7.98389472706	8.99999976875	
0.275579483891	6.77037467049	8.9984705622	2.7290857702	8.97447821808	7.02250200752	8.99999976875	2.72901716725	8.96099830578	8.99998570327	1.3821177034	8.9982095072	
0.275566315693	6.77035447792	8.99997535227	2.72644705827	8.99999976875	7.01216687984	8.99999976875	2.76666885528	2.17323590614	8.75293878833	7.92456896416	8.99999976875	
0.275358826682	6.7700786509	8.99999985585	2.74154335542	8.7876998618	6.80796296306	8.99999976875	2.74368133516	3.57839061889	8.8983285272	1.62923454508	3.96429953949	
0.275078807537	6.76972353641	8.97858612735	2.7444287574	8.63589401593	6.66757421732	8.97862196274	2.74007565034	3.00412369604	8.77982411451	2.15433027627	4.03337390086	
0.275571403153	6.77036171783	8.9999998972	2.7273474614	8.99969399281	7.01859053342	8.99997937948	2.75904850944	2.26259788679	8.74614948194	7.8281309438	8.99967240679	
0.275588032062	6.77038564947	8.99999976875	2.73229578464	8.99999976875	7.04038879984	8.99999636	2.73263214914	4.32089762784	8.92202887032	1.50658839088	4.56054290717	
0.275585065178	6.77038128298	8.99999994998	2.73153657365	8.99983275472	7.03802733248	8.99988559818	2.73541621365	3.14970976366	8.73994635209	2.5941898156	4.65903851773	
0.275592113835	6.77039096378	8.99999997983	2.72890668838	8.99999976874	7.04712144904	8.99999997983	2.72922392859	7.79969071869	8.94766134108	1.44844337048	7.9555600122	
0.275495409461	6.77026699216	8.99999976875	2.72908052804	8.84271171314	6.89307986904	8.9955571521	2.7288685168	7.19282502219	8.999994658	1.3812653826	7.22914913584	
0.275591461785	6.77039059213	8.99999976875	2.70043811731	8.99999934507	7.04490519013	8.99999976875	2.75990993881	4.40014326386	8.7192754722	5.65557827842	8.99153345	
0.275591535763	6.77039017347	8.99999976884	2.7294054934	8.99999988576	7.04632864459	8.99999976685	2.72951800299	4.76806892041	8.78858317766	1.88964090759	5.52421377222	
0.275545894703	6.77032763368	8.99993610397	2.71031447969	8.99999859068	6.98482321649	8.99803023954	2.80824036627	2.03021529204	8.78197488858	3.55105735262	4.45436685651	
0.2755886784	6.77038648988	8.99999976875	2.72906914913	8.99350671986	7.04109684182	8.99817630574	2.72952109742	4.02837418109	8.71733939682	5.95132334879	8.917441191	
0.275592137465	6.77039100688	8.99999991919	2.72871308346	8.99999976875	7.04712329501	8.99999976876	2.72941537935	8.87606791065	8.96107438313	1.42991889682	8.99999970083	
0.275586841945	6.77038387586	8.99999978655	2.73249334716	8.99999976866	7.03987276234	8.99999976875	2.73288868245	4.32857699349	8.93646815494	1.48396844658	4.53116349696	
