0.275589253304	6.77038701609	8.99999999908	2.73004935964	8.99999976891	7.04337052282	8.99999976875	2.73184943837	3.47141866573	8.73248286228	2.66616856494	5.06019093289	
0.275591958587	6.77039074262	8.99999976875	2.72912577526	8.99999978004	7.04687269927	8.99999987194	2.72925340674	4.60823018976	8.72725642896	2.73260656417	6.26866755009	
0.275587181702	6.77038475901	8.99999976875	2.73321700486	8.99809165833	7.03684559069	8.99975382332	2.73341009283	4.40244178344	8.9999997715	1.40127455661	4.45880273148	
0.275579259317	6.77037284335	8.99999976875	2.72827404926	8.99984943987	7.02933836987	8.99617408067	2.74821605999	2.44305600073	8.73545543589	7.62952820755	8.99236879102	
2.52805706627	8.99999999015	8.99999988301	2.71131216612	7.78671738381	5.97185777965	8.99999988301	2.65103875484	8.99999995955	8.86791876641	1.2146513052	8.98343434253	
0.275588926262	6.77038654435	8.99999976875	2.7300059152	8.99995254471	7.04304753898	8.99984975278	2.73218942711	3.38625353425	8.73050803032	2.76459331452	5.07542326998	
0.275592135659	6.77039104743	8.99999992438	2.7281733351	8.99999913772	7.04712108141	8.99999992438	2.72995677686	8.76138000147	8.93605914156	1.46557333192	8.94598151933	
0.275485506704	6.77024695607	8.99999976875	2.72330711656	8.91093411831	6.90588337482	8.99999978084	2.78709562838	2.00827778811	8.77174257694	8.10015353076	8.99175832556	
0.275541205999	6.77032212448	8.99999976875	2.72901527163	8.92193198146	6.9692254787	8.99999980338	2.72900321618	6.37674845458	8.72369691063	2.99126641036	8.29938727132	
0.275574241893	6.7703663771	8.99999955269	2.7304965827	8.98747000452	7.0215249591	8.99999976875	2.74075072026	2.72675447257	8.7345195076	3.1777316415	4.82504866452	
0.27552823807	6.77030560007	8.99466352223	2.73666386782	8.93290933409	6.96016838451	8.99999976875	2.74323232009	2.95455267703	8.7646950796	2.32812583212	4.17303520926	
0.275592165871	6.77039103521	8.99999996077	2.72906581237	8.99999968131	7.04712244518	8.99999976875	2.72906345104	8.17923609006	8.9765765904	1.41013777824	8.2678845566	
0.27559137251	6.77039001673	8.99999987451	2.72487458692	8.99999931661	7.04636050523	8.99999976875	2.73401696847	4.13702839192	8.7270988699	2.76062505096	5.82564171838	
0.275586104499	6.77038242526	8.99999563336	2.72888090749	8.99999976875	7.03916455138	8.99999563336	2.73721401445	2.80286236413	8.72567400857	5.58678890022	7.31906380221	
0.27559217368	6.77039104219	8.99999976875	2.72906088874	8.99999988429	7.04712368139	8.99999999955	2.72906738158	7.89827311777	8.75211815	2.17954790296	8.98079014772	
0.275560593992	6.77034842908	8.99660286814	2.73124716048	8.97759407942	7.00301213159	8.99659191208	2.75046420876	2.47808760183	8.74396752697	3.17800195133	4.56718671939	
0.27552534737	6.77030154772	8.99986555565	2.72931596751	8.90345869087	6.95045099253	8.99999976875	2.72931995442	5.27287455611	8.89400561433	1.54439111044	5.5783249041	
0.275572065936	6.77036310352	8.99999976875	2.70231451386	8.99987550264	7.01885431655	8.99999976875	2.78417017607	2.2906261446	8.74576990363	5.27461639639	6.47455605905	
0.275576185757	6.77037011032	8.99999889001	2.72905877859	8.97118820962	7.01837160355	8.99999888924	2.72903630788	8.87198868974	8.9925482438	1.39201893984	8.92654179091	
0.275579727072	6.77037460563	8.99999440086	2.7290419672	8.98642688376	7.02452310233	8.99565014487	2.73383536003	3.0283301126	8.72702389694	7.0436095512	8.99999976875	
0.275592161815	6.77039102497	8.99999981583	2.72907020392	8.999999769	7.04712349117	8.99999976852	2.7290579731	8.94641360169	8.99990059108	1.38314148007	8.98474176353	
0.275577982409	6.77037161464	8.99998096257	2.72904723919	8.97640649568	7.02359031887	8.99999976412	2.72904911991	8.77353462908	8.92120485853	1.49002940029	8.99744132574	
0.275590793047	6.7703891688	8.99999930248	2.72904645478	8.99883968181	7.04491526139	8.99999976875	2.73013249161	3.67807977795	8.71869012945	6.37862474296	8.99310145798	
0.101495097504	6.56306091806	8.99873313311	2.5264580547	7.26878842798	5.51715199819	8.99875125927	2.80267313632	1.10391858643	8.40535018158	3.96735751451	4.30070578046	
0.275591997641	6.770390789	8.9999999139	2.72913687277	8.99999977	7.04692314808	8.9999999139	2.72919201453	4.39705411442	8.71782991522	5.55937164782	8.89368307746	
0.275592152677	6.77039101432	8.99999993987	2.729598662	8.99999976875	7.04712292126	8.99999975624	2.72853019539	8.80989951395	8.9693660622	1.41917291971	8.91479364275	
0.133348526398	6.53164067943	8.99999648142	2.41188405016	7.47720837305	6.20361688509	8.99999646286	2.52837385485	6.1708888413	7.63651913962	2.84300315656	8.99933651078	
0.263547102	6.75426934066	8.99994121509	2.73372576305	8.99999976875	7.03644096388	8.99999976875	2.74300333876	2.78886288088	8.74980093491	2.09665585385	3.78760452952	
0.275556858079	6.77034140948	8.99999794479	2.7241919495	8.99999240237	7.00004426125	8.9999979439	2.7810332726	2.04983963714	8.7651600693	8.06001658284	8.99999952345	
0.275540199672	6.77031813341	8.99999282986	2.71834721947	8.99999976875	6.97703115717	8.99999544648	2.80991449227	1.88992193466	8.78835669337	8.24317610942	8.99999976875	
0.272298144946	6.76571190689	8.99999973242	2.7246677806	8.23527384615	6.29551737557	8.99994706668	2.72573394738	5.19354186735	8.95895431877	1.45089124251	5.33930272461	
0.275556019375	6.77034365791	8.99996035962	2.72912434313	8.93978157534	6.98726940642	8.99958985205	2.72895496504	5.41490670701	8.72186878172	3.13548349641	7.48359765762	
0.275589676972	6.77038750216	8.99999976875	2.72902087567	8.99999976875	7.04381485842	8.99999989799	2.73243253964	3.17952454808	8.72096208288	6.09723601965	8.21088553907	
0.275581616154	6.77037610004	8.99994067437	2.72867444427	8.99999976875	7.03315762011	8.99994067437	2.74345132992	2.55946665695	8.73173293895	7.51594326932	8.99889817061	
0.275590846747	6.77038915839	8.99999411471	2.72904610786	8.99999951281	7.04539396068	8.99999976875	2.73082612084	3.45920058866	8.71937003726	5.72907463339	8.12399234209	
0.275579619314	6.77037421289	8.99999976875	2.73659117686	8.99999669445	7.03065773273	8.9999974274	2.73800962064	3.71723990385	8.86054895203	1.67790597324	4.18967983857	
0.27551080866	6.7702818716	8.99468787734	2.71504342226	8.95953559273	6.93638061973	8.99999971247	2.81527931215	1.87755176033	8.78932714117	8.11628600758	8.85965189702	
0.27386764711	6.7680880697	8.99991270143	2.72227215372	8.42257202886	6.42325795063	8.99991270146	2.78379815066	2.02066455396	8.77959840587	8.06127462821	8.95690807274	
-0.110663467138	6.11678163955	8.99999986395	2.07244844114	8.99999990048	8.93197543868	8.99999986395	2.11705740967	8.45611417173	8.44438686914	-1.09378337474	6.22114916662	
0.275583077556	6.77037867117	8.99999976875	2.73348633676	8.99999976876	7.03558264719	8.99999358639	2.73620734295	3.33274933091	8.76393050887	2.19086024743	4.41476376894	
0.377247854579	6.79620058533	8.99999319906	2.79883158051	6.85215996647	5.34005939439	8.99999320001	2.35139484979	4.40718187606	8.99982754214	0.563192681596	3.59236902072	
0.275574287826	6.77036857457	8.99999976875	2.72387677757	8.97025529344	7.01630354065	8.99873060758	2.73598885844	3.52746538619	8.72084577693	3.55462204734	6.01632428315	
-0.0660598812269	6.3982318085	8.99990895953	2.40631858865	6.79121363655	5.35010826232	8.99990892419	2.59781245956	4.45745569843	8.99999976875	0.317912407285	3.43605912819	
0.275360962525	6.7700895907	8.98200129655	2.74296169399	8.78764021683	6.80420500232	8.99999977374	2.7524316444	2.84016616594	8.78830439956	2.19957907656	3.90635811967	
0.513621434433	6.83068770947	8.9997920737	2.47502048213	8.99999202126	7.40365178238	8.99979205127	2.92705239939	8.97856889759	8.51834948001	1.01969274606	8.99999976875	
0.272881601715	6.76721614426	8.99776195854	2.36043731942	8.99999976875	7.35623213314	2.81109498537	3.06585269997	4.18087635705	8.37784977507	0.491942727973	3.79927575147	
0.275577135674	6.77037062453	8.99999869416	2.73609902625	8.99999942824	7.02850775828	8.99999869416	2.74065499262	3.12482020538	8.7708323439	2.20188141386	4.21094753328	
0.27559716244	6.77040052268	8.99999181246	2.65716296059	8.9998884298	7.03310424375	8.99999921259	2.81503550741	7.15195944334	8.73736982928	2.87570939582	8.94536434903	
0.275542067695	6.77031917111	8.99999976875	2.72057631003	8.99999976875	6.98334490223	8.99994266425	2.80135793903	1.92787968282	8.78201724109	8.19906216455	8.99999976875	
0.275591328832	6.77038984038	8.99999977573	2.72905396912	8.99999759314	7.04603437061	8.99999970714	2.73016157586	3.66369681134	8.71871390967	6.25802448489	8.8580946921	
0.275586498379	6.77038366157	8.99999976811	2.72907307107	8.9894605598	7.03663077306	8.99999352635	2.72904355604	8.86986467416	8.9984686565	1.38495943181	8.91144095733	
0.27556346498	6.77035303481	8.99999931875	2.73033470082	8.95839059874	7.00083876547	8.99999976875	2.73255664964	3.45255925658	8.7384232875	2.52515474182	4.89436923631	
0.275591245251	6.77038973074	8.9999981847	2.72912058428	8.99999976875	7.04592521002	8.99999976875	2.73021064783	3.67243662228	8.7200058678	3.63001056691	6.23752840887	
0.275229622743	6.76989982923	8.99999036218	2.72952053943	8.68550263569	6.73201561852	8.99999976875	2.7295796359	4.82656845985	8.89717336998	1.55189870871	5.13625315839	
0.275582000347	6.77037674377	8.9976167978	2.72923327537	8.99999976875	7.03291980999	8.99999266293	2.74346421276	2.54311561938	8.73198109339	7.53377066592	8.99999976875	
0.275584386322	6.7703803314	8.99999995304	2.73185981656	8.99999827517	7.03734977976	8.99999976875	2.73604565986	3.1220354849	8.74164661132	2.56848431215	4.60395867272	
0.275289706498	6.76998646465	8.99999976875	2.73701809342	8.74262117927	6.77944982635	8.97048170053	2.74083076646	3.14959615753	8.77650803096	2.12718086968	4.15510725009	
0.275582533886	6.77037739769	8.99999976875	2.72868090895	8.99999976293	7.03382433133	8.99995833131	2.74277491177	2.58152662455	8.73106167721	7.49444479614	8.99999976876	
0.275582425404	6.77037751336	8.99964593911	2.72951987397	8.99619357571	7.03355639851	8.99999976875	2.73856398163	2.77519659831	8.72915456556	3.51275262866	5.21387945471	
0.275587132576	6.77038416637	8.99999976875	2.73114572156	8.99999945239	7.04077434641	8.999857274	2.73348453161	3.37254265624	8.74242044371	2.45244643436	4.73765401004	
0.275567324502	6.77035594814	8.99999740245	2.7269685588	8.99999976875	7.01341703416	8.99999962083	2.7648881152	2.18862270259	8.75168753081	7.90795796335	8.99999976875	
0.275591054077	6.77038949972	8.9999904034	2.72949520476	8.99999976861	7.04572116807	8.99999976875	2.73003934456	3.99253257063	8.73485958526	2.51043716262	5.42319646319	
0.110278542294	6.54363294012	8.99799422034	2.5417389968	8.99999976875	7.55782174079	8.99993209347	2.53096006595	7.14430109197	7.95790065061	2.10103816139	8.88892854078	
2.68237629303	8.99999976875	8.99236196413	2.26306259949	8.99999976875	8.32635047005	8.99999976875	2.26386514323	3.03858305842	6.83987498926	4.99758163667	8.71103094544	
0.109866888605	6.5198909295	8.99999976875	2.48472246248	8.99999976875	7.55939715573	8.99915303362	2.61167588594	0.814812919707	7.88600775982	5.14510938748	5.68441254181	
0.275592162166	6.77039102534	8.99999974722	2.72906968588	8.99999975966	7.04712337889	8.99999978107	2.72905851758	8.89546896682	8.99637888109	1.38702122258	8.94119854181	
0.275588807107	6.7703863792	8.99999976875	2.73419250347	8.99999976875	7.04288255684	8.99999273805	2.72818321812	3.17320042665	8.72423435741	3.35932998388	5.46338265115	
0.275592175362	6.77039103967	8.99999970958	2.72859481167	8.99999976876	7.04712250905	8.99999993892	2.72953440347	8.46755276687	8.99749335396	1.38576672775	8.51091341468	
0.275580572844	6.77037467383	8.9999977821	2.72857093797	8.9999529748	7.0310646869	8.99999976875	2.74561197681	2.50207278497	8.73380554663	7.5646849508	8.98803984779	
0.275555762877	6.77034312363	8.99780407443	2.73453090165	8.95055585889	6.98728951694	8.99978804074	2.73583588181	3.64857369799	8.81092796493	1.83848069069	4.33119163737	
0.275595049216	6.77039217904	8.99982174118	2.74445003845	8.99999976875	7.0474985207	8.9913519162	2.71342245977	7.2110773256	8.73088874141	2.57003303428	8.70495239938	
0.275423705366	6.77016598281	8.99999976875	2.72984110488	8.80099520097	6.8461231865	8.9999997463	2.73041387275	3.30663917199	8.72281824665	6.66888221019	8.90773453719	
0.271683341887	6.76521893968	8.9999997633	2.72726190611	8.2641960417	6.25562356615	8.9998649537	2.78927307365	2.08267949566	8.80084660178	3.13084880717	4.06670776026	
0.275589892529	6.77038782528	8.99999913128	2.72923994989	8.99999975842	7.04415134853	8.99999976875	2.73186224363	3.2957367208	8.72217617512	3.51280855406	5.74145606063	
0.275578891701	6.77037353317	8.99716492944	2.72919362512	8.98338849587	7.02470029717	8.99999976875	2.73638861641	2.86390936399	8.72450521099	3.81858241095	5.61306707077	
0.275572266964	6.77036296979	8.99443503684	2.72773721138	8.99999902214	7.02125567408	8.99995122824	2.75697037327	2.28453586265	8.74372678138	7.80355971356	8.9999997687	
0.0704826587184	6.52321343157	8.9987814029	2.51975962119	7.1737242369	5.46519038294	8.99877803676	2.77853172808	0.882473744477	8.31768816215	8.80243496998	8.99999976875	
0.275592034495	6.77039094152	8.99999976875	2.7209829238	8.99999762523	7.0469730554	8.99999976875	2.73729688265	8.89793093185	8.97058025406	1.41756184104	8.99999976745	
0.0258062277486	6.44672148743	8.99922633281	2.58826572409	6.63719583021	5.33261296106	8.99999963989	2.35237320966	6.52587006504	8.17183758438	0.415867532313	6.39271638334	
0.275592163577	6.77039102341	8.99999976747	2.72932125839	8.99999998028	7.04712352605	8.99999977544	2.7288070646	8.93657337985	8.99112544214	1.39294532096	8.99348052817	
0.275590248439	6.77038835382	8.99963046433	2.72901002305	8.99999976875	7.04427709232	8.99999944121	2.73159801201	3.30673360642	8.72049978029	6.73943123119	8.98075143488	
0.275580561899	6.77037590283	8.99999976875	2.73546121893	8.99999998035	7.02856839555	8.99999976984	2.74126511124	3.7872345027	8.89883798784	1.58761750145	4.13108257714	
0.275592109466	6.77039098093	8.99999976875	2.72848215542	8.99999976837	7.04712271657	8.99999997765	2.72964694241	7.85291178145	8.76113152496	2.0830780195	8.82994555493	
0.275516652268	6.77029275282	8.99999976875	2.72785721842	8.88487525407	6.93214055618	8.99996512567	2.73026096644	6.16524396314	8.99074263831	1.39668216189	6.22624772901	
0.275581743738	6.77037625525	8.99999983434	2.72859142357	8.99999976875	7.03340315255	8.99997221228	2.74324597579	2.56992779133	8.7314949384	5.73446794123	7.2279862218	
0.275455763246	6.77021031597	8.99999864767	2.73021808762	8.82393446013	6.87149300613	8.99999864723	2.72761853949	7.3419040062	8.75473051611	2.17814196837	8.42035819362	
0.275411951523	6.77015188331	8.99999976251	2.64814297759	8.99181633999	6.76980200829	8.99999958045	3.07925391963	1.44257057895	8.98891047254	5.57904200529	5.6866306543	
0.275592125666	6.77039098522	8.99999984144	2.72848563241	8.99999979789	7.04712290166	8.99999984145	2.72964326907	8.86361442795	8.9558598001	1.43694340455	8.99978530514	
-0.0813889177773	6.03992335975	8.99969948392	1.98100744732	8.9999999459	8.94234513232	8.99999976875	2.28055941207	-1.25319204004	6.02565776284	8.93205907232	8.99999976875	
0.275592151226	6.77039100875	8.99999976322	2.72907282851	8.99999976875	7.04712314907	8.99999995972	2.72905583957	6.97263467238	8.7217274111	3.08799025613	8.99398478464	
0.275576714516	6.77037001904	8.99999976897	2.7357342381	8.99761165659	7.02866617071	8.99999976897	2.74117245026	3.04173351092	8.76404933682	2.29660160414	4.22933676606	
0.275584136803	6.77037965867	8.99999976563	2.72881793019	8.99999976837	7.03616089861	8.99999919744	2.74028030027	2.66482122272	8.72869945409	7.408781043	8.99999976875	
0.275587224696	6.77038433393	8.99999999936	2.72901997809	8.99548299426	7.03919180371	8.99999999936	2.732534031	3.16594763248	8.72113252461	6.89847429986	8.99837573479	
2.46718822305	8.94809590373	8.99999976875	2.75106270139	8.99999976875	7.06105414393	8.995250918	2.71482747142	3.52459771918	8.83093514891	1.59328687734	3.93796582934	
0.275580661629	6.77037564082	8.99999455138	2.73556674883	8.99999976875	7.0306396543	8.99999976875	2.73908465164	3.24790305814	8.77603333533	2.11871896501	4.24567343692	
0.275540356025	6.77031953137	8.99311478144	2.71787247081	8.99999903946	6.97198791661	8.99999976875	2.80861367414	1.90819335516	8.79371060397	8.23044081035	8.99999976875	
0.275237737604	6.76991366424	8.99999976858	2.73312028105	8.71630563509	6.73917876046	8.99999135512	2.74974774621	2.55453122713	8.75442012791	2.88924736603	4.34433314069	
-0.0864282902801	6.12191146216	8.99999976875	2.09425380775	8.99999978322	8.84346934243	8.99892585423	2.09673886823	8.96596647322	8.309236672	-1.21908715285	6.86969596682	
0.27559224404	6.77039283129	8.99999976875	2.67128814731	8.99999999975	7.0382376698	8.99999976875	2.79572287113	7.9063910932	8.76209842416	2.16233844817	8.96171975228	
0.275571706696	6.77036204988	8.99999961479	2.72711105674	8.99996657035	7.02076759713	8.99999961477	2.75740234	2.29325820958	8.74429709985	5.11975320387	6.32379736367	
