0.15479124392	6.59133258195	8.99999976875	2.55163958074	8.69037258087	6.2053797139	8.99994956562	2.55484745447	3.58964967922	8.99999976868	3.72232603259	6.90964623121	
-0.0175791399977	6.43569999502	8.99996939069	2.4771485292	7.67747266045	5.30368140493	8.99984590957	2.508250662	6.01976218226	8.95071781063	2.47154037632	8.12988485828	
0.0269897587602	6.40436362719	8.99982421518	2.44585339275	7.64847225499	5.50856169605	8.99963620359	2.40153115756	2.21594959289	8.53572744458	0.748329052358	3.02425309325	
-0.0222169424187	6.43371559549	8.99931946664	2.53194061718	7.7487544326	5.33512039871	8.99999976875	2.48098931493	2.5422415327	8.99741931789	1.64810316655	3.79840448199	
0.153281675554	6.58927834103	8.99996494919	2.54970918101	8.64367618343	6.16354606174	8.99999976875	2.55259049455	7.12366358118	8.99999976875	2.25870068252	8.98028388241	
0.242299068752	6.62757596819	8.99999976876	2.53057720946	8.84093348268	6.53375560477	8.9994625876	2.46308652836	8.93030206862	8.99642228973	0.464958275766	8.99999976875	
0.379422832671	6.77351781997	8.99983717954	2.53499402072	8.99999976875	6.48868587426	8.99975573706	2.65138316988	1.34700219484	8.99999976875	2.83714900855	3.77780191534	
0.00704089910768	6.42111194313	8.92274179522	2.43312868732	7.40679423007	5.30339596868	8.99999976888	2.46647904245	1.20065718821	8.54912040674	2.62276454733	3.8537556278	
0.0841610882282	6.5099415969	8.99963011247	2.49751471823	8.36514125062	6.0034337369	8.99999976875	2.49889921256	8.71259547085	8.99999976875	0.661500132355	8.98138210873	
0.103027847873	6.54302937645	8.99595768832	2.54685587664	8.2169302897	5.75323131252	8.99978193216	2.53070821308	2.63380390078	8.99999976875	1.91778062132	4.15161199499	
0.0570389034472	6.5118567504	8.99999976875	2.54116585613	8.83975602104	6.35574888251	8.99553514921	2.54558562658	4.76713238702	8.99129009932	4.53872235856	8.91972491927	
0.156291563507	6.59266548872	8.99999976875	2.55263987881	8.99836717484	6.51152042788	8.99998115609	2.5555421762	7.21394901978	8.99999976821	2.18768985047	8.99999976877	
0.20395766846	6.59557413076	8.99964728846	2.56457459685	8.99405874003	6.68106114306	8.99999976875	2.4279027009	8.92137515066	8.99999976875	0.457800237488	8.98268928403	
0.181186490368	6.61040656715	8.99999976875	2.54530548977	8.54447768269	6.0587428802	8.99995945089	2.57125882458	1.80037897991	8.99999323164	7.59085461767	8.98804460266	
0.488272882681	6.85942022596	8.99999977467	2.50963501853	8.99789927987	6.61980545254	8.99995707144	2.55686698985	3.64716436634	8.99999976872	0.656186148437	3.92514641114	
2.50601418709	8.99963465113	8.92715503743	2.40371301964	8.99088807404	6.4332364883	8.99999976875	2.65107475202	1.46669724432	8.99999850669	7.96013213249	8.99999976875	
2.55905035781	8.99999999899	8.99999998807	2.53446749806	8.99999999989	6.48685169715	8.99999998807	2.61807177926	1.40828895729	8.99999998723	3.07096350269	4.05362800591	
2.54406537406	8.97192458005	8.99999012133	2.51421924616	8.99424197341	6.50130646473	8.99999011958	2.60959746851	6.02982675301	8.9954672817	3.1227045058	8.75732964874	
0.134053662691	6.5666926325	8.99999764535	2.54339790772	8.99999974088	6.53480402831	8.99999976875	2.54637734176	3.03123879743	8.99999976551	1.27283806713	3.90813113485	
0.0775224020919	6.51464513742	8.9997128503	2.48265540721	7.99220922988	5.56340732999	8.9999997228	2.56894935836	1.66602124646	8.96063948742	5.49829853457	6.80364599727	
0.094479767834	6.5171984743	8.99959498954	2.46858461235	8.40392003212	5.85401851614	8.99999976868	2.72190498539	0.650695359616	8.99999976875	8.74419804377	8.99999976875	
0.141452424743	6.57458832009	8.9999999968	2.54257483211	8.5240760742	6.06066118125	8.99999976876	2.54600285562	3.10014199096	8.99999976875	1.48279189233	4.18363249096	
0.110198877735	6.53839859807	8.99943994362	2.51822725067	8.99999960747	6.59913077716	8.99999976875	2.51629742734	8.58715881838	8.99999976891	0.808842374429	8.99999976876	
0.0781087602596	6.50835371197	8.99999976875	2.49363196285	7.98530912719	5.61204675697	8.99999988561	2.509311655	4.8990566811	8.99999976875	0.84447501801	5.34904640195	
2.56155029376	8.988175048	8.99999976875	2.54970732346	8.99426722263	6.47975692628	8.99999976875	2.59661911204	1.27144942782	8.9999605725	3.15494733234	4.02936333633	
0.125774238058	6.56301716631	8.99999928871	2.5330051734	8.12944960723	5.67140217116	8.99999976875	2.5467377685	2.46367436496	8.99995642883	6.31005258298	8.3706192452	
0.126727489264	6.54529349997	8.98007123165	2.53572595733	7.81337950588	5.40850725937	8.9992092969	2.49248802491	2.75491788074	8.99777551042	1.05840875046	3.42188684328	
0.151263928486	6.58610061082	8.99999976875	2.54580150509	8.99999977136	6.49839589755	8.99999973863	2.57848109756	1.59625807426	8.99999976875	6.83779882028	8.03439003741	
0.145160475813	6.58030866799	8.99999976875	2.54346967504	8.29673752178	5.82811024301	8.99977600411	2.54966421277	2.5381591202	8.9999997584	2.78855170954	4.92370056097	
2.56402720041	8.99887652267	8.99999999645	2.55477114094	9.0	6.51222934464	8.99999999645	2.55758988906	6.68520981731	8.99999999545	2.71822569599	9.0	
0.230468815815	6.63345562381	8.99999976875	2.44790586673	8.13543364639	5.62501917266	8.99948504882	2.72762708986	0.863015924696	8.99999976875	3.98151433506	4.44408115365	
0.147643994004	6.58246552239	8.99999976875	2.54665569674	8.43156753827	5.95610745589	8.9999997689	2.55267249409	2.53462557563	8.99999877506	2.26316437924	4.39566417485	
0.153594883413	6.58906453353	8.99999976876	2.54880676231	8.74557458092	6.2534984075	8.99996985397	2.56565470528	1.89030583787	8.99999976875	7.39435002222	8.8835951527	
2.57796860494	8.99999999998	8.99999999873	2.51182921634	8.49722925223	5.95494678916	8.99999999873	2.68609457915	0.6927343705	8.99999999877	8.72452318724	8.9999999997	
2.56581351779	8.99818318141	8.99999239605	2.54356959635	8.99999976875	6.51510339473	8.99999976875	2.56689517372	2.7303086588	8.9997505999	2.07972385928	4.4101727929	
2.38016838375	8.80601886638	8.99990856562	2.5482642693	8.35251922027	5.89099944347	8.99999976702	2.54880297774	2.91579328664	8.99999976875	1.83174150881	4.34379163602	
0.134133327542	6.56575419789	8.9216101972	2.51772872343	8.49375997887	5.98773091411	8.99999976875	2.63136351339	1.06136385011	8.99999976875	8.33435802359	8.99999976875	
0.0547384352783	6.49442884346	8.99966326444	2.88131399072	8.70812276992	6.14917074553	8.99999991935	2.30270578267	2.86309011385	8.99999815141	6.52783792319	8.98379526683	
2.58041664169	8.99999999991	8.99999982414	2.53088099137	8.60459835589	6.10075117177	8.9077637179	2.52346344887	6.65260891291	8.99999981904	2.15767498633	8.40763942065	
2.57209893487	8.99765125511	8.99999976875	2.54726973896	8.50296404939	6.04688962707	8.99999982595	2.54393971334	3.46797807626	8.99999935028	1.52301239219	4.58890397431	
0.0198081331017	6.43205398679	8.99999298155	2.34042347805	8.99999976875	6.77649009634	8.99999976875	2.57571347891	4.9809298417	8.58251351962	1.60705487777	6.55959734736	
0.26007910835	6.67604293149	8.99999977	2.56078389561	8.99999176146	6.50492894205	8.99999956977	2.58132712786	2.01210372151	8.9998466182	2.32178664135	3.9283829774	
0.10730115573	6.54580004618	8.99977257302	2.53316219254	8.78033152436	6.31998476821	8.99999489071	2.54486516742	3.33346256466	8.99992356887	1.28149589939	4.22004244971	
2.54358676429	8.97683570255	8.99999998566	2.48976174389	8.46375467665	5.99813666038	8.99999998566	2.61347629661	3.33736700492	8.99999999082	1.9494154808	4.87712587867	
0.15060664368	6.58766381397	8.99999976875	2.55079262593	8.63275994699	6.14880570798	8.99997409538	2.55394146165	3.11897926586	8.99999976875	4.6875191817	7.40435464242	
2.5250100531	8.95772685188	8.99998885567	2.55986675745	8.86582686558	6.39020980792	8.99988253086	2.53938269416	3.46694237101	8.99436838838	2.23095054034	5.30597570361	
0.150766166098	6.58671805021	8.99999976875	2.5478581227	8.4525989566	5.97660708472	8.99999976875	2.55074064569	6.22220846257	8.99995816564	3.14688815956	8.96597648168	
2.5651538629	8.99804626986	8.99999976067	2.54711900169	8.96724425861	6.48702939294	8.99999921819	2.57545583901	4.8520591529	8.99999976854	2.19285783743	6.61997187744	
0.185621622814	6.61134229763	8.99993515366	2.53710771566	8.70903388981	6.23627999767	8.99993509955	2.5700702671	2.81311421863	8.99999968449	1.52405619654	3.93677480023	
2.58522286151	8.99634112428	8.99999998797	2.48370462276	9.0	6.70229592867	8.99999998797	2.48626040972	8.99756544613	8.99999998467	0.430524377784	8.99999999149	
0.093760868697	6.51223118803	8.99999976875	2.49208342433	8.99999976875	6.65917718944	8.99959941504	2.49365000656	8.77613258685	8.99999976868	0.548971155166	8.93206465661	
2.56169190887	8.99999999661	8.99999988194	2.54348158427	8.97765348676	6.46901675526	8.99978298253	2.58467183567	1.3660270221	8.9999998632	8.03301566104	8.99999999835	
0.146556691401	6.58129720825	8.99999923313	2.54303250337	8.33817858237	5.87369892009	8.99999976816	2.5457900772	6.95666052026	8.99999976875	2.01108348128	8.56504275884	
0.145855033448	6.57422899523	8.99999976875	2.53154348197	8.4524394049	6.02119714149	8.99999976875	2.53169509477	8.2860712603	8.99998478298	1.1139145504	8.99999976875	
2.53107147072	8.9991128282	8.99974828586	2.53970744689	8.99933157177	6.48172517823	8.99999976875	2.57312849645	3.70387294771	8.99998622505	2.03089711354	5.32146026044	
0.244830749069	6.63572076734	8.99998597882	2.50999144294	7.78538432058	5.51503218866	8.99999993803	2.46046291831	7.39731745812	8.76071055446	1.79561315725	8.99991195173	
2.59010837812	8.99999999995	8.99999998031	2.47939586759	8.99999999999	6.40205834973	8.99999998031	2.79342989295	0.409747822734	8.9999999749	8.99999998233	8.97989377167	
0.115142540287	6.54900380713	8.99999906884	2.54095274546	8.99999976875	6.53827099218	8.99984694567	2.54374959584	2.94950972539	8.99999976884	1.18295129977	3.73866923812	
0.149209559999	6.58385201612	8.99999976875	2.54925842974	8.94287618902	6.46316755406	8.99999976875	2.55312172508	3.01076889276	8.99991392605	1.63655727671	4.24794162944	
0.151376987532	6.58685185298	8.99981594712	2.54736699316	8.59230587287	6.10612972753	8.99999976875	2.56204139927	1.97930988982	8.99999976875	7.42141959018	8.99876640314	
0.155593193182	6.58509422835	8.99984009229	2.5395884382	8.24170787809	5.79484803973	8.99999976875	2.53826184138	3.48227884663	8.99999976875	1.49731863273	4.5780717264	
0.118563983694	6.55176129827	8.99999976875	2.53494896417	8.09672685624	5.62880776988	8.99752562768	2.56001126664	1.72901917137	8.99991279416	2.4184569063	3.74733320779	
0.149398760992	6.58495388544	8.99999976875	2.54621462669	8.36314633762	5.89183342068	8.99979853153	2.54907673576	4.4846789092	8.99999976875	4.90731847089	8.98851275204	
0.121514752255	6.55487777903	8.99972859897	2.53081329912	8.33123155425	5.88887400788	8.99999976875	2.53692601103	3.36153327287	8.99999976263	1.26308852929	4.22722014207	
0.1534065818	6.58860253668	8.99999976875	2.54824052407	8.99998880123	6.50048944795	8.99999976875	2.57393234585	1.69739057115	8.9998991409	7.70378774029	8.9999997676	
0.190957586224	6.61959404133	8.99999976875	2.55106059505	8.99987517655	6.51406922968	8.99999976875	2.56556722429	2.78373165544	8.99760023414	1.92933347043	4.31021610592	
0.149127971848	6.5848441391	8.9999997775	2.54640850834	8.37003044824	5.8981283851	8.99983838264	2.54908470918	4.85022300019	8.99999976875	4.49933984801	8.94620853557	
0.119407646736	6.56123874118	8.99999977819	2.55446539513	8.9872723092	6.48790062107	8.99993625403	2.55866713762	1.78275398809	8.99999976875	6.14915105494	7.53361352171	
1.60310220751	8.00354465497	8.99707155942	2.57215248852	8.99999977489	6.51673880803	8.99999976875	2.57898200595	2.38961487553	8.99999957601	2.6466258311	4.62507447223	
0.169173326414	6.62912776477	8.99999976875	2.46910801816	8.76023524069	6.11092715456	8.80985176047	2.60904306426	0.986998948285	8.99997814612	8.2328217488	8.76969720254	
2.55506007763	8.98337912592	8.9999835381	2.53332561617	8.99999976875	6.53816619007	8.99998883432	2.56278318438	6.62948754016	8.96058511238	2.69650823397	8.96128733321	
2.55979982309	8.99115290875	8.99999975898	2.5518322718	8.83763061394	6.35189552325	8.99999976875	2.56176545253	3.05845037624	8.9999942951	6.34513762086	8.9999997687	
0.123565390189	6.55492941545	8.99962088966	2.53240223476	8.26652861224	5.83818521377	8.99999976875	2.52457666676	3.71615335049	8.98854759607	1.24670550542	4.57619951503	
2.58978561499	9.0	8.99999999889	2.48300049814	8.63211272879	6.04511883642	8.99999999889	2.77888637247	0.429392453793	8.99999999859	8.99999999914	8.99999999914	
0.100510347655	6.51766349906	8.9999052365	2.53531283338	8.84107070047	6.50966193887	8.99986824499	2.4459946531	8.88449783726	8.99999976875	0.51440736363	8.99999976875	
2.56454103391	8.99999999881	8.98763980431	2.57075158032	8.99999999999	6.50709327569	8.9999998996	2.53610822206	6.20811489167	8.99999986845	3.14607579105	8.94572780159	
0.167508563932	6.56931187415	8.99998283122	2.42004911206	7.89219668901	5.61267579837	8.99998163758	2.53060233156	8.97890148966	8.99999976875	0.424027398728	8.99999976875	
0.04814671702	6.48199190874	8.99999976128	2.58891409355	8.99636398125	6.36192537451	8.9999997586	2.71385096954	0.469420015266	8.99986883864	8.9874613856	8.99999976875	
0.143022022387	6.57845221138	8.99999976877	2.54181207384	8.21661118384	5.75450373261	8.99982672058	2.54494573373	5.61852256143	8.99999976875	3.76316031099	8.9777460924	
1.58575165454	7.98238771894	8.99999976875	2.55416182626	8.55022752986	6.09026091238	8.99999942443	2.57793116639	7.51216771745	8.99946281126	1.71685367497	8.81651031948	
2.54092048463	8.947392149	8.99998672404	2.47893306365	8.99955773549	6.40540297805	8.99999976875	2.7836178416	0.437607562847	8.99999976875	8.96963806988	8.9999997716	
2.5786602376	8.99999999759	8.99999983841	2.52591082762	8.74447226336	6.22538831346	8.99999983841	2.63371301825	0.797044708508	8.96517865058	8.54799559917	8.98685956914	
1.88517181346	8.29959804834	8.99999976866	2.57452880731	8.9966519723	6.51265534211	8.999958864	2.55915888096	3.35469342076	8.99999976875	3.05019227154	5.99662749341	
0.153691254604	6.58898654524	8.99998038654	2.54804407131	8.99982524741	6.50103217014	8.99999972592	2.57319899612	1.73105600636	8.99999955967	7.66143612249	8.99172362754	
0.0459213915569	6.49233046583	8.99651669379	2.57150658943	8.99999976848	6.55784870886	8.99989514785	2.47429393737	5.19185523721	8.99999610805	1.01553965227	5.8183461009	
0.1326601684	6.56096958942	8.9999944677	2.53439199226	8.33095592821	5.91134341176	8.99981647364	2.51608082161	4.59519733274	8.99999977258	1.03902012659	5.23859111126	
1.79761668094	8.18953089134	8.99997984831	2.6423255599	8.99999976875	6.52059908607	8.99999976857	2.51171565816	3.07674747217	8.99999857361	2.76479098792	5.43480143657	
0.262696738651	6.64740210465	8.99719223556	2.34939311633	8.98911726275	6.38135941858	8.99032789069	2.94633548068	1.49789263198	8.99986299054	4.95638146304	6.01195688122	
1.84538965057	8.24067950924	8.9997309324	2.51082551568	8.99999976875	6.64858282989	8.99999975045	2.51640024351	8.77668645552	8.9999996463	0.623834716313	8.99999674161	
2.56494890223	8.99579057352	8.99998626678	2.55913923892	8.99999976875	6.52702804524	8.99999976452	2.54536747377	6.96280215288	8.99999976875	2.29173134203	8.84726249529	
0.135723063216	6.57287732417	8.9999972156	2.54313219801	8.95674051878	6.45282279982	8.99999976875	2.58010099131	1.60004589927	8.99989737342	3.20857612298	4.41005623314	
0.137408506548	6.56307313596	8.99999976875	2.67614199712	8.27093386787	5.76496474178	8.99992130312	2.46589031363	1.25907886056	8.99933244109	8.14406869488	8.99999976875	
0.146431863133	6.58207489697	8.99999976875	2.55336868784	8.28809953085	5.82090713478	8.9998443073	2.53754510886	5.91683279546	8.99999903712	3.22931597553	8.74279283518	
0.400112742443	6.78842901296	8.99999976875	2.59419810679	8.61546774086	6.10674972808	8.99999976859	2.59471577895	1.75595995028	8.9997772935	1.89671356508	3.2478450643	
0.151963547112	6.58670462804	8.99999976875	2.54740303476	8.99998704194	6.52584462426	8.9999270028	2.55018786459	7.81811583911	8.99999976875	1.58193512809	8.99939439288	
0.145668219164	6.58215422092	8.99990554574	2.54616435209	8.38403364295	5.91092300496	8.99999976843	2.54926339366	4.14247576195	8.99999976822	5.21473116492	8.95419270894	
2.5530905614	8.98144018837	8.99994824242	2.53551859809	8.99057431399	6.48806439436	8.99997833217	2.59782673796	1.52321254548	8.99999976875	3.23711724358	4.36002305091	
0.104077656371	6.55057111632	8.99987126697	2.59470105853	8.99999769098	6.5055026542	8.9998712294	2.50824795448	5.75384475043	8.99999977049	3.62567208405	8.98087195927	
2.92231107249	8.92572155706	8.99999999803	1.74504615556	8.99999999883	8.99999999883	8.99999999803	1.74608799465	7.02546397307	8.99951073978	-2.37149782336	3.81600713564	
0.206613731753	6.62976379123	8.99996430958	2.62099826966	8.25549895744	5.79165864138	8.99996950215	2.48270208524	7.18584280803	8.99999839961	2.21164658083	8.9906644254	
