2.50588814832	9.0	6.45610227614	4.66768901639	-3.40097593542	1.07935998288	9.0	8.99840570351	9.0	1.30961577939	9.0	9.0	
-4.55812217799	1.93698430271	3.76581722927	3.76471133534	6.19509179216	9.0	9.0	9.0	9.0	6.65620611876	9.0	3.40468220707	
-4.55375440457	1.92535958993	8.92715866342	9.0	6.24069890191	8.99969348633	9.0	9.0	8.96133057608	5.60675733159	9.0	4.40514745737	
-4.53863612292	1.95017860323	9.0	3.93310755285	-4.94014663908	2.32291272347	8.35566061997	8.97819073146	8.93557993727	7.8534056103	9.0	2.1394618418	
-4.52215126475	1.96167626234	9.0	8.7061045212	0.455605902283	3.2739040975	8.71092501945	9.0	6.07137455336	3.46441546717	9.0	3.67532506392	
-4.54290925009	1.96597069635	4.78069753764	3.35134444131	-0.461267400248	2.5627215694	7.81197043255	9.0	9.0	6.87832773702	9.0	3.19496789704	
-4.58100230396	1.91737998048	9.0	9.0	6.19202648874	9.0	9.0	9.0	9.0	2.92268641327	9.0	7.12347792208	
-4.5153143881	1.96507798815	8.83007351322	2.58767083227	-2.97917764832	2.21456134315	5.13562027554	9.0	8.46744538578	6.62584376409	9.0	2.90076640714	
2.51347232609	9.0	8.23226892498	7.10874312151	-2.78230368341	1.10027075755	9.0	9.0	7.16253871755	3.58093466416	9.0	4.75129888429	
-4.59799639239	1.93776948802	9.0	2.50464401101	-6.0	2.14289850354	7.87552661657	9.0	4.54287188661	2.90057314827	9.0	2.67654766394	
-4.59753270267	1.89055192512	9.0	2.94059316624	-6.0	2.14214613952	8.33292303938	9.0	9.0	1.17426305161	9.0	9.0	
-4.54203583168	1.949542979	7.35257767925	2.91122127751	-0.931788786274	2.3821520151	5.06561731627	9.0	5.78923484887	2.83471324295	9.0	4.01034244074	
-4.57759833327	1.91974167743	9.0	3.04600857684	0.252813176562	9.0	8.98362895319	8.99979372561	5.37086638924	2.89272691072	9.0	3.52012654994	
2.03896360651	8.53143804525	7.0372443717	3.76797342332	-4.91391700053	1.10382740535	8.99987807826	9.0	6.80420147676	3.69262866616	9.0	4.28412455614	
-4.57888655443	1.91101113244	4.20292832275	2.96743118829	5.80979687693	8.5951754395	7.73754508399	9.0	9.0	2.44407793506	8.99268214941	7.59268559511	
-4.53213928272	1.96172822176	5.05269729643	3.06347122324	-2.54364830559	2.23420765142	8.9862431854	9.0	9.0	4.15842182065	9.0	5.90276000957	
2.49419188786	8.98739803427	8.09469840478	3.75941733486	-5.97517941254	1.10549950476	9.0	8.9997684848	9.0	4.50969678672	9.0	5.6632876227	
-4.54701277777	1.93394540419	9.0	8.94681715862	-0.0149695099205	2.86565240482	9.0	9.0	6.65641792319	3.70170001926	9.0	4.00764622771	
-4.55329313653	1.94513235763	9.0	8.49908300121	-0.985909410606	2.32345509147	9.0	8.99942485994	5.31480344602	3.36975759828	9.0	3.00798338368	
2.41019465766	8.896118717	8.97711864913	2.99861020426	-5.99999779723	1.09354748638	7.35436012367	9.0	8.95194489588	3.62297091767	9.0	6.49258423876	
-4.52863860578	1.96212276824	4.16164494178	4.04188842222	6.12593268631	9.0	8.98303180852	8.99983467284	8.99673018064	2.7063887056	9.0	7.37461911316	
-4.5524992628	1.9421121435	9.0	5.25716042904	2.457076211	9.0	8.99569350818	9.0	8.65038779986	5.5011596942	9.0	4.20552152395	
2.49851123478	8.98843234446	9.0	5.08157026725	-5.3656758419	1.23494607517	9.0	9.0	8.99965882943	9.0	9.0	1.31167058667	
-4.52446731936	1.96136714532	8.75401893199	3.89345313448	6.19995146297	8.98435943854	4.14402412438	9.0	7.59324330016	4.33786432698	9.0	4.32459293478	
-4.51616574058	1.9694592683	9.0	5.03617887727	-4.52951162579	2.2472584679	9.0	8.99649494536	9.0	7.00002159139	9.0	3.06447064396	
2.5130704268	9.0	8.99471263886	3.18897291777	-5.88539762332	1.0883153564	7.40442471595	8.99991791856	5.93996431319	3.86692580822	9.0	3.23485989737	
2.32202149289	8.81918948235	4.77984067621	3.32563663272	-3.09340118985	1.10156913782	9.0	9.0	6.92703251226	3.63326865374	8.99252747517	4.45828882397	
-4.57042844145	1.92377583539	8.4082540437	4.73027630929	6.18990191549	8.99068887467	5.31350662637	9.0	5.77734733	3.03196611738	9.0	3.7954985556	
-4.51021486579	1.97784722158	9.0	3.26733427452	-5.99999703743	2.27817318314	8.74321022555	9.0	9.0	5.17840633779	9.0	4.89069234854	
1.6445027059	8.13595473653	9.0	4.6464419529	-6.0	1.10380813692	9.0	8.99995584926	9.0	6.63026941192	9.0	3.54209157313	
-4.56415799681	1.94122328177	8.91927585504	7.78169095298	0.323179775295	3.20894080165	7.95521489044	9.0	9.0	7.01362072364	9.0	3.04468071924	
2.20927823028	8.69413029741	3.57327192104	2.5612280102	-2.68723204354	1.08924664808	9.0	9.0	8.9999578796	5.26985371613	9.0	4.89003253056	
1.59139792272	8.08388500855	8.99999956845	4.6717604536	-5.97270685479	1.10310597629	8.99999329279	9.0	6.45796592067	4.28464934488	9.0	3.34602642781	
2.5092697682	8.99848028735	8.9998337624	3.52004340111	-5.99927499287	1.09839619735	7.86345841624	9.0	9.0	3.14486597719	9.0	7.02846426779	
-4.44941371952	1.99755551946	3.12506642997	3.1434430442	4.58889678944	7.39476465675	9.0	9.0	8.77828701746	5.10295405039	9.0	4.76717590045	
1.35197220527	7.84555321346	6.96344363084	3.08661554776	6.02447480737	8.99999509297	5.57478721971	9.0	3.00970204929	3.8240607129	9.0	0.806292703561	
-4.54703494907	1.94030112344	8.84205535931	3.06040831793	6.19662464352	8.99997698843	3.20936505419	9.0	9.0	5.05658461266	9.0	5.00082893327	
-4.6680061039	1.87899221917	8.4516115175	4.02671062865	1.89329999589	4.71111181288	4.62026939314	8.99648017008	6.84321054831	3.85226009771	8.99285810619	4.01282946372	
2.50675867211	9.0	9.0	3.8938012195	-6.0	1.09698766283	8.2360187215	8.99819819025	6.84725811623	3.14639216419	9.0	4.86751113093	
-4.57361663794	1.92302547919	9.0	3.15154871264	6.19612162992	8.9999999862	3.14241664015	9.0	8.96865652524	3.43317949839	9.0	6.57753704255	
-4.53482236805	1.95730882513	8.65366360378	3.24462299725	-6.0	2.21986323779	8.99975745083	8.99829757585	8.80668418676	5.63341863829	9.0	4.2299469574	
-4.51993504011	1.95757216932	8.83743584644	3.30356813586	-2.28162164858	2.1273948886	5.0188196467	8.99509582661	8.30879169929	6.31867143193	9.0	3.03276901964	
-4.55767050246	1.92004457544	3.19393201584	3.00729714982	-0.458008300899	2.56584025381	9.0	9.0	6.33690403183	3.80583156061	8.99043538168	3.54164060581	
-4.52937193973	1.9731919731	3.99405466022	3.21228860589	-1.3026650656	2.26467940908	9.0	9.0	9.0	3.44482038195	9.0	6.65171837212	
-4.561520051	1.93420965351	7.80960817642	7.68841700199	6.12289377407	8.935957354	8.88732679158	9.0	8.02435330883	4.02749043908	8.99993497079	5.05212989757	
-4.55615130241	1.92223541646	9.0	9.0	6.24332691596	9.0	8.91894015512	8.99798178225	5.31151977121	3.00218199723	9.0	3.35753031148	
-4.57656306117	1.92035981243	8.75238675808	6.15783310582	5.97322032744	8.77783038829	6.40039494609	8.99169457922	8.98766528745	5.8698451759	9.0	4.17339504511	
-4.37689325163	2.08241071021	9.0	2.91639116536	-3.84047197563	2.39694743435	6.34862081557	9.0	8.96290255813	6.06654335902	9.0	4.02828169577	
-4.55424671374	1.93965182697	8.99057932326	4.64503849953	-1.00057306985	6.1509047479	8.99913478449	8.99977791956	8.25330673205	3.63890677425	8.99960578481	5.66865699912	
-4.56537301879	1.93280536731	7.94359049947	7.86972469611	3.57480805058	6.39669497734	8.94572806831	9.0	9.0	3.33189071461	9.0	6.72293249801	
-4.53454010236	1.94964998487	8.84010523549	3.27477356912	-0.226754341778	2.74607914636	3.60067195487	9.0	8.08747701271	6.00653607599	8.99979571969	3.15610409545	
2.51586931602	9.0	9.0	4.68096290332	-5.99532730278	1.08561309355	8.99444861346	9.0	9.0	3.7128953905	9.0	6.45022321049	
1.33209404727	7.82411078226	7.38266775086	3.53385956109	-5.07818728766	1.09730012833	8.56964939609	8.99586109948	8.33761116158	3.21070588036	8.99651146852	6.29522986361	
2.5138642785	9.0	9.0	2.85939278448	-5.68644056057	1.08947446474	6.88707869217	9.0	9.0	3.73483833945	9.0	6.42704975519	
-4.58187076696	1.92008305599	8.90512190728	4.36259831408	5.0611214965	7.87648409016	4.47169038602	9.0	9.0	2.91677213643	8.99635398573	7.12632324177	
-5.2278304723	1.48365077681	8.9649788537	4.29948844266	-5.9057297258	1.57409609244	8.99736322233	9.0	9.0	3.97923295753	9.0	5.70434318099	
-4.48533173282	1.98424048237	8.20208394914	8.29100188613	6.22883792232	8.97272785272	9.0	9.0	6.0121930922	3.17731165757	8.99999446093	3.92601065146	
2.49287188361	8.99929702698	3.74473377262	0.537227856099	0.877044747326	6.57986021247	9.0	9.0	9.0	4.23478592436	9.0	6.40478815741	
-4.5322418038	1.96658439392	9.0	5.27620846831	-4.26678201223	2.25573300375	9.0	9.0	8.07254949348	4.3912919327	8.99160203915	4.74069451095	
2.50240804649	9.0	4.89721281769	0.524891308149	2.79052697236	5.78034904252	5.09822138503	9.0	7.36558192672	6.7390024292	9.0	2.24630196686	
-4.58979265553	1.88903323304	4.30611264267	3.30254393462	-1.31567478885	2.1385153251	8.58327839378	8.9929391005	5.76866578829	3.51493821324	8.99907167432	3.26194949438	
1.74296012766	8.2370022521	6.86497041407	0.516015776131	1.43529471291	4.42969937033	3.1231417066	9.0	8.94463262465	7.9613768664	9.0	2.60591192864	
-4.5127508251	1.97599836531	9.0	8.84721007617	6.0568067224	9.0	9.0	8.99918273337	4.94712203366	2.59291092886	9.0	3.43590562443	
2.51342428529	9.0	7.17752379732	2.88847768487	-5.96270117559	1.08729484117	8.99874648224	9.0	5.61403528157	3.38592468857	9.0	3.38979174602	
-4.56193570276	1.93655707599	8.99899787232	3.25065811651	0.444370516007	9.0	9.0	9.0	8.93799387532	5.01014170827	9.0	4.97197210012	
-4.53968915337	1.93623061039	7.53159124687	2.50756521004	-5.70465160416	2.16492204603	9.0	9.0	4.95019479439	2.8920013478	8.98847992522	3.07732021999	
-4.58066990219	1.91901115014	8.38687593249	4.21739631454	6.18776096668	9.0	4.83837406408	8.98839259375	8.97604694543	2.89584175104	8.99351736277	7.13350369148	
-4.55104737047	1.94341854305	8.27236838231	4.15803621548	2.16952193088	9.0	8.91149235132	9.0	9.0	5.81464821326	9.0	4.24205902888	
-4.59019416826	1.91124537699	3.42422853644	3.42196689136	3.53458538521	6.34127017662	8.99697243272	8.99175260902	6.70447326326	3.27152679554	8.98616343868	4.46940981607	
-4.55877762575	1.94252671816	5.60864667693	4.45725320322	-1.650169075	2.13896276702	8.77679980577	9.0	6.58340879756	4.77001082927	8.99657556128	2.83528803027	
-4.60647327457	1.8757350593	4.48385128493	2.42738513083	-2.78752773037	2.13222264331	9.0	9.0	5.06103406624	2.14780505427	9.0	3.91266795582	
2.50922226609	9.0	8.93480417235	5.962489416	-4.6134429534	1.10248336137	8.99271301482	9.0	9.0	6.03069086926	9.0	4.14093138332	
-4.50470043133	1.95777046306	7.6385126166	4.55086987309	-3.73188566253	2.2160539932	9.0	9.0	9.0	3.24595817302	9.0	6.80400794709	
0.73643005945	7.22800788494	7.87212012592	3.26498573074	5.50263257885	8.48198226582	4.84533621424	8.99937434195	3.83103124655	4.64361974419	9.0	0.808325178315	
-4.52949645693	1.9623551967	9.0	3.56624524276	-6.0	2.24135251376	9.0	8.99755790378	8.3299094862	4.39559406417	9.0	4.99632756041	
2.59144490303	9.0	9.0	0.481824517865	4.76744086796	9.0	2.12540416151	9.0	9.0	3.79728046166	9.0	6.84162598341	
-4.52111448398	1.97090712315	9.0	6.4258098223	-0.216904771569	2.74140691939	6.5815133508	9.0	8.86737142338	3.02516785412	9.0	6.9120202155	
-4.48708151323	1.96878429935	3.7423647061	3.71460741707	5.11780863212	7.97195087593	8.98371858934	9.0	9.0	3.03742655123	9.0	7.02630659698	
2.53035097067	9.0	8.84612825096	3.56325509113	-2.92958194073	1.10476680289	4.98431549567	9.0	8.99999908531	4.15482739343	8.99863416763	6.02708255333	
-5.99999412714	1.18402821473	8.99963818296	3.9191866011	6.34704091921	8.95837054186	4.18097367611	9.0	3.93468797681	2.04434514671	8.99874685531	2.49282554842	
-4.35106496024	2.14388772805	2.9246081829	2.8464950431	6.10189749464	8.89441413952	9.0	9.0	9.0	9.0	8.99406939656	1.23300681174	
-4.57751923066	1.9147336312	5.03300783191	3.33294624812	5.38686916121	8.19620699368	7.29402522701	9.0	7.45846138095	3.02065164869	9.0	5.47916222217	
-4.55266525543	1.93898509794	9.0	3.65954507695	0.363016267525	3.23084380573	3.71962744854	8.99910381222	8.0261269015	3.92990572137	9.0	5.15481081117	
-4.5451573517	1.92679856007	6.67772921469	2.73466293933	-3.47541498217	2.16091815644	7.84602267985	8.99037673364	4.57116368188	2.64694085746	9.0	2.96195238054	
2.53527542609	8.99724907215	8.29831107148	4.21918593283	-3.83290340903	1.13553607366	7.12255515228	8.99990585128	9.0	3.03275944615	9.0	7.16050608212	
-4.49574292309	1.97714125852	9.0	9.0	6.18447010437	9.0	8.99836831684	9.0	8.88919182892	6.45965213446	9.0	3.50759890273	
-4.5752370859	1.91243001326	9.0	3.58184356985	-5.99231344775	2.23138266737	8.98065647088	9.0	9.0	6.53200190985	9.0	3.50632393403	
-4.73169583398	1.83185425414	6.07009961198	2.97118138511	-3.5734429304	2.1466482023	8.87733727986	9.0	5.90764409819	3.14752928092	9.0	3.71037163024	
-4.54839112201	1.92950416564	8.97265179458	3.52777871956	2.4925875506	5.28466571516	3.53038073146	9.0	7.68965716801	5.16956341269	8.99556770063	3.56414551428	
-4.54612174711	1.94779967212	9.0	4.6719623978	-4.62884518333	2.21634004491	8.71056240873	9.0	5.08972979022	2.79431287788	9.0	3.34981389946	
1.66734634332	8.16577078555	1.39488810968	0.518313918597	1.06907233921	4.09102566718	8.64158121973	9.0	5.91645695788	4.56551210934	8.99922534373	2.97961723244	
-4.57786361008	1.90997024477	9.0	3.35114812831	-3.78226088149	2.16051540762	6.47977959337	8.99973105609	8.99835532392	2.09620060204	9.0	7.94892808266	
-4.56133899757	1.93313506599	9.0	9.0	6.19552529642	9.0	9.0	9.0	8.93678252964	3.20746572923	9.0	6.78639966967	
-4.52941492697	1.96306541303	8.76470222089	4.41980432848	-4.90336501139	2.24669871398	9.0	9.0	8.524256983	2.94382069369	8.9999981157	6.64226176368	
-4.57098834491	1.92617787742	9.0	3.34440370055	6.19585755735	9.0	3.34411941148	9.0	9.0	3.28369390344	9.0	6.76681950393	
-4.45973397274	1.9385002017	9.0	8.99884218997	-0.552537611371	2.39062907066	9.0	8.99979459695	9.0	3.30895073423	9.0	6.72314970657	
2.50807733365	9.0	5.46605965179	0.502955356917	1.4869551536	8.97721944006	9.0	8.99997401371	9.0	4.39581335388	9.0	6.22505361104	
2.52552251046	8.9999997405	6.85342535874	2.48776427463	-6.0	1.06709014923	8.91063184734	8.99714746498	5.48604799745	3.25347861797	8.99999884404	3.37832760448	
-2.86725737269	3.61722918661	8.99998877583	2.20788696694	-6.0	1.0254515146	6.44543283211	8.99873696075	8.048836101	2.42173129422	9.0	6.73302268545	
-4.38359993389	1.96036907711	9.0	7.86602293106	3.7921585064	6.32616166117	7.41356763969	8.90988728168	9.0	1.23913578978	9.0	9.0	
