2.5059539902	9.0	9.0	3.12436650911	8.79961523771	8.3423199937	9.0	2.83836728339	1.59414649484	7.25059230403	9.0	9.0	
2.50526599207	9.0	9.0	2.56492456246	9.0	8.90227518872	9.0	3.03805678265	4.52209622647	6.88403716671	5.70680038182	8.99996881512	
0.222826737394	6.51572828684	8.44176043008	2.33401787223	7.11620155943	5.52865015649	8.24038030244	3.63763688605	2.60941653083	8.19798798656	6.09440907407	6.17841085217	
-0.130205782593	6.49628954889	9.0	2.27410148918	7.97517591956	5.66378437977	9.0	5.40544878891	5.09503521923	8.99998889341	7.2065462394	9.0	
-0.0534766264483	6.55111416961	8.99983732958	2.54347983981	6.08315781341	6.04488560562	8.6977810402	2.74164223544	7.5915605608	7.59376252857	1.84640149023	7.25421774729	
0.70946483692	7.17655018908	8.98588748976	2.531508983	5.83824345065	5.34179581538	9.0	3.52896380641	1.9881502215	7.46934239035	7.9209587992	7.99185555339	
2.52555530643	9.0	8.99493614585	3.13418746427	6.40985576474	6.30576342595	9.0	2.50537880762	8.99441400594	7.19640916184	1.56181760791	9.0	
0.788250775704	7.15839394105	8.7909075183	2.39674598657	6.52797409457	5.42877668578	8.99994538195	4.13280488096	7.68772740556	8.02598103816	3.65019686243	9.0	
-0.049221631173	6.36581863417	8.89448301127	2.49647064709	4.68843011838	5.26991403597	8.98977370797	2.50251787359	8.99846896892	6.42794093445	0.89457546589	9.0	
2.50672347976	9.0	8.77263474341	2.45714599103	9.0	8.04918829054	9.0	3.77392088406	4.90655168971	7.72370280805	5.86001311173	8.69735474262	
0.25484159973	6.86741293783	9.0	3.80990096146	7.05581710884	5.98374301951	9.0	2.4537234697	6.07074670145	8.64613816235	5.73096748318	9.0	
0.0829254779734	6.63454317147	8.41593964864	3.48140699996	9.0	7.29104894099	8.42220148899	2.47106341125	3.05315363742	8.76868609091	9.0	9.0	
-0.0921078773825	6.3642012565	8.28097747868	2.38491244506	7.87458856446	5.65686176355	8.85957015446	4.48695066924	2.04152858153	8.87498303304	6.1782190596	4.9993462388	
0.201263149841	6.77799765723	9.0	2.61565602003	7.07669433373	6.12999998498	8.70266628235	3.55615325223	7.31351694028	8.17732741208	4.34241220618	9.0	
0.714456198599	7.04572996976	8.94129403598	2.41828320432	6.52939918289	5.96178014547	8.99060791022	3.7948459499	6.47360640108	9.0	1.73540200412	4.87892349673	
-0.157229044453	6.3975323179	6.8757352738	2.32171495993	8.81768329356	6.64550447001	9.0	3.07319433031	3.11490105879	8.83699875223	9.0	8.99913115515	
-0.201118817388	6.27974710033	8.90677462053	2.54145987215	5.5219879312	5.97951903671	8.95046846327	2.44905963835	1.54810405666	6.07021342253	3.93038081092	4.99230809202	
0.141569447899	6.6940750046	9.0	2.50581877196	5.17441599313	5.28527840618	8.95188610328	2.72955040469	9.0	7.30161398156	1.6434391981	9.0	
-0.0189245363708	6.61582437083	8.99936726583	2.72373409338	5.18625806998	5.28807612618	9.0	2.54052955087	7.4654337136	6.74849779612	2.80579352058	9.0	
0.912725516375	7.32374902933	8.98927058519	2.60433417037	5.90132945852	5.59353896484	8.76649590028	3.04936468723	2.0027122115	7.13458759584	3.50974394534	4.10365469107	
-0.0764364940275	6.42259700706	9.0	2.41450262758	4.80230497728	5.35720441365	9.0	2.56474681943	8.20371133554	6.04000031432	1.17227778073	9.0	
-0.134291303547	6.28499247171	9.0	4.69568656055	8.50319371625	7.09093891162	8.98946890287	2.28590441487	3.63845560316	8.84492546294	8.48470830351	9.0	
2.53580250616	9.0	9.0	2.63243064402	8.95151764042	9.0	9.0	2.89647904528	1.23812382396	6.65550761592	8.80515050685	9.0	
0.178222272925	6.52297145329	7.78094160202	2.29109459206	7.70442872813	5.69827465804	8.37930269006	3.59080378083	8.53436122175	8.75819421992	3.45468871065	8.99860390477	
-0.0709041246606	6.36867132907	8.99875818893	2.67751535267	6.95189507199	7.42093048949	9.0	2.44057586282	1.4172120502	6.05408077105	1.84228733795	2.87520654201	
-0.126603132302	6.34035885411	8.83072225657	2.44521687918	7.79805616562	8.33017447466	9.0	2.41499654091	9.0	8.98335870076	0.32741487549	5.97393354087	
2.50666880781	9.0	9.0	4.13200914683	9.0	7.06304657685	9.0	3.30878045072	2.52425186585	9.0	9.0	8.19024478561	
-0.0445636545969	6.48243948224	8.30295455248	3.51158682821	7.66558984375	5.57756876199	9.0	3.16873817793	2.47833633234	9.0	3.57603660338	2.87665644311	
-0.0218034937617	6.36624638139	8.99531208746	2.56256910479	4.7801722073	5.36214436216	9.0	2.46505529596	1.97088847175	5.99681246293	1.79733282331	3.46324653434	
2.50798857165	9.0	9.0	2.48995711651	9.0	6.77406333566	8.99989862268	5.24442530583	1.58628520879	9.0	5.68833907713	3.92644123573	
2.50607902018	9.0	9.0	2.82159774574	8.08732977985	8.09210074579	8.98585975888	2.66521369708	9.0	7.08761051391	1.43128189061	9.0	
0.0910354518663	6.55149808377	9.0	2.94286208533	6.89505213269	5.31599336337	7.40674139861	2.66338114685	3.41512103068	9.0	4.09254623355	4.20494952936	
0.984312517229	7.47853916867	9.0	2.93617818667	8.55538791886	7.33509899416	7.90402937359	2.71142265296	9.0	9.0	3.41701457183	8.99999976897	
0.215672327429	6.61900420255	9.0	3.05657099343	8.99551202949	7.5732472716	8.71704938687	3.85123451849	1.63883283798	8.06345171173	3.25524182425	2.45633333444	
-0.264616506352	6.35158929634	9.0	4.11341516376	9.0	7.78977181464	8.99953743003	2.45241431543	8.23846528677	9.0	4.12156585783	9.0	
-0.17229131304	6.30844657391	8.98364751495	2.45416630404	4.6669977532	5.27201329257	9.0	2.52285474908	9.0	8.99998271041	0.494372072713	6.0802015671	
0.0977105038601	6.64023915335	8.81895444788	3.38284849739	8.98210029713	8.12068135592	8.82601463214	2.47685697668	4.9551953933	9.0	2.68832407018	4.25682753495	
-0.307411739291	6.29558139515	9.0	2.84948127861	9.0	8.67690789734	8.34814463926	2.31205442386	4.40309708696	7.50890443473	1.40237750532	3.8693057037	
2.52632582059	9.0	9.0	2.67160802691	8.85652403008	9.0	8.99963586536	2.73215337507	3.85444779609	6.81386404631	1.38218798065	4.05607243301	
1.65142846582	8.14629005563	8.86785917609	3.19959104764	8.72749334601	8.32185738796	8.99687728939	2.56460954193	6.73085994845	9.0	1.57315317944	4.98149865657	
0.241679967709	6.54684878926	9.0	2.77712837228	8.6510983386	8.99977305889	9.0	2.73994610387	5.59364587175	9.0	1.03551162001	3.05419999156	
0.188827411021	6.67870947676	9.0	2.73220409416	8.80462555813	8.99949635095	8.99929384789	2.47734107549	8.96230598445	9.0	0.628358388679	6.37630861983	
-0.0111681269729	6.44521971715	8.99997986821	4.14478602835	8.96891535967	7.92839855013	9.0	2.35424838948	7.17915468571	8.97074853018	5.21923031472	9.0	
2.45283030934	8.95147080584	8.9999990424	2.5884473475	6.5098003786	6.42259835741	9.0	2.99968806326	8.91844843221	9.0	1.26147030125	6.83370772973	
0.0618060922136	6.42862657557	8.99997275528	2.48085840226	4.75767234092	5.44716646228	9.0	2.50526511658	1.97869886195	5.91018442994	1.96327354648	3.64832892688	
0.513009505609	6.85549002993	9.0	4.55907311964	9.0	7.37061762221	9.0	2.74893870083	3.27781613006	8.96286733426	8.98746966375	9.0	
2.50508148686	9.0	9.0	2.4382993574	8.71815890353	6.50682940241	9.0	5.27789094837	5.00620388695	9.0	6.93727674933	8.59903114005	
0.563190827419	6.86473377401	8.95456915964	2.97165012199	8.96334035236	9.0	9.0	2.55781535508	8.91104494707	6.87420893182	0.974718864258	8.77452986949	
-0.0367154570979	6.38575550342	9.0	2.72646438411	6.17639402549	5.78271812137	8.99507762487	3.38188890571	0.520803576528	7.00233201902	5.33846937378	4.41093488102	
2.50708682025	8.99976473291	9.0	3.19777384624	7.83631588875	7.63438520379	9.0	2.51356532503	7.58608674067	7.01370709125	2.77157849797	8.9960797607	
2.5070595848	9.0	9.0	2.65830571259	8.52884383334	8.56400252007	9.0	2.81606614307	8.99999991709	7.04796620901	1.39438190327	9.0	
2.5443281774	9.0	9.0	2.66007238397	9.0	9.0	8.99996804484	2.92222707218	1.18435613663	6.71218049166	8.9090563426	9.0	
0.0646936489592	6.54472369802	8.99988144814	2.14868752997	6.06118863513	5.52712772383	8.84147272405	3.75410876268	1.78152382806	7.08687662343	6.56861079064	6.86133253252	
0.709111284276	7.21512260827	9.0	2.40453287785	8.99999999953	6.72630501542	8.98286085274	5.19890398879	3.56970205372	9.0	8.47645197771	9.0	
0.0900481301892	6.48980433936	8.83416288769	2.56727387077	5.22647687462	5.49016209108	8.89792030442	2.41993193324	3.32723652258	6.51427731558	0.882585146977	3.43522999819	
0.115616903319	6.53447370732	8.8027525035	2.6737125436	5.43675730936	5.39977746327	8.87298856819	2.55912654537	1.03275262352	6.51654443054	4.25019495777	4.54718538441	
-0.204960720414	6.26165626042	8.12699705754	2.26199156006	8.61747126993	6.76235318894	7.67985661355	2.97309079646	5.14707422396	8.59621384489	3.67059109319	5.92874967112	
-0.0959092666745	6.41815830218	9.0	2.7320539793	6.0939485605	5.4780018166	7.98692696801	2.44774026606	8.462341212	7.53132901676	2.34067137667	8.99946125773	
2.42900221266	8.92150664815	9.0	2.47318966328	7.19935290828	6.76052361283	8.98380096711	3.45914026451	3.17209164569	7.21221814869	7.38500641786	8.99974671738	
0.052204297372	6.5405409924	9.0	2.40200204161	8.85638777589	9.0	8.59237354362	2.65262878325	4.94765430473	6.35819929325	4.55308887236	8.81040480465	
2.50514033024	9.0	8.83729006197	3.84916190667	9.0	7.45822285667	8.72224578099	2.75781643498	3.34638983947	9.0	9.0	9.0	
2.48355000197	8.98224743202	8.99891028541	2.80124067175	9.0	8.99765148521	9.0	2.69696015913	7.34858597488	6.81116637509	2.80347105331	9.0	
0.451720924064	7.10303461079	9.0	2.90215126896	8.96879275373	9.0	9.0	2.44080290817	5.492138225	6.63659259898	3.61048491529	8.10074425052	
-0.195553602956	6.37720725345	8.48370277813	3.57578727248	8.49099540073	7.06299556528	8.88757866234	2.53081127577	3.3547391644	8.98442209522	3.23419542381	3.46997177707	
2.5044951405	9.0	9.0	2.44545014101	8.99957815505	6.78911747467	9.0	5.26661002972	6.02156785641	9.0	6.3142671553	8.99459119273	
-0.0136151052707	6.40906096362	8.99686808249	2.38078835763	4.64608067719	5.19178163057	9.0	2.68153530439	1.5208029095	6.05028947284	7.8806453074	9.0	
2.50534158234	9.0	8.89193015406	2.43620334368	8.21512812838	6.11112985166	9.0	5.06677876809	8.16700355257	8.99962403359	4.05939667515	8.88027823056	
2.5069703442	9.0	8.37801951925	3.70349770649	8.13705640367	6.85376696827	8.99862013835	2.4634794717	6.62794100509	8.99763917435	4.23772302704	7.52299461879	
2.50730580736	9.0	9.0	2.49690090481	7.92796535628	7.35881877209	9.0	3.58036026653	1.67694211447	7.33237810941	9.0	9.0	
2.50764402263	9.0	8.62593195872	2.78940671671	6.80904991826	6.3537691271	9.0	2.80103311506	2.1297540419	7.2745922919	8.23502630095	8.74471373349	
2.49148145355	8.980208083	8.9840664755	2.66586541747	6.87437126457	6.54529144395	8.67951973763	2.83662279685	2.42051491845	7.15597472042	8.07651325365	8.99962670717	
0.0513492694994	6.66396535397	8.15537883917	2.538454986	6.3568901548	5.45726150609	9.0	2.96750830297	5.41796971101	8.92623250772	1.86203209873	4.15860501237	
2.48208057968	8.96416826199	9.0	2.54572987416	9.0	6.73428282644	8.99123074802	5.23763100137	1.10638890797	9.0	9.0	6.75606203465	
2.50977050307	9.0	9.0	2.7277122382	6.13420184827	5.99738908611	9.0	2.92147523085	2.42934366181	7.04315594733	2.25471340028	3.29374124336	
2.50459402116	9.0	9.0	3.19192163465	8.50225043499	6.5635264142	9.0	4.25192939401	2.46297437723	8.99114550379	3.47397186073	2.60092741077	
-0.0500182855313	6.48513284129	8.89318974775	2.44043843712	9.0	9.0	8.98868927219	2.79357693408	2.78681831608	6.83310730127	1.07969121858	2.89337896429	
2.54968158556	9.0	9.0	2.6484998582	9.0	8.99289934461	9.0	2.952290155	1.09661353219	6.70720355044	9.0	9.0	
-0.0981294198285	6.4268323201	8.99999981962	2.3551249861	5.35524896177	5.31083952809	8.96166203889	3.11421410652	7.07885977335	8.80139503679	1.10776111212	4.99720537123	
2.50713881211	9.0	8.91124794258	2.53300105522	7.85971062729	7.53923332953	9.0	3.20813680831	2.12457733401	7.0952879074	6.8194872159	7.50108989072	
2.50762153311	9.0	9.0	4.20245410495	7.9429403838	6.50696454518	8.99999961232	2.74717967994	3.05758675338	8.7014961151	9.0	8.9984212207	
-0.1391433664	6.3036045857	9.0	2.86749048434	9.0	8.93427011499	8.83400177652	2.59823034901	4.85194069607	9.0	1.04736188063	2.57568591079	
0.109512643414	6.65817212026	8.63453294443	4.05145843104	8.99479276306	6.89117473265	9.0	3.2103550512	2.68585267021	9.0	8.87872491022	8.02753420603	
0.0792010482396	6.45917067403	8.99998361541	2.41868648886	5.88484959812	6.63388194993	8.99945226295	2.48476558829	6.62232346323	5.9847129775	0.56743656269	6.87428984128	
0.019303951226	6.59813347491	9.0	2.53172520333	5.48165012511	5.65354872958	9.0	2.56558130617	6.12993274852	8.39683304281	0.844418702169	4.41497402438	
2.50838705333	9.0	9.0	3.32911503751	7.28018930532	6.66851572819	9.0	2.79714243914	1.78893745541	7.42733439352	8.9948898861	9.0	
0.145027421102	6.57797635684	6.92089381097	2.42762897446	7.0159690849	5.6399698493	9.0	2.63402537065	7.87051529628	9.0	4.70154472895	9.0	
0.524110495897	7.09320476944	8.92470332287	3.5302868473	6.78022501872	6.06163100606	8.82300315204	2.38066835338	7.48387067109	8.1157224045	3.0084995125	8.06445747639	
0.696457528921	7.08198070684	8.9941154289	2.77566376216	8.99424707953	8.99122208297	8.99974703036	2.78757105635	1.00384309415	6.62185085367	9.0	8.98826533496	
-0.077081319677	6.33844943295	8.92353029282	2.77019624478	8.99176712901	9.0	8.89322171055	2.63582441606	1.84123648943	6.47329237598	1.52361348457	2.54023833381	
2.50796777281	9.0	9.0	2.62212525265	9.0	9.0	9.0	2.8896187118	9.0	7.08841361854	1.43611471479	9.0	
-0.287164127534	6.22114479015	9.0	2.68549008005	6.37261736131	6.74862129982	8.98673916502	2.42386488211	2.08609039364	6.18726957038	1.61421864477	3.15675940587	
2.50504427522	9.0	8.93880090002	2.64215848979	6.20545791907	5.8922328289	9.0	3.12040909159	1.54229873407	7.17175255145	4.6612617995	4.68447377539	
2.50296458137	8.97479250271	9.0	2.6537736889	5.84140764216	5.70185755682	8.99541863885	3.01189332003	1.39553633079	6.96686070244	4.06679851952	4.15959684282	
-0.21005089092	6.32677690858	8.27547733267	2.33760333724	7.36615758295	5.53368919489	8.97326800834	4.26678462797	2.85116890936	8.57832562895	5.85289584942	5.62159865958	
-0.309367098716	6.23596518965	8.89575670981	2.48424748118	8.51035745777	6.8225215049	7.10810245573	2.68287105996	4.08238028159	9.0	3.04496640769	3.77714883531	
0.399616467128	6.89759342205	9.0	3.20033334908	5.52071092068	5.28100119102	8.99994801798	2.57028326758	8.99999058221	9.0	1.64611858923	7.30592015256	
0.14392232644	6.57947796713	8.65851403814	2.30294180763	5.22774623826	5.32532866775	9.0	2.88460926836	1.16813914821	6.47171173665	5.20246447599	5.56276091176	
2.51245440953	9.0	8.96717356138	2.84497866016	9.0	9.0	9.0	2.64146521452	2.80749254495	6.78034299787	7.23950601908	8.91620349594	
0.89445993283	7.27081464613	9.0	3.19491358599	9.0	9.0	9.0	2.49095686546	5.20399364811	6.84759306989	2.29284914944	6.11206525664	
0.559543193259	7.17705460663	9.0	2.62030339933	8.30480136431	6.36182444308	9.0	4.52278136654	3.18853403968	9.0	9.0	8.99999999973	
