-0.0902245115282	6.42041250184	9.0	2.31950885787	6.37850621107	7.84144591797	9.0	8.73270152069	6.73005041232	5.40945686882	8.9582584679	9.0	
2.16736651263	8.64927750207	8.91259234652	2.44003687669	5.76114292887	6.477215326	7.6592849478	7.94648491812	8.24231260947	6.69249819819	7.99521878026	8.18551279162	
2.50362160297	9.0	8.94755321813	3.05457043771	8.60153612434	8.99997068423	9.0	8.99687239538	1.68251668205	6.47123591504	9.0	2.86740581505	
1.67216344928	8.1127365463	9.0	2.47113962838	3.88412712941	5.42252541183	8.98584969018	8.53106379423	7.74477266172	6.05565727307	8.63188556763	8.97995255965	
0.00105787198878	6.50595293514	6.89618590288	2.23471842947	4.46414294025	5.69520479792	8.99998422352	6.7774104764	4.57878884571	5.95455366135	8.28948836405	5.79387749048	
-0.289612198036	6.21779654484	9.0	2.83885021469	4.37222575286	5.38656495254	8.36251743611	7.95885942139	1.66261788682	5.93487190576	8.47864999953	2.94422100136	
0.851227154864	7.29324111306	9.0	2.91908996516	8.9972079684	8.55768235356	7.80271985749	8.97954243859	4.4214529452	9.0	8.88714619772	2.79074238847	
0.627714924531	6.98568192986	9.0	2.64553137148	2.98789314738	5.8699123012	8.94673557363	6.96131528844	6.09191708325	8.73290855142	7.31658141779	3.40247587916	
0.789230935454	7.24780126633	9.0	2.57472750977	2.6948641569	5.60624299859	9.0	6.87072799278	9.0	7.82283947715	9.0	9.0	
2.5040545821	9.0	8.99104990625	2.43918653762	2.57284445862	5.49696985542	8.97372148367	7.10504891686	9.0	6.98651700078	8.3297628702	9.0	
0.181051331326	6.61193688648	9.0	2.56819531078	2.44436758719	5.11135876233	8.25535987267	6.64585241125	3.07207625233	5.87606461235	8.94739627446	4.83489819939	
0.121658380925	6.73910922098	9.0	2.29133314071	6.21172131398	6.44978627998	7.95723835371	8.88608677494	5.27971158629	7.87163350263	7.63851982595	3.60061361082	
0.358760195377	6.78365937263	9.0	2.36139847119	8.97418490614	8.77387294998	7.4262279337	8.97862362614	8.99668744803	9.0	8.85851231827	7.46897969122	
0.00991570892523	6.41056668545	8.25708370908	2.22610982702	8.60983802999	9.0	8.79867533503	9.0	7.6830406792	6.4075583832	9.0	9.0	
2.5097344405	9.0	8.56960117518	2.43154330907	3.09533959941	5.49282687529	8.91491164551	7.1717370853	7.84113892085	9.0	7.60056704461	5.10663712551	
0.394556823951	6.72456216875	8.9999982218	2.45961716692	7.02400536451	8.23568566504	9.0	9.0	0.848327969907	5.53969150728	9.0	3.01846109801	
0.192065221184	6.85994576864	9.0	3.30179296485	6.70127219611	8.04848942228	8.91826874722	7.53678857594	3.13634242102	6.46868300973	7.24975339206	2.65461330911	
2.5021253114	8.99956255866	8.98961609179	2.47286705847	3.41048521148	5.5229487455	9.0	7.90785756461	4.50862256406	6.74362644435	7.21656979675	3.63594714388	
0.509031169286	6.98657156249	6.97123188669	2.41808545862	9.0	8.97887498948	9.0	7.95697225609	8.01180031636	6.95319640066	9.0	8.99805193734	
2.45636511033	8.94701067043	8.7541910638	2.57182984485	3.69119411291	5.53069938873	8.60743251856	7.45814572626	2.95569610261	6.04558676491	8.33506117331	3.90623219965	
0.355536457652	6.88209608139	8.21320212139	2.54816775825	3.18333639742	5.16497907039	8.65047731345	6.85875335601	5.31132171645	7.70940656062	7.5145805309	3.77224981005	
0.399913580135	6.66283499063	8.14165584919	2.27941844212	2.54287969746	5.21930876323	9.0	7.05232708906	9.0	9.0	9.0	7.51258991628	
-0.0621560301204	6.46843699716	9.0	2.27164774432	7.55707635824	9.0	7.26732380909	7.06625875859	4.27234232511	5.73702638853	7.39412301752	4.58435891456	
2.50281139706	9.0	8.98554394959	2.49791217939	8.14641223023	8.72039147443	8.58540017176	9.0	2.51396785744	6.31466715753	8.64722724719	3.50544463812	
-0.0807280095698	6.42124934048	9.0	2.2896586193	1.84425701857	5.03697834258	9.0	6.96623220121	3.61196053556	6.21241550877	6.78954996115	2.94906409704	
2.4998369421	9.0	8.99914254129	2.46011212126	2.60449741442	5.51920046288	9.0	7.12356826666	8.87808529296	7.52717958781	9.0	9.0	
2.50394195509	9.0	7.51693799091	2.43252157831	8.34713677992	8.98416373614	8.94022295831	7.88718496121	6.6559055348	6.48995690271	8.72075771336	7.54913982607	
2.41452885983	8.90979148537	9.0	2.52661958635	9.0	9.0	7.94092652674	9.0	9.0	7.49179720104	9.0	9.0	
2.5072502619	9.0	8.41473017594	2.42562868436	3.66609258888	5.52892627768	8.46677173627	7.09555117229	8.91147227072	7.71445285125	8.91325120105	8.77445053657	
-0.291714627646	6.25182836063	9.0	2.24009633808	8.3168074735	9.0	7.67832817399	8.21219233845	2.47517552233	6.04392997395	8.99999984369	4.02464808175	
0.135334991172	6.52633745613	8.20574001178	2.40158427779	2.75433550598	5.21858766279	9.0	6.85745846701	2.4524839268	5.43844711937	8.30726215233	4.12319373447	
0.394098364388	6.88995017783	8.99459206256	2.63813981359	8.98682364788	8.67461034927	7.75545939627	9.0	9.0	8.98661257702	8.98799247743	7.45001889592	
1.50304639108	7.97782253376	8.86113473735	2.42971722786	4.75127132367	5.74146001692	9.0	9.0	8.9989734366	7.0455026189	7.45087332389	8.02121635928	
0.189773468281	6.58712929088	8.79756164879	2.22373656457	7.31040878352	8.54628716962	8.97144240263	9.0	6.97078794251	5.5907097796	7.39377529389	7.43305127397	
-0.0613604970663	6.43530123263	9.0	2.22897155818	5.53989877322	6.93770286579	8.9936288129	8.81506308101	8.88927490318	7.77964179914	6.60406564275	6.48759975035	
0.187971887121	6.71652412896	9.0	2.53894801205	3.62923690764	6.19259579035	9.0	7.30219337277	5.9766536842	6.15747050683	8.59201771071	7.15174470921	
0.250153256005	6.82939811122	9.0	2.5099053864	4.29327956811	5.45646553086	8.32142625417	8.08229322262	8.99414164733	7.84673496477	9.0	8.75991971685	
0.155749912288	6.61094390479	8.65300839683	2.63575259564	2.09020093044	5.11762875279	9.0	6.53182853157	6.24804052317	9.0	7.13406775055	3.2072482711	
0.412656208306	6.93317110797	9.0	2.37681642136	8.90846483106	9.0	8.01339801353	8.97862558599	7.96925025207	6.65968597512	8.86255285165	9.0	
0.0728069184238	6.62856888224	8.99973613812	3.53718762721	9.0	8.99999480501	9.0	9.0	1.57716431707	6.57227380046	9.0	2.4800528436	
2.38060949943	8.87336978225	9.0	2.81437657491	4.80052280221	5.73755168483	8.70582697131	8.46615928162	1.82346260328	6.15895702375	9.0	3.3140631129	
0.241202513797	6.80619156701	8.98298542631	2.33452888065	1.78223389499	5.28437993525	8.9716304052	6.58047310743	4.15775244258	6.47161373656	7.4952487771	3.89765654269	
0.380850926284	6.69312492438	9.0	2.2846811595	7.68719801035	9.0	6.93723953254	7.05104232862	7.79322877192	9.0	9.0	6.41255140847	
0.0048705811222	6.44474188439	8.98744126605	2.27706820991	3.95562194482	5.06889660838	8.86535060397	9.0	3.5303376705	6.18451619366	7.25486463212	3.39258623338	
0.0600979950464	6.5536245728	8.11186819008	2.4753981753	3.27955173763	5.09308287567	9.0	7.36456760317	2.20072605345	5.51701336743	7.72822515798	3.17697119942	
0.582889354838	7.02083479746	8.99270123268	2.49018823271	3.94961523976	5.63496566083	8.67069395708	8.04743559288	6.46456258319	9.0	6.90805313078	2.98373106134	
0.42136443039	6.96719454325	7.77712896132	2.45772212404	6.60932940814	8.29556238084	8.97994663315	7.05051879192	9.0	7.8515788212	8.98443838582	8.80498387654	
0.532016295585	7.02558233312	9.0	2.6663339552	9.0	9.0	8.06888041666	9.0	8.99999880635	8.96753571255	8.99989722748	7.59474069187	
1.69358911931	8.14204199059	9.0	2.56166448928	3.42548010619	5.74517089054	9.0	7.61792812417	2.67677694865	5.80043004919	9.0	4.56095008638	
-0.0560581838771	6.43481768573	8.14241737357	2.17641688377	8.62021528298	8.95652640504	8.88071346798	9.0	7.3007789389	6.13033092354	9.0	9.0	
0.69142065354	7.03134462721	8.92525444925	2.45773540467	3.77646163162	5.74220135634	8.99647543085	8.35570355758	7.51512838916	5.81066590212	8.10012300895	8.34226264787	
0.467892516161	6.97837896701	9.0	2.44591924614	5.29787278867	6.73722361094	9.0	8.69893134525	3.32221671886	6.01198170599	7.15015937317	2.94613053041	
0.268109084924	6.67709008212	9.0	2.2401728312	2.17879004876	5.4257265026	9.0	7.19277291342	8.55875302338	5.98146190082	7.34371385134	8.5731073051	
2.50563537081	9.0	7.12604314646	2.43833226167	8.53797255352	8.98441842441	9.0	7.74603318389	9.0	7.88757395525	9.0	8.769958056	
2.50390894918	8.99967160495	8.99994962695	2.44309825481	8.2646959433	8.70043339462	8.02621890504	8.64965085045	8.97360902008	6.72645868437	8.09555194443	9.0	
0.67660008991	7.05212613733	7.62277507608	2.60738294532	9.0	8.91972996876	9.0	8.74356297251	4.81404625045	9.0	9.0	3.30637513471	
-0.141847881373	6.33505001585	8.99995259131	2.14440971965	4.98445775726	5.75167987518	8.39565313389	9.0	3.26108052809	5.77515823468	9.0	5.1426486465	
-0.142053639603	6.44806471652	8.94265986167	2.35211554077	4.85370829814	6.37053866488	8.9035285751	8.34101269777	2.66379448413	5.8280509912	7.81748623088	3.39685028897	
2.44507212349	8.93804334566	8.52772747811	2.40728740513	3.34901974002	5.47078588395	8.77739526291	7.27577645053	5.50884206671	6.0533355888	8.2579611298	6.36646849281	
0.293745397832	6.79412675317	7.91779339642	2.2317607314	3.79545630571	5.4222908215	9.0	7.59129863756	6.99049731169	5.4964711869	9.0	9.0	
-0.0844621812982	6.42245019624	9.0	3.52457126421	9.0	9.0	9.0	9.0	3.09948328947	7.27537603672	7.70248795215	2.30518372645	
1.5317153798	8.08077290263	8.97411282503	2.54083799922	3.59520977439	5.83925401459	9.0	7.68695036347	8.3815089903	9.0	7.80668442665	5.74732681025	
-0.259581906138	6.26439389912	8.87844610605	2.34043765337	8.9998136386	9.0	7.87248262742	8.877984766	8.2491766123	6.9011291682	8.99716513518	9.0	
-0.116250320008	6.35164476196	7.2707791287	2.27383118758	3.50252452587	5.13195402996	8.99999994874	6.85263719052	9.0	6.47735822177	7.61248312106	8.90119171095	
2.50788229427	8.99523927251	8.64961989602	2.59875127665	5.34434051685	5.93160055382	9.0	8.98353436419	1.95943041864	6.36183128248	9.0	3.23804210399	
2.50613145202	9.0	9.0	3.5061207196	9.0	9.0	9.0	9.0	4.69300626583	9.0	8.19074967172	2.53971410195	
-0.188030207283	6.41253882696	8.94322174116	2.42749725082	2.44859598444	5.05928235286	9.0	7.36019074458	2.31670978542	5.50428067134	8.45338571121	3.92062648261	
-0.258681125926	6.30433261495	6.89149802008	2.18591204455	8.31489259623	9.0	8.74390598576	7.15138331778	8.8222717488	6.99513901124	8.42386750453	8.94257609414	
2.50928016334	9.0	9.0	2.4308509341	2.49713629985	5.46860819858	8.97184959643	7.07411663284	5.39331358575	6.67613632486	9.0	6.38254084479	
0.451474032527	6.85088414012	7.52450305347	2.50960229641	4.2407435299	5.81303086165	9.0	6.88916858866	6.09697522138	8.77068946284	7.45604679794	3.49176774724	
0.124789949761	6.50276813015	8.96462381077	2.23405193616	2.40369591701	5.21776931477	8.1217578704	6.61612775693	4.16130536438	6.26631317983	8.9999947502	5.71948539859	
-0.0226883568679	6.51400047652	8.95857221167	2.25119240681	1.72646809056	5.2882312026	9.0	6.61495803027	3.90277785496	6.23387340185	7.18589840637	3.62320385023	
-0.152123584261	6.35075571052	6.96863845727	2.26943229462	7.85637028558	9.0	8.98130330682	6.96364225988	7.70493841177	5.88071513674	8.45253965202	9.0	
2.378049982	8.87460837698	9.0	2.44593533516	4.8681806212	5.85552186869	8.93345440962	9.0	7.6618991566	6.11851115223	8.26738343782	8.46902856847	
2.34382307111	8.84426859856	8.06669154381	2.44174180352	8.39275563161	9.0	8.99106122087	8.49801805217	7.15133776355	9.0	7.57690347384	4.4064149669	
0.319786060956	6.72294815758	8.13883966851	2.25248467485	2.41426113915	5.10966557209	9.0	6.8036842975	9.0	5.85071320563	7.11771744279	9.0	
2.50928486867	9.0	9.0	2.42858132805	4.68389558748	5.7634073408	9.0	9.0	8.97749100449	6.39180427101	7.55806635535	8.79970979024	
0.812549919853	7.2982420151	8.94071707893	2.42546903027	2.61543545506	5.41083061094	8.77826337943	6.8936209507	4.74419456742	6.35011622815	9.0	6.17281122154	
0.553317321945	6.95307917053	9.0	2.51581821054	6.64572683624	7.80690618922	9.0	8.92340313571	9.0	7.87794636108	7.62110395055	7.19164134929	
0.649770367651	7.28785507231	8.68455822734	3.88250132052	5.25946334888	6.03439355931	8.99997330044	7.40993828983	5.35565121842	9.0	8.90518951956	3.98489905873	
-0.0346427385898	6.42708668403	7.03306879734	2.14929786996	4.37068572388	5.53415713122	8.99897597707	7.25481283683	4.11611146008	5.67755185185	9.0	6.18501261586	
0.0103225100525	6.4067475566	9.0	2.34671888689	1.95340320054	5.22595087325	9.0	7.02610196153	7.92781661387	6.25575911455	7.78178128389	8.10445498528	
0.219123652903	6.69079724401	8.72167255656	3.14201065376	6.07657782295	7.38510938502	8.05085600116	6.69791910871	3.16872791308	6.24186010578	7.4290372586	3.19852692732	
2.50501048658	8.99999703114	9.0	2.43589517848	4.30636669527	5.65515160922	7.57165697151	7.2886503115	8.87390366659	9.0	8.08146100833	6.61563258432	
-0.220169975969	6.29387732822	7.54966103851	2.20733825003	3.00651750586	5.21495036475	9.0	6.66385980751	7.84028561502	6.48596544242	9.0	8.99637391808	
2.37264646054	8.87327001027	8.72355002482	2.45884941684	3.26311843876	5.48951266674	9.0	7.50692408842	4.72096481549	6.83739730463	7.16048665814	3.76835063389	
2.50544487079	9.0	9.0	2.46075226335	3.37041714128	5.51129258281	9.0	7.90257731386	3.54213410541	5.97861858272	7.6038954292	3.82470308709	
-0.126336618313	6.37154718577	8.25158712729	2.47098788371	8.77884808563	9.0	9.0	9.0	5.34115635024	9.0	7.36132709277	2.50306977571	
0.37613128085	6.83742553583	8.88041018925	2.46089148446	2.80118360097	5.70475793246	8.99999439798	6.92051678225	8.9093338518	9.0	8.46145717793	7.27208638033	
2.17024524499	8.65030142951	9.0	2.96155498222	8.26313511876	9.0	9.0	8.8221536727	2.88170328976	6.59170923935	7.71118899282	2.65050822722	
0.769760465782	7.13205781652	7.8685526996	2.42369140111	4.01523395901	5.35947467983	8.33436960549	7.12831442163	3.67652277253	6.39376340684	8.90435599978	4.82271746112	
0.672432102116	7.17814662995	7.33486752327	2.47246603166	4.1884279746	5.58376911635	8.99800191526	6.90584608458	4.01192364018	6.61001695756	7.40917068146	3.64423867346	
0.0133695047008	6.65752759161	9.0	2.40595334775	2.17811417705	5.06603736644	8.82507155933	6.84642118645	8.99998512778	7.165973612	7.5183208378	8.12886047073	
0.968982396633	7.38005235761	8.7947184886	2.84689521584	3.56651033801	5.42316826365	9.0	7.69893416998	5.14249451472	8.33874692994	7.67766318193	3.08926975695	
2.31157317555	8.80365572589	8.51770046263	2.44892451637	8.3412802049	9.0	9.0	8.9088509393	9.0	6.51925645924	7.85577719116	9.0	
2.49989302127	9.0	9.0	3.69210505818	8.19552136142	8.98457054002	8.99875607908	8.01110396507	5.35575355377	8.96462599941	7.53507649779	2.58944531166	
0.75778398918	7.06036173357	8.84278707706	2.57465127571	8.99998127574	8.95714513399	7.69173072914	8.72286087083	6.56169775024	8.94839192765	9.0	5.09694070986	
0.700048059306	6.98978388645	6.78896073906	2.48948988222	9.0	9.0	9.0	7.9198898928	9.0	9.0	9.0	7.91829899269	
-0.00851942162296	6.44844306252	9.0	2.54562258918	8.00092574082	8.99999801242	9.0	8.98963257919	2.10309387418	6.05354902721	9.0	3.82820468644	
2.50428014754	9.0	9.0	4.06412146344	8.88726630138	8.32855485188	9.0	9.0	3.84962313154	8.74814733458	8.99931980277	2.75277979735	
