-0.168566042639	6.32401548478	7.67809632795	2.54336732522	4.09184932087	5.62171471942	8.91207105087	8.99935289548	3.74591503508	6.56783314216	9.0	2.89739619378	
2.50273869286	8.99993574369	7.34371732144	2.35643506741	7.6736511676	9.0	8.91271324582	8.99487986877	8.99966854092	9.0	8.99850050085	5.81704908586	
0.235188940801	6.70450863139	7.06117559547	2.29877569709	7.74963786063	9.0	9.0	9.0	9.0	9.0	9.0	5.8638996121	
0.035659937063	6.47047040226	9.0	2.2196446505	1.78097812724	5.05729154893	8.95672857089	9.0	8.99970997011	5.69984612323	8.90925796396	9.0	
2.52159548925	8.99910168187	9.0	4.10791780746	7.73480719448	9.0	8.93779909361	9.0	4.64892096888	7.82717373818	9.0	2.65742479753	
0.34944249077	6.72606005354	7.98051001883	2.50449503768	3.47063714988	5.62153725686	9.0	8.81205509129	3.88469136235	6.41014589955	8.71505747809	3.12226484867	
0.21898944104	6.69927144861	7.65517899369	2.37924787115	7.23772551092	9.0	9.0	9.0	9.0	9.0	9.0	5.72817796129	
-0.0101380914245	6.46930560372	8.85180763879	3.90699999601	4.14693048857	5.64802918073	9.0	8.82584914824	3.43094012898	6.5689121609	8.77742918462	2.52462337626	
-0.151162652156	6.3345949411	9.0	2.18698058989	1.76034615062	5.05614493549	9.0	9.0	9.0	5.72970604314	9.0	8.99917756296	
-0.0872801408572	6.40857375765	8.99999961313	5.16367054886	9.0	9.0	8.99968583415	9.0	3.78109694017	7.73808412692	9.0	2.38065744562	
0.105301350274	6.54373819762	8.99669916961	2.28026024469	1.89058382036	5.24410177669	8.95614912025	9.0	4.2639035545	6.15058434348	8.95440410103	3.68584519233	
-0.0132522399499	6.48946626726	8.96399636996	2.2326653625	1.73491227821	5.21144516109	8.97462744215	8.62984925942	9.0	5.79946636209	8.93892324719	9.0	
0.403975272131	6.91529443625	9.0	2.47049861667	3.36772727563	5.87966955752	8.58446741719	9.0	6.72908070324	8.35851148828	9.0	4.29429369324	
0.339618720933	6.77453931136	7.10875016531	2.48193844785	7.08117668094	8.3286982295	8.9925538226	8.84305155316	4.66402648414	7.45528293084	8.97439673592	3.01950664473	
2.47422661274	8.9644627989	8.99978708053	2.32808104679	2.30639954341	5.37947956083	9.0	9.0	8.89160085192	5.76137667623	9.0	8.99996280492	
-0.0187565025528	6.38627209331	8.49410018227	2.20724958012	2.44111136518	5.33614734643	9.0	8.93492574408	8.90159639115	6.57633940169	9.0	8.16814827293	
0.138960370591	6.56925393528	9.0	2.26147851475	1.58201203132	5.24691741984	9.0	8.43479142701	8.74133391583	5.77370663034	9.0	9.0	
-0.18131421098	6.36203916633	8.99940901002	2.68617341935	7.79299968941	9.0	7.50292838951	8.99879713755	4.23806627319	7.33776655735	9.0	2.68841383949	
2.51999716992	9.0	9.0	2.32458256133	2.88226529794	5.38739439798	8.39898737953	8.99860753679	8.99716892476	5.83934021758	9.0	9.0	
2.50790127934	9.0	8.74707811364	2.36545297998	2.58042300781	5.40876031132	9.0	9.0	6.12507745807	6.92966373609	9.0	4.97623352118	
0.0912331932107	6.52198292251	7.12394375042	2.30618967522	8.03427669453	9.0	8.65310346486	9.0	6.48516491283	9.0	9.0	3.35300505758	
2.51470597488	9.0	7.33065795596	2.33083108491	5.15486787992	6.62563304088	8.99942714876	8.92331188439	9.0	5.90241419831	9.0	8.99225144609	
2.50777237302	9.0	7.22403083417	2.35159191565	7.70384945338	9.0	8.99903605734	8.99996427821	9.0	9.0	9.0	5.82315450402	
-0.171806819143	6.36187978775	7.84687082431	2.91970830703	4.37973575832	5.71763249815	9.0	8.9946426826	5.47739082679	8.58726925823	8.82377233536	2.51473566373	
0.224883608349	6.74886780764	9.0	2.41749468888	6.00539008487	8.99463069632	9.0	8.99140126807	7.54522395231	8.98199936903	9.0	4.34688081591	
-0.0431275179668	6.48041868041	9.0	3.6773137811	3.620240005	5.07722797378	8.71392805041	9.0	5.57937613277	8.84317468884	9.0	2.50872467948	
0.00611562695087	6.44396239923	8.9642927515	2.21839741542	1.52114455672	5.11788232687	9.0	8.68245971793	9.0	8.54723232472	8.79944225018	6.05069876715	
2.50645915916	9.0	9.0	2.37351631828	2.35756459561	5.42525431092	9.0	9.0	8.24862410972	7.15373087907	9.0	6.88043121056	
-0.0117628174758	6.56593012472	8.48292711342	2.2082316769	2.55703919088	5.22878649005	8.99679019372	8.97950304892	8.98755162475	5.70356666898	9.0	8.93860898808	
0.113835360795	6.62506180153	8.41339000877	2.26741714283	7.62160155094	9.0	7.55302043086	8.71679259776	9.0	7.53459356214	8.98806055611	7.33946979344	
2.50264584888	9.0	8.99555058966	2.35792906427	2.30241890878	5.4065583767	9.0	9.0	9.0	7.19070853445	8.9142311331	7.51821827581	
0.341370358109	6.78087675119	9.0	2.25526579718	3.11286620062	5.29091159403	7.74691793903	8.87406747897	9.0	5.73246609717	8.99949092173	8.99933392592	
2.31210320496	8.81109930622	9.0	2.36438957513	7.68653044053	9.0	7.301069035	9.0	8.94577553745	7.71682125084	9.0	7.08834813746	
0.0209874729494	6.53490415658	8.98446099225	2.2622879092	1.8723791202	5.25365886564	9.0	8.66216628367	8.03211886362	5.73252724663	8.96864593802	8.16873629099	
2.50547045429	9.0	9.0	2.37559356152	2.4030335325	5.42431319851	8.95709825754	9.0	6.61221887413	7.24963701504	9.0	5.14866278069	
0.325847342825	6.74560938859	8.98940914114	2.55831906385	3.27930726047	5.26240315032	7.8464559367	8.80405563363	6.03540578966	8.97489733305	8.86105552266	2.78002556149	
0.0191436928607	6.48851878136	7.82447102226	2.22806062753	3.19989076671	5.18786573654	8.51269371548	8.55702830541	7.73070421617	8.63175911254	9.0	4.92833663099	
2.52443045808	9.0	9.0	2.44723300598	3.78154409532	5.53119404678	7.77083186449	9.0	4.27767257857	6.71582142425	8.88520503435	3.3125270453	
-0.13219436704	6.47613900775	8.98841405886	2.29280873602	2.67501124618	5.52009150339	8.68637287551	9.0	4.73857634731	6.42441744301	8.99834713931	3.87512458911	
2.50514905609	9.0	9.0	4.11549934584	7.69350099475	9.0	9.0	9.0	4.56565699051	7.7256197043	9.0	2.66267045918	
2.51509834821	8.99952292862	8.99999874189	2.3498482236	2.49038025524	5.36488823465	8.81617897215	8.99571648255	9.0	6.02832648782	9.0	8.7982695458	
0.366861746981	6.94204817647	9.0	3.91036454637	7.75967364593	9.0	8.8092165057	8.98087760168	3.32095245411	6.5488499691	9.0	2.67146047346	
0.70688067127	7.08797829423	9.0	2.3298796088	1.92995275088	5.17813760076	8.97542183042	9.0	8.91572879182	9.0	9.0	5.66909571578	
-0.0483818098534	6.46758232947	9.0	2.24549406865	1.8387343235	5.18603984653	8.91419674618	8.73556178241	9.0	5.74100239022	8.90726841302	9.0	
0.153443787556	6.67850815226	9.0	2.36268361446	5.99209417323	9.0	9.0	9.0	8.99666126326	5.83484616087	9.0	9.0	
2.50048810283	9.0	8.99989779978	2.52477086596	2.63255196571	5.4222867592	8.88978901621	8.99826547832	3.73040670602	6.36103478402	8.99323781344	3.17274491534	
0.198427829117	6.65356200224	8.94584058183	2.78244050255	2.85250246374	5.19229195233	8.57020332443	8.83976502126	3.22060034527	6.13325084696	8.67749358447	2.64115083372	
0.0580382416894	6.50569940667	8.95113020164	2.23855356574	2.12076868299	5.47306506857	9.0	8.82134984782	8.88960885663	5.71576568937	9.0	9.0	
0.0188743945864	6.48204721776	8.26031164229	2.56318473359	3.31584307288	5.31695514505	8.8683778371	9.0	3.07895305431	5.94518610527	8.63698318326	2.64462092869	
2.50667463109	9.0	9.0	2.34146730631	2.33082763399	5.39984371712	9.0	8.99462692181	9.0	5.8559013966	9.0	9.0	
0.0551590205809	6.57048340256	9.0	2.55875373517	5.73511721058	7.12431511368	7.50853978903	9.0	5.37618408737	8.17398865271	8.72478043378	2.72680213427	
2.49892675894	8.99623418137	9.0	2.38382126962	2.41132011517	5.46373560012	8.99997612862	9.0	8.81576785071	8.36515666723	9.0	6.23749077699	
2.50033109862	8.99525685177	9.0	3.77527840608	7.68608177734	9.0	8.66649887306	9.0	5.21577183276	8.36225058902	9.0	2.67326114061	
0.0164856688722	6.56142672861	7.36219063989	2.30860324129	6.26208953836	7.67714884876	9.0	9.0	9.0	5.86328996336	8.99788789628	9.0	
0.132564277689	6.61652064865	6.90702277942	2.26834003925	8.06758735513	9.0	8.86246562734	8.97157158689	6.78834220149	8.94537027293	9.0	3.75341462444	
0.289627722937	6.79893607829	9.0	2.35535292023	7.27758791707	8.44168423412	7.14776655413	8.99694655498	5.06158527733	6.90228640402	9.0	4.05024943133	
0.3577153543	6.69627124239	7.28080471049	2.49586826725	5.64639056292	6.86278139388	8.79265963759	9.0	6.30562517166	8.99762228925	9.0	3.07277961002	
0.0784749929224	6.49793961754	8.83632103511	2.25507278375	2.18640696424	5.31528372553	9.0	9.0	3.2160503121	5.75878216805	9.0	3.14319446264	
0.0780537435986	6.48792261228	8.98383103799	2.25967537175	2.66571682588	5.37292192187	8.05401685845	8.57519734974	5.90077434935	6.25861458525	9.0	5.46395191356	
-0.0335373681948	6.4480282294	9.0	4.34451806657	5.48155006853	6.69733736645	9.0	8.93831387771	5.82397923014	9.0	8.94068387746	2.60902160335	
0.156745655612	6.65842526324	7.43042548714	2.32363524417	7.50802793418	9.0	8.99739915881	8.99818432974	9.0	5.82093868181	8.94826772738	9.0	
0.416186328116	6.90275838408	9.0	2.31704858739	2.5207035326	5.13523971642	8.40394595721	8.97042753291	9.0	5.88203432251	8.94324457059	8.86587577618	
0.442954075545	6.88983815555	7.45168654652	2.40875322206	7.4919003318	8.92528158523	8.80132652137	8.8393368681	8.99066962956	9.0	8.97260847268	5.88882497874	
-0.0157273559508	6.46162597853	8.99696912967	4.13729660178	4.31737317384	5.74856786007	9.0	8.92784448737	5.80527973475	8.95592882429	8.99983125429	2.5398616556	
0.175510762854	6.56614055489	9.0	2.23231630911	1.96449779383	5.13373869294	8.75206952347	9.0	8.11518702426	6.84998098737	8.71007533438	6.70274435142	
0.158754510828	6.59500815157	8.99997801834	2.29147783031	1.48127624352	5.12181178285	8.99562079369	8.55294295029	7.40704500063	8.92988393962	8.90445545645	4.18314656069	
2.49236411311	8.98713645335	9.0	2.32737872437	7.58391362088	9.0	7.34943398703	9.0	8.99225552786	5.8709757261	9.0	8.99864985857	
-0.139655435275	6.31779853294	8.97324685727	2.20283219672	2.54136659222	5.26243337886	8.25067004735	8.87655711674	8.58012372464	8.94581178265	8.877904418	5.2741221909	
0.321470147398	6.74471333563	8.81580928939	3.91229463029	7.05754116099	8.17357462222	8.69837264168	8.93849414266	3.59321762582	6.89882899999	9.0	2.59965823583	
2.50922839627	9.0	9.0	2.33568417808	2.85755363762	5.39883307061	8.46417018107	9.0	9.0	5.85088601296	9.0	9.0	
2.5064559201	9.0	8.5368216045	2.78260990785	3.24892241611	5.42482652889	8.99977333349	9.0	3.56018847835	6.46595176687	8.90553939454	2.82227275682	
2.50430815653	9.0	9.0	2.36208336735	2.78718878152	5.42397946106	8.56795354806	9.0	9.0	6.63722156612	8.96381585147	8.12698411629	
2.50295539125	9.0	8.96127543671	2.37092824216	3.22861362381	5.47331865155	8.2246954697	9.0	5.67099651297	6.62563478031	9.0	4.84621302891	
-0.36222788314	6.25985141787	8.99994692143	2.40958055103	2.28574930562	5.23178982778	9.0	9.0	6.36123099026	9.0	9.0	3.02539267436	
0.511235337683	6.97255964605	8.99277235713	3.44047586021	7.60718676131	9.0	8.35839565395	8.96223433126	3.15295132089	6.26614569922	9.0	2.73760734609	
0.499410730791	7.03846917496	9.0	3.72876448009	7.63150483836	9.0	8.65316428251	9.0	5.92505054465	9.0	9.0	2.69843015624	
0.117148928648	6.57000001392	9.0	3.83160575942	7.76564866297	9.0	8.65923483541	9.0	3.9366654386	7.04899908112	9.0	2.70907371711	
0.0530259010845	6.55167197286	9.0	2.25146414034	2.31675817425	5.49082855993	9.0	8.97489659678	8.84471498468	6.69504969215	8.50445616517	7.5171453219	
2.50186878689	9.0	9.0	2.35178310617	2.2645847505	5.39658556795	9.0	8.94076712241	8.92678788734	6.9248255444	8.90181395314	7.71501067936	
0.00744229005511	6.58235517627	8.4498841769	2.52778021562	3.52976282033	5.50601617926	8.61955163475	8.79030520396	6.22130937383	8.87136366725	8.71822971177	3.02365023371	
0.750421891607	7.07780899499	9.0	2.71794239929	3.58676731662	5.56178758616	8.05692200447	9.0	4.18352425215	7.01846952126	9.0	2.90544731795	
-0.0905865072816	6.36055873809	8.49217137337	2.31004493455	2.43444899751	5.17801946291	9.0	8.94946549985	3.29796600554	5.84627522782	8.80166216044	3.0286361486	
2.50725362268	8.99969815303	8.81749064108	2.33681260541	2.4644796927	5.39176580125	9.0	8.95944483688	8.99989532648	5.85726995869	8.99993808996	8.99936444004	
0.0638217533076	6.54250166658	8.56864588829	2.39366455949	2.69847566967	5.20429594619	8.99298306217	8.95330585574	3.65861981111	6.0786681326	8.85660386996	3.32095891054	
2.49581254285	8.99185102978	8.95466943917	2.36503860114	7.45583551224	8.73018251153	7.26512442603	9.0	5.15904183693	7.10264419179	8.98937880366	3.87822811608	
2.02225080033	8.50229496229	9.0	2.34096955627	7.7074461184	8.99999768724	7.17817330445	9.0	9.0	9.0	9.0	5.80081124477	
2.46992829431	9.0	7.38846209575	2.344356405	7.5663018297	9.0	9.0	9.0	9.0	6.29381249124	9.0	8.52648658356	
0.140133870311	6.6876096379	8.89544335021	2.25312806741	2.18301389182	5.23942972187	8.99932950724	8.99502676826	8.98903430796	5.59865575417	8.81756995347	8.98145744598	
0.314122730862	6.78784027649	8.96943275725	3.02454727031	3.3979075101	5.58075904194	8.59322665698	8.779309733	3.9260628183	6.78319442857	8.6269631852	2.65785778414	
0.63334042512	7.03745554411	8.99592036161	4.2544100969	6.64321110468	7.88700215888	9.0	9.0	5.84234278244	9.0	9.0	2.6924377105	
0.221785979411	6.74418550426	9.0	2.39393507231	5.98891248941	8.98489597302	9.0	9.0	5.56877258765	6.33657628143	8.96080349214	4.9964492305	
2.5066617507	9.0	9.0	2.33894715268	2.48947976738	5.39086001998	8.83101515458	9.0	9.0	5.85019195028	9.0	9.0	
0.33700590538	6.77670005264	8.51769288216	2.4791226916	6.56971843542	8.22288636725	8.12157008633	9.0	9.0	9.0	8.99982099298	5.82557470833	
2.5017720268	9.0	8.42854804137	2.33268366005	7.56975846402	9.0	7.94347237997	8.99996468752	8.99718420589	5.87403789123	9.0	8.99900593669	
2.50166147591	9.0	9.0	2.51352790461	2.89432223864	5.43195431052	8.61349431487	9.0	6.428256798	8.99300237022	9.0	3.21977313257	
2.54078420821	9.0	9.0	2.36799402617	7.5616148214	9.0	7.32544760777	9.0	9.0	9.0	9.0	5.77706616859	
0.288231365161	6.86462442894	7.48250289991	2.42983309167	7.66403261399	9.0	9.0	8.99979445853	8.96661724626	8.98604951655	9.0	5.84577102893	
0.208057795779	6.78518288438	8.99990065642	3.16021103818	3.32090462189	5.40163890418	9.0	9.0	5.90563392658	8.85899683875	8.80077092733	2.63969512535	
0.250022451185	6.63130421056	7.69298103985	2.196737768	3.14348997352	5.32230799517	8.99703954852	8.87735472041	7.18469900119	6.25136216306	8.87042098045	6.62722453199	
2.50785359894	9.0	8.85338502096	3.99407761277	7.70768448708	8.98923178661	8.99957512206	9.0	5.83200654393	9.0	8.99995880773	2.66046623676	
