-3.8991065543	2.58678022143	5.56676804208	4.23511355083	5.83324105634	8.64441617567	9.0	8.99906233053	9.0	7.3609632783	8.98506784407	3.35903243161	
-3.82888971245	2.65395545402	8.98915661192	2.86948779175	1.23882150948	4.05741628814	4.24154334745	8.99405667036	9.0	3.06015720193	8.99402596861	7.72775816235	
-3.89931646577	2.5830808622	9.0	4.49173592382	6.21647473606	9.0	5.78577774438	8.98903145333	6.09133289907	3.55274449196	9.0	4.27494821284	
-4.01786400146	2.54069581651	9.0	3.29903960902	-1.5762814748	3.01018339301	6.51436896992	9.0	9.0	6.5279314786	9.0	4.17117533716	
2.5039360075	9.0	5.04383551922	1.30361315414	-1.08680408542	3.68337014943	8.99987019924	8.99479028585	5.40112331261	6.46424830899	9.0	1.54983410183	
2.51323021812	9.0	8.9429662779	6.00565595683	0.0500269164553	3.70529120434	8.67494198006	8.99944000223	7.4859682018	8.82427474205	8.99999675431	1.26507231416	
-3.91508971302	2.59851180581	9.0	5.69747305399	-1.91774457871	2.83504099289	9.0	9.0	5.24593797617	3.48348872786	9.0	3.4850996502	
-3.91164890551	2.58911150196	8.91353534114	6.07820992539	-1.54984010625	2.75794204338	9.0	9.0	9.0	4.54510493458	9.0	6.1821414942	
-3.96631787211	2.52869790425	6.13534376552	4.74425888358	6.19824811363	9.0	9.0	8.99989029014	9.0	1.84397439223	9.0	9.0	
-3.8891929304	2.61150443013	8.86698693183	4.78433073967	-1.28381679013	2.89550291668	7.63837062421	8.99572015508	6.39776406223	4.26093860689	9.0	3.87858583265	
-3.92470806096	2.56335221834	4.12058492567	2.89038638574	6.28721137433	9.0	9.0	9.0	6.66597156613	4.11133193388	8.97196938208	4.25460998083	
-3.95795537147	2.54541720185	4.73582593117	3.43454367084	6.20962849224	9.0	8.9998950026	8.99020966135	6.12940589722	4.42393125796	9.0	3.4163710511	
-3.6492698325	2.84848726122	8.9229546714	3.71309362361	-3.55065672435	3.02588306771	9.0	8.99885968373	9.0	9.0	9.0	1.92655628893	
-3.85536972236	2.62630370754	9.0	4.16745301009	-3.38587468523	2.85209111437	8.93083456306	8.99972953718	8.34046300125	6.39228476711	9.0	3.69177049608	
-3.8720476959	2.57554265393	8.96555564725	3.05400340711	-4.44429762286	2.71880566972	8.7254965602	9.0	8.99986381976	2.38178676298	8.99997371687	8.35333192422	
-3.91722471151	2.58257603467	5.50799024351	3.32781387184	-0.775630344697	2.85979765265	9.0	9.0	9.0	7.55571159533	9.0	3.1598360878	
2.47634219367	8.95860713896	7.68923747101	5.20954976467	-2.2111298689	1.67675999787	9.0	9.0	9.0	7.39428840442	9.0	3.48609152341	
2.49509487508	8.99038214263	8.98566183363	4.394138107	6.21271477839	9.0	6.17037314832	9.0	4.65998087884	6.00612088751	9.0	1.26720684721	
2.31184266593	8.81580144073	8.94229569834	4.29670992485	-4.37114626508	1.65383077058	9.0	9.0	8.43338763086	3.96477390557	9.0	6.32948174994	
-3.88951827777	2.60600294919	9.0	3.95860417664	-3.2080063706	2.82957488739	8.52494913573	9.0	6.08695591602	3.60628168213	9.0	4.20604709261	
0.247009642775	6.72748025522	8.74258867789	1.02617699708	0.407519121431	3.87858700885	3.7384389678	9.0	8.89268186953	4.86355721894	9.0	6.68033374421	
-1.50452743987	4.98643875608	8.07782580384	3.64565991289	6.0285199569	8.82522617992	6.33346177914	8.9985754902	2.85622567882	4.19064642391	8.99978115666	1.26753261934	
-1.45808449397	5.02645035968	8.78401022987	2.26914733287	3.97309221926	6.76619479192	4.23494188867	9.0	3.02372636232	4.32685739869	9.0	1.30365817728	
2.50743609528	9.0	9.0	1.18088641824	2.10727680593	4.92177791385	2.96301885373	9.0	3.88101075636	4.83857466918	9.0	1.64945529665	
2.5004282621	8.99729334084	3.18669202947	0.964801906135	0.602275058159	3.84381376627	8.99826291597	9.0	5.35185325697	4.43396539077	9.0	3.53031581111	
-3.63743379182	2.75866669676	9.0	2.9120796596	-4.8288758507	2.69767870979	8.99656184072	8.99999541779	8.99560826021	2.09059552978	9.0	8.86759895268	
-3.89099849634	2.60155196757	7.37861274757	3.49899471045	-2.46355061082	2.86010036112	8.97370861239	9.0	4.61893477433	3.02399739316	9.0	3.32492620218	
-1.53217245704	4.95058289647	7.14022275454	5.12912260928	3.03097757966	5.82093293735	8.72687891776	9.0	2.5579558213	3.89901609068	9.0	1.2483743106	
-4.02175676551	2.47167064594	9.0	2.65795633646	0.0402579223215	2.98990242313	4.11308574075	9.0	9.0	4.16097062018	8.99232942645	6.48739174679	
2.57422546648	8.99716907137	9.0	0.871181763219	-5.98157058277	3.34978800336	9.0	8.99980966731	5.17418422307	5.08831683712	9.0	2.56770144481	
-3.93147716187	2.55811888744	8.999969143	7.7067956171	6.15969967263	8.93565808898	9.0	9.0	8.99999009232	6.7801986696	9.0	3.93210659908	
-1.51033782673	4.9897320176	9.0	1.00081068131	4.68962218119	7.50100996	2.80010011377	9.0	8.61927413446	8.03533165677	9.0	3.20563626523	
2.58013253347	9.0	8.99940428253	0.873469389282	-6.0	3.33266870858	9.0	9.0	9.0	9.0	9.0	2.47662207996	
-3.94503304562	2.5454136632	9.0	3.00239092686	-0.27449653456	2.93276875985	4.70888991963	9.0	7.56548353105	5.35301975466	9.0	3.90753892212	
-3.72346163789	2.79286043422	9.0	3.86936448512	6.19976624469	9.0	5.30632815636	9.0	9.0	9.0	9.0	1.90272049341	
2.50478374848	9.0	9.0	5.5618855438	-0.804041902105	3.66386368028	9.0	9.0	3.22045918988	4.55113982166	9.0	1.27438440689	
-3.96911708865	2.52644304308	7.13238848674	5.74031881769	6.19731972994	9.0	9.0	9.0	9.0	1.84267697246	9.0	9.0	
2.24098783311	8.73367887069	9.0	0.998274242277	-1.18553062893	3.66810385889	4.81990350602	9.0	6.86336876787	7.00926998549	9.0	2.4605384324	
2.47892929253	8.98125662475	2.78948086462	0.988087983523	3.52538574432	6.34082694613	9.0	9.0	9.0	9.0	8.99915929791	2.61404298571	
1.60965112518	8.1034197707	9.0	2.13446959075	6.20461691966	9.0	3.90446876512	9.0	7.68398495542	9.0	9.0	1.30044166818	
2.50722275013	9.0	5.12305348329	0.969147845262	-1.53306838179	3.65502025272	9.0	9.0	6.54735060082	4.90044788107	9.0	4.25102959925	
-1.54702656848	4.94607329145	5.53963619036	1.29987232437	-1.33236067358	3.58555553355	8.62916656922	8.9999268121	5.49105982745	6.59588739871	9.0	1.45811381459	
-3.87818186502	2.58268956353	8.69823305191	3.67132088401	-3.88056305378	2.6621597901	9.0	9.0	9.0	7.57526353073	9.0	3.13511092208	
2.50957917345	9.0	3.03534673645	1.20946688624	6.14414406916	9.0	8.99995944577	9.0	6.88593853098	7.85917513192	9.0	1.64085722569	
-4.01875814186	2.52659498015	9.0	7.565912835	2.59024299329	5.43758463595	9.0	9.0	9.0	4.4185684523	8.93458596735	6.24429798644	
-3.94840105971	2.58030826567	9.0	3.37007382386	-3.41570607638	2.83411752706	8.18124436182	9.0	9.0	3.42185758004	9.0	7.29619889695	
-1.62025845098	4.87231146083	2.7725969301	0.984436458285	6.20215190641	9.0	8.97452369685	8.98914668894	8.78300304536	4.76000215474	8.99996532008	6.65840201089	
2.50099411123	9.0	6.3966776992	1.82369591292	-1.06869700015	3.67204962369	8.14529334389	9.0	4.35906684432	5.6278573964	8.99914855685	1.34024983815	
-1.21861654114	5.07618637881	8.92592098558	0.986507239496	-6.0	3.16264779854	8.87798537952	9.0	8.76533704634	4.98232118015	8.99847320615	6.21810525746	
-3.93397223185	2.56169270412	8.76771817995	4.35260518572	5.99271777167	8.76500508049	5.88113298105	9.0	5.8513258862	4.52654524962	9.0	3.02961021259	
-3.92536157925	2.55955880101	4.79624006408	3.51924211292	6.22255072449	8.99731507625	8.99703683395	8.99704453523	5.01671068214	3.45126629598	8.99950815421	3.27707642241	
-3.95665199185	2.54309597664	9.0	6.99697065469	-0.488229409916	2.91868898589	9.0	9.0	9.0	1.84391393446	9.0	9.0	
2.50531142808	9.0	8.99978816113	1.90742640474	-0.374636355001	3.68952534698	4.94327822843	9.0	5.50464389975	6.78684937438	9.0	1.32733437539	
2.51129436237	9.0	8.71405892195	3.16602167129	-1.83824663932	3.6575078275	7.90887706135	8.99826593512	3.25900349968	4.59295551397	9.0	1.27075749959	
-3.92924190309	2.57385311191	9.0	3.3838249721	-1.04871088691	2.73759592087	5.65962033974	8.98012162525	4.29683045264	2.80460049568	9.0	3.20694324453	
1.38592941576	7.88042603365	3.69501157445	0.976362520655	6.18623306735	9.0	8.07137000952	8.99728569382	8.99345752475	5.20825070708	9.0	6.40610793155	
2.49782103929	9.0	5.18976293223	1.98120446189	-0.551085363919	3.68219803543	9.0	9.0	3.21391484589	4.49821252969	9.0	1.31527065715	
-3.92469183824	2.57858703589	9.0	3.22351382749	6.24345431323	9.0	4.51416053069	8.99879570471	9.0	5.12180295103	9.0	5.60249532675	
-1.42512301919	5.05006394786	9.0	1.03523097115	1.21585704748	4.18712656372	2.96007656713	9.0	8.74992688504	9.0	9.0	2.3766574362	
-1.58747238866	4.91185762963	5.1694323227	1.58338953948	-0.0473389201812	3.68636905284	8.1094214097	9.0	3.0966759934	4.29451486469	9.0	1.38528174766	
-3.93532785328	2.55591664209	6.23954787389	3.70151799832	-0.944723545163	2.81621906158	8.8112879235	9.0	9.0	1.8517245096	9.0	9.0	
-3.92396077488	2.58017664987	9.0	3.48422136093	0.0383850028599	3.14807522257	5.13278979208	9.0	7.25351602709	5.15116766385	8.99999938136	3.82727069338	
2.51058665105	9.0	8.98634557579	4.95656092616	-2.68316106787	1.65671644687	7.91149927582	9.0	8.99511164386	3.46914647136	9.0	7.39259714839	
-1.53775165618	4.96141594965	8.85383161665	0.983598789379	-5.2139354333	3.68331522703	9.0	8.99913448738	8.99169884259	4.78727907169	9.0	6.80798973671	
-4.36636697193	2.18137260429	9.0	5.03029047804	3.83009811881	6.52890509126	6.21720407585	9.0	7.60308990008	3.12537372068	8.98965533774	5.98869847209	
-1.49445721402	4.98994775916	9.0	0.996619685774	-1.27701793794	3.69365580529	4.91020866247	8.9799287057	5.88271172764	4.38553853421	9.0	4.11096191684	
-3.89933718346	2.60493608415	8.46329750541	3.02323423608	-0.733306912955	2.91625991018	5.75160155404	9.0	5.53007973953	3.60806303528	8.99927272345	3.64838186033	
2.50588368829	8.99998841079	8.98684140865	0.966850663449	4.93937071085	7.73201396031	2.74591403835	9.0	9.0	5.43833541325	9.0	6.17579021977	
-3.81887607426	2.60943655876	5.77847201186	3.35926278245	-1.13068437383	2.82077179901	9.0	8.99969967121	9.0	3.19504383574	9.0	7.5434308756	
-1.54825408315	4.94526349048	6.64737840797	0.989622678866	-0.368065028771	3.70322022727	6.380047962	9.0	7.55327769676	7.15501926886	8.99466095618	2.99400352071	
-3.91344304668	2.59056510709	8.89486516562	5.28214997887	-2.22367898307	2.8548500918	8.99949876168	9.0	9.0	7.45722908888	9.0	3.26491547048	
-3.92119068202	2.57493116233	8.15733480065	6.80033861641	6.22891671691	9.0	8.93870944428	9.0	6.83050195981	3.69874963911	8.9943371228	4.85031441867	
2.50521630999	9.0	9.0	0.978326607368	4.71586245826	7.51743334921	2.75284610088	9.0	5.71159515074	5.46891982007	9.0	2.85529333346	
-3.88626480683	2.61662206332	9.0	6.18865121601	-1.30535560419	2.95548542917	9.0	8.99990280452	8.26363130718	5.18998972922	9.0	4.81930354106	
-3.86711792107	2.61215788247	7.52264469555	5.69520068162	-0.430008153482	2.86936384476	9.0	9.0	5.14995670542	3.29473897868	8.98220776491	3.58718497889	
-3.91955177554	2.57660135099	9.0	7.67518203918	6.20395910036	9.0	9.0	9.0	8.78777070617	5.95052745467	9.0	4.55924541417	
2.46839769897	8.95810896409	9.0	1.0610294202	1.59498334032	4.46925222395	2.92033294712	9.0	4.79846874627	5.3646060271	9.0	2.0720784726	
2.5041603197	9.0	7.39713927164	0.984406536075	1.56352606742	9.0	8.99963774464	8.99952735061	8.99851315805	8.99804761179	9.0	2.61778665837	
2.50997931585	9.0	9.0	0.92515896101	-5.49018928676	3.57956505501	9.0	9.0	9.0	2.68873170025	8.99993682837	9.0	
-3.88857926502	2.59208123525	7.77663522726	3.02033086892	-2.50851999705	2.76679424818	8.03240880847	9.0	6.6116906341	4.26334393255	8.99815032218	4.06408018767	
-1.55494243975	4.94108269372	8.99999623659	1.05042024168	6.19724680538	9.0	2.82191564707	9.0	7.85462121926	8.39788888479	9.0	2.05688330262	
-3.92343182579	2.56235169871	8.8031469996	2.97989245495	0.382305932483	3.32720481529	4.61986815681	9.0	6.92614536089	4.65270972821	9.0	3.98168456867	
-1.54458806641	4.9488740612	2.78515995705	1.00053701876	6.18494802508	9.0	9.0	8.99926210352	9.0	9.0	9.0	2.60627468141	
0.763363710511	7.25457320631	8.99998764186	0.972302082407	-0.0495660739092	9.0	8.99996684858	9.0	9.0	4.96941526847	9.0	6.65490144613	
-3.84731923859	2.27474908124	9.0	9.0	2.54995142597	4.57277387559	8.99263482733	9.0	9.0	1.72487564435	8.99928168619	9.0	
1.83110750062	8.31727653827	8.29799487453	0.972572636884	-1.02433825648	3.62661344924	5.25893347977	9.0	8.99999974168	4.6150729922	9.0	6.97036316268	
2.06498832458	8.54376559602	9.0	0.937648583119	-5.58283494942	3.55742932153	9.0	8.99893644652	9.0	8.56951684192	9.0	2.99568590474	
2.5064987346	8.999955687	9.0	1.68190505075	-3.03407362356	3.64984103286	7.3297512061	9.0	3.05355594954	4.30308803587	8.99999998576	1.35083046462	
2.5051082203	9.0	8.25139095291	0.993356745013	-4.61503030677	3.67105903503	9.0	9.0	9.0	9.0	9.0	2.6090675886	
-3.90260892371	2.59179390075	8.87427263211	3.74758028623	-3.78267378696	2.81875969794	9.0	9.0	7.8048801932	5.81257002592	9.0	3.71475899783	
-3.87865492006	2.60132803869	9.0	3.20041887671	-0.981297461025	2.85263764475	5.54586721608	9.0	5.96779470794	3.24401480664	8.99423397084	4.44709820644	
-3.90016256984	2.58538968976	4.77879401039	3.46046119889	6.20679645341	9.0	9.0	9.0	8.96768821726	5.82837351502	8.99994881631	4.86535807495	
-1.58203662273	4.91945189992	6.16110303214	3.37522279307	6.13671300917	8.93530874968	7.98435037195	8.99927022086	3.4126417458	4.73725234326	8.99907816856	1.26912407618	
2.20446025866	8.69905202997	3.09080389387	0.987763953511	5.83143499896	8.62610677819	8.66606754962	9.0	9.0	9.0	9.0	2.61497481071	
2.58136799153	9.0	9.0	0.864663580638	-6.0	3.34226514184	9.0	9.0	7.32961841249	4.50188490121	9.0	5.3062975068	
-3.95559999937	2.5268752791	7.31311039922	6.0972216721	6.3118911402	8.99795030669	8.96637498818	9.0	6.84368541715	4.47850439538	8.99282430408	4.05982665899	
-1.5432156877	4.95173655653	5.9465314523	4.13930200681	3.19991447718	5.98475370663	8.94062824285	8.99499505783	3.38167240731	4.71045955293	8.99023404722	1.26470225483	
2.49749343346	9.0	5.89192467063	1.25049922524	-1.7895083494	3.71739934058	8.84163658996	8.99269887556	3.64056167969	4.6524480076	9.0	1.60393147507	
-1.56087332854	4.958606758	9.0	6.45633308861	6.09616474852	9.0	8.37469856745	9.0	3.44164460383	4.75417600935	9.0	1.28915927186	
-3.87460037776	2.61601138586	8.78530474704	3.60201265415	-3.3505823395	2.85779091574	8.55613619972	9.0	7.12876377895	4.51167124272	9.0	4.35392265222	
