7.68619097125	4.76055548517	5.51621978028	1.85839785968	5.26677331802	8.94274123954	8.46996229174	8.43599972109	1.18900967071	2.05781881559	6.44387767472	8.39847315287	-0.410779361069	1.43132593001	6.71051919154	8.54299406312	
8.73546612537	8.90997341061	8.95144670379	2.87488344909	2.81545131151	6.14618496136	-2.86104666942	4.44974294431	6.5568173205	6.14909427988	6.15528041639	1.70549285264	3.88386138124	5.70844896253	4.63486054473	6.52078967462	
3.05748179237	4.73494104325	8.99963959872	1.76104399738	2.01805390926	5.74343273975	-1.75982607001	3.59456717209	7.02870164026	7.8416890143	6.82381163135	2.37414412917	7.14518860229	8.9697918132	1.8242658316	3.71020660839	
7.16748749533	4.83196559259	5.33114719687	1.63610664218	5.17827748942	6.22801759605	4.37253622116	8.8803132399	1.39863190723	4.93083037153	6.04720734772	2.87000953225	-5.67908585262	-3.83701732274	6.69161355505	8.52415237572	
4.12992446035	5.32639902246	5.34733058872	1.68520000604	2.61617932376	6.03696377292	2.54701598335	3.52323084927	1.58120298478	2.70941212902	7.52890474941	4.35131067888	1.18319994756	3.02527870428	7.16738757084	8.9999995476	
3.99608035506	4.76337139743	5.25276949894	1.6809644891	3.1420333487	5.81885249847	2.46351678176	4.68673681803	6.87876712956	8.6606408301	6.48337935688	2.48793638811	-1.15985590972	0.682222049455	3.02119964259	4.85376628826	
8.1004234581	8.59481307418	5.22161001198	1.61384982328	8.96221748478	8.86711598193	1.72072925201	4.1255315489	1.3401908385	5.9303200784	8.02938060519	4.12486528524	0.962321162336	2.80478745185	2.28153349937	4.11383573577	
8.31171462196	8.96155446526	5.19162274946	2.32842157118	-2.0873459686	5.66632881064	8.87421798652	8.99971673566	8.99982573754	8.38064426553	8.99999843106	3.8353004709	-5.66544652978	-3.75745997135	7.17231538626	8.99997060919	
6.60118206576	4.76491116907	5.44677448393	2.53035156509	4.34944431417	6.63828199217	3.6600014032	8.98703588376	2.00669048022	3.52119533799	6.17057702808	1.67485008556	5.84253472594	7.68463339454	7.16746366268	8.99999493751	
3.30256074633	4.83271866856	8.61901064942	1.67719517321	5.95756140331	7.7255099956	-2.17617123878	3.51281838134	2.30909319062	4.59554688177	6.97076427424	2.52098065382	5.24576823249	7.07034827282	-5.83898350151	-3.95309344879	
3.41266875036	4.62420494616	8.99794450509	1.8289033964	1.85481826597	5.71394265324	3.25257083977	8.80889678232	2.26733246662	3.14077246198	6.60766175949	2.15823751537	2.34875739457	4.17343768089	-5.99996375204	-4.11398807261	
5.93340244387	4.62461531136	8.99584125407	4.35542779717	4.9547740966	8.97625869845	-0.0457285935383	8.95346982608	8.99940660599	6.25966285619	8.12748238265	3.67769704496	7.06257864127	8.88710766272	-5.71462128891	-3.82883389955	
3.77355404759	5.0870416828	5.3707599084	1.70477872936	2.98153678513	6.17388335651	2.83782270668	3.85761983309	1.43866583758	2.79912511107	6.04315643202	2.70499721929	0.145505530229	1.98757598923	-0.870554145494	0.961978047419	
6.02541210624	5.69619690366	4.76291268396	1.92188125027	8.74992424699	8.75234365893	1.23439461238	5.0697837407	5.23276635429	8.9582982515	6.41425703984	1.9031181699	7.15763998708	8.99973135226	1.60503314439	3.43755986902	
3.79541211806	4.88755861692	5.3896434669	1.75146542049	3.03761087886	6.55782074749	2.54566483259	3.87790595755	1.31757515211	2.32243962818	7.38812216373	3.95879571352	-1.36535880544	0.476744461295	0.161188471023	1.99376608547	
3.88526317978	5.01724622908	5.3034780178	1.73159821312	2.54203873306	6.04780244391	2.04810551314	3.77135763	1.6951656476	2.6481582415	6.70837904917	2.84822463379	-0.00204519779491	1.84006277199	7.16739489191	8.99999664173	
7.22256290607	4.67445028906	5.32407550825	1.92797579903	1.47447315925	5.78850784356	6.22168885662	8.08419218134	8.99999319529	8.96894658693	8.99988839398	8.68056485809	-5.93213499097	-4.09007403549	-3.21989203692	-1.38734419153	
5.43715187673	5.64966832625	5.52408015682	2.31801241677	4.39746345717	5.73315660748	1.44318545163	4.63702785235	4.1401428889	6.89740205349	6.11836630218	1.7070787858	0.386893449813	2.2289589236	5.59945421915	7.43201418983	
8.91961989043	6.94796217099	5.27760680915	1.64997828365	5.24382374034	8.21359343879	1.86160210491	6.59223693745	1.29464775671	2.83943176839	8.86469836653	5.10075115244	0.0511872410282	1.89328291821	7.13237270852	8.96489006303	
8.91392422937	6.5479466182	5.74123207797	2.1515851632	2.33393715824	6.32687515527	8.88608372867	7.89382064927	1.3370561339	1.82066822637	5.68618896904	8.03948429669	3.29123477868	5.13333638401	5.88934335227	7.72190879507	
7.65955563806	8.96998871492	8.81869297253	1.75707445946	5.53797949777	8.14367863939	-2.87885973075	3.31381505699	3.4337748337	4.71831337423	6.7036124846	2.25384126672	6.55177982229	8.37635075761	5.97201605577	7.85800970667	
4.32340315465	5.23041844774	5.1957392483	1.9849323954	-0.88157226485	5.66775473521	6.82695703616	6.47224879557	3.81197034695	3.69004889639	8.06383633323	4.1780750031	2.72913500661	4.6422571497	-0.730692837863	1.0973393284	
8.39322499644	5.75653058921	8.78162321127	5.72239298762	1.34718998452	5.83802618877	7.30163097768	7.29644525261	2.15602418873	1.61129732747	7.36169301114	8.9986496835	4.21728050652	6.05933015848	6.59117042169	8.42372227507	
8.94082357055	6.37471852488	8.52775319376	4.9596601528	4.92119423808	6.32471051226	3.41324043486	8.99999995759	1.29735008556	4.34883002809	5.6377389239	1.61213653105	3.73126691027	5.57334025798	-0.116317189589	1.71621789274	
6.67697033975	4.66889691045	8.99804048128	5.49683535482	2.51882375195	6.59466703425	4.32587424265	8.84061339332	1.31344976121	1.62572035199	6.60676236793	3.09514304435	1.03468631937	2.87676333962	3.84524644635	5.67777653463	
3.92375294536	4.89858236307	5.4255568052	1.88314984133	1.96472305618	5.94922775399	2.53821694144	4.03463902386	1.77035000553	2.21512010106	6.7827916975	3.30662127067	0.178893945558	2.02096235584	1.48194170557	3.31449352432	
8.91518637234	8.99999975407	4.76258975577	2.17311844764	5.50934271342	8.99506900738	1.18873446534	4.60094080451	8.99999964792	8.99065854727	6.46527401636	1.96327815092	7.1422179325	8.98433427911	7.16747651698	8.9999997688	
4.60726329125	4.69728111182	5.29856570932	1.95938415044	1.5971310989	5.83434724957	2.68583127222	5.31976252569	2.67424037925	2.66309144105	7.95745062418	4.22857170929	0.561265206932	2.40332669403	7.12869535037	8.96124847208	
8.77490980288	8.99999938915	5.52670829852	2.06437803873	5.58808505308	8.71928622405	1.63326179953	4.58346276267	1.38246808786	2.60050781066	6.0734129014	1.89316668699	2.38166677427	4.22374992317	4.62960104153	6.46213355625	
6.84363314402	4.71721467238	5.19118363694	1.6165300231	3.86393000769	6.14057001327	2.31363571112	7.43706050181	1.7036204147	3.88853778232	8.84234639506	4.84039267588	4.44444340503	6.28652952365	0.472659535777	2.30520803611	
5.22281132757	6.63524508899	8.64431509872	1.73951549311	2.49341728639	5.96625954232	-2.29304112868	3.21605265923	2.14814272734	2.99023308295	7.1456609275	2.69595665232	1.64918334911	3.47376614378	4.64760065892	6.53362486187	
8.66228976067	4.9372293819	4.76264988197	2.46451386594	7.53016389248	8.83285211171	1.62687077423	8.90353693405	7.09498732559	8.977388419	6.2342606932	1.67765757504	4.44389523785	6.2860348024	1.13069848142	2.96321494171	
4.42451717732	4.6202764217	5.27819815842	1.61221138093	4.26982481558	5.80891601617	5.30631530467	7.68460294013	3.65982775558	6.67362809044	8.02265314209	4.44365722089	-5.19979743435	-3.35772415709	-0.060415908553	1.77211801198	
5.68143174721	4.78513386792	5.57128013184	1.93588716988	4.01551894397	7.77821884771	3.29205095072	6.01294379324	1.20408054314	1.96368497574	8.43527839754	5.60572730504	1.41280275511	3.25488748975	1.69735449392	3.52988804149	
6.19421997049	4.77998801642	5.32414354722	1.61118486265	5.30380288777	5.78864183883	8.36380917292	7.84077999915	4.45758751099	8.57248081436	6.15301149704	7.08545779074	6.59540738464	8.43734681306	1.51195912896	3.34458402696	
4.69150552742	5.94022326382	5.34508774925	1.76942324294	7.26783082808	6.73635613449	1.80734438847	3.55325045031	1.36938421711	6.36337066263	6.15008451362	2.15056859868	-1.37483095702	0.467299190429	6.11539631744	7.94806713383	
5.48428244555	5.5967371114	5.2973280333	3.07656019344	1.24271799936	5.79943958172	2.29977297689	4.55441881354	6.06452864634	4.61529004805	8.70866928242	5.33745364884	3.004052802	4.8462162789	7.08166213274	8.91452715531	
8.2046488677	5.4128090022	8.26811745618	6.32110715699	1.6216264742	5.80777516759	1.51165481741	7.64846814371	3.33030287131	1.97804661695	6.20524061604	1.85534118208	-0.552902328053	1.28916166884	6.45262108081	8.28519473995	
6.51458593164	4.62585717947	6.39261009859	2.9592069791	1.75670909539	6.01740416246	5.31146327754	8.99152035573	1.59003653216	1.64964401921	7.47818076258	4.68190935448	-5.117055031	-3.27496968915	1.31253259585	3.1450866386	
8.3162926016	4.7220557902	5.1563626062	2.68148186365	1.59362235197	5.9060169399	2.20511059617	8.99800335921	3.65688138048	2.70626746561	6.9364487105	2.73284909404	7.15791979222	8.99999565535	7.16506764601	8.99761022353	
8.80000799032	6.65037009578	5.32410711134	1.82772049871	1.59463029688	5.78849591678	7.65914250237	6.83985224903	7.79139628147	7.98080079214	6.46699023086	8.43099082358	5.57611832177	7.41817553378	-0.173638061754	1.6589146714	
6.41010997576	7.80737464244	5.20583408576	1.64399127821	-0.389561942658	5.6665714116	8.99853303683	3.51825282013	1.89823981403	3.37759925422	8.99999999821	8.99131859103	-5.87595223068	-3.96665877567	6.87646157814	8.70411316514	
7.60794323909	8.48104700634	5.85574150002	2.24563993793	5.06632809187	8.98586191146	5.02913439199	3.74551612788	1.18899993886	1.76649986593	8.82081688921	8.2263541834	2.73759177848	4.57970833326	-0.106018816305	1.72650725215	
5.27755941311	5.01913591713	4.95837051028	1.66969614624	3.94391998352	6.47439470305	1.51374518886	5.12983763865	2.14398166468	3.78909000347	6.9764874766	2.61386489539	-0.72951422723	1.11256471951	1.00258293461	2.83511552857	
8.92339488875	8.9295511305	5.30955167153	1.66337747531	4.33263652878	7.36377111979	2.00444809863	4.62882743063	1.27292527427	2.77488084829	7.0475065224	3.41201026815	1.17317887733	3.01526947517	1.38551052968	3.21804203601	
8.60457837864	8.99584586475	5.33804086558	1.63701304737	3.40329528998	6.28302675748	3.21618938526	4.26226348651	1.36066173707	3.06883826978	6.73196006551	4.28969388788	7.1579464352	8.99999999917	-5.66274304047	-3.83018142874	
3.83475152408	4.87243880664	5.31206025024	1.68248079559	2.50678364175	5.91676681681	2.48169533183	4.04326114052	1.88277331725	2.98924505899	6.63042181649	3.0262476339	0.266614223478	2.10869844891	4.54910667769	6.38164955995	
3.41159256822	4.81986398335	5.41440869691	1.66528635419	2.81287381369	5.99119120571	5.61312673099	3.84918969468	1.30711967026	2.69231461372	6.87046672061	6.31921616564	-5.98980620895	-4.05425299364	7.03264779911	8.99999976617	
5.50858743792	6.81639572662	5.32196577287	1.6205149178	7.69317373234	8.84642943974	2.74163726211	3.31431128202	1.20143590802	4.63652128628	8.23059972973	5.34518057311	0.336281588686	2.17840633046	7.13978827132	8.97237969442	
7.44652201048	4.96469597054	5.39057308751	2.52597485859	1.94798821578	5.76658590834	1.79665403123	7.68795688056	4.75789122702	4.69077778574	6.15896809087	1.74456160274	7.1322781242	8.97433979049	-0.942635844667	0.88991874846	
4.48105206695	4.77763185948	5.28873029595	2.13317799297	2.18280296637	5.88286618748	2.40724309991	5.45513660407	2.5332795109	2.8756755043	6.25488157624	1.90545596676	7.15791254346	8.99999976883	0.411796556549	2.24433306248	
7.45216287813	4.83589382107	8.42424981866	6.32027278164	2.14203678388	5.64934008167	2.15593231566	8.29273355035	8.99900991477	8.48257194414	6.13664603739	1.61118174802	-3.72459768122	-1.88253437555	-0.622330834227	1.21022065323	
4.39584825217	4.66291764422	5.31271340524	1.79495839644	1.96463270649	5.86738248885	4.46771477787	6.97550875206	2.19061855829	2.69251528847	6.64439195105	2.86458757656	1.43511268863	3.27717830088	7.16524092044	8.99778341146	
3.88674540529	4.75042825472	5.31622512598	1.67134103702	2.33182290728	5.87158080831	2.88481545917	4.33873419327	2.03355719871	3.02556415334	8.3776270436	5.05509117216	-0.194742303934	1.64732493641	7.06657435991	8.89906437905	
4.76485698459	6.07650559271	8.99464236512	1.86949346837	8.76785436172	8.90090961392	-2.93701498466	3.32817834179	2.39923185248	6.14621840686	6.42840642373	1.97862846096	-2.26269488852	-0.438097185403	5.68187007404	7.5678458679	
4.17113875403	4.80299128774	5.29812682165	1.97088882374	1.6091352985	5.8263658693	2.39975722641	4.57513285984	2.79500018246	2.79188913053	6.67590764634	2.86375361126	0.960095008419	2.80217183835	3.9971186256	5.82969264709	
7.70958528772	8.99684909533	5.32013501022	1.71869630321	2.12704835308	5.79003403099	2.13054504196	3.4370313256	8.16606313638	8.99130543115	6.28768616484	2.68909801745	0.686467686849	2.52852775448	-0.334418118725	1.49827884518	
4.92951503163	4.61923950303	5.31829635517	1.91061891575	1.49930567214	5.79072070261	5.86468279316	7.86389953347	8.96538795162	8.96854800723	8.62735795674	5.93347454516	3.0208069659	4.86287595521	7.16639977845	8.99893661858	
5.12612756622	5.80127735579	5.3029204268	2.26485923728	-1.60266922864	5.66656829366	2.41493632396	4.18459224608	2.89894280073	2.50997573667	8.99999431659	2.59492227757	7.09222168574	8.99854001156	-5.66064609511	-3.8332208784	
8.30623210084	5.55438773731	6.41796392126	2.86346411814	8.39322908603	6.3587353615	2.9971292742	8.80311028432	1.31427337153	7.79019647973	5.69525520222	1.63614386322	-5.01663535426	-3.17453869162	-5.99358856307	-4.16107085618	
4.40661626212	4.61885652116	5.39462656252	1.92453141634	1.59179431762	5.82291285153	8.99725721079	8.11006109286	2.30821382439	2.4340942369	8.59204661434	8.26205437474	6.30715525592	8.1492267974	7.14446732244	8.97699799571	
7.65779440789	8.14294421189	5.19008513087	2.46851190047	-1.88892110126	5.66638786494	8.90615272162	8.9999982336	8.99276038555	8.20379830907	8.7731198303	4.03176936754	-5.45008905722	-3.54111911142	7.02617829793	8.85382367158	
8.65943096626	8.99999975483	5.92618357764	2.81050804122	3.78670886083	5.68020483981	1.36061034544	4.46093742397	5.25614957877	7.36520295554	6.08653540686	1.64072195656	7.15792412164	8.9999814071	-3.51985188596	-1.68728272961	
8.97212809754	8.99999948271	5.32042016238	1.74482909342	5.52331703819	8.99824832674	8.97357478352	8.99999961402	-2.17794836423	2.19164919684	8.99743089823	4.55634143042	7.09093099568	8.99999976762	-5.49645150938	-3.66907993554	
3.81662182447	4.90704956059	5.35196224056	1.71451902681	2.64980824176	6.14726241193	2.50524896043	3.87255948366	1.49651950396	2.52338501707	7.09825556775	3.63559492952	1.36270288985	3.20479941676	0.295168585527	2.12774883251	
7.2387756928	8.60308197301	5.19751853019	1.62137152439	8.75632297964	8.85511222937	8.74944188405	3.45570549524	-1.61306291677	5.56814586954	8.84895943967	8.95735910306	-4.43640225565	-2.52678187467	6.93378247624	8.76145862013	
3.88425561357	4.72734121592	5.33161494453	1.62982029323	2.95657105075	5.92763479022	6.64659449451	4.81919784542	1.75174815102	3.3693571843	6.50378071122	6.48316544621	7.15767740539	8.99974324645	1.69778413036	3.53034145815	
6.95838348789	8.00140509931	5.31380402194	1.88672803178	1.54169612996	5.79248771796	2.54923350566	3.57736448126	8.93688536517	8.99999977105	7.97948550678	4.90344670261	7.15793244561	8.99999976876	0.774108655121	2.6067300938	
3.94372836314	4.87666603413	5.52404282343	1.90106375331	2.33161946088	6.19786763301	8.32801499292	7.33101138471	1.40367143401	2.04726189345	5.97179274476	5.03095811915	6.26527617027	8.10733676746	7.16740521839	8.99999979523	
3.91302053974	5.15415656056	8.99999976873	1.91477305881	4.2145430991	6.54554245102	-2.85624353163	3.53499938652	3.83183617119	5.28542057377	6.38572117574	1.93594374233	-5.36501965972	-3.54045358897	2.98595570307	4.87195476946	
8.80894386504	8.98338130549	5.18743366784	1.6117937571	8.99419578712	5.97528361942	8.9696942436	4.72604354468	-1.57463691175	8.97872214815	8.99999816162	8.99234246721	-5.74767735505	-3.83858105308	7.14587449464	8.97319974811	
4.41979340284	4.93261209758	5.307189025	2.25856110791	1.32594362386	5.79509634946	2.72953610291	4.41359106366	8.79423595514	8.26057875887	7.25856539698	4.05676766652	6.53462132607	8.37643337287	7.16741723255	8.99999976875	
8.96574208005	8.91508804891	6.7722312436	3.1955964193	3.73859851531	7.76819382738	4.88465896398	4.6691538507	1.19333176661	1.62729092538	8.99990054516	8.2610949907	-5.97219645852	-4.13010852377	-5.52778823487	-3.69526109005	
7.72474535987	4.65998761375	4.76271940801	1.61590124977	6.69827659182	8.72651941349	2.22889752736	8.72330221008	6.94950865967	8.95503823317	8.99423938374	4.55959319064	-1.02130459011	0.82081742177	-0.0175006855415	1.81498223887	
3.65388015147	4.86909076311	5.3253131971	1.6142354617	8.47040183542	5.90657772265	6.21649434842	3.89886166302	1.81194650786	8.97379005837	6.5461644807	6.6436727632	-0.454949542786	1.38712076797	7.16741360753	8.99999923221	
7.00194494308	8.53892951622	5.33534445311	1.62624872546	8.282806763	8.79181452845	7.97134417821	3.22437712283	1.18908504122	5.2763350973	6.17472644284	8.37949036595	7.15445107663	8.99700328703	4.46874465562	6.30125707051	
3.27376482485	4.91567529302	8.99999979172	1.80157904664	3.14799858414	6.47986773856	-2.69247342081	3.29313046459	8.42782805964	8.99861061685	6.85436219603	2.404574213	6.88567295421	8.71026974263	4.81507855219	6.70103763052	
3.81324599601	4.85822415071	5.33496233047	1.64132976651	2.98327348618	5.98038883093	3.60033809429	4.31886507296	1.64397982496	3.22736533681	6.23442820358	3.46601080444	5.40635317015	7.24841934479	3.4373493845	5.26993443283	
8.97218552148	8.99996573162	5.18728810232	2.04617697817	-1.98134477238	5.66632844717	8.96453206848	8.07537808134	7.19856387967	6.96313193888	8.9999677905	5.47216487179	-5.98379488593	-4.07487338953	-2.8064197718	-0.979017778298	
8.95459641854	7.28378884893	5.32436817494	4.49085270107	1.18919794259	5.78847254526	8.26448328416	8.99999493492	7.90837542091	5.02946549997	5.62499070972	5.55539189149	4.51607129846	6.35812975916	-2.46198385839	-0.629379178962	
3.84543374002	4.70090355326	5.32371121971	1.61170761006	5.55692530164	5.86533843908	5.48915544651	4.52538013943	1.98062334836	6.27110922208	8.98329223991	8.08665792308	1.71818594992	3.56025837784	2.94947957808	4.78202803617	
3.19684147754	4.62420330505	8.9646728425	1.6185004174	6.73558660052	8.95586223689	2.73537631093	8.93574850909	2.74197983797	4.57187548382	8.99661766579	4.54683843011	7.1166294068	8.94120938911	1.30753842915	3.19351354709	
7.60974729919	8.95547099906	5.27030857897	1.62088892651	7.87955767128	5.93757598062	1.93437224387	3.27294291387	1.87101971254	8.34924154394	8.71896953962	5.02980965248	-5.44899437549	-3.60697357198	4.86016882099	6.69282220961	
3.82645295508	5.12615199336	8.99999996682	1.95445187308	2.77679343702	6.10248671201	-2.72440013132	3.48872879918	7.06882017623	7.60757684979	6.4567695758	2.00699732592	6.29765944627	8.12224745403	6.69605945855	8.581855992	
4.24334711131	5.02798531177	5.34492897484	2.09240687578	-1.68007266779	5.66642202538	7.8437580977	8.93717765706	2.24853044485	2.20526188715	8.98865772847	2.94187590992	-2.60345655085	-0.694905548937	-5.66061454984	-3.83315131735	
6.98810038334	4.99910969074	5.43075006823	1.94987022439	2.22926394847	6.0305075054	2.07975127601	7.04420397271	1.71355762026	2.28007244814	6.28434217708	2.30395954524	-1.18123029301	0.660841209466	6.85706661921	8.68964220016	
7.77845627427	8.99266022196	5.33463498505	1.62637239525	6.03238009358	6.05886804426	3.89347369173	4.05767421324	1.51903037131	6.08765030046	5.73226672844	3.34897128935	-5.93630883314	-4.0942500296	-5.59911160444	-3.7664952616	
4.76257060122	5.94837949548	5.36574860278	1.67883240684	8.98317952528	6.07974038818	2.84503104021	3.96201990125	1.49612016853	8.97333368919	5.8051211577	2.49741974332	1.72225882585	3.56432754693	7.12274500071	8.95534127656	
6.36947216095	7.26799946345	5.2160758859	1.92200239268	-1.78142172767	5.66634433825	3.60914759616	4.53805820086	8.65461178718	8.69423924548	8.99312407222	2.85453201245	6.98366687637	8.89262678207	7.17250530151	8.99999976876	
8.67422685825	6.94653088312	8.78466942051	5.20911500864	4.93143009822	8.9866513419	8.55432250115	8.9999821487	-2.14855638861	1.6112838232	8.97109982706	5.89561322567	-3.29882549471	-1.38980027621	4.66471395987	6.49210745094	
8.9760318733	7.54533013079	8.88352906614	3.02709495381	5.82651444443	8.14823359715	-2.94901462448	6.05544601264	5.1536761313	5.44637634846	6.08692795621	1.63714471206	1.09545328136	2.92006303846	-1.60731866763	0.278663777981	
3.85617839842	4.72614154195	5.26192924398	1.61560280362	3.35236568173	5.81456118293	2.58425633325	4.40698433652	5.72843835981	7.79945951458	8.99999978228	5.3023738996	-2.55199062272	-0.709914023598	-2.7234393588	-0.89088096105	
3.70781715282	4.69634615424	5.30443554619	1.67710923108	3.18941208322	6.08227357989	6.7238446892	8.49983771945	1.59804110928	3.21945136238	6.40671854957	2.6372783314	4.07732635883	5.91902051972	-2.45584133958	-0.629671711493	
8.11024464198	5.30348629268	8.25535254415	5.91209255846	8.96275357803	8.99996913918	1.36332904937	7.72004333349	2.41942839506	5.61234578791	6.16608405462	1.6112104991	7.02945633872	8.87149528599	4.13977523664	5.97233057498	
8.77074056215	8.79244115343	5.41076954343	3.01123769972	0.852617169708	5.70094334589	8.55542915664	8.58597028232	3.24037628088	2.06032169276	5.89862004622	4.55256700914	3.28027743273	5.41262674958	-0.837749660761	1.01277565262	
8.71608380257	4.94433113274	8.99794925832	7.18583049797	2.93585855533	5.64928416196	1.66890680819	8.99831471207	8.96429712868	8.94990030159	6.17375658164	1.6111473425	-1.09639480538	0.745680338366	3.78396649081	5.61646794992	
6.41517224907	4.65797310631	5.41428125293	1.79280889859	2.16363740899	5.99477208125	3.90290948558	7.52190723889	1.62791547356	2.30514332726	7.42179544307	4.55506354556	-4.83487731888	-2.9928033055	7.16744340578	8.99999975754	
4.18231212723	4.7955686402	5.26643224744	1.88153177565	1.93656488431	5.81539770136	2.37474462661	4.8605880817	3.71453932742	4.10749733759	6.33171409148	2.2276766046	3.57513890711	5.41714036663	7.07352555421	8.90602188378	
3.98691043755	4.86445621554	5.30328703292	2.03444943919	-1.04602697676	5.66724435086	1.93200589786	4.25827435777	8.79937767617	8.78944404629	8.99966625036	2.24320600678	6.23079157288	8.14176556509	6.56686783754	8.39369374782	
7.07876561607	5.11862286584	8.81979452131	5.80703222551	3.57659749894	6.29533606712	1.61090091009	7.0361471682	1.86084605928	3.04177216023	6.09764769642	1.62759764181	3.13668137952	4.97876058041	3.34167184406	5.17421566754	
