8.86278587603	7.21832294265	5.38282693607	1.8236280632	3.20954818036	5.80191032073	1.78372675945	6.45695678449	2.44895872798	4.30267991364	6.06933225434	2.03563663809	7.15638868903	8.99843947239	3.70494434755	5.53749375345	
8.28471048134	6.63808302678	5.24376260211	1.62140654952	6.56488990403	5.83140870839	1.7939214791	6.28426891105	3.04176851907	8.28449208273	7.09200126003	3.24335072848	5.56435004009	7.40641041371	-4.53349131372	-2.70094014586	
7.40920039809	4.83327826504	5.5649952027	1.99596206015	4.13697297983	7.8313238881	2.67157462114	8.01446904406	1.27117117606	2.03275828817	6.2445571699	2.4726366197	0.463993034832	2.30608372205	4.45839990399	6.2909516884	
6.18026799728	4.69280907569	5.33495338893	1.62814513233	3.50704487734	6.25349955669	8.66157314861	8.36124589308	1.37096799305	3.21823835262	6.44110840844	7.22393363256	1.28167852915	3.12376436684	6.54073268284	8.37325660174	
8.46158362136	8.93540979769	5.12427447542	1.64718203754	2.73304182238	5.89728090354	1.47366168644	4.15033079603	4.53393030736	5.73367467702	7.49891083796	3.34350326362	3.51441252406	5.3563623215	7.16745564918	8.99999952832	
8.57356614533	4.79204404002	7.21599581161	3.64158370425	1.36354276823	5.85984389563	8.57302218463	8.99998766989	-0.711756630753	1.61523049588	8.9950005549	8.98353928017	7.05016062339	8.96277126053	-5.89354652659	-4.06596115353	
8.07375130444	5.23753550303	5.44721673735	2.98713834041	6.43322086074	8.99994468094	1.38977845452	7.76561963106	2.4030258769	3.18332493703	6.19000853637	1.64539426164	1.83807918953	3.68019900552	6.00156928235	7.83407982233	
6.39760598423	5.33457113168	5.26739799724	1.6917928712	2.58260369303	6.07552816507	5.75004703336	7.25393282175	-1.86088892224	2.3879246471	8.99999977278	4.27497039396	4.51145326249	6.42042770093	1.38950709172	3.21690687641	
8.5740370713	6.80941448573	5.51269549473	1.85546248455	3.68637463128	7.36635036157	8.06107632653	8.99486577106	1.20018437199	2.06435840828	5.62702208772	5.45304008146	7.15030277589	8.98639022553	7.09754285379	8.92815164516	
8.86116851506	4.93567157219	4.76940008348	1.61475963191	6.19637877606	7.44374270696	1.47764410127	8.83119860471	6.02986266889	8.82405983125	8.21837684634	3.78535380872	-5.99269347291	-4.15059872858	-5.61824804303	-3.78572180971	
8.83725632274	8.99350291937	5.18790304631	1.61228053806	7.87121872977	8.99690981761	8.85409247016	6.33202346703	-1.91460561062	4.54099848374	8.74012363043	6.98222219875	-2.03261995496	-0.123456293364	7.17219941497	8.99952457402	
6.57107338793	4.76990046597	5.25084403506	1.8836462081	8.68206715304	8.85050132251	2.51886545021	7.62844009589	1.56607869699	5.65173821817	6.25618141183	1.9428402846	7.15787548932	8.99995139113	-0.625937851225	1.2066147246	
8.17055401029	4.77376420159	5.21594632168	1.61241960213	4.95628068537	5.90502253738	2.22822428759	8.54128469478	2.18940027972	5.73107172654	8.12269938362	4.20149841194	6.76414044139	8.60620210147	6.66285890712	8.49541081327	
8.91170531527	7.11687653952	5.18676232542	1.90050380089	-1.86489780117	5.66633828267	8.91153100861	8.93572598099	8.97630745695	8.99999855765	8.99998705247	6.38390598154	-5.97380518268	-4.06485642669	-5.57595344505	-3.74861867434	
6.46265534263	4.94785066737	5.32412512079	1.6112092229	8.89533185729	8.98818396799	8.91051729625	8.97955441943	1.18895093985	5.69593145128	5.89868960868	6.33949563671	-0.748244719374	1.09383390906	7.16748505439	8.99999983762	
8.94592575415	5.43225011596	8.74950688711	3.27286314995	5.03056378568	8.95710507071	-2.74642519337	8.21131949978	7.88421510128	6.32199512852	6.79860386065	2.34881499767	7.17535896273	8.99999901868	-5.95711552293	-4.07157908848	
6.44159164902	4.62907948891	8.99999999966	1.88805319249	5.29832405864	8.99671057711	-1.11784334589	8.38838749911	4.58935905389	4.64094007216	8.99999889465	4.55021456237	7.1752308407	8.9998709227	4.93977968604	6.82574179752	
7.88748750316	4.7755627561	5.84227862291	3.18317125691	1.43293389754	5.86543659369	2.20368454729	8.24891226291	2.61333048242	1.72680499595	8.69586122976	4.75764475723	5.04685551744	6.88890010187	5.78919830137	7.62176308141	
6.18452950305	4.62494916914	8.98910353114	1.61191381409	8.94656210095	7.03277795694	-0.254856050256	8.95256312061	2.97953721484	8.95441055725	8.81194661041	4.36216899545	-5.86124397765	-4.03691907418	-5.96703359773	-4.08165469339	
7.33067253327	4.92443337079	5.71635382098	2.09229860273	3.91225162251	7.77946361947	8.51126411499	7.63929951059	1.19307357846	1.83681886936	6.20310682469	8.47640408323	-5.85761107709	-4.01614745112	-3.82924714989	-1.99909976741	
7.14869440675	4.72541779011	5.43811297343	2.05231492617	1.75840126619	5.91762502807	2.59356900321	7.80755023784	1.97864074955	2.09210245258	6.94969209428	3.15405644691	2.86036893728	4.7024369355	6.54563471163	8.37819127891	
8.94966898692	7.41352415196	5.20127956628	1.62566477658	8.25197612536	6.05110265831	4.17461177778	7.26221494377	-1.89005983515	8.09807283989	8.97570147621	3.09455282197	7.05658386101	8.96544177604	7.11289396639	8.94028389047	
7.19686399919	5.29225900406	5.59728854231	1.98466486762	6.19974770417	5.80111473688	3.41372057018	8.20164977893	1.97693569172	6.87507576453	5.73833920139	1.85008693638	5.06326393384	6.90531521404	7.16745609795	8.9999998924	
7.56908025568	6.17441380122	5.4307008982	1.8061832186	2.35650203726	6.02506709086	2.51968163462	6.31012080539	1.57613503967	2.41895860361	5.95325443952	2.55256811663	-1.09155202764	0.750506017581	0.947218844635	2.77979710975	
6.76269951302	4.71784272447	5.22844447101	1.63936152179	6.21137299395	8.59179668491	2.46546558871	7.46321782754	1.35574281132	3.45132144576	6.95690579391	2.99904618604	6.31210233891	8.15419472686	0.827593998005	2.66012109787	
6.79581912751	5.1674621288	5.36522220465	2.01423905381	-1.62334178508	5.66639234253	4.17703292466	7.95156788598	2.06473786983	2.23389383023	8.98951823428	2.61738712474	0.644597694033	2.55359754502	2.36266995128	4.19005836352	
6.4990723671	4.82758594687	5.20807380646	1.61207006535	7.82627138116	8.99435280489	2.09558157647	6.70827947021	1.35934732257	4.67419252728	8.66983809802	4.72365858704	-0.139555517167	1.7025370274	6.24635271704	8.0788731254	
6.55581156548	4.86670322438	5.32429545845	1.61157403905	4.67543430887	5.97706290275	8.69537234723	8.58254205776	1.64186380539	4.93984884835	5.98950692519	6.78650893602	-0.591687619538	1.25036765657	7.09314272398	8.92567768132	
8.57413102368	4.90346964292	5.31509080486	1.63378265686	2.51215027451	5.79285766756	3.03857970301	8.62491845311	4.00295455637	5.29062192934	7.31778710355	4.39699566497	-3.57078236983	-1.72854965953	2.03228159704	3.86469304651	
6.77838982893	4.71085170888	5.26626933173	1.95390230278	1.61233957037	5.81253128895	2.89429216892	7.84039132798	8.99857739074	8.99763703209	6.53739466735	2.65390527129	-5.75106831796	-3.90900563463	1.63134918566	3.4639068996	
8.36940342711	6.72037189779	8.99313659256	1.90931936137	4.08472933199	7.80835069954	-3.05729106225	6.27674352674	8.99307856772	8.99999972399	8.9321350678	4.48236351352	0.914028292502	2.73862450856	4.45570951786	6.34170748315	
6.44865822013	4.82415678649	5.26298485759	1.61152961942	7.6417425367	5.87363734109	2.35390754199	6.66801065417	2.16773180582	8.47418192721	8.36319524893	4.6686596735	0.35151884583	2.19358362852	6.94073619976	8.77328753174	
8.89745364207	5.07834204212	6.21097324535	3.82736536807	1.65181088833	5.66498841771	1.77052750469	8.999999789	8.31090780773	7.56822774865	6.04402666183	1.62873292859	0.501578930463	2.34364835635	7.10507432803	8.93761406036	
6.25030331572	5.15146345048	5.35481485521	1.65372903575	4.5467177038	7.54064161071	4.48929279437	6.48644978373	1.19701153593	2.79107961109	5.89333746214	3.9900697765	-0.280587700952	1.56148333167	0.742618354684	2.57514788096	
6.21183523875	4.62498801934	8.99703789819	1.64523932685	5.74578071931	8.64103042883	-0.323281751216	8.9549682703	7.36725654273	8.46414799938	8.87167847259	4.42189642817	1.98625372835	3.81088132747	4.61594390516	6.50187356963	
8.78965592524	5.55778159582	6.07385909536	2.90721862459	1.43563282083	5.72081465929	2.79874388946	8.96349701383	2.58215173077	2.35047435766	5.71581389197	1.77802637196	7.15793925628	8.99996763118	4.70469527745	6.53725515396	
6.26887873413	4.98303265903	5.15537056757	1.68317915432	2.27563004309	5.87549138047	1.78536370195	6.15274251766	4.11371525031	4.87293189771	8.01838857288	3.93192563229	3.93103555118	5.7730956575	3.44786148511	5.28041540529	
6.34700792639	4.76022676328	8.99989256132	1.74091038135	1.47654660894	5.71195949709	-1.69527283502	6.78145881782	3.68006075344	4.14509539925	8.99983987017	4.5503777495	-5.40649429416	-3.5819436145	-5.95856793938	-4.07280270598	
6.29714202068	5.00249465897	5.39244529217	1.74826188216	4.12592191916	7.42543056043	2.55049051896	6.39784273877	1.2437578823	2.47533868478	6.20874943047	2.65109445779	2.70678771065	4.54886091539	-0.381824558025	1.45070561005	
6.28176944366	4.71498556462	8.97807719315	1.61170511822	6.79483252119	6.3662480222	-1.59675504895	6.91542226543	1.08778978136	6.26886811194	8.95967631427	4.51011958823	-0.311347877596	1.51326289062	-5.43852061505	-3.55255157025	
8.66620559749	4.82151943225	5.32434433522	1.61176435559	4.36405405076	5.90612886102	7.68117814364	8.99987038306	1.81338955428	4.87077694956	6.70310146356	8.22416926951	-5.97665638942	-4.13459825519	-5.32219906959	-3.48964329752	
6.51830388507	5.23710407195	5.30322658249	1.81791180474	-1.1123763623	5.666800611	2.86721299389	6.40341555725	1.78956183894	2.42602410955	8.99998892418	2.69660975055	0.600269029758	2.50982715684	7.13896413729	8.96615176318	
6.50735265148	4.79589573059	5.23208919093	1.6586438326	2.72826730908	5.82929712154	2.24380531862	6.9098523958	4.65075972932	6.01005825008	6.76202735053	2.80251019001	-4.93781285166	-3.09575397873	6.5884624671	8.42101970178	
6.42020634561	4.66895908138	5.32434024436	1.61662713924	3.12456842032	5.79767066777	6.70312572461	8.18208590569	2.86923606426	4.79073476634	6.64697416693	5.91432926978	-0.815510921559	1.02654515716	-5.78292012717	-3.95036996762	
6.32065902832	4.70251726403	5.24342800362	1.66571036647	5.84602394673	8.97096093853	7.91632171219	6.99284063828	-0.521379459812	2.54137867383	8.97715954217	8.80876331529	6.51456667572	8.43708155914	-2.84608773069	-1.01625000697	
8.89029273319	7.02912217676	5.19979064887	1.76273200401	-1.61086984206	5.66631475568	5.12565319946	8.46136569882	5.1399181364	5.56495817025	8.99999918914	3.14224589923	-5.99999986041	-4.0910579144	6.98641555003	8.81372621141	
8.89522915108	7.44834897494	5.18760979037	1.61199641801	5.04871740438	6.46021392559	6.64391463953	6.55363135477	-1.93658217124	4.33103675396	8.99996891886	6.31558456228	-4.90844071529	-2.99938702903	7.17263994905	8.99999227675	
6.56903321567	4.6708010276	5.32627480087	1.64301624188	2.38022038084	5.8002341333	8.99940526142	8.23461182807	2.76280280044	3.91293386641	6.64683818598	8.30493339513	-5.22073902908	-3.37867992168	-0.103278917686	1.7292712364	
8.21951396383	4.69152478123	8.21260594943	4.7023200956	4.88102128	8.91841969665	2.8743603231	8.96704319715	1.25245765583	1.61229730018	8.00903017437	4.43933932346	-4.89126097476	-3.04913385497	5.7536452408	7.58614956544	
6.94497767146	5.6919870615	5.18686085238	1.61123088737	8.74164999821	8.97251002032	8.96734706985	6.40010806633	-1.97716366337	5.43575537908	8.99999951539	8.6340344975	-5.94216780405	-4.03327828881	-1.46976683153	0.357598750572	
8.27924016152	4.7014311297	5.32418065087	1.61134065098	7.60222382208	8.29481212717	5.72634149994	8.95647555123	1.19009691761	5.0972683815	8.84954733354	8.19225778508	7.15780826361	8.99989586352	7.16156029934	8.99407857482	
8.52634761408	6.42846734234	5.61660170763	2.26209570471	1.54871514081	5.87071920848	2.54926845359	6.75381210956	1.99351315048	1.91289283256	6.79398475849	3.68239963679	0.704372245037	2.54642513154	-0.182592979773	1.64996598736	
8.99999976875	6.11290738106	4.81523566305	1.62229320369	5.27962789248	6.64275049899	1.2241989496	7.52369624406	3.45066858697	6.16736981152	7.65846471647	3.24113387998	7.15789456197	8.99993390926	-3.4020678027	-1.56952752957	
8.65821277974	7.67593665622	5.18679800646	1.61118892172	8.95774419974	6.22568225164	8.9308450897	6.29987310156	-1.94493815688	8.53867268396	8.99998041773	8.31924283385	7.09085498896	8.99994411145	6.20878932342	8.03610101355	
8.29359430252	6.73167478811	5.19249269137	1.61686124905	7.05644601124	5.73164655837	4.02863286236	6.82059245334	-1.14320892345	7.84641532044	8.93273654634	3.49548502468	-5.85301852745	-3.94402501257	6.46588747159	8.29326750237	
6.47439526618	5.02993701697	5.22405627989	1.69967177651	2.06933888803	5.83325013464	1.948519954	6.27637204583	6.6192471028	7.26660826625	8.66531202524	4.77698625819	0.534852104761	2.37690857069	4.25601666677	6.08856415763	
6.49794504727	4.62583194752	8.96324033321	1.905772144	5.16880540573	8.88591290025	-0.27888552797	8.95387024773	1.9133191106	2.22468597775	8.92820697968	4.47851306527	-5.99594571212	-4.17157020379	7.10826527822	8.99445173142	
8.70263337582	7.0974821914	5.32414239943	1.61123401989	8.75429859636	8.99999638575	8.53060784571	8.45376295035	1.18883385597	5.54288689353	5.62711626284	6.30467446306	7.15500072588	8.99690446019	1.55566602104	3.38758851541	
6.53259522046	5.04507832458	5.324108691	1.61539386669	3.20148590474	5.78857277177	8.98525442	6.61369456332	4.88662078067	6.89512654383	6.12473971306	8.97889421711	1.45572050379	3.29776945918	5.61026170586	7.44281675827	
7.08644921707	4.63650083054	5.19000468102	1.61121598427	5.57480743491	6.07206485048	8.58362330352	8.8820834476	-0.58998050953	5.37865362551	8.99837801869	8.16252749628	1.86265451123	3.77035772285	-5.41488892268	-3.58316512674	
7.08920174574	5.56070627593	5.20377243404	1.78964281546	8.99330130839	6.23667511502	1.50757107158	6.30171987241	1.76895354988	8.82660048933	6.35411427064	2.08352596101	-1.75197902438	0.090082922211	3.13544559436	4.96799354926	
8.28984547483	4.77037795687	5.17774879771	1.62913201561	2.80349091964	5.86008021534	2.12255094734	8.66795486346	4.67183048073	6.05074606013	8.99978815924	4.96892007195	1.87800787333	3.72007656256	5.70031667621	7.53287353117	
8.99991181636	4.98936148122	8.22012074165	4.72744637804	4.54908044847	8.55237112361	2.25813417698	8.99787113725	1.27037898869	1.64667752171	6.45614351016	2.72199742125	3.45406094233	5.2961478755	4.96905617028	6.80158482658	
6.84706314259	4.69535486112	5.24954182155	1.61129978242	8.88368110881	6.19090664068	2.64119573901	7.56060928501	1.5364117215	8.75433122897	8.83327338261	5.06062127739	-0.154307194997	1.68777524449	5.71720760359	7.54975229051	
6.45547157388	5.15875934953	8.99999978705	1.79795336128	6.18459337167	8.87014986747	-2.73847681922	6.07092765838	2.08192309039	3.41745305324	6.57819379295	2.12841787863	2.50408723589	4.32869275727	-0.649675690121	1.23631964822	
6.19113669543	4.81403774613	5.34514849165	1.6712082087	2.71422958726	6.05829536464	3.07282625006	6.50239709357	1.54588108654	2.76263654146	6.91039285818	3.85299709807	0.695709655093	2.53777673592	3.36402924942	5.19659896397	
6.24264419251	4.79582758157	5.32405356417	1.62357188213	2.73853505623	5.78871014423	8.75544559948	6.73608217581	6.36446344227	7.90184410315	6.53565241133	8.9967113246	-0.942521256653	0.899721923353	5.40531235406	7.23772056829	
8.62837728699	4.97688708781	5.56881100618	2.25339090199	3.29057411232	6.1192666254	1.94587662427	8.93173387585	1.74362611305	3.11724242868	6.08636520509	1.74706624734	5.76621177252	7.60828901023	2.13060895691	3.96317530391	
8.71235330008	5.03790811544	8.52303228703	5.26335705776	8.07885754144	8.75189417704	1.94518232153	8.99993590469	1.50310173626	4.97664270792	5.99668300065	1.61142902964	7.15673362799	8.99881685355	7.166121951	8.99866668604	
8.49847955887	4.73746051204	5.32406873325	1.82907661123	1.59259123357	5.7885055706	5.62770618019	8.99999955248	8.81403407967	8.9999853226	8.99999271356	8.38380059776	2.62621144107	4.46827771965	-2.21386909941	-0.381285774397	
6.43743870232	4.94267060115	5.32412705073	1.61119498096	8.26904704249	6.14303451124	8.22505602544	8.99923012767	1.44206565323	8.16789662504	5.90319944202	5.61886273558	7.1579408846	8.99999933238	-5.57093740408	-3.73838145223	
8.77078633146	4.84961824227	5.51049510925	1.86601694241	2.68075471098	6.44242231152	4.56490038482	8.92402689357	1.29806919591	2.0677799148	8.99999486824	7.55709286134	-2.50886158732	-0.666779258529	-0.361298397181	1.47125162638	
7.1592348697	4.64956289486	8.99885275264	2.59853787234	2.45688223894	6.4990404262	-1.20928857673	8.38035098046	2.19301731012	1.80292098839	8.95216950701	4.50241665296	7.02073311028	8.84489551523	2.12072324776	4.00672300773	
6.22010989572	4.71180832057	5.44358822818	1.76975235581	3.71070025315	7.24559793911	8.97288639673	7.45326811105	1.20409885334	2.22994670483	6.45719421682	8.48016015276	-2.09590946346	-0.253831152887	1.85744503687	3.68997701247	
6.45510991674	4.89250468834	5.43484837722	1.81964826444	2.66943796701	6.20771857982	2.92276661835	7.12559448601	1.43990577234	2.40269546523	6.07273020119	2.42857712225	0.865481627008	2.70749309383	3.63547470063	5.46953991931	
7.1057581278	5.33516913668	8.98409925262	1.90310439748	3.83967263485	7.55935222179	-2.95549584038	6.48877246507	8.77115390437	8.79051697022	8.99989764786	4.55012854952	7.17517241863	8.99964230401	0.464650929693	2.35065418982	
8.42718398993	4.72811714735	7.7953068961	4.46755492188	1.7472244756	6.02322832406	2.64547928204	8.96919618221	1.6738952589	1.61253463176	8.94002504305	5.31043976305	1.59256409093	3.43463636024	7.07341831067	8.905980051	
6.95047998276	5.25928446301	5.25132279228	1.67553946722	8.09832649406	6.09316436225	2.81597305151	6.91851721807	-1.38313832852	7.87546865902	8.67818513757	2.47192098655	0.904091796162	2.81356761599	7.13880352493	8.9662421782	
6.7760958076	5.12234627524	5.40989285812	1.75033209051	5.52420042373	8.99999430455	2.60676774292	6.43692022906	1.21382551453	2.28454391162	8.20197712974	5.02057752302	-5.66184930281	-3.81972313611	4.01821312514	5.85071858072	
6.4757797921	4.62798659199	8.97526699697	1.92879349411	5.20502065688	8.91939401204	-0.984571603555	8.53303268685	8.9999752581	8.99400639394	7.57112261623	3.12133508451	7.17535605878	8.99999948503	7.10978167412	8.99574154041	
6.8295819666	5.35564677166	5.32422128228	1.62221561079	2.81200403511	5.79513158589	4.28398300146	6.1802959036	3.01547988373	4.62124126898	8.99980826014	7.57250277404	0.702774483092	2.5448270927	7.1674540775	8.9999996965	
6.17827316876	4.75571639671	5.32439975709	1.62407543739	2.73526403216	5.79232452575	8.98863887711	8.26186690653	3.24474569553	4.77488895245	6.19964519889	7.3440503252	2.07433905632	3.916388505	7.16745141987	8.99999985938	
8.74768279436	4.81143517747	5.31843677748	1.69332027232	2.61241762127	6.08497666605	2.45920441807	8.9999996729	1.58650101035	2.6259429693	8.99999993316	5.39052489957	6.34412146149	8.18619318711	-5.68593610682	-3.85336834912	
8.59483118142	6.16567742711	4.76272614466	1.96160268219	4.97230818694	8.71860386738	1.20150593021	7.0672339026	8.99419874359	8.93595830181	7.41386947101	2.97231837788	6.60332602503	8.44542839083	-0.668140983881	1.16437377174	
6.66890280947	5.19397183834	5.34594125432	1.68796348965	2.81527375568	6.20390786327	2.42555472633	6.2286099048	1.44132699557	2.59755892463	8.29426867834	4.96121333034	2.75854805799	4.60062614095	1.77956675925	3.61213523592	
7.04001385352	5.15953317916	8.79080800672	1.97332061546	-0.048218028512	5.65168526426	2.14760367386	6.87920317008	2.24298106647	2.56252566997	8.00690636431	2.22357572537	-2.93634535198	-1.02263824878	0.185329166743	2.11155295055	
8.89678970649	7.46146660624	5.30220740626	1.61119405627	8.56398249181	6.84130881693	2.35791304421	6.05442053131	1.26028163897	7.5608939272	8.99966307092	5.73350859355	0.00666297021168	1.84876072526	-3.73598660954	-1.9034656266	
5.92192685716	5.23455431525	5.330963042	1.62292857574	8.9117936399	6.38591049572	3.97212115502	6.27791642854	1.31664204066	8.43743664834	5.80936680646	3.18602353462	1.83504210379	3.67708416616	7.16745394076	8.99999984014	
8.94589357625	7.33738979722	5.18683183678	1.61120266185	8.92787787791	5.96977474277	8.31031546112	8.96724129863	-1.75025880344	8.92314192496	8.86990733014	5.56379780874	7.09099585672	8.99999976881	1.73265124155	3.56004081326	
8.37446391382	6.81465890733	5.18687809648	1.87699555103	-1.4967765365	5.66643862436	8.82954655964	6.64851148592	8.91426034913	8.98774501951	8.83484086602	8.53115915955	-0.0377373407002	1.87137799366	7.17257466765	8.9999927144	
8.98240613323	7.12644315272	5.18676769079	1.7090625747	-1.48261950608	5.6663109094	8.88879143556	8.91613011147	6.54360909592	7.14071509547	8.99989311918	6.44214273701	-5.36328413803	-3.45437177525	0.946678868698	2.77408241209	
6.5353321489	4.6779530594	5.2977472685	1.74050197741	1.81837525895	5.7990137031	3.18842041948	7.39988063272	4.90465254574	5.36814561309	7.65702841539	4.29801680076	5.3499205914	7.19198052067	6.70444224499	8.53699433856	
8.23036629175	5.62706129162	5.20397680675	2.73894754307	-1.92799699571	5.66639118369	3.52955633389	7.742082595	4.53681931944	3.46126665952	8.99904931268	3.21797434381	7.09095878871	8.9999958567	-5.66957344786	-3.84219154842	
7.34450229259	4.95284874778	5.33578788675	1.80129511766	2.53443563785	6.24594867823	2.00460651655	7.28252010382	1.5467491237	2.25662613708	8.10989895841	4.218698356	5.67731137537	7.51939213347	7.11199030057	8.94454091628	
6.34899135995	4.9542353305	5.32980368949	1.67013812283	2.67112063877	6.03895066666	2.56500257387	6.28346958018	1.59534994308	2.77407608819	8.30742852937	4.97878399384	4.14962668019	5.99169750481	-0.165370174423	1.66718631153	
7.38196030726	4.65092755179	6.27737275826	2.85754506438	1.86600951118	6.07558467519	3.77722855852	8.9999890492	1.56818165729	1.66533295698	6.92416161203	3.42749182203	1.63794194592	3.48002697015	-0.396051666657	1.43650328531	
7.52289761572	6.181281234	5.3494869514	1.71933673935	3.25279411641	5.77993348521	2.03942369172	6.16775726121	4.07437843605	6.06426673264	6.07551293576	2.28387392455	2.68383139148	4.5258785898	7.14282613876	8.97537616842	
6.53218369036	5.08607591939	5.50254073304	1.86533986082	2.58052937489	6.33010841757	3.62089065727	6.91300564931	1.34010821629	2.1146093216	5.90916396562	3.05823603653	5.55796813746	7.40003968087	6.58535652204	8.4179354198	
7.7138997212	5.47015381281	5.22948463268	2.31307072687	-2.00477667821	5.66631557999	4.85215520077	8.99276770514	3.74428977358	3.19253454145	8.99987943014	2.78204419901	7.09106885733	8.9999999914	-0.410884412885	1.41652083776	
8.63079812068	6.93359530942	5.24156431406	1.66595188326	2.84857313747	6.11085408561	5.94814087405	8.83230537864	-1.98395999192	2.59729058	8.99999942377	3.42707604775	5.09400526642	7.00285733523	2.42205277828	4.24948848637	
