8.49495696109	4.76808060637	8.99997163497	5.66683124394	1.58069924214	5.93446389161	3.51323453396	8.99982574078	1.7467054877	1.61296316366	6.77697468623	4.0123339176	7.15793412748	8.99998960161	2.48796043386	4.32051699717	
7.58805292364	6.82588756588	5.32463778927	1.81390616104	1.61821826795	5.78828085759	6.72238230252	7.69628956906	8.77165682555	8.99918409308	5.62803920937	4.4113934722	5.74500903691	7.58700739248	-5.66824719128	-3.83570676375	
5.99164800309	4.91165429392	5.44789699881	1.82274145446	2.8953482497	6.57287564192	2.56204252725	6.0135602347	1.30822044928	2.14274226702	7.76628084362	4.3898211018	6.6438678082	8.48595885558	-5.58182352275	-3.74925275441	
8.54926311003	7.75779816423	5.63343632986	1.86160318671	2.41180919078	6.13462638574	8.16430074205	5.50505658301	1.19856468678	2.05147543447	6.46131476408	8.99957829158	4.07155842087	5.9508394519	6.97568191248	8.99999974194	
5.49649907632	4.75508138935	5.17384865705	1.77304812306	2.46014583698	5.88649945421	2.24837246242	6.20757677702	2.84056087364	3.70190901903	6.51530210418	2.29257035813	-5.83605007209	-3.99396928871	1.21000342474	3.04255170512	
8.71631382704	4.86394172863	8.6073152356	5.51200915573	1.36406155875	5.84401094978	7.99861707879	8.87769795597	2.10917014465	1.61137126727	7.01869276007	8.98708868796	-0.169094899775	1.6729332151	7.07632985818	8.88482388092	
6.75361287438	5.05520317704	5.18678321301	2.96433586204	-1.96452312503	5.6663837612	8.81500224273	8.66132829775	8.13085454788	6.79737224446	8.99999978355	6.6590587712	-5.98072320257	-4.0720074282	6.00543313472	7.83277751403	
8.29494832143	8.9999972015	5.34536559126	1.71826970149	1.98742926596	5.78135468066	3.43743859257	4.6372470958	4.08596869275	4.80600048399	5.714126487	2.80436357426	0.726425899161	2.56845881474	4.5675568123	6.40012512304	
5.85947307713	4.78530099622	5.19744110875	1.94216196473	7.8279711816	6.1395094988	2.25950242895	6.7164078208	2.01659017134	7.84724789005	6.27184186851	1.88414794964	1.2829805947	3.12508180319	4.55049323338	6.38303447549	
8.05022503649	4.67453629759	5.32410912942	1.61773352271	3.01137081928	5.7886120174	8.03522779286	8.97833430439	4.75525557195	6.57126825147	7.3737424114	8.80140207506	7.15786856236	8.99990353486	3.79591772015	5.62847569741	
6.59320010795	5.88707688225	5.25140472386	1.82868784113	1.69730770502	5.81948450099	1.88486551718	5.34868680936	8.8117848384	8.99920642483	8.96499733248	5.20237342735	7.15461885189	8.9966706249	-1.21847111404	0.614081528289	
5.3045083714	4.87879912981	8.99986100381	1.78625838142	8.94722777976	8.91364444661	-2.71694160755	5.40295882483	5.04140576776	8.92614078098	6.54033134883	2.0905456386	5.22190150947	7.04652116516	-0.0336269189595	1.85235623803	
5.81840650346	4.7268052174	5.39941726821	1.77417715325	2.38101155481	6.10255709591	3.00540239951	6.36957356458	1.51671077681	2.30729150286	8.29962476317	5.02212667768	7.15792324628	8.99999612408	5.95690561628	7.78947420705	
5.19417706084	5.04289447425	5.21329401781	1.6652614551	3.9885679489	6.01981734078	1.83230563957	5.04819734755	1.87204312834	4.2757118251	6.6350714321	2.56553277519	1.87565857826	3.71773410765	7.16363121922	8.99619456264	
8.73100995117	8.90385676242	5.33892435445	1.65146152471	2.55492198252	5.89623751355	3.88559419318	4.44566609234	1.84793384678	3.08097567515	8.99795888247	7.26010171221	7.03350655594	8.87557233745	-5.65974557425	-3.827195283	
7.30702791854	6.75862060835	5.18792307429	1.612313039	7.61741005942	8.99826997983	8.96019995712	8.97683539014	-2.17394734632	4.28570725098	8.99673370088	5.14555564205	-3.11785521593	-1.2088408558	-5.03704635421	-3.20969062646	
7.68712515519	6.7932775534	5.24484649881	1.91241202962	1.60456598554	5.82266864582	1.82729007518	5.51636721499	8.99799918948	8.99921371523	8.15204732815	4.35189073876	7.15793718053	8.9999901644	-0.918790442571	0.913761466429	
8.64199743688	5.17828894081	6.10817656206	4.76757717259	1.19108927815	5.78907099469	8.84099977891	8.61982076115	4.05965365486	1.68914986274	5.98505559417	8.6650204743	5.1969467161	7.0389890822	6.95797722412	8.79052243913	
5.16610015375	5.00895683521	5.11690651564	1.61256225813	7.66273846956	8.99999979771	1.69608452596	5.00265641538	1.51174075715	4.56575160639	8.83030046514	4.67589926303	6.43238694435	8.27447955189	2.4752483905	4.30776389297	
5.66423860315	4.62574894194	5.53106451171	1.91817791651	2.22692550658	6.13955936318	6.3329385533	7.43748086338	1.44504516103	2.03219480486	8.99999976742	7.92900831199	0.173061351651	2.01515028178	2.82384355472	4.65640960277	
6.6507625639	4.76380425075	5.66953510128	2.09543901177	2.31666741609	6.27705798604	3.49924638324	7.6007882806	1.38164666024	1.88227590377	6.31276340477	3.09321593878	-5.95842465065	-4.11633323994	0.790208055431	2.62273713643	
8.83111819058	5.30773192537	5.32412708922	4.48796634311	1.18909008676	5.78808932004	8.47375824642	8.99999818633	8.98827737173	6.11204719903	5.80544719264	7.79876175496	7.05293241723	8.89420806822	-1.76166482342	0.0633009496999	
8.43903233943	4.95097286724	5.32410767461	1.81749341567	1.61093302619	5.78848552453	8.92798994199	8.96598298724	8.78406820121	8.99999989001	6.02448412006	8.46963676515	6.97945393158	8.82149435054	-3.85039338532	-2.01783385933	
5.41411129574	5.0797686495	5.27966666181	1.61496755593	3.5239766734	5.86996015353	2.23654122764	5.13746930917	2.1219104071	4.32751201339	8.61489860224	5.04338298457	1.0686476773	2.91070633166	7.14273719681	8.97528424311	
8.27453613879	7.9558350103	8.91598372391	1.63818026758	2.30013474488	5.74617668342	-2.30512979317	4.94313399468	2.80994626403	4.04367113671	8.93290592643	4.48333691919	7.1660256695	8.99059694496	5.78513540466	7.67117202175	
5.90420228483	4.70939881593	5.4638996346	1.80873635435	2.66263829519	6.35811668864	8.90530374219	7.43845145854	1.32494228547	2.17151217972	6.40440997584	8.0611390094	7.10300867307	8.94509091241	0.973198323014	2.8057779373	
5.94106811355	4.7366507786	5.2483986941	1.61193485177	5.52090948145	5.98894068648	2.46911763815	6.45034763247	1.79137094502	5.84669584452	8.17368766111	4.39193849877	-4.86993162979	-3.02786454022	6.33572205805	8.16827129972	
7.95539947146	7.19257160702	5.40061637577	1.85477427988	-0.895513627794	5.66654118395	2.82825091366	6.0438170032	1.24132184789	2.3906168354	8.99999950428	2.26370853751	0.291821469919	2.20079891541	6.27533046551	8.10269882275	
5.64390875692	4.61873926173	5.03178026316	1.70528162666	2.60290153301	6.11231425924	4.57076657145	8.87072469971	2.36420258767	3.06820420747	8.99025808679	4.71050856247	3.2565433844	5.09862773428	4.81941703464	6.65194170146	
5.11974376534	4.76445465422	5.15145626141	1.73450982727	2.11760066615	5.89693270076	2.06763774243	5.5269747253	2.92326842081	3.44778539751	7.83819378903	3.72919946273	0.602383853072	2.44445767571	6.5193836223	8.35192082758	
8.59881491725	4.76624665467	5.17008305075	1.63273594008	6.33064093111	8.9827059689	2.09165241604	8.99999968991	1.44078501165	3.21300256279	7.82200317531	3.74124360068	3.42886276666	5.27097099723	0.221501819675	2.05401566081	
5.43580333477	4.621936873	8.10883098865	1.79268724012	0.18083690552	5.65345495193	5.60512892784	8.96244454497	5.03024524489	5.31812482205	6.38019203153	4.27357518829	6.63370169495	8.52561623572	0.134928026498	2.27050908729	
8.39605880043	6.52217180459	5.39130604706	1.97321078339	2.87779733274	5.76597105411	1.54839813567	6.66644892112	4.49510057251	5.9119044778	6.12077873375	1.87168846079	-5.78761968343	-3.94556090681	-0.841192076189	0.991363432203	
8.83782128206	5.1857636144	8.66770772084	5.42560248022	2.19839896893	5.76722137224	1.83819863792	8.81407569792	2.1441115349	2.70427613309	5.97652409561	1.64777969917	-5.94956339455	-4.1074976235	6.38628942443	8.21885404791	
8.87038920332	5.96869442407	5.23487019747	1.61412760712	3.50205614643	5.8276273624	1.79992975156	7.54005645663	6.5449417877	8.72696733028	8.96039229844	5.11706179444	-4.86458105469	-3.02255504599	-5.0025231616	-3.16994248033	
7.00270910116	5.88459336342	5.43491957226	2.32252227616	-1.83046054481	5.66639138575	3.76863547955	6.3279303549	2.27211019278	1.99208748754	8.99104464088	3.3273869145	7.07456196963	8.98356442286	6.39076709914	8.21814175927	
8.8443272214	8.99999977858	5.20264786859	1.62546908107	3.52161502242	6.04834005983	8.03076391999	8.72466223916	-2.04970691728	3.21731268882	8.98680234629	3.80197126409	5.46275285875	6.97148869422	2.9064179596	4.74214282954	
8.76238155177	7.95088887556	5.31635852863	1.8432878477	2.30849413421	5.79145204824	1.64183736479	5.5637814472	8.07040901044	8.94740216537	6.20002181664	2.08464589149	-0.535508785074	1.30654517865	-4.88572401349	-3.05316887187	
5.53921957981	4.63040619704	5.2965872988	1.61285314573	8.78725048616	6.27808610599	4.19691350961	7.48754486741	1.40405133605	8.48387510539	7.40442062646	4.01763287054	-1.42129890465	0.420793642177	-3.15182146975	-1.31930410873	
5.19061526883	4.61857960138	5.32400356407	1.61114524555	8.99999980584	6.76657800056	8.97926703614	8.70505350968	1.23706492565	8.0703868084	8.9449140527	8.7860750424	-5.55249245371	-3.71028724227	7.15018132703	8.98260608763	
8.9403478436	8.01538027295	8.99865552275	1.95262726835	2.72823963835	6.48433837918	-3.00249845902	5.54936308382	8.99999520854	8.9947580428	7.14025518541	2.69048362261	7.17537130159	8.99996505587	-5.98488023531	-4.09891297792	
5.17715435862	4.76558684125	8.9445897026	1.61178129343	8.60343346579	5.90523472648	-1.7238663512	5.59197693488	1.43483180877	8.8930551285	8.92523176788	4.47569640632	-0.103543132747	1.72106684196	-5.90869257413	-4.02291477617	
5.32473791246	5.01921658322	5.39637307804	1.72486333729	2.61912961757	6.17088107516	4.54177998549	5.56504010436	1.42163775942	2.42827492824	6.05005008528	4.32739008357	4.2247202545	6.06678946152	7.09713139037	8.92970324846	
8.80914682563	4.83451325905	5.17424275734	1.63929723785	2.6177818205	5.86204180031	1.99080932899	8.99999947181	7.78796786083	8.96554925648	8.95301222996	4.9135159205	6.29153451976	8.1336077512	4.70984379104	6.54239353925	
8.79119504356	5.43673382976	8.63657884141	5.11993847451	8.99999946399	6.329562803	2.51602489693	8.99999882001	1.34750640336	8.42154946079	5.74580385015	1.61127973805	-5.73348472408	-3.89134838538	7.16585306836	8.99833759473	
8.3235812148	7.70906381158	5.24449834317	1.66889789262	6.19839230004	6.24108630839	6.29070742257	8.99928213236	-2.04575837308	5.75804840821	8.99999993895	2.51699783057	-5.2355916705	-3.32666284497	1.78575360823	3.61315648948	
8.69034608679	4.79210483511	8.5585881549	5.09003601676	1.85900955001	6.0915694098	4.48305837992	8.99883951252	1.48851298259	1.61139858251	8.99999977247	7.37752241632	6.64258022456	8.48464816059	6.70777512589	8.54032274178	
6.66292840389	5.68424498085	5.51048291867	1.93492299511	5.79718103959	8.54614147934	2.7184704579	6.47857322744	-2.0757147047	2.91795376963	8.99999944975	1.93346619994	-1.53418942939	0.374848348767	-0.802784453367	1.02458952774	
5.34844687916	4.69277029583	5.38779923672	1.81235871579	1.81290427009	5.86727476599	7.57352599302	7.46003065857	-0.870373509792	2.0429706077	8.89980477897	6.15979751749	3.68575124863	5.59554087045	1.06341671158	2.89099804108	
8.81087681805	5.02637825966	8.48514074708	5.57687738137	1.35549459823	5.82992857073	2.46982140163	8.79650553778	2.32241277902	1.64312822828	6.31085713478	2.76374189132	5.84876270357	7.69082065701	0.594396805912	2.42695037957	
8.90862954696	5.37272582902	8.99833260976	4.58706916744	2.68749074735	6.74735408454	-2.29875602543	8.2454842423	4.04746658229	1.7222574441	8.98749275878	4.53772603664	-5.97640429354	-4.15181197559	5.93130789443	7.81732485086	
8.93594017647	8.24610945935	8.99399601446	1.72218748628	5.59530768205	8.97033174364	-3.05881807494	5.31414100361	3.62057856118	4.16597001577	8.74807927404	4.29829778669	-4.77340500031	-2.94880286694	-4.05216271325	-2.16620854479	
7.47399639646	6.31663510532	8.99893977759	2.37053812338	3.38865533172	6.59321048625	-2.99852259399	5.7904971069	3.95349544274	4.07742045723	6.22102003547	1.77124144317	1.37921924212	3.20381196469	6.09774856964	7.98375228874	
8.74455335545	4.84684455065	8.01590643502	4.52309262868	4.89971854574	8.93737717916	2.34639971481	8.90500486614	1.27000878567	1.61209217126	8.67845282086	5.01258338335	-5.68327385976	-3.84117415274	-2.41557284927	-0.583055120517	
8.9598359444	8.19134465692	5.28863652811	1.80121558283	-1.43551621655	5.6663796566	5.20886361559	7.05554667837	1.66877888374	2.31625826736	8.99999977615	3.54181041326	1.10961345173	3.01855264163	-5.64116256919	-3.81374337701	
5.07095213396	4.78741517875	5.1333049098	1.62962194963	4.78810668962	6.12433121763	1.99973734369	5.43387493758	1.8793830236	4.9338019485	7.16285677324	3.00728308841	2.74377057528	4.58553853846	7.06709259776	8.87516101499	
8.5083057685	5.03705619598	7.60600726606	4.66667349805	2.30875369443	5.64995264784	1.73464322347	8.66492317994	5.53106365017	6.01608602004	6.07563174828	1.61166968962	7.15703089983	8.99909258663	-5.60027509755	-3.76772283599	
6.00511436428	5.37846300718	5.19998192812	2.06849217979	-1.76549440976	5.66640184822	8.91294561325	5.87776360258	3.38821413015	3.13763932536	8.99998853169	8.49394260701	6.39364004067	8.30263269405	0.749884588755	2.57725971676	
6.17893045016	4.65940818581	5.46096249699	1.80547691928	5.344888621	8.94024346304	3.70639212959	7.19173201845	1.20414264804	2.15121308808	8.31850016701	5.34769837628	-5.73118946988	-3.88907625706	5.68685902716	7.51937136599	
6.34640804449	5.55825443099	8.99730280005	1.95524065957	3.52805258593	6.8678040217	-2.93386441576	5.46611898088	2.83335879742	3.25559567745	6.51300876571	2.06321107429	7.09965278636	8.92425813304	1.9599178309	3.84592234545	
6.74585843049	5.79835603165	5.37762230808	2.10812747715	-1.80112574813	5.66633765258	3.46575623532	6.74599955509	2.39566002735	2.38557079789	8.97693548202	2.33826918395	0.959623743094	2.8685889346	4.70574640514	6.53313452197	
8.6746929838	7.21972675543	5.35897159274	2.49414203294	-2.06656371716	5.66630820537	3.6077578618	7.43643850982	3.22232437063	2.60556549144	8.99997925919	2.25693567236	-5.98933446445	-4.08045243549	7.0630274428	8.89041661656	
5.33764223112	4.66155337936	5.32411863507	1.6112097136	8.76919358962	8.91921633044	7.00388844977	6.33756370626	1.18901702682	5.63879590896	7.99529399827	8.3327703623	0.102410491134	1.94447516304	2.89769183481	4.73023802235	
7.98371534007	4.74922798038	5.57481450114	4.35149488423	1.30725123434	5.82031458054	2.45725240332	8.51076970815	4.30455617958	1.90169485335	7.01629960037	3.19234305429	4.54736199792	6.38941832905	-4.52271750204	-2.69016403952	
8.77280551743	6.61823350273	5.41155492812	2.32632568899	4.26167616974	5.75955381116	1.32134140037	6.92766251717	6.49604793709	8.9702940684	6.16113431542	1.7044466778	1.28828729779	3.13035880416	-5.61140645952	-3.77885761451	
8.82911186562	8.99999976643	5.32406414007	1.61238050438	8.94548309196	6.28276959237	8.88318702354	8.86547691866	1.35712537909	8.62227680632	5.62410817915	4.46560714492	5.75240919986	7.60077079801	-3.67415289265	-1.99378540681	
5.70855151972	4.64364680255	5.39792391982	1.72531250964	2.64615436974	6.19402495161	8.99999977381	8.06356019187	1.40551893467	2.41715678227	6.90292386388	7.89932838373	-5.80385678495	-3.96176593496	-5.84975714116	-4.01718968417	
8.91416914238	7.27596124129	8.99998879098	2.76408643781	8.67400909416	6.22374136341	-2.80885943378	6.26340840661	3.21893313538	8.80279870383	6.09261441652	1.64281744195	-5.91444294033	-4.09011875148	6.58731833817	8.47280164874	
8.72130656564	8.99999976901	5.19634088527	1.62071775158	6.35283294773	8.6990633861	5.15418692004	4.69549615449	-1.93342865369	3.32062638221	8.99970021677	5.03698769269	6.69555277239	8.6046137589	2.67338019707	4.50071972593	
6.00109268741	4.81677390334	5.28843745935	1.93379202245	1.52823387803	5.80277502186	2.57786634801	6.28018897042	8.99999644654	8.96698368588	7.09421235933	3.57128122086	-1.51146325577	0.330591369011	-0.220364101476	1.61218771944	
5.51511178828	4.62436939236	8.96680555288	1.9207058221	5.25412946391	8.98636228144	0.367670917447	8.91979906846	8.66045071112	8.64466638332	8.94331985263	4.4935338975	0.84244984912	2.66709364848	3.61019061929	5.49610850023	
5.61670466753	4.6377784238	5.316527712	1.61116091116	7.99675632149	5.96109178368	4.17512371867	6.96020112129	1.68936692892	8.3173087194	8.9192398905	6.10813402171	-0.631358742394	1.2107205804	6.28373704037	8.11626829711	
8.31087365215	4.86924295218	5.26821848021	1.64299640967	2.89286064666	5.81370003848	2.28376363891	8.50380064489	3.6253479539	5.21660922459	6.72561570683	2.94228710205	-5.92436499285	-4.08230808777	5.23493922207	7.06749856062	
8.54689428498	4.94758050454	5.23230305516	1.61207572685	6.27867670029	7.28666146582	2.04196071972	8.49359065057	1.33727426727	4.83637509879	8.37870288031	4.52148520836	2.65006549631	4.49210376185	-5.72189189249	-3.88931467859	
8.84319030646	8.07111604826	5.20018274031	1.62457317238	6.5693415544	7.08985095917	5.69594270037	7.9459549173	-2.15878585527	5.16252629435	8.99622292428	3.13402874201	-2.94366400892	-1.03469128589	6.5512238322	8.37861362796	
8.99999977601	6.65460676076	5.4803363933	1.81573630078	3.69166373475	7.3141134565	8.99999976861	7.69504736321	1.2018148749	2.13089793559	5.71737491142	8.3627428983	7.12061966213	8.96272348031	-4.22458648253	-2.39206046227	
6.34219331421	4.71097252041	5.23399932786	1.66392837455	4.01108915197	5.83933013582	2.69239690724	7.33761648086	2.96414658405	5.59286596846	6.57988239344	2.56095030871	-0.307712066025	1.53435452818	-2.52515942376	-0.692607054152	
5.53897310539	4.90431569965	5.34128834955	1.84468697711	2.53993775876	5.92448603587	2.17787974536	5.90180219958	1.95240462227	2.95134398507	6.21175200963	2.11755786342	-1.86474206521	-0.0226755222785	-5.4119892808	-3.57942918408	
8.13041819094	7.56415459443	5.26335663225	1.62863548538	4.14066557045	6.79711361988	1.86466069582	5.18554821632	1.33992259361	3.2051050071	8.56846113026	4.80888309926	-5.35241911278	-3.51034063592	7.16747141234	8.9999973961	
7.36669927148	5.30457986936	8.99993591329	3.1495701211	7.51346816685	8.97196060929	-2.9686231208	6.78802110547	7.95618290435	8.98527433849	6.07490396104	1.62511360905	1.84460236992	3.66922770034	7.10895291458	8.99492663684	
5.72508297434	4.62385721703	5.29604135425	1.79033136712	1.69896700657	5.79959889299	4.17040317332	7.63721000142	8.50966363431	8.80165654561	8.83122406902	5.46068421855	-4.80286939772	-2.96079822582	-4.04695593738	-2.21443937426	
6.98614350871	6.41252172229	5.18702489554	1.61141907649	5.40714231129	6.12995413066	7.22578526943	6.64100994414	-1.92285670438	5.12657420367	8.94792086781	5.79162135952	7.09088214928	8.99988661979	6.73438822338	8.56174939451	
8.91177212375	4.88337929971	8.99950498338	5.19838745181	8.84482360776	8.9169945775	-2.70280433653	8.99999812175	6.53229478625	6.91857189034	6.06108635426	1.61130284709	-5.50890259694	-3.68430727367	-5.85104469483	-3.96509548469	
8.94275156425	8.25511311243	5.31559827341	1.74001228984	4.50972664218	6.0460900826	5.86851194928	8.96200348433	-1.94600550113	4.36434962199	8.99999881111	2.20496921342	7.09103806323	8.99999952224	6.97223105011	8.79961444925	
5.71735632909	5.01626963213	5.43451127674	1.77404575473	2.60157281672	6.25745102164	8.93316279841	8.98851836625	1.36886716435	2.26033396067	5.8452273681	5.48603676715	7.15790389661	8.99997458486	-0.479084299915	1.35349228198	
6.92787969195	4.68525987766	5.24741346049	2.85948504532	1.32660183641	5.82235407859	2.67763181005	7.70874245398	5.21246790762	3.9915351227	8.67022069855	4.87679477954	1.00153091613	2.84359146352	3.12006997901	4.95261617667	
5.44845476954	5.14479954172	5.34742951552	1.77185953544	2.15382093659	5.97076386867	7.0239315331	8.72634991358	-1.71197433696	2.14707500687	8.97933967464	3.36210711802	1.45573709118	3.36476158378	5.34758585717	7.17495356683	
5.49344632455	4.70244102815	5.23357312783	1.6186383131	3.09642566861	5.829149338	2.5295517325	6.16456620492	4.04145482937	5.81055661824	8.99999995164	5.15105618725	6.70819567221	8.55025463824	-2.92072057259	-1.08817677588	
8.84469423016	6.70704303815	5.24730103757	1.67924453554	2.13860383277	5.82149058185	1.84226469326	6.7599771172	8.20787266757	8.97994665197	8.59269081886	4.80768098222	2.981712858	4.82379193838	-1.01696199746	0.81557679853	
5.37825760232	5.13118240085	5.26943020819	1.69383573948	2.57473589396	6.07566154281	5.49572264646	6.33537934498	-1.78900626372	2.37988179555	8.99999903263	4.195152495	-5.93690122747	-4.02811573068	0.927124297939	2.75450157865	
5.1543667133	5.22873563828	5.42467293888	1.78304201044	2.25859237501	6.03794264192	8.84340170159	5.631559894	1.5480817171	2.29720028322	5.79517270833	7.92776588713	7.15797294412	8.99999193387	-2.72900601576	-0.896411540347	
8.7529970702	4.97150128313	8.60098267638	5.02833700604	3.7822212281	7.82309276331	8.66053506726	8.82379842796	1.19269712953	1.61137460047	6.36822646648	8.98151098762	7.1574898333	8.99955870517	-5.94509396821	-4.11256054947	
5.49444704011	4.62747834785	5.30383744867	1.66639877348	2.29371573925	5.83942569791	5.67594332987	8.96486010524	2.2976326961	3.27625549248	7.31005195794	3.88316560922	7.10877334497	8.95084212964	3.84744315418	5.67999215205	
8.57579378416	7.1785221643	5.26703782814	1.94912446116	1.60642716152	5.81217531103	1.81606341404	6.06949598254	8.86932190527	8.86836708247	6.56637693716	2.70529176109	-1.61555536015	0.226498059116	2.008893278	3.84145100626	
7.67104325805	4.65081531255	8.63909798717	5.18758950517	1.79949919053	6.05452696152	5.80968484223	8.7976108676	1.52797391701	1.61135634146	8.17575587212	7.2031117786	0.570069005463	2.41214507623	6.0337656284	7.86630546865	
5.53090849381	5.20041146923	5.26440340397	1.68879074521	5.4918492256	8.76052310678	7.37620030971	5.86571545155	-1.97529900432	2.39808796324	8.9999952763	6.65648209803	-5.67865153877	-3.76956322439	4.30421306616	6.13157582413	
6.37618967251	4.62551396637	8.84098349769	2.62734267496	5.00761986945	8.98908966611	-0.240815172408	8.89230604911	3.00129867758	2.18277027152	8.99395790756	4.54417155382	-3.76315175782	-1.93854861614	6.91593805002	8.80077024787	
5.27145578796	5.00399046291	5.34592799097	1.66605401678	3.24911067601	6.36249029361	2.80141323986	5.24612643156	1.34562031	2.79900759248	6.44026799709	3.25808334165	2.02819957992	3.8702680051	-2.99754438596	-1.16499785418	
8.79569340103	8.92945789798	8.99987827086	1.61509038947	6.73100374243	8.57547758407	-3.06992950804	4.49045831886	6.81305808414	8.99095719874	8.99995989177	4.5501782042	7.06310055302	8.8876810106	7.00172266517	8.88761801378	
5.28326948483	5.11475856122	5.26093950557	1.88191318297	1.87211571208	5.84437008355	1.83741807641	5.05278584377	2.73327098553	3.02692777553	6.47982490551	2.42804008902	-0.0762933230423	1.76576493017	7.16666917976	8.99921938966	
