6.31814381943	9.0	5.28965999718	8.78390268376	8.9557890184	6.39592221545	1.42904838329	2.04311936702	9.0	8.9414159764	6.46553784561	2.10937531712	-0.337093317963	1.37102307791	-0.299093066446	1.43537949027	
0.910143773383	4.47575237858	4.35146451212	6.64422128351	8.30279120419	8.98508735342	2.30377196211	1.53787228953	8.6439006317	6.72301010006	8.54640166329	4.72036085638	-5.99662119494	-4.23326120919	-2.48065256137	-0.767930731311	
2.72031248669	9.0	6.94192590541	6.6034605008	7.64522921057	8.88202643349	5.72202629218	1.54628575526	6.01678026048	4.41199586915	9.0	7.51956452407	-5.99997043354	-4.26909420516	5.20506583747	6.9132653432	
0.941654924511	4.37855645612	6.45677381602	9.0	1.69799633583	5.77467149969	6.8091965762	2.4112755306	7.28278986556	1.64112066456	9.0	9.0	7.36621912199	8.91114545466	7.3468747509	9.0	
1.20185543732	4.39325471045	5.98353221825	8.76392028336	1.19823482904	5.43730788182	2.25911687291	1.96482219181	7.75438729326	1.64932771176	9.0	5.11155923426	6.75763949628	8.47360513599	3.17685599488	4.9144283661	
-3.50002914922	4.29277189656	9.0	7.15394700559	8.99957179332	5.76498661869	3.73422735011	1.4868590046	7.25945030736	8.99970994033	9.0	6.77298266084	4.25078484134	5.96393161647	-2.66694781449	-0.934719819037	
0.0174328787647	4.49148383303	3.28267989434	4.78665897495	5.1228832455	6.00493752017	8.78193761838	9.0	9.0	9.0	8.93765427155	1.7868020892	2.55809909894	4.27608182447	-1.54879011354	0.163546421308	
0.828999633195	4.40582321057	4.33147429442	6.61798698142	4.93743536848	6.51811253089	1.82882923742	1.47565760899	7.18602616264	4.38299863119	8.80070889954	4.62811205103	4.44578688385	6.22040370023	-1.78118434422	-0.0801787754259	
-0.338654521632	4.46404181051	3.19095762758	4.35301577881	5.4133254359	6.22446462558	9.0	8.38149305178	8.58530828469	9.0	8.92732377036	2.28206816635	7.27720417644	9.0	1.10417991698	2.81042060708	
2.80467247967	9.0	8.17549644553	7.98793020234	8.96495284559	5.94427477596	7.04197020462	1.60448029026	6.48586504316	8.99973593698	9.0	8.81039171449	4.83030842344	6.55549894427	-5.9853839431	-4.25700424079	
1.04878244813	4.35336272206	4.68424098238	7.31680772836	2.38753450317	5.68246843842	4.70768709588	4.65618680323	7.85589292692	2.87349593291	6.09918218548	1.88006585275	-6.0	-4.29994964172	-6.0	-4.29394379149	
-0.516933004162	4.40477352291	3.07798476173	4.1554511052	7.83336504679	7.05916680933	9.0	4.85099810428	5.25666215806	7.40134831768	8.99146023426	5.70852547441	-4.17557886657	-2.43810452503	-0.22348457417	1.47236626935	
-6.0	4.41647920575	9.0	4.58204633879	6.35991613932	9.0	8.82723717995	9.0	8.00403325456	6.24861380074	8.91787810524	1.80151777512	-6.0	-4.26105167706	4.62050978574	6.33009053653	
-0.266132571761	4.49780617816	7.75426629635	8.95988304681	0.515710528946	5.47449681162	9.0	1.88500354338	9.0	5.08148101918	8.99370068223	9.0	-5.96236526257	-4.23478027172	2.22486059781	3.96336201488	
4.23947593071	7.09815065881	4.49075342027	7.51123233902	8.99916092789	8.99602044555	1.0805246582	1.58728254802	8.72571297556	6.79196605061	8.68354638734	4.25967597305	3.97394650868	5.70965816583	-2.83173740084	-1.008269229	
6.41904317159	8.7113711464	5.16491036489	8.8093364674	1.17310144611	5.39774181139	1.11867636086	2.12108582786	9.0	2.03332858121	8.8626678636	4.60665242451	1.82741737079	3.57193321787	-6.0	-4.31184360569	
2.87234684176	9.0	9.0	8.87616280833	1.13858793272	5.55271033165	9.0	8.99996841908	5.97039561904	2.50837110973	9.0	1.9288257554	2.02786321722	3.75129806934	-4.2458884252	-2.48605711006	
-0.876365248595	4.58271342505	8.45122713625	8.99998001606	9.0	8.53123252495	0.304634316916	1.64180572617	9.0	6.39545913156	8.4116902116	4.01206039145	-5.83604909903	-4.09397152275	7.06975350746	8.79669383555	
0.831970600391	4.4552354965	4.82993009153	7.12780135566	3.59628567837	6.87842890512	9.0	2.01435931607	6.88665197875	2.33671401151	6.66363486429	9.0	-2.69993941927	-0.962430720667	-0.245204778239	1.48903610808	
-2.95606643417	4.59733788071	8.99383102097	7.46597262403	6.49664417692	9.0	9.0	4.0771582502	8.99995324213	4.67527214334	6.02922249319	6.57585716872	7.26480059909	9.0	-4.08553200309	-2.35533304078	
2.77581009447	9.0	6.29433839081	6.04124596008	9.0	8.44343577448	7.63934107055	1.5963480916	8.85316588562	8.99926001234	8.61683848114	9.0	-5.14840173428	-3.41412993337	7.27574515933	8.9993126752	
-2.90264120419	4.47071589998	9.0	7.62269251409	4.88176607977	6.73284145601	2.46418303533	2.446790691	8.31049182704	4.49088592864	6.08784333578	1.97427046551	-2.40241905038	-0.680119947832	-0.844567780341	0.85133843199	
0.896627738938	4.49168940917	5.40608586313	7.77209863581	1.60386805564	5.71764408527	4.19117228071	2.53071206612	7.28387821893	1.65848334728	7.83064686946	5.05272113929	-6.0	-4.31681476342	6.02257863752	7.82147385022	
-1.95303276697	4.47621985204	9.0	8.56232097596	1.07804105194	5.61440715995	7.37345864097	4.70637509111	8.05701021901	1.84938320245	6.53778061303	4.7844898932	-5.93350279223	-4.20098457969	5.08776483539	6.80346967038	
-0.52547090284	4.37620972156	3.11772722072	4.1739966188	4.11727591208	6.35798854329	3.0952183575	2.10394750345	4.78667332448	3.88692619981	8.99262882182	2.66228140342	2.55050536097	4.26113476705	0.84698206354	2.54411099571	
-1.12863519685	4.52327545151	8.03257378303	8.37343574283	0.920563899444	5.61552714413	3.71421824282	3.19819534904	8.89308406596	2.4069798536	6.5755351314	2.77720785468	0.108131116599	1.83476988032	5.6505677845	7.36758201585	
-5.99685002565	4.38237917233	8.99543276252	4.60181723893	3.25549240307	6.46149195114	9.0	8.99909577904	5.11080798591	2.88250317197	8.93070827758	1.92049186016	7.28483763773	9.0	-3.20208438756	-1.49619873623	
-0.0852832885053	4.51505218753	6.48054823736	7.87842739837	2.75909495633	5.55255385825	8.90613684647	8.32385512447	9.0	7.00495503306	8.62003448443	2.28999532853	5.45768474931	7.19023861436	3.86107260004	5.56917266556	
-6.0	4.50716653529	8.70609025105	4.17060637483	7.9518928287	9.0	8.86035307903	6.41224963691	8.41734750706	8.72772028599	9.0	4.04003909379	-6.0	-4.26233781901	-6.0	-4.28601471483	
-1.04373185446	4.56497829244	8.59861534699	9.0	7.99949004296	8.77668920329	0.583879574417	1.64254130004	8.58627580454	4.97323674115	8.76319803207	4.40398853971	0.733394470871	2.46611067965	-0.276015547566	1.44857065979	
2.53965257328	8.43248580337	9.0	8.99978870813	8.96916616402	5.75221679572	3.45486470999	2.60478833391	6.34896541974	9.0	6.95974236248	2.43988670486	-6.0	-4.25982238016	-6.0	-4.28105545731	
2.27101058771	8.99408010039	6.02920477601	5.32078233436	8.99967259242	9.0	9.0	9.0	4.94548360712	5.85771696702	8.9999984379	1.9241603228	7.25542828731	9.0	-4.23593050126	-2.51910528459	
1.13793906013	4.4711062001	4.38185708851	6.93379571061	4.55070761248	8.19319985034	2.05555984969	2.00069885314	8.58750712503	3.4867211923	7.75392428487	3.41117273896	-4.30741377942	-2.55516284916	7.26794165723	8.98607524584	
-0.249740615587	4.55647373969	4.28524174877	5.4652198522	4.3299927968	5.83968389643	4.86742610127	3.46490415751	4.92259283023	4.5306839731	8.86522178969	3.05138112485	-3.27240108947	-1.5386524821	-0.385965873523	1.34126826435	
-2.72035799552	4.41378709472	9.0	7.84965995007	1.3489673097	5.58313218455	3.16558991473	2.5662889851	8.28121529522	2.3532165909	6.45490001956	2.70019381598	-2.79208864442	-1.06580567885	-2.86795475759	-1.15421696041	
1.39165754836	4.97119317509	6.56380127291	8.91890585397	2.89188735731	5.77185380183	9.0	1.97708056324	8.0903763516	3.67304328498	6.38963103267	8.99859058542	7.33695025445	9.0	0.438189813436	2.29422990032	
-5.94921581887	4.30168441176	8.73198007566	4.46099328767	3.0780409513	6.20015582915	2.28532829112	2.17880915524	5.09492975461	3.02741218819	9.0	2.02952748463	2.19928705293	3.91770840415	2.64107546101	4.33709805216	
-1.69015314907	4.50884020256	8.75829954268	8.55889481195	4.21070900939	6.28121859954	0.67663839558	1.61108904874	8.67957149388	3.94621765686	8.60965410305	4.22894708714	1.89628748781	3.62457743496	1.10131452302	2.81941106606	
-5.99965450278	4.45396029104	8.83385112257	4.37061703604	4.63793806234	5.94810187496	9.0	3.97787855179	9.0	9.0	8.94328279536	6.59481881022	7.27371499637	9.0	-2.06185113161	-0.351114497875	
-0.414013273343	4.46435926267	3.85786463159	4.94144993638	2.33726242162	5.59511296695	3.42973655901	2.62024801542	5.21476219597	3.21641667933	8.98668008492	2.49281469421	0.552454075567	2.29199161464	1.90089336624	3.64186696506	
-6.0	4.36895789868	8.79480402151	4.42942189257	5.60810523511	9.0	5.28318656767	3.24184995608	4.70440780778	2.50546737933	8.95882240903	3.74551264689	4.94700358864	6.65752796139	0.423503065199	2.12326897699	
-4.74092460942	4.50371901213	8.39360412743	5.1275200028	1.87133693609	5.86819438017	9.0	8.0256865847	5.41177819818	2.25668617803	9.0	3.06734134604	7.25846393975	9.0	7.15045280272	8.87726170915	
0.837105177266	4.53265132218	3.19910778281	5.5053522926	8.92106896536	9.0	7.84648590478	9.0	9.0	9.0	9.0	1.64991321417	3.01086360794	4.74439921249	0.693915874894	2.41343772962	
-1.43657842361	4.53138286646	8.97202509662	9.0	1.2208507755	5.72122380829	9.0	9.0	8.16205034421	1.67472933315	9.0	4.87726934472	-6.0	-4.27180271471	0.194187426999	1.91409469033	
-1.78467107666	4.49007426831	8.18570379974	7.89855499682	6.76955856529	6.02044306462	3.86222458906	4.02654510588	8.36749639348	7.05723072241	6.02071705223	1.81954867621	-2.41628403816	-0.688124332683	-5.97918033511	-4.26137012509	
1.44686592384	4.80902967897	5.48662658278	8.30157883013	8.99534850037	6.35327805694	8.81961367171	7.14210262401	8.29520053802	8.99239111298	6.25667138662	3.44682465088	6.77100610425	8.53393145814	2.49749981687	4.21750820586	
1.08177435895	4.47421192282	4.50498509767	7.06827354891	3.99940324686	5.84478845753	1.75667110502	1.49832075446	8.99987362332	5.54543443079	8.79266334504	4.61697683808	-2.94114846956	-1.19330231264	2.672525413	4.31264095882	
-5.27829290081	4.49470032813	8.76210991704	4.98242300478	2.22727920199	5.75346593905	2.90105962035	2.71386536691	6.96443959465	4.40574403924	8.99955733339	2.12096355946	1.23494456732	2.96788416313	-1.29995851969	0.414659339726	
5.08133922491	7.97674102435	5.82043674452	8.7606839773	1.41288672586	5.7582887612	6.04685589294	4.89034315515	8.91234154079	2.52961249101	5.77523499281	2.97308438402	7.32857974573	9.0	7.1420017628	8.89020285513	
-6.0	4.39674750289	8.72737992793	4.32218285337	8.2796858777	9.0	9.0	1.84301112058	8.60503379374	9.0	9.0	9.0	-2.96275916169	-1.24011733504	4.46859373854	6.1770739901	
0.562541080368	4.26410039627	6.09831964753	8.29572060681	4.41293233274	8.21721191794	6.540141076	5.63128413344	6.4123212287	1.43674928233	8.99627815148	5.14198173391	4.06693398378	5.82039110234	7.22189456984	9.0	
0.87925320068	4.46842541165	4.54599424755	6.8202360267	9.0	8.97975953478	2.1762032483	1.50594758817	6.95295490846	5.72086239902	8.9922796707	5.10873790504	-0.177169845343	1.56904846723	1.43404980069	3.15190596811	
-1.39535095643	4.55704138547	8.96153578311	9.0	5.26597787287	6.06106937414	7.6815018513	8.95246141176	9.0	5.25775972221	6.07376627827	1.65139384862	6.05184284757	7.78459610439	7.23559785744	8.96789500083	
2.8566647795	9.0	9.0	8.85064317706	8.4917007793	8.97187160442	0.301551628952	1.59352256559	8.98772872483	5.52485058666	7.78202382914	3.36065195922	7.2792837207	8.99998680439	7.27558961879	9.0	
0.0877277527225	4.53197985321	4.72010342585	6.25866073003	4.77810848101	5.56538470432	2.96323750782	3.23896796925	8.8654934874	8.91895971827	8.9999758228	1.79898645429	0.721321789787	2.44437072338	-4.77950531994	-3.05479771807	
-0.00791083827155	4.55609042449	3.98233543183	5.42178634394	6.26838833227	5.82585024097	5.81197054589	5.82464754555	5.33149093038	6.70969329235	9.0	1.92708968447	7.25677928811	8.99353252125	4.80515236882	6.5267449496	
1.80134738672	4.53145892515	5.54898636219	8.80790050663	-1.04949310445	5.55168531644	7.90407776131	8.91653224982	8.997122628	2.20324423626	9.0	2.06990279058	4.0139471143	5.73833694808	-3.08592373952	-1.36507844537	
-5.98260748649	4.50552855462	8.94080496291	4.44748318727	7.87518905039	9.0	8.71850663058	8.47533288463	9.0	8.9804475321	9.0	2.04359434655	-4.3749500006	-2.64530095086	7.05868952833	8.77610365996	
2.19463024112	4.7247180649	5.37333152598	8.88076708047	4.75031829683	8.76506270745	8.12944729369	9.0	8.44554298787	1.86538592856	8.82905241236	4.33007613768	-6.0	-4.22185914672	-4.19186231666	-2.46569324646	
3.64887676003	6.08237061512	5.08739963335	8.78009819013	9.0	8.95932774519	1.25128632703	2.13943501323	8.99813894536	6.2036429682	6.33532358785	1.88326852637	-5.76853497442	-4.06728284284	-1.99171514599	-0.303325528024	
1.95431841556	5.08131346188	5.66041520145	9.0	6.45296218721	9.0	1.65647138812	1.72315503947	8.89629156667	3.7107141637	9.0	4.73868385304	4.41953131869	6.04713075581	2.81972981331	4.74760641332	
2.7569051778	8.65799911237	8.90727504374	9.0	0.737437426627	5.65151548256	8.60096611501	3.87715163914	8.99911833511	5.37446320264	9.0	6.3193414488	7.20396358681	8.92895302346	-0.938400575707	0.78315255019	
-5.99992604512	4.4498998505	8.8064440422	4.35644852886	3.18050397174	6.12784939822	4.03965587296	2.99019700887	7.51970727414	5.82186688926	9.0	2.71660214883	-4.41294087962	-2.68789962502	-0.448990199856	1.26418342292	
1.13039296102	4.32436186902	5.71948020899	8.44940691758	0.905984821692	5.57293664075	8.85938881868	9.0	7.52136756492	1.50087508661	9.0	4.50761959779	7.18600701495	8.9825813899	3.75460234596	5.38925807044	
-5.95977908616	4.36004945635	8.83754931298	4.51133440061	2.62549366794	6.05877352641	9.0	1.96185285172	8.32731509631	5.89582238431	8.99919836656	8.98995858882	-2.45902298695	-0.741903375854	6.96231373766	8.68083406449	
3.88494988366	6.28276252789	5.23066908643	9.0	5.10724795402	8.96650839259	1.26707230186	2.26452831236	9.0	2.18044772602	9.0	4.68518317869	7.0326504979	8.69889833772	3.26319599568	4.99847258479	
2.90766055667	8.99910504857	8.23806455661	8.08104449083	4.38689165015	7.98645249938	2.971955944	1.7158768272	6.06445392895	1.88093545761	8.67488253356	4.5278718531	7.25112382966	8.99999917677	0.150889980563	1.90587344729	
0.828972326193	4.43787706318	4.60340695081	6.90309352323	8.46784906523	5.86557545714	2.97433654	1.85746295852	7.3504166219	8.63555542822	6.37927871792	2.89334125219	-5.99147609691	-4.23995331168	1.29227735972	3.00882835934	
6.97759028774	9.0	4.81362958056	8.75903656243	1.94751175842	5.92268695242	0.871434327786	2.42805870232	8.97333426875	2.00287809673	9.0	4.37132841582	7.09408657913	8.89247879571	6.79390154229	8.62217268391	
2.8966452367	5.24580959526	5.56197508991	8.99999991129	-3.30795697449	5.07615559347	9.0	9.0	8.98813419662	1.95947892347	8.99261604054	1.90972171013	-2.43988086754	-0.716331799438	-1.14670887565	0.589045143484	
6.14273435128	8.85565198351	5.72532476814	8.89028968338	-1.38362226467	5.53030994737	2.07137059081	1.94568915665	8.65764793038	2.05872561753	8.96815167203	2.79127766903	-5.76824982959	-4.03396837008	-1.56438390833	0.152164672893	
0.938590171123	4.58805687554	4.52036754853	6.73938495751	2.83591547807	6.15742344997	5.48402359547	1.77711053922	8.30152277687	3.81592022743	7.32760016088	6.3479400614	0.00841107870317	1.79251107518	2.15038557093	3.82994380221	
4.21700775165	6.79563101398	5.65859648419	8.98581808339	1.43817728646	5.81051886039	1.23710054801	2.09370359218	8.97857865933	2.14840808038	8.77737999403	4.47942921954	-5.99907406371	-4.19348517568	1.40007309273	3.27410695687	
-1.0550834861	9.0	8.70233996619	4.6459994163	8.94273321065	6.43709718515	8.72756461489	8.10836497549	5.02473785612	8.73733093167	9.0	2.29966811829	-5.98838056159	-4.26440488361	-1.11244359195	0.607775633088	
-1.46187733208	4.53586460808	9.0	9.0	5.03731637757	9.0	4.60482415345	6.01305666146	8.99972649772	1.92064143335	9.0	4.59282828666	6.5311143329	8.25986442244	-3.98419366106	-2.26249582305	
2.07371941216	9.0	5.54683620214	4.61199789842	8.48069849081	6.99978436356	3.03935536695	2.08654760989	6.448043051	9.0	8.99787535738	2.76697879542	-2.2384531877	-0.486293970707	-6.0	-4.29443338029	
-2.9839841227	4.48550025952	6.35583383573	4.86837069223	3.11433367845	6.27125890568	2.31226367551	1.96990911454	6.36216317772	3.99534873934	9.0	2.46781016273	7.25290460515	9.0	0.680404992605	2.37791435554	
3.03862019234	9.0	9.0	8.9817691596	3.81239272984	5.65897691472	3.09292748222	2.62557360076	7.08609228394	4.6231728799	7.1532784638	2.19777769385	2.22320502934	3.95070703147	6.91679127316	8.64733462327	
-0.274855751644	5.27292545564	8.99266099529	9.0	1.79968573237	5.4380396743	8.85443974886	8.33483273694	4.69165267289	3.13624312491	9.0	2.27420894442	7.41066320076	9.0	6.71489586544	8.63542499284	
-3.14774272535	4.48074181716	9.0	7.35458900203	5.09241443174	9.0	9.0	5.51738778141	7.42679490725	1.93055708964	9.0	8.01217589726	7.27816176102	9.0	2.9419359428	4.64135486071	
1.42392458213	4.77215103598	6.16692022617	9.0	7.70906664004	5.78145156129	7.57926852032	7.15341704059	9.0	9.0	6.24497003094	2.22948586626	2.13547413291	3.81166418343	1.44513533006	3.09074936692	
1.12904809351	4.73015804751	6.01686837004	8.19072649796	4.88052905673	6.89429370602	1.77432487554	1.65016819664	6.77898120782	3.65010324465	9.0	4.47110617698	-0.350067863548	1.47521363949	7.18648889025	9.0	
-2.75889959481	4.41509452902	8.49510924819	7.29194097151	5.05459107089	8.99991358448	9.0	4.50481534946	7.49372336058	2.00316288618	8.9911014846	9.0	-2.41046367006	-0.666542566475	-6.0	-4.31564367247	
1.42945856041	4.89774391929	5.05119714032	7.53579664925	5.93749357339	8.90401075891	5.79809578043	1.66884659352	9.0	4.38713482879	8.18005517901	7.83291618736	3.11557560105	4.88258217668	-6.0	-4.27897944302	
-1.93324296575	4.43302506535	8.94957268607	8.60418679342	8.99849211138	6.0823435385	-2.00298208083	2.08280027301	8.99999912821	8.99727005011	9.0	1.69239872701	-0.915307722278	0.802924408446	-5.99987045311	-4.32898594772	
-0.0364872424934	4.51772595697	6.45120425525	7.89535349446	3.8901699821	6.50217948069	2.21808737273	2.09059490349	4.76949408512	2.99563157277	9.0	2.18097322351	7.27552163322	8.99979117521	4.93624500166	6.65649457143	
3.32386443199	6.14520732035	4.88790059031	8.20325446398	9.0	8.63263892642	1.14522048967	1.6291586948	9.0	6.9408369597	8.47932563904	4.05620159153	-6.0	-4.10993298726	7.24588017249	9.0	
-5.01235235754	4.49067523221	8.8141473555	5.28172463967	8.29994859167	6.68734036148	7.84597160446	1.73153562878	5.17968742622	7.45753827458	9.0	8.38512330143	-3.58157781457	-1.8434922514	-2.63708491181	-0.917528814986	
-2.51217852602	4.58210764277	8.841475981	7.65760436217	9.0	5.96763777086	3.966111306	3.07625809719	7.49764824331	9.0	6.1488774007	2.57828381659	0.258394189438	2.0227056096	-1.22151088448	0.546363046378	
5.0604259068	8.04917683827	4.62184883945	7.42742710764	8.47998371243	6.35927605815	1.05151660094	1.57011937458	8.77477754568	8.97303129269	9.0	4.51665848498	3.35089661328	5.16052431709	7.35275714113	8.99676902686	
0.834211153971	4.59280892667	6.70225587403	8.94689274767	8.96349019146	8.69094432824	3.57261910743	1.56505207853	6.91199345727	5.71287987286	8.98024260571	6.46031006674	1.44701952175	3.17661314811	7.16544032109	9.0	
2.79472341973	9.0	8.64608831793	8.43770576931	8.30268655559	8.99999070939	7.22687126144	1.59760361345	6.12945734082	4.94548660223	8.99998097652	9.0	-1.39737093859	0.325940836755	7.27687080258	9.0	
6.56537473465	9.0	3.3926067759	6.97407282458	5.86746766507	9.0	-0.27424516495	2.06743474442	7.54855250103	3.0909095342	9.0	1.86632349161	1.18661768683	2.92695818827	0.23510106191	1.96173333661	
3.6697671061	9.0	5.99184582402	6.44402393752	5.98524803041	8.97709899331	2.15734430568	1.56737013382	6.40523350453	2.69625621531	8.99879142537	4.46992371422	2.72832077392	4.46349949499	4.92745286738	6.61619338064	
-2.33042953811	4.49520265258	8.19923627273	7.33888824515	2.45785404962	6.35623507306	2.88600838217	2.60549327885	8.15492637767	2.5195571731	8.96368776031	4.94410418087	2.17772263538	3.88809235846	-0.753965332885	0.951873855525	
5.25940916116	7.53724029995	5.19293033816	8.94205344245	3.00190243386	6.26486569479	1.0492847628	2.33796315159	8.98176514192	2.91895101135	6.50107076458	1.88739649262	0.992799559496	2.90012121314	3.20889737657	4.8688904658	
-6.0	4.4087923931	9.0	4.59354737558	5.45530113115	8.40346298526	2.67075325443	2.19093827318	4.80831622516	2.92835956845	9.0	2.33251113183	-5.94220369258	-4.22959905918	3.3098449511	5.00702901493	
2.86707250911	9.0	6.67548347259	6.32849901402	5.51579511088	8.9210650383	4.4550856405	4.06463772348	6.0073425111	2.27368046596	7.24656290719	2.12149270451	-2.14712484698	-0.280034527401	7.29449315485	9.0	
0.791412156367	4.40573267589	4.47935459901	6.78381089317	3.89940947253	6.38363988931	6.12484672992	1.5004452206	7.30050131956	3.4987303543	8.98092306121	9.0	-1.28444372614	0.470692975784	3.12007641115	4.80009809254	
-0.614011685522	4.51866106607	8.10564492675	9.0	7.37861298685	5.63355487382	5.99027909653	1.62090365426	9.0	9.0	9.0	8.95862441777	1.12441396643	2.85709933258	-1.89865067715	-0.186217546227	
