1.69425883427	4.85579078735	5.88687384795	5.89326348348	1.24169426592	5.53624823537	1.898323546	1.55794796723	6.78130900132	3.3545591574	8.58099108605	4.75434668105	-0.271426967501	1.59691384032	1.55858694453	3.38559430066	
2.73767257896	9.0	9.0	5.73696749466	1.77130593695	5.63964481079	9.0	9.0	8.87812032876	8.99965740455	9.0	1.89155782964	7.2762964034	8.99999774021	7.27040354514	9.0	
1.3083899874	4.60472188579	6.953115372	6.74478980458	2.71647599541	6.83383539466	3.81094447079	2.36791274237	4.57175786943	1.82486363071	9.0	5.93350685073	-0.343584404348	1.50609024224	0.227760945269	1.82404617836	
1.18495114469	4.66044067036	4.82214292004	4.46817036013	4.49446377666	6.52573956729	3.79197507025	1.76686059184	8.98560482833	8.12426547965	9.0	6.59541080975	7.42724980852	9.0	-5.99658695666	-4.26396567749	
-2.48489222121	4.52393548847	8.87519664957	4.87331792965	4.01075652013	6.35592256336	4.91672961843	5.27052578932	7.06327511365	5.50597390212	6.05602932853	1.78849571528	-6.0	-4.26666061502	-5.99991076667	-4.28505616861	
0.0891535462063	4.52403615474	9.0	7.56343946162	1.46079194684	5.80375408483	6.09874353734	9.0	9.0	3.06534157868	9.0	4.57649621333	6.47371386959	8.2024301144	-2.90074113463	-1.17897850047	
-0.0807732042736	4.51898134406	5.9242804103	4.325995276	0.815251334837	5.53933269408	9.0	9.0	4.37360754104	3.63905116061	8.99999954566	1.90744411423	7.27659454753	8.99998269087	6.17911371911	7.90280960281	
1.2424968296	4.65602885348	5.69964950424	5.15509227183	7.06172178545	6.98927679074	1.58327522389	1.53559074189	3.92024140621	5.46358235898	7.18457275764	2.83738806364	-5.85858315006	-4.15943068598	-0.859143629046	0.88411732032	
-2.40558731942	4.56743286964	8.77429158216	4.79584458141	1.42011987151	5.8103760503	9.0	7.1034867295	5.53218332906	2.44386093311	8.65643135738	6.13263903183	-1.10050550418	0.630464044301	0.166852387275	1.88654702155	
6.00163255068	9.0	9.0	8.93410922664	8.12758642595	9.0	-2.82793617343	1.61454809791	9.0	5.05200644927	9.0	4.57856604508	-5.99491980548	-4.26859594953	-2.50724670847	-0.763974311879	
1.11887165845	4.52854665275	4.56380649378	4.05836313383	4.92835164184	6.4653171813	8.99998593956	2.09722128766	9.0	8.99994278806	6.3940307554	8.77315427221	-4.141719027	-2.5232428273	7.21622191819	8.73314959231	
2.81723037115	8.10226490279	7.46411954106	5.1506868869	2.57543111228	5.88774082711	8.63079307565	1.77649648177	3.94641661449	2.69088370107	7.29383936372	9.0	-3.52999048952	-1.8112188441	-1.67076299508	0.070729371015	
-4.8526935726	4.53874813643	9.0	2.61085963339	6.29627451879	6.60450021905	8.31289519837	8.68702680817	2.10096991507	5.45712643234	9.0	1.83687006666	-6.0	-4.25516505624	-0.358455565202	1.36416322811	
1.19391241729	4.69016180683	8.92368707516	8.28815041739	2.31983615865	5.68333052681	2.25052632288	1.77550135444	4.39175034821	2.45061937018	6.30828977722	2.47059088604	-0.484949863119	1.22693998762	-6.0	-4.27417063741	
6.31738865105	8.91958928534	8.69317258488	8.98081602194	-6.0	5.29377858119	9.0	6.31458854285	8.99989979202	2.05258798224	8.98475904343	4.4373861502	4.61284107726	6.31144526779	-6.0	-4.27044682487	
6.18824905584	9.0	4.62397736108	4.73822888225	6.41802866375	8.5678620903	0.805919527994	1.51854283635	4.79797859653	3.47885610729	8.64066049887	4.1847595135	-5.97745093812	-4.25857595018	7.06904503643	8.830857312	
6.18173957675	9.0	8.78344883718	8.94691855072	6.01784521757	9.0	0.943659183748	1.51711970255	4.62107422894	2.47534745132	8.99995736023	4.54784090938	4.1404698162	5.83012343203	-5.97696968702	-4.32557696433	
5.49144988238	8.61258879038	6.78081669014	6.40420496317	7.97735970806	6.71153059179	0.897270482692	1.48423483872	3.9066287154	6.82401274899	8.99872166666	4.09289672275	7.23063723371	8.98078373949	-6.0	-4.49172486518	
1.5686019466	4.60469702114	9.0	8.79805132064	-6.0	5.26184548002	4.4133769868	2.90329490667	9.0	2.1667556907	8.98936728052	3.25668454085	-6.0	-4.31486911523	7.25256319356	9.0	
0.962391435781	4.51543524746	4.45299810334	3.89155433074	7.48660842627	9.0	2.41883687513	1.54975095765	8.97066738977	9.0	8.17650474001	4.46189332168	2.06519425558	3.7733981437	-5.91929693015	-4.20346506367	
1.16972314723	4.79636149783	5.61263346159	4.90700626663	3.98478380181	7.73983970625	3.11667939878	1.89209102413	4.04898120981	1.83566763598	9.0	5.71705349019	5.97201332298	7.81151899467	-0.122385090736	1.63653994418	
2.99497632347	9.0	9.0	5.98568689262	2.41027854657	5.67378464495	2.51085414789	3.02080415264	8.92516790583	9.0	8.70384270812	1.73270962492	-1.78508037159	-0.0426138990503	4.5461809268	6.26667583137	
3.92011352039	6.55353682214	5.63211861466	6.02330890317	2.53090560223	5.81462359347	0.85475989077	1.727279213	5.23141471419	2.56971446668	8.99651006668	4.42441336185	7.04866064699	8.7735749849	5.72514991681	7.43808413069	
0.981788971562	4.70523567511	4.95131220964	4.0437441643	3.22074574444	6.17072119397	8.00042639179	1.79528396327	4.21795575124	3.06807094776	6.918309819	8.49505067377	3.52920033611	5.31699354372	-2.34419870168	-0.503825293013	
4.93196357523	4.61371226336	4.35735612237	7.63080636252	9.0	9.0	1.29726013569	5.12212609967	8.60662011862	6.47952127551	6.12191757262	1.51192232244	-5.99561337312	-4.17055157786	-4.57415673306	-2.90329998717	
1.40726158841	4.61525943242	6.4662306246	6.25950692057	-0.511218890421	5.57010329168	0.850442429677	1.98100644646	6.69854149817	3.44401847808	9.0	1.92525181458	-5.99586043002	-4.26312022871	-3.16815624876	-1.45451333958	
-0.151257365618	4.49044968914	3.40901877672	1.74034007786	6.67551217732	6.96753946541	8.96086493428	6.29845971099	5.50535059384	9.0	9.0	4.80879783456	2.51277505678	4.23317855446	7.27614988856	9.0	
-6.0	4.3001649184	9.0	1.75753802226	8.48443637186	8.99021191363	8.85186600438	9.0	5.87093366823	9.0	9.0	2.09085462167	-6.0	-4.27465913095	0.120288729078	1.80891897211	
-0.226948605712	4.4425289962	4.58317579325	2.88490704161	1.0766558593	5.51155434926	3.19856240145	2.55193963537	2.58915377343	2.09296763293	9.0	2.67178935892	-0.728445005242	0.993134567756	2.54641382516	4.25479914311	
2.76309944039	8.69581743079	7.3203866937	4.39106468478	9.0	9.0	7.93574341939	8.75014109105	2.38198546661	5.66448839806	8.89620646249	1.66486180476	-6.0	-4.26391207703	5.77728487838	7.49107829693	
0.897963765021	4.45561866111	4.63133892305	3.94238425616	4.27773032701	6.79651998763	2.43135185894	1.79721132124	4.03431621359	3.17839508078	6.49803019232	2.62294586904	0.856609043441	2.58125663751	-1.95369568992	-0.225886645767	
0.861371618662	4.47834333323	4.69742815823	3.96252894114	3.85825403576	5.58559281873	3.43514192554	2.36818929394	8.99962723144	9.0	6.15573487078	2.62529732864	1.16356725281	2.91540411502	-1.73112456072	0.00207558921145	
-1.78614249803	4.50475950249	9.0	5.71062445713	3.3766061815	5.75720997978	1.36584684749	2.36424564763	6.83922312535	4.70549482037	6.09726043385	1.73104887366	2.32041574355	4.03661020459	1.53768280869	3.25789173148	
0.897972551938	4.37218075555	4.36845069068	3.85585217553	9.0	8.99112150002	2.42908560553	1.55592423309	4.62352489917	6.17588166812	7.1832659832	3.57651831705	-3.11799994931	-1.44953251004	7.29411803911	9.0	
4.09017023921	7.17110943287	8.51555275002	8.40969029012	1.78480508973	5.39127885608	1.06688462588	1.56720997958	8.99785077232	6.10307089373	8.18816132298	3.88767137427	-5.40525993847	-3.74000942966	7.14762969748	8.98310520286	
1.70775499326	4.74898334764	5.13389374618	5.17192661281	2.68344462112	6.80447430889	9.0	9.0	8.82908463629	5.35132210987	8.47384619197	4.51590258115	-2.86079155151	-1.12915660426	-0.339631138573	1.43014266397	
-2.77399674269	4.48953610619	8.78605590077	4.50358016479	5.53476203084	7.09124930532	4.24915533478	4.08617500815	4.684677073	4.34150983233	6.08243317184	1.99456500116	1.94240648485	3.67231886013	1.64990681373	3.35811135682	
1.00700780308	4.51724634393	6.27781197527	5.77847138869	0.140832549185	5.52120182419	1.23007982806	2.27828884122	4.70476220672	2.07753110119	8.92048143606	1.98484116653	1.47897838581	3.19706157114	-0.995563513719	0.745351020283	
0.887122783671	4.63318530386	7.56099631404	6.7689925415	8.49753580708	5.44561821034	8.04210333478	1.6765524299	4.37206062761	8.96752566375	6.80021777675	8.53858683448	-2.0959444675	-0.450264528867	-5.55355908155	-3.7583686199	
1.97987894911	4.7296042668	8.15340360718	8.3271246559	1.36020752273	5.60278876406	1.99990339906	2.67271227003	5.42714371633	1.81413464964	6.70731416	2.37227094071	-5.60021211389	-3.77289609424	-6.0	-4.18446167587	
1.85346585713	5.17115123465	9.0	8.65737489663	2.72651635588	5.90039946396	1.80859485768	1.64274845269	7.6678592582	5.79711512946	8.97783904269	4.7534836698	-3.8671221237	-2.03921230516	7.16723369335	9.0	
6.18208913095	9.0	9.0	9.0	-6.0	5.32608909945	8.10720770329	4.11336844542	8.99994972639	2.20094242966	9.0	5.64246561769	3.2013789089	4.90026782654	5.97663051679	7.73064006098	
0.358043808772	4.48161131138	4.03813376612	2.90873965249	1.61439502712	5.64349705046	8.51141159539	8.82738156903	3.52675170355	2.73195421691	8.66018538589	2.00245270376	7.24968738308	8.99932886208	-5.51234579951	-3.78898355727	
2.88569877249	8.98018600381	6.29107041897	3.1956651943	9.0	7.93900204175	3.33675447645	1.60608068605	5.49337383615	9.0	9.0	5.1657099069	-5.8768381433	-4.15421398729	6.61553244998	8.34101985292	
1.35671647974	4.58821474877	5.33519212779	5.01687386775	1.76917883911	5.92378757143	3.0316902611	2.61773061309	4.51871196054	1.74306592423	7.3616423652	3.43819207677	-6.0	-4.17607931912	-2.72143375516	-1.14420150543	
4.60539539178	4.80760523015	4.42132313848	7.10633379961	7.5516485735	8.9532602275	1.00288292095	4.33591442496	7.68874235112	4.68565181657	6.1129607389	1.50887600639	-1.61127399812	0.133861711993	2.89480112881	4.58326176225	
0.746565661447	4.33323848433	4.40343274809	3.76129792703	3.43129267945	6.35281193184	3.16486121685	2.3876732545	4.22411522953	2.99410077645	6.28721046038	2.4688469348	1.03515134824	2.76692342363	-5.02307256999	-3.32033916113	
2.74695092926	7.46606499445	5.99053975624	4.24315604554	6.78837549687	6.03958388506	3.88323400907	4.15899214146	6.64420543338	9.0	6.75029102527	1.77843340045	0.0810167909376	1.77527768013	1.99676449632	3.75008352888	
7.4954646125	8.96891281204	6.7579412166	8.36779671666	4.01158210151	5.79803466784	1.19146537657	3.23316372875	7.76452266989	5.3817890174	6.39409624554	1.71923196006	5.81074345176	7.57753515283	7.45025546844	9.0	
0.323954551691	4.62436395664	7.64974417035	6.31082263902	4.30873667173	5.64631396021	8.57714098005	8.99962974538	5.21197822916	7.55989183538	9.0	1.79711704936	-1.15791502456	0.543936871964	-2.80469382126	-1.0808716175	
4.53539274106	9.0	9.0	7.30544710419	2.12282340133	5.89343360425	8.98035482898	8.82050574394	4.24991214337	2.11563236486	6.53156805988	2.18650215002	-1.28461204949	0.475153970157	-0.386483655281	1.56471075692	
1.17548402479	4.49479500277	8.89667006832	8.38249409122	2.49898791051	6.40798073711	3.21109834044	3.15313810811	4.09557200588	1.59048506273	9.0	4.75616080466	2.3958570328	4.16332790185	-5.92744217635	-4.10495580106	
8.20106408494	5.88252825652	3.68164354624	9.0	3.55488858531	6.03853991164	-0.326510469841	6.87593432524	9.0	3.57681525513	9.0	1.62887453412	-0.471295105276	1.2646568015	-6.0	-4.27869392452	
1.27371355768	4.90004216634	8.78170664763	8.07231737648	1.88241556846	5.66512817784	2.69406890068	1.82317764232	4.46149173591	2.19703195658	8.10230540749	4.47707302655	-4.50201723688	-2.79009867438	-6.0	-4.25332803105	
6.04705756999	9.0	8.95744308045	8.66672458817	1.26546366613	5.44671625898	1.53238066244	1.3320394403	9.0	6.15110059549	9.0	5.15171271423	2.53024149875	4.44593885621	2.31044024806	3.61849436063	
4.16631736925	4.60495212814	6.36998414418	9.0	0.922848071256	5.30282859036	1.9512193785	4.65219700505	8.9676056742	2.80044193509	5.62336018155	1.56033246772	-5.77354057213	-4.10025358515	-5.46062542166	-3.75336364635	
1.01694461378	4.42665028126	4.62601242636	4.26650463833	2.44432025199	5.92320036896	2.04667235936	1.7798566464	4.78439081758	2.60626578337	8.69921717242	4.63665959128	-5.81980167819	-4.05873404375	-0.259810323039	1.48420154368	
5.78235463209	8.87899532624	8.9706107038	8.67295527209	6.49722699196	8.99216916555	1.14907470909	1.62006891421	4.44943294477	2.99275159802	7.12827239644	2.72159791919	7.24403464252	8.95139801912	-1.70166983429	0.0972007520727	
0.071442369619	4.47158202024	3.75081272626	2.27538855328	5.91378242527	6.11172394291	6.28439336862	1.83353904602	3.18148599256	6.24016231757	8.51338114025	6.78846869054	7.23287142954	9.0	2.18404997342	3.93577647018	
4.17184935108	7.30768115579	8.42658558978	8.31065963698	4.77345049115	5.66247213279	1.48263028759	1.66247880823	9.0	9.0	8.99998279868	4.75701611186	-5.77147505033	-4.04625113657	-5.64577337089	-3.87850874517	
3.0957482642	8.99982182242	8.99881919821	6.09461633399	4.90388548801	8.85462871425	8.70759937067	3.5206578214	3.61286464697	1.68653009701	7.46254004132	7.50683503172	2.98179094512	4.70398373938	-6.0	-4.27814196298	
2.89971665587	9.0	6.43651377148	3.33480949211	3.81941290851	6.24217030379	8.90933518698	7.91612905636	9.0	9.0	7.18823141063	2.63962515591	4.26519239075	5.98715448646	7.2762409998	9.0	
6.21234274601	8.99999957276	8.32942577816	8.40872195811	2.99815651517	5.94691582052	1.03463842071	1.71184693826	4.85994489142	2.91421456497	9.0	4.47098669561	-1.23876211516	0.51337731561	7.21987272951	9.0	
1.92148359727	4.93394289064	6.38148646108	6.49569559941	2.01888115902	5.85294967374	1.829343075	1.73662470772	8.57998457279	5.65328257968	8.99986009899	4.86326599851	-3.85228082583	-2.07898206074	-2.80632067979	-1.04244928405	
1.38454737481	4.84139188279	5.50525175705	4.84118927845	2.21498760576	6.2283166057	3.64210517383	2.35092756268	4.47244797126	1.98511499211	7.60638471876	4.53371381186	-6.0	-4.21328002117	-1.70223697621	0.0730872171745	
-3.00254569342	4.49776603218	8.99187823792	4.47396052797	7.83760507633	7.433340316	2.63339058185	1.60165290299	4.50399640627	6.24498873293	8.60286814265	5.2251030608	-3.82374692098	-2.11684649722	5.05772606331	6.77317490302	
-6.0	4.22322798579	9.0	1.8177238374	3.13344599294	5.96958123607	3.50280535877	2.63490275575	3.57645348236	4.33528435451	8.51739992817	2.73694453874	3.06891759819	4.79567266691	-1.3862994264	0.300109820341	
-0.238910234267	4.4598063116	3.78766851747	2.06933113358	2.20215188501	5.70823494694	5.5062139056	2.25751930745	2.73914024788	3.11033821081	9.0	5.31386726405	-5.36930461065	-3.63725150562	4.09963071638	5.81376434928	
1.82866603172	4.41558736402	5.17622869542	5.54117023858	0.962689541249	5.40722379635	4.08697455427	4.52512438432	8.52177663084	4.50694420796	8.42996652501	4.57356653218	0.349902476315	1.99261934898	-5.97871902885	-4.17647436184	
0.507598877394	4.42710151151	4.51218325903	3.59985987585	6.95302956268	9.0	2.77717120147	1.5586104805	3.39665280974	3.36665004422	9.0	5.32947319241	6.8281660453	8.43580970924	1.41386895634	3.10389215082	
1.00692574012	4.47388623241	4.74434627803	4.1622093306	1.33286063907	5.58507151378	8.98394121354	8.67642577603	8.96354835039	6.31166013507	9.0	4.82588340883	-3.78022176748	-2.08274803349	1.31857336835	2.93301441297	
0.870425770173	4.43746442734	4.62030711279	3.95173143678	5.77670326847	6.40155739498	4.71058869495	3.79940516344	4.2244609753	5.27633135983	6.22315073073	2.48049861832	5.22212043971	6.91966454928	7.17076205777	8.89300434448	
-3.14382816092	4.53151855945	9.0	4.31383041056	8.99122541179	7.44281414537	9.0	1.91994350328	5.01609750142	7.90858295044	6.36252994406	9.0	0.383231264622	2.11613848994	-5.38894001627	-3.66980246096	
0.413783139815	4.34044499943	3.42934090395	2.52092081874	2.12247725896	5.88837202612	3.92016558913	4.51741104134	4.191096689	3.51760532066	8.79423770832	1.98825323718	-4.14807430718	-2.38802728	0.619996472165	2.3121444463	
3.27687586318	6.34515202757	8.8774508806	8.57986665849	8.86116618794	9.0	-2.55373272639	1.72621861954	9.0	6.13596002116	7.27603826853	2.85625485878	2.16686510088	3.87779832051	4.58882301762	6.26677742422	
0.839286261824	4.27879148684	5.86824315357	5.35570308738	2.43398532675	6.27283858417	8.75150904299	7.89053727855	3.9625739631	1.53510897601	8.42177642093	4.88296980745	0.932859264967	2.6461375749	0.458238967629	2.14222194507	
-3.41041597103	4.41168552538	8.99908884941	4.12488414801	2.83675285834	5.970929232	9.0	1.92614314318	5.82251459546	4.15271933768	6.3877607313	8.97138398045	-5.33883770299	-3.60336218911	-1.27708022035	0.442800108455	
0.786334087265	4.49430187593	7.68348629664	7.01193099649	-1.0865905501	5.51876948607	5.91290972462	5.09561646613	4.63236618866	1.77324035111	8.99999387489	2.92658916214	-0.120347733629	1.58297754314	0.763986309137	2.50509632244	
-2.46178554057	4.47216586559	9.0	5.05438050438	8.99019637309	6.16621424363	8.07570978395	8.55972306813	5.4239906775	8.99991266486	6.04467999471	1.71635447932	-0.432430659615	1.30364738513	-3.35341135112	-1.64202016845	
0.81072112306	4.4656434107	4.66353516494	3.99087421943	3.15199654962	7.07014427161	6.41285043138	3.96822398594	4.46076414541	2.18683228232	7.71516579238	5.64165045692	3.8102878942	5.51153582508	0.969788894093	2.68687403017	
-3.07590805251	4.44536720155	8.84640026739	4.31128701098	4.89738409082	8.50859481143	2.97929250039	1.86702773865	4.47937737691	2.25484646261	8.9224659065	5.59802427756	2.4584284812	4.17899429288	-5.86149095165	-4.13382087841	
1.41151432667	4.62174396164	8.97086973563	8.76502799419	3.10334883805	6.60478459934	1.57810527564	1.84635966752	4.26035620238	2.03987270345	9.0	4.46342656218	6.58730493896	8.36585212436	-6.0	-4.21802615203	
1.10327124348	4.56390789743	5.99505982119	5.62510153598	4.30613785939	7.35836947691	6.61633586646	2.13168203375	4.40967017547	2.636008294	6.29092410033	6.31143800454	-0.594403252917	1.31128206479	6.91856910317	8.7549759614	
1.77549046499	5.22028654076	9.0	8.32023924511	6.29593588201	7.11432380763	1.56436827313	1.60110171159	4.09803354176	4.85402231806	8.12468810145	3.73846957242	-5.82370523868	-4.06732966922	0.518125585309	2.36468749601	
4.33798237919	4.95993799524	5.55071206001	7.93583080752	0.794921003971	5.38800861585	5.00605930875	6.76244560672	8.66088734511	2.45246106051	5.30476844245	2.07012477879	-2.31657240997	-0.642556510743	-2.09201460148	-0.329022831726	
-5.99999994907	4.18936489223	8.814912927	1.720375872	3.56563781102	6.55407614454	8.6537319737	8.76997004433	2.21959756567	2.91365157909	9.0	2.07344475537	0.318049230762	2.02873054848	4.53306073571	6.24404353635	
3.94752440939	5.752848903	7.78297354441	8.98805671065	-1.0860449455	5.56487479225	0.435778528507	2.7569876716	9.0	4.25612786035	9.0	1.64524776484	7.27441561111	9.0	7.27965123091	9.0	
-6.0	4.226027411	9.0	1.86381743451	5.4167317524	8.82437927665	8.84880927457	8.96286115688	8.93087624102	9.0	9.0	2.26934599961	-6.0	-4.27445746768	-6.0	-4.31308906515	
3.38409947918	5.04386899083	7.68422522311	9.0	3.26281972691	7.27699829541	0.949887729402	2.79936973341	5.88141607125	1.56259605842	9.0	4.49609504564	7.13323634614	9.0	-1.74259186638	0.00485838272896	
1.42947423805	4.53580836084	8.9447918459	8.80201081566	5.54257350002	8.9292094666	1.42375335828	1.70963530253	4.17523498998	1.93991008088	8.13978210227	3.65395624763	0.0609893984179	1.77436791105	-1.18587063765	0.482022912037	
1.32935672013	4.67721358997	9.0	8.55013878247	6.34345860108	9.0	4.55767582778	4.6680015551	4.21176372712	2.93919260688	6.23990008187	1.7982103457	-6.0	-4.13456659443	7.16122623498	9.0	
5.14755936888	5.21532802865	4.51961057698	7.25656716095	2.30269053236	6.38147315471	0.984408917648	4.41422116952	7.88877040376	2.2601835087	7.93506075131	3.16330640818	0.071393587047	1.87806119828	-0.195744349448	1.59309711934	
1.54970159742	4.53723488857	8.97715610001	9.0	1.60123776538	5.73195923093	-1.02883229307	2.02792690456	7.62320664626	1.77643988757	9.0	4.55606836788	-6.0	-4.29138555424	-0.412510042109	1.28454822262	
2.82192601813	5.461883974	6.16898991747	6.6700571038	1.0841793534	5.67806511734	8.36023842543	7.21011241078	8.98831211711	4.85504103295	5.57613862103	2.961872703	0.602180299922	2.32117703175	-2.11547655502	-0.486593644219	
0.77520052795	4.46673238366	4.51709110418	3.68481030675	5.85557151298	6.34084678272	7.81955456833	3.90383462142	4.05110820419	5.49636931386	6.3202327756	5.50671238751	0.655891850458	2.37029772999	2.81479501426	4.52397958456	
-3.09127375276	4.48507935403	9.0	4.40396636953	3.63734661592	7.56852331722	9.0	7.00747123482	4.50515813796	1.94984144734	9.0	6.54310412639	7.16372447648	8.89473429712	7.2833563564	9.0	
0.168220976815	4.56438379092	4.4025968628	2.89865733982	1.98201823367	5.84022953831	8.29542299569	2.08189722651	2.91608417447	2.26892787638	8.99998196813	9.0	1.79449083147	3.56143922709	-2.70933979982	-0.989046579077	
-4.33272172041	4.51974036966	7.71136538471	1.83324121268	7.13862331711	6.48267998016	6.45271567663	4.58719568374	2.34248271809	6.89569628	9.0	3.894026076	1.66402858144	3.40022883972	0.441235096735	2.16214391733	
1.00054730119	4.45602127628	4.66222847009	4.02591828692	8.90812222985	7.9509299771	3.07657116175	2.65400440079	4.21516614151	6.8203333444	6.14875322229	2.10688349326	-1.09000036257	0.680150432884	-1.60101131202	0.106523440783	
5.42713127475	8.44420875188	6.88115990196	6.86391305202	3.21586241588	7.26677665104	3.69182104762	5.72714677085	6.65821247754	1.80910042904	7.65909584027	3.30240014311	-6.0	-4.27548456616	5.6630877766	7.38512824407	
