6.29188483971	4.68308160228	8.97767327226	1.59147464186	2.08990886189	5.55047655434	2.763973626	6.46548732611	5.92804886471	8.86528232828	9.0	7.7842761976	-4.26545310246	-2.54087537472	6.87088207128	8.57822766768	
9.0	7.04158602224	8.81321228892	1.79746547307	0.379748529607	5.54388308429	-1.47114820402	6.41745578069	2.77896838041	3.02494520772	8.41583037746	3.97443296149	-2.69156363275	-0.959222918095	-0.172001190784	1.53478001285	
9.0	7.44904693687	8.99798192417	1.59177874309	8.29783694917	9.0	8.11342782421	6.3394553426	-5.70487688011	4.80731857231	8.78579754949	8.15659844114	-6.0	-4.26940682326	7.25869109305	8.98957881745	
8.93160636443	4.40856583203	5.63928625855	1.48117102664	2.42222393221	5.48450236443	1.67977867524	9.0	7.16237180043	8.99588020328	8.99690467582	5.36265713021	2.60515096291	4.36361186268	-5.95005201195	-4.23678678366	
9.0	4.61836218133	5.72672494094	1.46537860558	2.69549728472	5.37697851022	9.0	8.96359833069	3.11652067489	9.0	9.0	9.0	7.25932507829	9.0	7.25646727496	9.0	
7.29538035658	4.57150289136	8.9957944315	2.71011275037	5.18895271018	8.99399046327	-1.77999251216	8.65469027183	4.71533447293	3.80085150156	6.67663019446	2.25053755988	1.75866485535	3.49125362932	1.72037511073	3.44467601221	
6.56363757636	4.6898041668	9.0	1.86346828866	5.24165970555	9.0	-0.652335312992	8.85251016776	8.93491300805	9.0	8.96849509706	4.49850466725	-2.52060667007	-0.753501073751	7.40315666787	9.0	
6.93997791494	4.90914774573	8.60525746039	1.65181395879	0.495325359231	5.55434357736	0.196431949437	6.72327390932	3.37266276123	4.40442261486	6.705792772	2.95435002213	2.9141893335	4.64043780577	-0.95652435623	0.76085417971	
7.10257417634	4.55450149786	8.15259925108	1.69009327114	1.98125774294	5.72424454585	0.0445545946317	8.81504157768	3.0150428221	3.83549142878	7.98192303332	3.55457564434	-0.45456961817	1.27772683081	-5.4055083122	-3.68109348993	
6.32862530246	4.50299556393	8.74206602194	1.5859709669	3.08759471866	5.53485428802	3.61349293361	7.65430463897	5.17994044526	9.0	8.6362799738	7.2023437611	-4.4846744381	-2.76224172607	7.25389231795	8.978395678	
8.96454827583	4.45839350286	5.61474358527	1.46540224737	8.93908753218	5.72879984542	1.87958466794	8.93066228852	0.929156530138	9.0	7.43076600245	4.04768353984	-4.20975093792	-2.46083917972	-5.98120616093	-4.23475605192	
9.0	7.21666498805	8.89734036917	1.70497565174	5.6240313917	8.4173471805	2.23694668626	6.51333614214	-6.0	2.65718507192	8.999945815	2.17329984008	-1.94403512073	-0.23477264992	0.9759133531	2.67714531332	
9.0	7.37552917915	9.0	1.62138764429	3.57548957268	8.97158968968	8.69943806023	6.41157693335	3.23398874938	5.8875388776	5.69428364675	8.82346014956	-4.7436906231	-3.02991155092	0.717389454606	2.42358837398	
6.19888736844	4.53858809355	9.0	1.65820773998	9.0	9.0	0.329787148372	8.99568866331	1.0372680424	5.67635266839	7.11691084584	2.69404427998	-6.0	-4.27305093232	-5.91151629702	-4.18930998602	
8.86218876952	7.18093262697	8.96670891356	1.64239566512	9.0	5.93045746314	0.516852526309	6.24855527527	-0.398402486701	9.0	9.0	5.81418008705	7.24035088732	9.0	-6.0	-4.26645670523	
9.0	7.43837151521	9.0	1.561987268	9.0	5.79494738666	8.88595095074	6.3489754255	-5.85317565108	9.0	9.0	8.79967172647	3.12114217214	4.85141615742	-6.0	-4.28386527382	
9.0	7.45548871265	8.99997036514	1.54614021375	9.0	5.98755724137	8.84473911466	6.1804858594	-6.0	8.60938587142	9.0	9.0	1.67572387711	3.39043807642	7.29579004901	9.0	
8.99478414393	4.46461175085	5.60047001233	1.46892715939	4.84254739273	5.63283620077	2.47649397847	9.0	1.03266711473	5.10767713615	5.91833727887	3.06938054348	2.50376215467	4.24149643757	4.73698180649	6.4772839972	
6.91030729952	5.34711550231	8.99850592791	1.57958224013	8.90838979146	5.77059089291	4.78610013246	6.08363552604	-0.525032585088	8.99801217017	7.80962728201	9.0	3.58861625782	5.30652121956	5.45452673712	7.16771529721	
9.0	7.29078081924	9.0	1.61618441578	8.13794492076	6.61196789967	5.20108936326	9.0	0.474229925067	7.24890606242	9.0	9.0	-6.0	-4.21864512671	-6.0	-4.3278140029	
7.55711632773	5.9574034314	9.0	1.60669171855	3.3607914138	6.2306737386	3.45840354986	6.7612278208	-6.0	2.63963324734	8.6638629106	2.74657025268	-5.78093265102	-4.04382830804	-0.227045359851	1.45992915318	
8.82066653457	4.49637703913	9.0	4.66144679024	1.61734248884	5.73838973017	9.0	9.0	0.653247812819	1.46844134111	5.36374239162	9.0	0.0642855703198	1.80137834059	2.61400278038	4.36419672971	
6.5047563717	4.83588198627	8.99876690052	1.70475312592	-3.90149392125	5.53391451945	1.83210330151	6.46188870549	1.54829331812	2.85265945145	8.93562893294	2.41135257671	2.61307739593	4.32974999345	-3.00161067863	-1.29649763562	
9.0	7.36723587302	9.0	1.62442630688	3.08875281552	5.59029458653	9.0	8.19038415761	0.0211821711273	8.99924298693	8.77044332897	6.99120471451	-0.388743024346	1.34254866481	5.32654529748	7.04954670292	
9.0	7.11622735568	9.0	1.84700005426	5.56176436337	9.0	-2.97192362212	6.52650141847	8.63901746078	9.0	8.94794584177	4.55855879569	-2.92543970154	-1.21128532028	4.70099616463	6.4290816316	
7.81943550726	6.20048372378	9.0	1.61883995046	9.0	5.88340686219	4.17019056555	6.24736080476	-5.01466741465	9.0	8.9203736804	4.82760063907	3.53886572849	5.26792371285	7.27782483353	9.0	
9.0	4.59085086135	7.73345280304	3.4856252131	1.5413086544	5.70960547336	8.79180764509	8.99394403669	-2.84219330717	1.47278947948	8.99996360967	8.85413653845	-6.0	-4.26025406443	-6.0	-4.24779615236	
6.46398967312	4.16426826395	8.4561499574	1.85644087208	-0.918526105162	5.2449705669	2.64271188804	7.62543051665	-0.903640621391	1.67137518389	8.19405131157	3.26387619576	-6.0	-4.38753924755	0.989422356091	2.8807752995	
6.46973415765	4.5981446646	8.78014583736	1.64041294174	1.85023034565	5.61536718035	2.36532741826	7.69107906649	1.43793918221	3.90756836778	8.99760643105	6.3288027844	3.24171959568	4.96928755979	-1.35388130334	0.37468113974	
6.55217725259	4.566449245	8.63758432417	1.62870166342	5.99909607536	8.73748923427	4.45044468299	7.32261554601	-0.661253722845	2.79473676332	5.19583940317	5.01635718712	-5.6297776442	-3.89749524385	-1.00100735506	0.713744703661	
8.90544642619	4.42296905306	5.62856989434	1.47021554399	9.0	8.99997416572	3.27661993603	8.99999977283	0.583814762455	5.4564488568	9.0	6.90889357339	1.31451493896	3.05917576225	-5.79508521262	-4.04161721538	
7.25017152201	4.93836222367	8.99956790801	2.31641646908	3.21408918437	7.08517714797	5.37035182243	9.0	-5.20219010193	1.72873220942	9.0	3.4477997759	2.22135716835	3.94577564932	-0.503617572354	1.22000800381	
6.20432874035	4.56924567828	9.0	1.63262629885	0.981790236111	5.59495077045	7.69505741879	8.99774450834	2.75486743381	4.4874741209	7.76884836289	9.0	5.12249785038	6.83228459587	7.03940702432	8.76910243878	
6.17357450174	4.54631171677	9.0	1.62471269237	4.99139797851	5.5974052751	7.86850426476	9.0	1.93898190726	7.69881768146	6.50305471231	7.89099227395	-5.88367913173	-4.15235495584	7.01749252136	8.74031832039	
6.46755338543	4.69964366536	8.94946417103	1.732977326	3.5755246406	5.94424970237	-5.98821333376	6.25181787253	7.391598004	8.7479077481	8.91304041249	1.88549475713	7.32385735543	9.0	3.37320022562	5.07625987786	
8.75369246875	4.7168471469	6.74322274284	1.78696016457	8.86028292831	9.0	-0.499595743763	9.0	5.35086667242	9.0	6.50931040808	2.09275248443	-5.9559000622	-4.23154411618	7.28220483469	9.0	
8.99984841542	5.70521153263	8.4330895236	2.72250077488	-5.18034244998	5.51096594163	3.02359493357	8.44769207325	2.65747326141	1.96077142021	8.9999212614	2.5108306329	7.26001875968	8.98563467677	-0.849680196563	0.880290920851	
6.83718500432	4.97408094821	8.99085480107	1.86225837415	5.99346591982	8.36223227297	-1.58857604401	6.56753889184	0.439647698453	3.20656843726	6.40011409557	1.98115891908	3.14818783436	4.86809905931	1.69507375442	3.41729901587	
6.44152141268	4.60343602053	8.79520257642	1.62957685133	2.91749213011	5.60134317595	1.87739714232	7.3395663443	5.34417018409	8.91390058942	7.16212684223	4.3304390213	-1.63989949265	0.08882181871	4.71876173863	6.44342734237	
8.83093428611	6.63092775707	8.42588274016	1.62798500143	-0.342494362567	5.57822235936	5.60341473662	9.0	0.600990655701	3.83893277535	7.01179608333	3.33705153119	0.742308863675	2.46907217461	-2.89793553911	-1.17342903088	
6.83045784048	4.61822066327	8.86536420594	2.08186235834	-0.0489023568511	5.55105766438	8.4938690683	7.72542665179	1.42744767786	1.83900904312	4.53851412909	8.17934434499	3.08558695568	4.81630576442	2.86397237749	4.5779287461	
8.7622219831	7.15444547694	9.0	1.60894095376	9.0	8.9893377948	7.27942391	6.17039159682	-1.64208118955	9.0	9.0	8.35962915109	-5.91291128726	-4.18621019283	-6.0	-4.28185143336	
9.0	5.01075066005	9.0	3.98874804985	-0.395150203252	5.58130404807	9.0	9.0	3.29684399808	1.70105876834	4.48099349461	8.98064510373	-6.0	-4.27354402436	-0.297766224116	1.43169244625	
6.40786240436	4.68312323197	8.88435277126	1.61318970327	9.0	5.89757095649	9.0	7.29968424605	-3.39557119085	8.94951451192	7.25068994716	8.58793859325	5.03610778069	6.76199150638	-1.78771234769	-0.0679593888535	
7.02836743182	4.97054460071	8.730899666	1.79775014946	-3.16373622575	5.55716924704	1.5677835319	6.84012470034	1.32777254761	2.59718805413	8.65126863865	2.25777801298	-0.888098818693	0.828498754391	0.131562155617	1.84830860284	
9.0	7.38563421478	9.0	1.63071830256	2.52555997216	5.67435518105	9.0	9.0	-4.87209330718	3.67297045101	9.0	6.16586803186	7.13193762567	8.89498788595	-5.99821038563	-4.22750090276	
9.0	6.97924705951	8.90664274097	1.74895456355	2.15892945208	5.73961609457	-0.480218596148	6.81574526683	6.42192304364	8.83632602969	7.21591664045	2.97086547281	1.77758453553	3.52263792458	-2.02567778482	-0.274898903107	
7.48788673772	5.2849256885	8.48128998606	1.68614697595	-4.88068378501	5.55308541262	7.16987273304	8.96814306239	8.30718678582	8.96751418911	8.99838829649	4.98850123218	4.65524186761	6.37718172704	7.28153621531	9.0	
8.97708290784	4.73572434355	9.0	4.23815624498	4.73867448749	6.09884362876	-5.99871948034	9.0	9.0	9.0	8.99999754976	1.56898223214	7.27816085997	9.0	7.28436175667	8.99781469027	
7.41260473335	4.6780699758	9.0	2.75624351208	3.64110166239	5.54047797826	2.88746463186	9.0	-2.04291329614	6.13386947453	8.96511436329	1.6558509112	-5.98193503859	-4.22902346386	1.64661759663	3.36796488092	
6.33148201216	4.65690561642	8.98865566205	1.67488170076	0.0284144045793	5.48168553772	9.0	6.86339141777	1.67775729463	2.52823134146	4.28444730563	8.99701472092	-0.228819197575	1.51911147618	-6.0	-4.26306524705	
9.0	4.64161059654	5.92595743072	1.63689230566	4.72929313762	8.18129959954	9.0	8.97868620678	0.501540154709	1.99002671796	5.35035641062	8.95244086854	6.63293781907	8.37172241108	0.147834494643	1.8963857001	
9.0	7.32312510472	8.9816291593	1.64107607761	6.87215295369	5.62290163467	9.0	9.0	-4.31122395261	8.57787556449	9.0	6.25674903109	-3.67760846739	-1.9613596995	-3.34606795591	-1.6198252543	
6.47893033501	4.71752321755	8.81246809901	1.58211861446	2.34843945003	5.67873167033	-2.46741951765	6.48728789776	3.96933142018	5.03027335482	8.05647578401	3.60559648467	7.1581779983	8.91926324898	1.19639601982	2.87867856623	
6.28679392335	4.62489846153	8.99998883946	1.68752716066	-1.46856059203	5.52284319995	2.4733818355	6.74393069369	-0.107524586427	2.38617130928	8.0800147407	3.18814996309	2.18549737214	3.90909847858	-0.24771759567	1.47244682196	
8.99976043259	7.34842069022	8.99654946236	1.63258803106	7.91950030331	9.0	8.96944441066	6.49281502857	-0.756082176665	4.52015550168	3.98267717196	8.99854663775	7.27086461977	9.0	-2.4810147414	-0.758247156727	
8.53931562942	6.84446187613	9.0	1.66453390504	1.59813947203	5.63868629117	3.52780091408	6.28832273364	5.36308834847	7.66457777165	7.93540912354	7.75467511653	5.16817992779	6.89373636138	-5.00816252304	-3.28322214815	
7.60890737929	5.53482173637	9.0	2.08982657014	-6.0	5.49909100563	7.32072391103	7.25066552023	2.73195645895	2.44992941492	8.95149041167	6.71291901202	-2.33186868218	-0.588278262718	0.237100846576	1.96226914194	
8.73449272958	6.93677138329	8.98899687952	1.78504037896	0.62364478754	5.54975713906	-0.669847272121	6.31298206695	2.54603470308	3.71734066513	6.38205822458	2.17821495024	-5.99878804784	-4.27080050995	-1.94315059285	-0.229801385404	
7.88717736788	4.59264568397	9.0	3.30004265672	0.798910108149	5.66148046887	-0.84162576961	9.0	3.38143883931	1.98536714906	8.99935734666	4.57093660779	-4.9539122129	-3.22035919861	-2.64354095922	-0.917783140707	
9.0	7.15359294741	8.97773099898	1.83440664917	-6.0	5.50634730581	7.83615440739	8.74210227837	6.71836399422	6.793540475	8.99777013704	5.4050220835	1.56974522024	3.29389698454	-0.929448788465	0.785834819792	
7.36073610169	5.04995085196	8.50302248032	1.79634260855	1.71477542854	8.99893826037	9.0	9.0	8.65763733633	9.0	5.81210534416	7.06958624826	1.54674052904	3.27713016483	7.26779292056	9.0	
8.9746702984	7.02758620239	8.99967088777	1.91033219504	-6.0	5.47933812903	5.97063337116	8.64198557366	9.0	9.0	9.0	3.81718422316	7.30524075685	9.0	7.23900238606	8.99999921373	
8.89932815504	5.59917937568	8.21728691755	2.52048811722	-5.21350909078	5.50571565942	3.99571423564	8.41326943641	2.86389643535	2.14468105126	9.0	3.49007740733	7.28538619718	9.0	-1.27542117124	0.442053050779	
9.0	7.42606273555	9.0	1.59364266457	1.18942495327	5.53262849528	4.25104963702	6.054442009	6.96646901976	9.0	8.13270844419	8.81335500386	-5.98948457856	-4.26617723887	-6.0	-4.27716032465	
6.09575317355	4.51416627878	9.0	1.59582350948	4.63225269928	9.0	9.0	8.15642590957	5.24895086024	8.98259668017	7.21485464719	8.82463029233	-3.08714336068	-1.36438111636	1.00270219208	2.72155216968	
6.54273033067	4.65080068181	8.99999999954	1.9053600381	0.119362821622	5.57320190772	-0.871118800655	6.94135093909	8.99993440943	9.0	8.57645925712	4.17626562352	-6.0	-4.26636577074	-3.52710986417	-1.8060459317	
6.38536987074	4.68394589573	8.94918492206	1.66272577482	1.97749487192	5.53792927646	4.80224629284	9.0	-4.06376001256	3.61889682708	9.0	2.44097186833	7.27368433067	9.0	6.02548140583	7.72981365579	
7.07870499375	4.70924021843	8.33662712361	1.71830588219	6.56715057261	5.72835433822	1.89762806114	7.4489734114	-4.09390613915	6.83622174876	8.97182978114	2.19327589841	5.14990147892	6.87682553057	1.10675662031	2.82640197956	
6.62309652176	4.51771532958	8.49330195689	1.61351719425	3.13915085533	5.74874820582	5.12974094266	8.63202347886	-0.0629652605918	3.45273440619	6.39786835078	5.63836229918	4.71490654016	6.44741376485	4.83500718724	6.55738241131	
7.03875668435	4.89764479471	8.59658448007	1.73232084057	-4.87723494325	5.56502486192	6.84000705472	8.42978802479	6.97223792674	7.3972722773	8.85262518102	5.28317112994	5.14248729266	6.85615198578	-2.10194767321	-0.379000905699	
8.84842948359	4.35677670293	8.87210969952	4.63841224626	2.05902304906	6.04868371006	1.98569373564	9.0	0.524518403976	1.44283946226	6.53257536736	3.27024002502	0.641270305829	2.34989692556	-6.0	-4.23064833936	
9.0	7.2389880165	8.9141876335	1.68142858267	3.36558928876	6.13533206413	5.27796804124	9.0	-5.91505485948	2.91910391893	8.99197994947	2.54994216161	2.26086363931	3.9851080697	7.26235078556	8.98169098828	
8.97364689855	7.28400775064	9.0	1.68849181946	2.1815440127	5.58171967946	2.72391618324	6.68276994012	-1.54590204549	6.52919810416	9.0	2.44896190535	-4.79639609634	-3.06750052685	7.0147546685	8.73614824874	
9.0	7.11192556442	8.70466426011	1.60262070362	9.0	5.86202722951	9.0	6.70963127446	-0.367561920455	8.99889436964	4.05351008171	9.0	1.08741334356	2.80814149964	-5.70058628193	-3.98867183064	
6.40885274258	4.7691169993	8.97851980748	1.62684795744	6.10718405522	8.89778683265	6.13836455202	8.89297540482	-5.90796276587	2.75001704994	9.0	3.68286835052	7.13790026174	8.85813120495	-1.7562075559	-0.0422854710191	
9.0	7.38043818392	9.0	1.63164349094	6.12961378767	8.98758975626	-3.32011372871	6.10100431498	7.95449343983	9.0	8.44881120227	4.01152126779	-0.5062413656	1.21519338396	-6.0	-4.28756548662	
6.815872313	4.81521663028	8.97343935236	1.97614539245	1.14871782702	5.63223991469	-2.1602242317	6.79067178006	3.93162376931	3.81187562947	9.0	4.57021830191	2.2440403902	3.97141295991	-5.56889322377	-3.85155691786	
6.27116403702	4.63446306567	9.0	1.63906145826	-0.55018883212	5.60885722249	8.9546830425	7.51813179696	4.84612131425	9.0	8.99992608445	9.0	-6.0	-4.27507820719	7.23706001017	9.0	
6.10024660964	4.50436130685	8.99776320314	1.60396289124	6.56079056791	5.56287982567	6.15957172119	8.82181419006	1.62138360328	9.0	9.0	8.82510729072	-3.58930588329	-1.85938498781	-5.30161364257	-3.58439173857	
7.42847981656	4.82990030378	8.98500983738	2.59078234113	1.3478697788	8.65054561329	3.53776287964	8.93410183025	2.12298019657	2.00980207965	5.76887285878	2.05845679156	7.12312666193	8.85296221882	-0.0452620808768	1.67893264088	
9.0	5.19522790017	7.79622531281	2.80881835073	3.23827080376	7.15583895863	1.72480110538	8.16060967427	0.23011471388	1.54188917636	8.42478750691	5.43144915525	-6.0	-4.27653677633	0.373398550296	2.12899274488	
7.42888163702	4.49403688851	9.0	2.93473862795	1.09291634923	5.6355254297	0.0679856919629	9.0	1.94585636556	1.78714488353	6.59884064117	2.17355801784	3.00339607187	4.73384860449	-4.85100482834	-3.13675398934	
7.32418735988	5.65544655949	8.95347622572	1.62441494343	7.50512590661	5.81778745931	3.73379201233	7.46458514841	-6.0	7.42149730608	9.0	2.43439515474	3.45869757128	5.18319723661	-5.98550175146	-4.26614217214	
7.7201619652	5.68324701995	9.0	2.04344463974	-6.0	5.48237052431	4.19932535649	7.62544520282	4.22960183094	3.93815015886	8.81213440313	3.09218392174	3.97122792832	5.68615613277	0.471860942565	2.18553656584	
7.57882741304	5.84950244518	8.99995262966	1.77999687395	-6.0	5.30155574893	3.36769078115	6.63457889166	2.21052383048	2.35310102174	8.78873359362	2.94191941182	-3.16328711	-1.49664176575	2.05980251231	3.7670119034	
8.26179719088	6.60928225224	9.0	1.65742221947	-4.51659390155	5.56926493847	3.31646455156	6.31140530609	2.19756600099	3.26214253602	8.9993678101	3.73335822902	-5.96243644267	-4.23569923236	-6.0	-4.27969330542	
7.24435434333	4.56067155102	9.0	2.68811980423	4.80073670597	8.16266606506	-1.16546720612	8.31135864638	1.81191118067	2.2646754292	6.19423008723	1.78333830281	3.03882160106	4.76406772216	6.58536034561	8.30293913514	
5.96232339234	4.4973650343	8.9839326546	1.49206675991	3.24225999748	5.27884602182	9.0	7.76257333217	4.65300809444	8.91950626924	5.18070453438	9.0	7.46622266381	9.0	-3.36666141608	-1.5501314339	
9.0	7.48039972435	9.0	1.60826152889	3.65972085383	5.54723306226	0.885859347286	6.00488035291	0.380665371979	4.88641313349	5.22686059083	2.56279799113	-0.194102888203	1.57004082522	-1.51734589631	0.197491447904	
6.8730468624	4.89416824769	9.0	2.03053033559	-5.99965105629	5.41375659519	8.90479316353	6.70198793847	5.007474608	4.66206492032	9.0	9.0	-6.0	-4.28509411823	-6.0	-4.3139324703	
8.68720856463	6.76454752686	9.0	1.92054795722	5.16683979769	8.83175000345	-3.17165204709	6.46881198065	6.23541943978	6.23578252626	9.0	4.57742970467	-5.9996638082	-4.27389523399	-6.0	-4.27256383195	
7.64893216824	5.34450435802	8.9993747434	2.30218501203	7.80644686973	6.45145315538	-5.99943733478	6.87587491293	4.32715434541	9.0	9.0	1.70598774622	-6.0	-4.26461757055	-5.98011709151	-4.26691539482	
9.0	6.99356117974	9.0	2.01007178832	2.02706022144	5.97977548027	-1.80328754898	6.55978499516	0.949817932111	1.91946354392	7.73569467765	3.3200812671	0.728704498777	2.45832311443	-5.97109796302	-4.24685349864	
8.67697014693	7.02795717195	9.0	1.63918832175	4.96392377172	5.60927287938	3.68323909672	6.2127586485	2.69468236501	8.40356647969	9.0	9.0	-5.85685039017	-4.12718893285	7.27708388831	9.0	
9.0	7.36683150885	9.0	1.63361900673	-4.8795854045	5.55562675813	9.0	8.61622890652	7.36571476998	8.65877329963	9.0	6.53837194432	5.16818284136	6.88812356179	-5.89739832848	-4.17343675626	
9.0	7.25867683092	8.85852211447	1.60701443439	4.3354873302	7.2121871664	5.36571856247	6.18266153148	-0.820532186731	2.63493900157	7.2464302439	9.0	-6.0	-4.27925851757	-1.46255315246	0.2540379433	
6.82407905606	5.18212553493	9.0	1.62839465377	5.78196385923	5.78956808783	7.83820880139	6.36420122627	-0.31790844875	6.04072657883	4.7009481836	8.70964211361	-5.68514398837	-3.95424273785	2.7895159387	4.51263774312	
6.48991168035	4.8037242048	8.99949388343	1.69149431013	-4.72221054178	5.46947445117	2.95747859867	6.78163188486	1.32384168934	2.35974969833	8.91483293149	2.75308487207	-5.97618630328	-4.28346461927	2.1189755768	3.83488143154	
8.96748502546	6.85523965056	8.96073467198	2.07415997572	-6.0	5.54975442733	5.62317331364	8.97076583396	8.24261094566	7.95688967333	8.99347212523	3.2718095354	-6.0	-4.27361833595	-0.762539897533	0.957103153045	
