-0.304727159368	4.53099700849	4.19380794983	3.3556402564	2.42972675877	5.62143449304	4.26832009456	3.02308646525	9.0	9.0	8.97760004232	2.92082985589	-4.44624773311	-2.71328473221	0.535412718368	2.2560747435	
0.060419965588	4.44118497415	3.81481186517	3.40727900816	2.22655876941	5.78770098884	1.87811507167	1.99030704413	3.42015749206	2.46624082315	9.0	2.24630371033	-3.03292518011	-1.31051175867	7.23714573488	8.95091803731	
-3.0547159217	4.53317465769	9.0	5.38286904384	2.51233059276	6.45263246679	6.23927154662	2.54924635564	5.60025878394	2.08307799397	9.0	8.20793524413	1.5136193217	3.24934554047	-1.81322265506	-0.0879774512616	
-3.30856605995	4.37365695821	8.76282730206	5.01062285903	6.01897765983	9.0	8.11800630434	6.50398626908	5.56925732084	3.12160026719	6.11703060448	3.22500911407	-1.69918304406	0.00554562529166	-5.23548078566	-3.52057905536	
1.57858660388	4.37527412803	4.41575181027	5.6418834998	2.52693100757	6.17581769626	2.7460209198	3.31987449673	8.25746079148	4.42587841842	6.47486153338	1.98536808737	-1.82736627882	-0.0878701372096	0.300220978269	2.09984442416	
6.86953345922	8.9014302245	7.03113927002	8.99858024336	-1.65228163889	5.574983624	8.998718682	8.99951064339	7.26632072659	1.75322784977	8.32777314647	2.49577323249	-2.63168121885	-0.903697467986	-4.29822735745	-2.57681555589	
1.21194798083	4.75095136845	4.7038355159	5.05220841712	7.38898133921	9.0	9.0	7.9831944842	9.0	8.11362463245	6.4593331441	2.81260937667	2.14982696373	3.90979565325	3.88150090514	5.60921305863	
1.59391036893	4.34635194464	7.68654493778	9.0	6.67136388136	5.30384894492	2.36816566051	3.0529340599	7.12150217197	8.12529394921	5.99289516071	1.5497002149	-0.160675349852	1.57749266548	6.77390957474	8.44601002225	
6.06322202795	8.99995265101	6.16292386813	7.23822762268	2.30187153189	5.68984494639	1.42554502907	1.7660848247	7.17336205458	3.46541221672	8.75199247496	4.6121930301	6.12601110825	7.80107100024	-5.99893295368	-4.21438446894	
9.0	9.0	5.20291163721	9.0	-2.33151041407	5.46908091512	7.07939699523	9.0	9.0	1.85909454117	9.0	2.50743300531	-5.86990041114	-4.14309830867	1.83519076097	3.5080349973	
2.807858062	8.99656391716	9.0	6.79220488622	6.57285125206	8.97892792122	4.20882038614	1.59012190796	4.10267614896	3.21664047504	9.0	6.00175140104	-5.3269347382	-3.60073834077	4.47234924242	6.1971996971	
0.791494997977	4.58194221065	9.0	8.99999041576	0.890985231124	5.21090962726	7.7956436484	1.5465366008	8.8268119141	5.19639522695	7.19389577438	8.9842124047	0.00207655822824	1.74141352295	7.09716192068	9.0	
2.31297596453	8.99630472804	8.84690149278	6.17854486089	7.38671931799	8.95796095571	8.99451196587	9.0	2.80814124975	4.15348904914	9.0	1.92062671876	-2.62499828235	-0.885296770765	7.27808172271	9.0	
0.313787827309	4.56015392975	8.13504349886	7.88605597867	8.99998655579	9.0	3.38856621519	3.66734927393	3.1500061752	5.59631298707	8.66021992188	1.81897437502	-6.0	-4.26520361983	-5.9837801449	-4.26300444946	
3.49587454601	9.0	9.0	7.48620708578	4.96788924705	9.0	9.0	8.47808471707	5.41039265682	1.58766742478	9.0	5.21462804743	2.64242670559	4.36547089965	-1.40878498726	0.318015883923	
-1.78464907247	4.66792026211	6.205921982	3.79638764579	4.95885365966	8.71538345724	2.77535684502	2.65534516409	7.89596808464	5.86611887671	8.99999990136	3.29412586343	-3.17560874191	-1.64062066249	7.29450402776	9.0	
3.86848732177	7.51224712181	8.99441176544	9.0	6.57860172223	5.65591186243	1.48161783274	1.59071843463	6.19305272646	7.65702339826	9.0	4.58567646571	-0.11354177361	1.62133531304	3.35260513101	5.20574138513	
4.58824401894	6.93640981835	6.83651929971	8.47583848515	1.43809044615	5.90651690992	5.83229945326	2.44961635623	7.03152442419	1.71985935334	9.0	8.99359644098	-2.46210775092	-0.716025878924	7.13759806967	9.0	
0.024174565322	4.54142363313	8.13533748601	7.61621326802	2.40199160811	6.43284096276	1.74383275349	3.987367782	8.91731091525	2.94599433017	8.92847429486	4.50839890497	4.49732116781	6.2258660818	6.34824365359	8.07036621243	
0.0231729209585	4.51629808569	3.61497103604	3.05214605147	5.46505221467	7.7968153847	5.32355169781	1.92022506663	4.41499758097	4.53387062653	8.38100952228	5.35639916426	1.98153383782	3.73262921911	0.114494557587	1.84303225636	
2.11262084009	8.91336504372	5.63985965727	2.84318985564	2.2272929126	6.01463041621	8.929627315	6.48280325086	4.1357869295	3.41698571925	9.0	4.24246443167	-4.91394808519	-3.18040279336	7.19122965839	8.91161669277	
5.9315675661	9.0	8.29646873902	9.0	1.15561721834	5.46146440202	5.40767463994	1.54861575917	8.98908506886	4.69233337016	8.15251377251	8.02023675204	-2.82799776536	-1.15060847815	7.2540356571	9.0	
-0.211842438498	4.52125074839	3.35805306141	2.61774754047	5.25183436422	6.8024192072	9.0	5.25770551776	5.35070074613	6.77859755427	8.74224694932	5.40456322653	3.43385590971	5.17139758143	3.58302702642	5.29222684028	
1.25417297317	4.97531996674	9.0	9.0	1.62723196153	5.53251781676	2.6748522679	1.6156496006	9.0	5.79362763697	8.32013870633	4.92016403755	-4.42186120616	-2.70779785055	-5.98593633776	-4.14252740275	
0.00392217720679	4.5437707892	4.80555917901	4.2524738442	2.10008594592	5.59316390501	5.45118691124	5.48602610494	4.68916203069	4.08937135772	8.9273558399	1.90565945173	-0.129447587181	1.60393712676	0.306538582098	2.02891311156	
-0.0975136687279	4.52331501982	4.32066060398	3.67345366899	6.03863395357	7.31026701539	8.97663615582	8.98976438702	2.56786661283	4.30645131697	8.99956198267	1.88653816865	5.98898666795	7.71883781391	7.2305535438	8.98815405185	
-2.79983365153	4.48790842659	8.84553283207	5.55734198264	9.0	9.0	8.81279710668	7.92075690584	5.42022717378	5.73598502247	6.04404676383	2.55194285906	7.27332537851	8.99680401527	-4.80339039288	-3.06984458051	
1.31858464233	6.46227184215	5.11584048405	4.10203456681	2.18764695421	6.03145732816	2.15625799663	1.92859863848	4.38274230944	2.58327985381	8.95916852426	2.80691978231	-1.7917580545	-0.124340999547	0.168869117743	1.85081692241	
3.99420556631	6.25387522051	5.59628137245	7.16662896563	1.58215757316	5.94920499914	1.93229361918	2.58875628812	7.35784029318	2.22090657874	8.77675261033	4.92674185059	1.61675914333	3.3116616477	4.55710682496	6.28453093689	
2.07836439534	8.84064189275	9.0	6.24140558666	4.53456640369	5.68459137439	8.9048374914	1.86042903128	4.52258557813	6.2778569932	9.0	9.0	7.23841149821	9.0	1.8425197332	3.55259688002	
0.539005035849	4.58796974383	3.35556978804	3.31062235863	8.32881603527	6.79549763599	1.61953484363	2.29728378399	5.12198086828	9.0	9.0	1.84744796832	-4.99353047902	-3.25429307524	3.76906715564	5.49396719265	
-3.05923936752	4.50622246364	9.0	5.43565144798	5.22236640508	8.68164169924	9.0	2.49691661957	5.65635191306	2.52297119149	6.30547410509	8.37428926998	-6.0	-4.2746652493	4.43705454321	6.15267206667	
6.36570579165	9.0	4.63961786249	6.05618531803	5.29308104633	6.10802196107	0.769658963833	1.57203078894	6.71379668075	5.38877289266	8.95271035923	4.63542348968	3.46191668115	4.93104576477	5.36144470511	7.03848881321	
-0.410247021753	4.45536806397	3.4406039295	2.55005279421	7.24561126658	6.69374825688	4.37003040902	2.40419510825	2.57705310992	6.38384380847	9.0	3.65958106517	3.31526046842	5.04633413276	5.99084924589	7.69960136692	
1.72922552234	8.9989890693	8.82834637099	5.358646268	1.7008149134	5.76787228231	2.8361124136	1.94802963041	7.43684268021	3.90751214865	8.99184893493	5.56317381417	7.42885518515	9.0	4.1210792159	5.91697462601	
3.21470245097	4.54086134172	6.3089369155	8.94370654718	1.24677285369	5.97771220284	8.52787399356	9.0	7.83466298028	1.64161360801	8.15118584745	5.21014155846	4.72164087514	6.4457011997	-2.77578136459	-1.09592315639	
1.35364578402	4.47905139607	6.73887110645	7.55152605714	7.97070788191	5.45117866823	1.48429081508	1.68646857682	5.70207648869	8.33671273322	6.29079963711	2.00749645687	0.286788996727	1.9965737436	1.32940552087	3.04218132267	
5.32745995458	8.98266357188	9.0	8.9998715572	6.33832052812	9.0	1.51551705439	1.60957772806	5.11438608696	2.9704243085	8.99947034506	4.60395153341	1.43222174376	3.15794675686	-6.0	-4.14338456126	
0.966784616003	4.40188278227	4.57310647498	5.10386660802	2.26472284137	5.884414113	2.2342783535	1.82226408155	5.58932698255	2.42537079432	7.99473503916	4.00126212527	-3.35637142908	-1.64013628215	1.13218398556	2.90030778322	
-0.173749602369	4.55529574742	3.49114659065	2.77272209138	5.05574893605	7.45026555658	4.57326767487	3.12725402236	3.23320499673	3.81016308152	8.82344094188	3.15630990687	-3.16051511919	-1.4242444078	3.42546725731	5.14755228744	
0.00765172642353	4.4645166502	3.88646840697	3.40847225384	2.07332782328	5.72085729584	2.10241660982	2.17834265844	3.48613746849	2.58288991528	8.98246380455	2.10495250921	4.54417871607	6.27327799197	1.37432906917	3.09772275219	
2.75744410929	9.0	8.97520326941	6.41716218105	8.03083858953	5.81754944667	3.06750293066	1.50726315605	3.6499394261	7.96551939535	8.97480703996	4.851781519	-2.9077387977	-0.990106220984	0.0626803347923	1.7264201369	
5.6070026153	8.83436235391	8.24636435325	8.93813760472	5.48503789578	5.55174553873	1.30244466899	1.60245199399	9.0	8.99930098545	8.30694399121	3.89989817496	4.22184236484	5.86966179377	5.6220095041	7.35115045204	
2.75136801223	8.95745775413	6.45798501132	4.22692968452	8.01495708628	8.99217554397	5.97142722399	4.62230001213	4.4727064397	5.02538616144	7.17805597743	2.91759719234	7.27229187465	9.0	7.29041437063	9.0	
1.20879534055	4.78570989644	8.5898050401	8.99987079887	1.46944222201	5.56351660812	2.54253455628	1.63958193735	9.0	5.38363687648	9.0	5.40723966683	-6.0	-4.16571936445	-3.24114550725	-1.42275750491	
3.95478219214	5.29791123954	6.34316005567	8.99997048212	-2.2315266292	5.57350363772	7.84578540928	6.26315205642	7.85472750408	1.65559599411	9.0	4.85596397247	2.82368481956	4.54929183358	7.16984355669	8.89106944675	
1.3129197377	9.0	9.0	5.330575618	8.55308245534	9.0	2.39728189813	1.63700224917	9.0	8.87935917063	7.22580747754	3.50737087154	7.28620047817	9.0	0.133940705106	1.84987961941	
1.01336910144	4.77626262555	8.98270043151	9.0	3.3183582704	5.49859592964	6.34928143392	1.60419463332	9.0	7.61705022972	8.85253609676	8.99205804093	-5.99985320142	-4.27095055752	-6.0	-4.20954872806	
1.14938322354	4.38496209454	6.72946041987	7.57298556067	1.63231101158	5.77320857007	5.95083014357	3.93861025864	5.6762938662	1.5610558829	6.33699413997	4.10849209751	1.49605151	3.21585892859	3.75337078327	5.45992596626	
0.324065958851	4.54857974599	9.0	8.77882337295	-0.592045899006	5.59044552631	9.0	9.0	9.0	5.7703901815	9.0	1.9226515332	-2.38458927628	-0.652159882983	-2.42622716779	-0.704760908722	
-0.41521823128	4.47682856286	5.45733831655	4.54330032248	2.64941069236	5.70920435389	5.70306322221	3.96714818055	2.65845707225	2.89833012595	9.0	3.35864585783	3.65031262824	5.35802807659	-0.213515194975	1.49463368709	
0.0859007428311	4.53388097652	8.9994342534	8.55267292759	-0.681671094792	5.58631658591	9.0	6.64739668194	8.99996671433	2.1992951285	9.0	7.76559693256	1.91114115854	3.63932052279	1.62387588664	3.34648066682	
2.44696867286	6.10681918419	8.93757475145	8.9962890664	1.66182988861	5.79995858377	9.0	2.005777029	6.47646087016	2.87744647746	6.40893222592	8.9998738454	7.25861542521	9.0	6.25126141508	8.09844635279	
-2.80234642422	4.46717200058	9.0	5.69289563678	2.77530155814	5.80595305391	1.59050085149	1.59544704595	6.59413738854	3.69688200357	9.0	4.81497756553	6.33241239732	8.08993820538	1.38368450419	3.11027196525	
6.0315533475	8.95691148927	4.55019470518	5.47959595239	3.46867102999	6.20917409078	1.02959542604	1.6763511375	8.54988751035	5.82962136765	7.32828645261	2.79805717977	5.27382511091	7.01874682545	6.14435967373	7.93805457825	
1.22009288563	4.75709873586	6.28580340458	6.78109377757	4.80376831346	7.68580253553	2.85083351524	1.81671035109	5.33731924383	2.87306058094	8.63589548025	5.0903533455	-0.325943707647	1.53735705825	0.44984063809	2.22155229073	
-1.18912979486	4.43029296035	7.49119349648	5.86974504988	5.68712582807	6.51174091106	1.39471980023	1.57687070082	5.93619938649	5.06183062821	8.99999850101	4.76933420169	6.97929675616	8.68957401506	7.28966833956	9.0	
4.13105184308	5.31689530759	3.50302583113	6.31512542469	3.02976073237	6.08643877163	-0.126274785713	3.42245363754	8.7516068987	5.11014037389	8.73707818901	1.66538019685	-3.61707779749	-1.88083303522	6.84221141561	8.55846348514	
3.05190254934	8.99999952988	6.28376322126	4.29967782771	7.61236915504	8.88333284367	9.0	8.99958870476	8.97423104162	9.0	7.20847045134	1.85847514026	-6.0	-4.25687885633	7.27113107217	8.98364491165	
1.33467438379	4.50700384439	4.27215564317	5.07967125008	2.63151389377	5.87814679989	7.31316908594	9.0	4.33434014996	2.63428875023	9.0	1.67021794211	-2.25423279416	-0.53404048649	2.6024804527	4.32181924769	
0.923466989584	4.6680788049	9.0	9.0	3.55468757826	7.42066147522	8.72743127136	6.08241450995	4.65278094108	1.60946186218	8.99042836179	7.07720807352	7.24849746475	8.98008256527	7.19545276804	9.0	
3.47576962302	8.97880984528	9.0	7.48465335116	2.88054945853	6.07629297278	8.81149987889	9.0	4.87193126428	2.62061902655	7.07796517857	1.84195875902	7.27701876846	9.0	6.25955241269	7.98387050676	
4.38239035487	7.44764535079	4.90555771302	5.74295629701	8.14101668736	8.09341722741	1.3541604759	1.66249147831	8.48156384234	8.65101285419	8.96266104644	4.46331539554	2.79535329659	4.50728729603	6.07934731793	7.77094126167	
6.12683525518	8.99193522685	7.83501091429	9.0	-2.34159202511	5.57147982537	9.0	6.78144676096	9.0	4.2677452608	8.92710419152	3.83629693796	-5.83950113602	-4.11042475371	0.546788165665	2.26362303244	
5.54158519557	8.38833755418	4.87177953511	6.00245685384	8.17346859672	7.76403874226	1.16448424912	1.70775392688	7.29762827164	7.60486997955	8.84884179722	4.43938364235	-3.20108980585	-1.48287997623	-2.65745186657	-0.936177709259	
0.672427591603	4.51311951074	3.81796049685	3.97101683947	2.89632403784	6.40864932483	1.50810483027	2.36170163865	3.70559827462	2.29514881718	9.0	1.94018136505	1.42513501914	3.15848844199	5.31048997208	7.01642677701	
-1.1961052377	4.49079139883	8.89707141322	7.2192567921	0.12434575614	5.55294390177	2.29038840371	2.12713527334	7.94217299367	2.56627361871	7.49589793409	3.4790374043	-1.4075163802	0.317567963697	-2.36630859196	-0.645700337967	
1.28194461027	4.52867788615	7.97046003995	8.72301903942	2.72420579152	6.7211349075	5.92244116897	9.0	8.64716585631	1.88146116295	8.99617725276	4.57115715265	2.23046355937	3.95979016311	4.06299395808	5.78271297173	
-0.434712208535	4.48729567562	3.93848359781	2.98809378865	6.87317085088	8.87793265792	4.71618004526	3.20545672848	2.21956905377	3.54678125443	9.0	3.13350592207	5.3693494103	7.07923630568	2.24187987864	3.97157996956	
-5.80835054828	4.57282997658	9.0	2.61924151508	9.0	6.40961727486	8.85579260565	6.15918950634	3.23238913573	9.0	9.0	4.39105184937	7.25960356365	8.99723856815	-0.666349858688	1.05548365104	
-0.31590572546	4.46816047954	5.38084024077	4.5722925575	0.529389306537	5.47457075579	4.51874763676	2.53199234158	4.08950342812	2.24685196319	8.95712341127	3.78403101498	-1.95903323194	-0.269851655581	0.788029076651	2.50728107789	
4.49556372608	4.58801595161	5.20402316157	9.0	3.40441076165	7.59672863788	5.82740036983	9.0	8.91973253994	1.83296707593	7.98512276447	3.62741767751	-3.14214333678	-1.25142656488	3.64502116021	5.39703191218	
3.0427317087	6.05824489077	5.61815242411	6.44154792827	1.30219839352	5.60196212321	5.97693549765	3.45246238005	7.535078391	3.28515082518	5.70084068559	4.24552054028	6.28794845099	8.00770886611	-1.5498012262	0.160133612249	
0.956011386179	4.70133421814	9.0	9.0	5.13116334367	9.0	7.29493520671	5.5797503745	4.67995129191	1.61796053891	8.94679846125	6.11072006707	1.60338440382	3.33478337528	7.18711551785	9.0	
1.72095065772	4.51520506315	5.25979033657	6.40833665643	1.00800872709	5.48652723107	6.07512389183	5.50788815259	7.13250713717	2.35686864669	7.68475590756	4.57177704884	0.725062181626	2.33189369925	-1.2152906027	0.480060412876	
4.70206316883	7.51501236885	7.82301239218	9.0	0.913596643828	5.57496480122	8.89057130156	2.00056780113	9.0	4.09211113169	5.6345919125	8.76827625475	2.16651153451	4.05131243901	7.2659495149	8.92535636562	
-0.080546490442	4.58681907766	4.9076221622	4.23335207885	2.69681073722	5.63761750374	6.98032061483	6.43961185218	9.0	9.0	8.79176953751	2.2904790051	5.10637312429	6.85385629527	1.14175096067	2.87619383204	
0.545232147984	4.55694184536	9.0	8.99430928476	-4.04096105879	5.6012190779	4.70068222078	3.64889452522	8.96729492397	2.20361886352	9.0	3.0419037154	-5.99392186641	-4.26299335636	-1.72334377634	-0.000431408968061	
1.14903908172	4.75134690353	8.77309884237	8.97019396328	7.32721074643	8.66417583972	8.25137255181	4.67409628964	4.96382084303	4.29778435652	6.22238781191	5.21387999174	-2.38827218731	-0.477839600254	-4.05837696897	-2.21703366261	
1.01274393422	4.55966238978	5.83359449007	6.1648197219	6.69123532128	8.78725344784	5.30757461635	4.82501191147	4.78425350714	3.37039185681	6.27888859235	2.1844658131	4.14730985854	5.85960775225	0.301693631917	1.91505046174	
0.525701988842	4.53010715944	9.0	9.0	1.92625911049	9.0	9.0	9.0	9.0	1.91035168082	8.9192262092	4.80820787713	5.0446072353	6.77136488541	4.87494144211	6.59394438302	
-0.164357773175	4.52335484704	3.80908368957	3.11263498162	3.43487049463	6.05819386688	4.83912138452	4.32631009376	2.96824483463	3.32632382061	8.83388767468	2.26815491794	-4.09564654809	-2.36588036915	-4.70849335166	-2.98346042223	
3.42179796581	8.99571117868	6.10610423676	4.54038653881	1.1028988746	5.76397416014	5.27597197127	5.07888263068	3.98036954947	1.93107304808	8.99992718607	2.444708416	3.95841174424	5.68836479044	3.77406191229	5.50391386968	
-6.0	4.48241254189	9.0	2.52006363814	5.91009313762	9.0	3.94661486403	2.40635991929	3.34949333277	3.32344763238	8.99010605601	3.37038400339	-3.46509384008	-1.73377925577	-3.89130691724	-2.17672472158	
4.94619013731	4.57309629953	4.8505261167	9.0	3.92748438451	7.8030594635	2.92466955939	6.82683312949	8.99813237142	1.92503247657	8.60343741055	4.04380477015	-1.71766300691	0.0144447542097	7.36405312344	9.0	
-2.75590441259	4.47607906095	9.0	5.77297210885	2.86186708428	5.73953869834	2.23110768076	1.88825573823	7.02884997637	4.34362899392	6.38941153648	2.43013982884	4.7656235884	6.49293055167	-5.47939346603	-3.75945864117	
2.69189124793	8.86490695413	7.34823595278	5.11566544229	3.99424256936	5.52975487702	7.03640184638	1.51722999543	8.9930159996	9.0	9.0	8.94121041142	2.27612806068	4.00189944688	7.28269627108	9.0	
-0.741062930574	4.53444200055	9.0	7.72444107376	1.65971261967	5.66750044437	7.20357126995	8.59580629355	7.75272573186	2.63933687382	6.13462541555	1.72992266968	-3.24291659343	-1.51419263325	-5.98741524374	-4.26583051588	
6.18861601749	9.0	7.74811709123	8.90901216079	-1.47605593735	5.5717370003	1.87891682952	1.82200498366	7.04431589069	2.32969091246	9.0	2.63888950642	7.26514828952	8.99925402299	-5.11684054992	-3.38510327745	
3.30017699621	9.0	6.84925248855	5.14831827652	6.70301509066	5.80031948552	8.48055609359	8.81819986627	7.09137428423	9.0	7.21778704185	1.75478068992	7.2668926507	8.99004611735	1.12255218128	2.84741171545	
0.836394264	4.45777247036	4.76716818962	5.10914088535	8.79393843751	5.98688521393	2.45480907776	1.53438177819	5.06345080965	8.4856327062	7.48923893735	3.80874546565	3.83562645758	5.54484224966	-5.18032797841	-3.4212263922	
2.82653454183	8.95491925552	6.2716186528	4.12066887046	8.99905855314	9.0	3.45570153818	1.59957662285	7.45756112537	8.97460923963	8.48967448065	4.74638037103	4.98869931304	6.72554720148	2.7618258961	4.48436208581	
0.247936216694	4.07225011222	9.0	8.97166465465	-5.98130355536	4.92578762966	5.80335202938	2.59348863423	9.0	1.84573696558	9.0	4.75074209545	4.10793426169	5.71514039096	-2.00948623125	-0.313357190985	
1.96248422793	8.71425221677	5.66292310134	2.8888818038	3.32935770297	6.07494435763	8.5413725407	5.1279555383	3.9600791775	4.15368453403	8.65062314361	5.03495764825	-1.20063757976	0.536284532026	-0.830071076509	0.888400601016	
0.965600249578	4.31842573127	5.00481870009	5.56714328699	1.16956740543	5.55097226196	9.0	4.68489061056	8.24872238327	4.21795565576	8.9550249036	8.9775503245	7.23029560345	9.0	-5.99685246189	-4.23688614529	
5.13794189919	7.52168123425	4.82634486124	6.53731242896	3.65476555615	7.52152571927	1.16422433662	2.06511868636	8.50733353117	3.69252594613	8.99999376565	4.65013035415	-5.88609614137	-4.07346954675	1.58733473984	3.22695093333	
-0.190906944148	4.48799805644	3.99498142143	3.30936497131	1.73074292014	5.67862620749	4.25495184052	2.9508380546	4.48392688649	3.42709666719	8.77990682928	3.09854047866	2.81862158446	4.54726625129	1.73719468099	3.47120841628	
1.11691849387	4.49975426988	4.49850046266	4.89563409962	3.48346664572	7.44758806555	3.57197205415	3.14360303273	8.48704708834	5.14190493122	9.0	5.03385282014	-2.98546633314	-1.2669005603	-0.964616219193	0.70788579978	
5.27867781051	8.91274612777	9.0	8.97106327552	1.38041704504	5.54474925393	1.98890047761	1.54655591166	8.99439464813	5.4225178376	8.99958029287	5.17382356788	4.15393303899	5.90351022858	-5.91568240052	-4.03907473033	
2.6889775169	4.67672911248	4.4882600364	6.32148368303	8.81331812791	8.08182313231	7.25941453556	8.86271761989	9.0	9.0	6.34371744626	1.64041301178	-4.52909287549	-2.76385773014	-2.12759743176	-0.436287906609	
