-1.65367265865	4.49870005497	9.0	3.83527600136	3.25646699654	5.68977164452	1.62487168022	1.99458608026	3.36333299769	3.74826201745	6.26185651012	1.98402282544	3.87599831656	5.61026176134	1.74701058477	3.46021420425	
-1.24523102518	4.51813034497	8.06902366079	3.3133849471	6.47236547914	8.38394192402	0.855146511912	1.78709087761	4.46451282606	4.83773080958	6.5177606437	2.17349780471	-1.13703481914	0.586155308119	-4.82279672179	-3.0969153225	
0.999468377975	4.66801757236	4.95770904047	2.1467622695	5.06280777334	7.1351463019	4.28626698532	1.70479182247	2.03557157322	3.63952073011	7.88677370868	5.87934772558	4.60265807181	6.31943420111	0.451748643676	2.1866318589	
4.18234413654	7.0446009632	6.75702909329	4.64004644283	1.45707703226	6.53011716589	8.99886578747	2.64367125668	5.63036164217	3.70694040213	5.87813761281	8.26911898486	-2.44357907999	-0.516755983051	7.3139061958	8.96853589738	
6.94837506503	8.99686327233	9.0	7.95359626119	5.78095428993	6.64839605993	-5.99228776723	2.48718918214	9.0	5.84513970833	9.0	1.68903377423	-5.96884959495	-4.23336809619	7.27833170658	9.0	
1.06423103111	4.33665861026	5.90579064577	3.67116100334	6.00333117744	6.14860073848	2.68264104301	2.35602102053	2.44817358591	5.45445842802	6.12001495029	2.10787761131	-1.97791914299	-0.160604802472	1.83374596763	3.57997066952	
0.806610774574	4.42214723332	4.472350629	1.71496539684	2.85400292279	6.26779760621	5.25336812161	4.25253846332	2.45400062754	2.7951065694	8.77177203426	5.20942723824	-1.19692855747	0.544927238541	-4.94276000439	-3.22268299089	
1.64082874493	4.70543768097	5.48453734563	3.34089009833	1.45796550436	5.30014241332	1.26674832205	1.56562293691	6.11675927103	5.30881766709	8.80454221351	4.51370878927	-6.0	-4.27328072163	-5.92167045426	-4.20449233324	
5.84198464207	8.999925209	8.72297601885	6.42710774503	1.24958237069	5.5601886878	6.82436041939	1.6363988959	3.83353910832	2.61821213109	7.77999657881	8.97650770472	-3.39665573369	-1.67292308848	1.83036319944	3.63776936759	
8.98375036803	9.0	6.99281464682	7.94523947962	0.929429965997	5.43576593412	8.60549520453	9.0	6.01246515136	1.44231999798	5.3284887158	3.97637737366	7.3804051305	9.0	7.33765286532	9.0	
6.08133205473	9.0	4.81630220044	2.80219360853	5.59146904852	8.2606530306	1.03582687333	1.6546774855	3.40358072219	3.46487177978	6.91864243789	2.60255806195	-5.76274981787	-3.96740563867	0.162567517563	1.97226122243	
-1.80445508747	4.51508539706	8.07342705732	2.75080254214	3.40359015075	6.54900904826	1.70494334579	1.70827481037	3.04175794506	2.92834364271	8.70566889869	4.56488794411	3.58580403299	5.31149513891	1.47576846595	3.18965610829	
-2.62939699586	4.5049243214	8.89166649487	2.73936436325	2.33607236826	5.69305030788	2.4154005569	1.68285510296	8.42042485715	8.35815490183	7.44469714186	3.81177515332	7.23250717674	8.95477397366	1.74768587106	3.47185546234	
1.48464350217	4.55036571668	4.91481102178	2.713757038	2.02983513261	5.87359143568	1.86279392583	2.13669013849	2.7450430224	2.04638509974	6.73111433566	2.37032884899	1.20094455977	3.03220869986	3.75842868626	5.51556194362	
5.81048085397	8.93995658177	5.03019938569	2.90001625047	9.0	8.96657699141	1.52327724819	1.71350767293	6.05965503801	9.0	8.8988287079	4.58114294994	-6.0	-4.28773311895	-0.824885893678	0.982138433006	
2.77085073413	4.87071088684	5.0310481638	3.93973843229	0.336866383828	5.57134253196	0.082618552857	2.69924412733	5.19679819804	3.34883415382	8.98382608353	1.8421081615	2.36069064559	4.07780078528	1.44964672265	3.18569393858	
5.90716077111	8.9914711331	4.73387992582	2.58909297175	8.23343828622	6.34106920064	1.18447845128	1.53388277849	4.00262579249	9.0	7.60878868711	3.15293002267	2.29993602444	4.10882764597	0.533063120046	2.26861837569	
1.46601524112	4.64680419988	4.68088585307	2.43224103787	9.0	6.01183187105	1.24346625153	1.51589150486	2.83121536227	8.99736217759	7.74397511375	3.35311393886	2.1633814203	3.90958258686	1.44697785582	3.19861555233	
1.05042901042	4.22187000158	4.32543818122	2.2242583596	5.22991626065	9.0	3.41957705805	3.12284924634	8.13640900647	7.56242826773	9.0	4.98432096671	6.19664569202	7.98417535948	2.62480583062	4.27377023313	
7.57505803938	7.13908935515	7.56168195064	8.99836432024	9.0	8.99023794389	-0.322073338722	4.98544876726	4.65978980421	5.61204914728	8.99924848903	1.62905582021	6.90719951546	8.64474235195	-5.81270319304	-4.09174001134	
4.36379655622	6.80882556549	4.47849284739	3.11114256675	4.25806254023	7.93222240128	0.880708699636	1.89432691282	3.64412283077	2.45002649672	9.0	4.37196122351	5.4365853222	7.28895312472	1.06624127886	2.77462260255	
-5.17676943836	3.67765572138	8.99977186527	1.19693624255	8.72464691249	5.88529433014	3.50292128438	2.19130556846	2.34295564719	9.0	9.0	5.3826830579	-0.114549360075	1.81437955203	7.36426018862	9.0	
1.33232823355	4.35765652879	6.4831056539	4.62067225202	2.50539810879	6.50544682465	2.75369190463	2.54233907497	2.90971137435	1.64071326233	7.32166767254	3.46695046225	6.98547040725	8.68844647713	-0.202194968655	1.43020192258	
1.8639128933	4.84255435349	8.58791038519	6.6755672633	3.86810640745	7.93520461061	8.95543063713	9.0	3.14771353453	1.73254626968	7.77647115567	3.79370236844	-5.52278670306	-3.79751595898	-5.79288713443	-4.04385872268	
1.42987825772	5.0058243504	5.26612075738	2.63349500457	4.19534668022	6.95232422004	2.27614188304	1.83303744087	2.27062146503	2.92981307638	6.69183602288	2.70031255353	0.675006336055	2.40646630149	-5.99985805312	-4.17085868233	
1.00614953901	4.55946930369	4.4161161287	1.65065461219	9.0	7.50266218283	9.0	8.64996333521	3.59373519172	8.88260494789	9.0	4.85043430485	1.27194053232	3.00362583022	-6.0	-4.27070135917	
3.00759367202	5.69989547676	8.97604814965	7.19079498788	0.987356211082	5.63344799589	4.80430067178	2.6899728599	3.67303717385	1.78305950451	5.57286029234	3.92560163692	-1.08630600153	0.717235197012	-5.43156061956	-3.75526941722	
1.05227147587	4.53302070954	4.34646354942	1.6487705422	9.0	8.99774560457	8.91128048403	8.9991585985	5.25973482824	9.0	9.0	4.50049161862	-5.39326729792	-3.71225145312	-6.0	-4.28183325748	
0.202603178696	4.59257588916	9.0	5.61784543846	7.53267802193	9.0	5.41543577654	5.18436944818	-0.392477157142	4.15522751892	9.0	2.07704880465	0.37550833131	2.11411162311	4.94795427347	6.66550824011	
-2.79620538365	4.5014869567	8.77111439556	2.4818635733	2.75271123712	6.65670210701	5.94084069407	3.67680139927	2.75586061554	2.14016743658	9.0	6.84927220963	-6.0	-4.30331433307	-5.75282942116	-4.04516332729	
6.64891976249	9.0	8.80207815249	7.44107646616	-6.0	5.48591647906	8.95724086394	4.81953003101	8.19081722476	2.53514847435	9.0	6.23788309189	-5.34244552249	-3.61334782181	2.95240014312	4.66692850419	
-0.34543227179	4.53118586048	8.2393080961	4.36097050787	5.64409746504	6.40997348676	0.194326202675	1.61341730767	3.889523751	4.99935078744	9.0	4.59141664191	2.55162477418	4.28730364585	3.80081081679	5.52397960743	
6.15242596844	9.0	8.99964756954	7.05962599106	6.57479984297	7.46253331908	1.0188256438	1.63476422898	2.48213979532	4.43485414234	6.52197016009	2.09927741241	3.81532010857	5.49041351713	-6.0	-4.32255562025	
-3.79963310007	4.44772354094	8.99947637365	1.59712625887	8.94485031823	8.87454741946	9.0	9.0	4.72150539329	8.53087072847	8.99279128662	4.48608291893	7.12387956796	8.83249894797	4.17649505006	5.89305356962	
1.49586670976	4.73238495594	8.99939479317	6.83961372927	1.00797324576	5.50121931098	7.34540193028	6.83269055967	8.48739432243	7.09427447526	5.84109952296	2.20905013369	0.179325866752	1.90098350924	-5.9661921462	-4.23450170066	
1.79971695044	4.80205199526	6.06228027763	4.08147399521	1.7160945415	5.52674733932	1.31866126988	1.68816816594	5.03902748791	4.08410301046	7.57314015959	3.18092233198	-3.37845348042	-1.68004684148	-1.84702328862	-0.0112708843516	
1.21038602675	9.0	9.0	2.206365581	8.8916323454	9.0	6.09990154095	1.70972594563	5.67837794839	9.0	8.99958892913	8.84779910542	6.74804588545	8.47001216439	4.24768201918	5.96907837772	
3.36753540514	9.0	6.46686930755	1.84057719721	3.81522474073	7.33012920812	4.42228602538	2.41589144912	3.49006861705	3.79092478068	8.79672485268	5.86016481082	3.36606148379	5.08889698871	4.32467122931	6.04980978679	
0.998917082892	4.52029235243	4.75126962215	2.16630385788	2.60426392509	5.65554571976	2.17763949985	1.79645121333	2.98904933948	3.41939753977	6.89867865172	2.87519852705	3.2607229215	4.91435409363	3.15461125012	4.89474267807	
-3.56937175469	4.47314473599	9.0	1.83881974307	2.81973866371	6.30856659562	7.71781700842	3.2767467124	8.71973247248	8.88683264879	9.0	8.88566522154	-3.30068726306	-1.57678144923	6.87482363786	8.59335146682	
1.32841934434	4.82216758073	5.28608385526	2.84396263755	2.64500767288	6.63063759514	7.13451991077	5.36132291066	3.07313447848	2.23789193914	8.32988958218	5.7491718003	6.61042995592	8.32890534205	-5.8546165262	-4.00260569187	
4.16447028395	6.45228495008	5.54238932762	4.18824108934	0.889375245215	5.30090706596	2.29435168604	2.59653069116	5.17934653959	2.93135629609	5.41197957017	1.92025270215	-6.0	-4.31126492906	2.99536830742	4.8203771346	
3.11657443916	9.0	6.65491128338	1.59505232444	8.7264041204	8.92023309044	7.95890155318	5.18023233183	5.30843445461	9.0	9.0	7.12368049232	-5.88786703703	-4.15590036448	6.68061999412	8.40068076864	
0.929836010618	4.28471192255	7.74033684205	5.31004653081	5.11611658606	9.0	4.8324825119	3.96077197175	2.02795334828	1.52470847197	9.0	5.60708712156	7.26625415574	9.0	7.32716913276	9.0	
6.19106386852	8.96359876621	7.3732024242	5.59545700889	-1.63098329822	5.60621857274	2.49750240577	1.92080746883	3.96218064705	2.21973485443	8.97454498331	2.92749998992	7.05894751484	8.79576634583	4.45580770569	6.17113515076	
2.40047465359	5.36147533187	9.0	6.95413205008	5.05633678833	6.63256793455	1.376050146	1.72907885452	2.60656408835	4.14242636218	8.17350330933	3.72634637169	-5.69257431415	-4.04420086318	1.46323805926	3.19184947179	
3.90796325123	6.73400756243	4.82644598604	2.79422187121	4.15442300712	7.40232298746	1.05006841347	1.59602493155	2.77121504754	2.49278001081	8.99951887644	4.58826427059	-0.0369044674391	1.61237296771	-5.89345522598	-4.17438248415	
7.70699767333	8.85580940699	9.0	8.8367852088	-5.84206467894	5.58764324525	9.0	7.21879310465	8.92693438561	1.98313466479	8.99999985226	5.18738367723	1.54824597172	3.28018750643	7.27131661467	8.99999841513	
1.26012216971	4.73713674516	4.86218950328	2.57863649082	6.18413642278	9.0	3.1612363666	1.67755475258	8.88561971004	8.99979079358	7.54932008494	4.65725463309	-5.235728767	-3.57299983737	7.20085201337	8.97714954395	
5.16424861335	8.17879333219	5.15763084223	2.95040793981	8.98062756235	6.09330867009	1.11186728126	1.55565859277	2.747350306	8.77343379685	9.0	4.44186946864	0.475094668545	2.19564935039	0.443453377182	2.20759297666	
5.7182141002	8.98352535562	6.83117528723	4.1487267571	1.38359713812	5.48496677324	3.20617457135	1.5407858205	5.4024390875	5.02052984917	7.30893172613	4.69978266047	1.39006056935	3.22534730967	-4.42367749279	-2.89219860408	
4.39203448045	8.31039686346	6.93741201437	3.68159295367	8.05357759793	8.12361299623	7.73230203515	5.21411825376	1.82504568257	5.57759684048	6.20178563508	4.11451470478	-0.368515875089	1.361581002	-1.73329143945	0.00578973147758	
4.42033914962	8.93276021184	5.94462893041	2.41620990388	6.44070149763	7.56940401842	7.8560621545	8.99734533495	0.573430398897	4.5168731953	9.0	1.6872350464	7.27490618814	9.0	-2.54914802488	-0.828875781941	
2.01148201463	4.82706992275	9.0	7.15366883373	-5.91212551691	5.43238010598	4.84944436028	3.43176969527	7.85465063681	2.64966135303	9.0	3.2453295489	1.32318756828	3.03027413514	7.22040858735	8.94819506999	
0.941347598481	4.55085249684	8.99875678717	6.28236171276	1.92277462068	5.32601244707	5.94782500777	1.51564577735	8.90194495494	8.94841044353	9.0	9.0	-6.0	-4.26987146178	-0.860835041432	0.840503218844	
-2.37790343598	4.4677076855	8.75985128756	2.91331310416	9.0	9.0	1.11650906872	1.59970757195	3.19386562064	5.96493137307	9.0	4.65865239597	-3.10190063658	-1.3842977222	3.11507516593	4.82470074952	
1.02331627998	4.57683244221	7.56475792326	4.92342612348	1.69697389611	5.74230909698	5.84501754892	3.94444206448	2.12737829264	1.5771741256	8.94247651924	6.39748232897	4.71501054216	6.37888136881	1.88968772928	3.62119913602	
0.926119304154	4.5508078207	4.58491749776	1.80230574908	3.23262273949	6.17177835969	8.20022211776	2.84772393969	8.16235055287	9.0	7.14346373808	7.89471378977	-0.693394831419	1.04519978551	1.70078295487	3.43837813259	
6.26627109851	9.0	5.65136010047	3.91326550978	-1.74058543886	5.60784302978	9.0	7.68190838942	7.10383703899	5.314867109	8.49430466517	3.13118818614	2.8089027899	4.54415800043	0.42461815868	2.14528700116	
3.41812666688	4.86565079356	5.37254186448	4.78527185552	3.76490504649	5.36425601636	1.09028412257	3.17024879979	9.0	8.97445690982	6.06972259136	1.49010362057	1.28848033509	3.0055635006	0.551491197359	2.24179327333	
0.89519061094	4.52330946495	4.45847342943	1.6561238891	5.87317258849	7.60769681058	7.7612319171	2.98547459694	2.78256472351	4.87178821265	8.44782050908	8.61179536994	2.81508485695	4.56030915449	-3.21954349828	-1.50050912143	
1.43586560271	4.95904917059	5.8050480949	3.43132552717	3.31519360769	5.7374646958	5.63061296216	1.63464686265	5.61711832608	6.41268664545	8.67709698406	8.18390291716	-1.95906510415	-0.155036935673	1.6992006637	3.53015671289	
2.90866791755	4.55445292563	8.39172516123	7.742854945	5.94180784217	5.60209377371	3.50924708996	6.56490419755	4.89804279137	8.08781839713	8.6555214932	1.63297339115	-5.89115809974	-4.15083793637	-5.15651432781	-3.43405240946	
0.910235259198	4.5297826284	5.39681034207	2.78018069206	1.12871837473	5.62919113996	8.0130935345	9.0	1.65336888756	1.99226878659	8.9556476672	2.01455689103	3.30423257268	5.06449298767	7.29472688444	9.0	
1.41104989892	4.82554196535	5.07250347224	2.587745755	7.30942519404	8.94056719307	6.2952282299	6.07155286776	2.51880700616	4.24700665048	6.12285005696	2.06149686154	7.31489511962	8.94836805208	-5.91356481722	-4.01141735964	
4.659665707	7.53145372577	6.27791437182	4.48760678721	3.61487136499	6.6110790102	0.942664687834	1.60340793051	2.64917324262	2.42735766967	7.9238358693	3.42545351614	6.15749186655	7.88718355711	-0.585589703389	1.1222489408	
1.85666811673	4.91598805901	7.9731522846	5.92047611665	-1.98755665222	5.58870335641	3.16523979759	2.49538464702	4.82194949741	3.3402426748	8.99979049731	2.44774640287	7.27002980231	9.0	5.62292287172	7.34204021625	
0.890636787743	4.37072658646	4.93359169791	2.39157286071	2.79415546653	5.63604609749	2.6729425576	1.60666067271	8.23419793498	9.0	7.17893945542	3.67568179946	6.67432404345	8.50238151269	2.97257080642	4.70368257459	
4.04840182878	7.16483367216	4.81282712861	2.55761217236	4.95113802075	6.74285745721	1.2599631575	1.66502669545	5.55540200097	6.70333548085	7.78170356738	3.41314597727	1.79865048976	3.4452723394	-4.2635895872	-2.42784433504	
0.960009458288	4.46734365594	4.64857576531	2.07393781033	3.5205860691	5.66741954683	3.88573293985	3.38814247939	3.56627024884	4.94185994824	6.31475124385	2.27292981552	-5.99853104103	-4.25818170766	0.740362926936	2.46354663562	
1.02441937421	4.43113145413	9.0	6.69571423169	1.45607342112	5.4538731505	4.42910646723	1.55118515988	6.11668090048	5.54452775934	8.99999906372	7.37716213039	3.95630581524	5.68862119294	1.01828715414	2.68252424671	
1.05775941485	4.58764143285	4.64014476526	2.07116562475	5.44037176579	8.99754761062	8.60952106734	7.95659087704	9.0	8.85760746805	9.0	5.18690112519	7.2563015579	9.0	7.15505589163	8.97315290843	
2.70718859449	5.71024481175	8.29225616984	6.14369338194	3.38010023575	6.34568382224	-2.68404518777	1.58692356363	8.0736413635	4.44128148806	8.94174793752	4.45168749452	7.25940896789	9.0	6.16986178522	7.90915414613	
0.106674576296	4.52710829529	6.54838194138	3.12210866916	9.0	5.85565354434	3.93406711656	3.62309258014	-0.247260039839	9.0	9.0	2.10583470115	-0.093123467837	1.63320698757	-5.99185034699	-4.27094790016	
-1.5356052853	4.54544346104	9.0	3.91878764853	7.83103606122	8.01526967078	0.225851431498	1.83398989791	7.19578514845	8.69343819667	6.47926447866	2.06667364621	-5.28045841334	-3.55090602882	2.68517498944	4.40354269968	
0.514233755336	8.12281087957	9.0	2.4105130805	9.0	9.0	8.2918336204	1.74951489649	5.73930911919	9.0	6.88643427246	9.0	7.27946213194	8.99997751659	-5.24513211766	-3.51707540862	
0.929398644858	4.37188140518	4.36229585514	1.93101924059	8.06250489056	8.20073735571	2.16372728734	1.70290200986	3.57287880331	6.90545795036	7.66104762045	3.68644176236	-2.65695909518	-0.951865397517	-0.16204127546	1.49137647319	
1.63777705379	4.52306134424	3.87087357557	1.98249891621	6.17810090002	6.74129233304	1.21700768985	3.03702471131	1.62654192458	5.21718677882	9.0	1.91296718344	-1.80378784421	-0.0526303580648	0.218805261433	1.94029030027	
5.97164256755	8.97909868391	7.91479101216	5.73979635895	2.27184945286	5.62043216778	1.08928671299	1.55124364495	2.80060706306	2.5087798171	7.86194367467	3.49039605922	-6.0	-4.32250774667	-4.21083768064	-2.48834127659	
1.66700909817	4.69802106821	5.08682150172	2.96009863886	1.31402489318	5.59408985783	6.1999535849	3.4497051527	4.19397894746	2.83748737647	6.90373691993	5.78454929933	1.77290029351	3.51306148031	3.64526084486	5.39618280485	
2.95515940951	5.76914658904	4.4669490159	2.65192848695	7.08685187743	8.92653117814	0.806427304975	1.53437535413	6.98981757595	7.96538438739	8.55847748689	3.92878631196	-1.0271772734	0.799086340969	1.42523894279	3.13520856507	
1.49454042743	4.72455416704	5.16138332837	2.8590125388	3.23234288797	5.93258672752	1.44726375852	1.70208067745	2.58219313419	3.27484161309	7.81995922173	3.29042326503	-1.08636035694	0.698795600803	1.68262828573	3.43385976339	
6.15894554263	8.98584160828	5.22956569797	3.29591488069	1.86129838365	5.57797818239	1.08222677173	1.74710478214	3.1780699629	2.25522303167	8.87603796783	4.45644246653	7.14053335908	8.86129939252	7.20135911872	8.98917494477	
-3.00507243628	4.45459299467	8.60687390868	2.07478951432	5.80483352494	8.99930104655	2.72350215793	2.13229143136	2.96859487906	3.21159197422	6.80875325403	2.99885794147	-0.5653874678	1.16106411844	-6.0	-4.28241254524	
1.54846429303	4.4111902541	5.63611224251	3.70181649953	9.0	8.93480097577	8.43905522944	8.99702939833	2.49717366597	5.45670839035	6.12765117473	1.64794778135	3.64977814442	5.41589807068	7.15957416294	9.0	
-3.08341885179	4.5270382249	8.89364562591	2.29216859439	8.23268430457	9.0	4.13092864651	1.7175762672	6.38418111936	8.9050000393	9.0	6.99567361771	-1.27552065779	0.453640861626	2.67980444258	4.40586229353	
1.99664414412	4.98481960686	8.66533371631	6.58472979412	2.32227342909	5.60053202465	1.44737832637	1.90131043108	3.33360687532	2.94079571654	6.29556645121	1.94171964578	-2.25273347996	-0.713935623782	-2.61798486843	-0.844619248107	
-2.40806937111	4.46142563232	8.52607525878	2.64562550065	1.94534763911	5.90840133825	3.62381952892	3.30196956169	2.99271989899	2.25362609809	6.70869949013	2.72872910599	-1.10718860862	0.626108089388	3.30357560935	5.02150322774	
-2.58729670418	4.52916127859	8.97801747504	2.85443874058	3.39376942187	5.94748347844	1.9055451376	1.67883188711	3.11628549754	3.68225392729	7.34865533625	3.34927628242	-2.30407931357	-0.577408713351	-5.81441179998	-4.09000525385	
3.03405552519	5.65737483877	5.58042455541	4.05748972025	2.87856396046	6.57847946011	1.15237534221	1.93123579246	3.40606227551	2.18914600975	8.99866315011	4.43643149351	-2.78018274298	-1.03024608807	-6.0	-4.28916311106	
8.99889705888	8.99958110181	7.59073441179	9.0	4.70684895006	9.0	3.79252583096	8.99348349103	9.0	1.98489563822	9.0	4.79179880375	7.2866557566	9.0	4.83250422603	6.62660501257	
4.21602046616	4.41011559501	6.76864580005	7.56131582513	1.38482099002	5.33080239927	5.72826446907	9.0	7.41384057463	3.57236942764	5.90351709785	1.43811595361	2.53489133839	4.27979351842	1.71424628159	3.51254093821	
7.99385493728	8.98932522462	9.0	9.0	8.99999901738	6.02826432193	-2.80178416178	3.4974747758	9.0	9.0	6.05332643258	1.62799845964	-3.77506065771	-2.0571525029	4.85271127822	6.56311311167	
7.38895815241	4.45534062801	4.66863869553	8.61783274264	2.44178490203	6.40323036304	2.5616386377	9.0	9.0	2.16857949688	8.28115045723	3.58527314281	-1.31879892961	0.458824782253	-1.1395940549	0.460399682197	
1.58607091829	4.46815296444	4.70937915412	2.6775013858	1.63529167692	5.64402401512	5.35920417449	5.82429586274	5.5833829421	4.452410308	8.84852134803	4.66358600309	1.24517894874	2.95723192024	-2.38619732111	-0.64640900106	
5.81476682066	5.06037409788	4.97738798381	6.64259429748	6.49437384576	8.61082991414	1.06860554057	5.40071463058	6.41733678014	3.46171541477	6.0154395315	1.52638242969	5.87564793854	7.60091508518	7.19981733341	8.99813919995	
1.66665505842	4.55279856181	9.0	7.12328321211	1.106604489	5.38904965843	1.88566561028	1.93832156598	6.38785081249	5.052145741	5.98159824512	1.99515821433	0.547668721405	2.24594719478	-5.77721320891	-4.1906299587	
8.54479523776	8.95976931408	5.27762855585	5.76083776492	1.03747822295	5.59984124715	2.15494147721	3.85907362426	5.72567590195	1.76978538813	6.93750324432	3.63272069032	-3.73322498166	-1.99151723117	1.78807095852	3.42969437863	
0.0908928040868	4.52321107797	7.51503947173	4.09758090673	2.06038193399	5.78902637381	7.67869209732	7.0366139408	-0.106853594221	2.21516696145	9.0	2.46714475844	7.27422447269	8.99320392986	7.29120547885	8.99869038612	
4.48219669334	5.7598896787	6.94363155898	6.65124584598	0.80171913201	5.4019452259	8.31591264655	4.31172142406	4.9415622106	1.5091189463	5.22306107846	7.08169794011	1.42896965102	3.11064526394	7.33801295187	8.96778194366	
