8.99717690537	4.449334454	6.6367041306	2.74084908274	-1.68236774731	7.47649710977	
5.18243966106	2.82637605369	8.90062092186	2.81298703	-0.578931364066	8.57993349301	
7.60138626632	2.85487602215	6.49923437856	2.8020471235	-0.160805072358	8.99805978472	
8.99045385504	2.92564243321	5.54516021556	3.16627413816	-0.158922819649	8.99994203743	
5.08386097279	2.84053296274	8.99999990466	2.79963041549	-0.50778751502	8.65107734206	
8.9942275146	6.46013035682	8.44470917433	2.53510883288	-2.67757528492	6.48128957216	
5.3370098208	3.22973728107	8.94914037746	2.61271541796	-1.27714218241	7.88172267467	
8.99999991329	7.0049958135	8.99999969387	2.55130629443	-3.50247573753	5.65638911955	
5.5528891857	2.79843068356	8.77424361195	3.08500461486	-3.19423615069	5.96462870639	
6.32075307374	4.32449186199	8.9728102465	2.52537395902	-0.234558142629	8.92430671445	
8.99826231426	2.81872335993	8.81349116056	6.54933261566	-0.15887839631	8.99998646077	
8.90038533489	2.89775488756	7.34271224242	4.90164519051	-0.399843001118	8.75902185596	
5.40982757092	2.5975321117	8.99992914753	3.36852710752	-2.22713260879	6.93173224829	
5.42740390508	2.59169642451	8.99999199949	3.39200198083	-2.13155243982	7.02731241727	
5.8116185186	2.54365563034	8.95039187757	3.7746572666	-0.276726332165	8.88213852492	
5.11567094472	2.92302804565	8.99999994174	2.74894534158	-2.69413512576	6.46472973132	
8.98657294404	3.04899023372	5.97897501067	3.47286022175	-0.476591625703	8.68227323138	
8.99991019006	7.03765491125	8.99999710028	2.51855487985	-0.479154890249	8.67970996683	
6.37988013557	4.1480713267	8.80883591036	2.59694722	-3.55756859286	5.60129626422	
8.9942165041	5.50508656542	8.99897341775	4.04440585721	-3.13748281671	6.02138204037	
5.19910774807	2.86683937887	8.89530999626	2.78388086623	-2.25050601364	6.90835884344	
8.99061687218	7.00918612518	8.99999226801	2.53772551579	-3.29029426332	5.86857059376	
6.56842809612	4.1136069805	8.83704779667	2.84817141305	-3.88858065104	5.27028420604	
6.00307791202	3.35591931467	8.53664352634	2.74010462446	-3.39744680174	5.76141805535	
8.99999654729	3.75295343345	8.99796979349	5.8013154081	-1.36698403563	7.79188082145	
8.40057368814	4.12946425214	8.99999514589	4.82740708265	-2.35625681175	6.80260804533	
8.9759823773	3.50233346198	8.53956421344	5.56951562952	-1.11867623454	8.04018862254	
5.08315484167	2.80924943557	8.9999999997	2.83020790656	-0.491932380476	8.6669324766	
5.6793393903	3.03304632393	8.91090055238	3.11349611951	-3.63660111281	5.52226374427	
6.22884760113	3.46578273497	8.26484759873	2.58421496567	-2.31563120844	6.84323364864	
5.16771687326	2.77440676672	8.96406229984	2.91367490716	-2.87540645635	6.28345840073	
8.5787267399	2.65851305361	8.61461895772	6.09113514478	-0.159934832737	8.99893002434	
9.0	2.5071284857	8.99999999998	7.05033906	-0.199633217131	8.99999994922	
5.36199482167	3.32455951079	8.99965331714	2.59339112879	-1.91459775751	7.24426709957	
8.55021749908	6.41049004859	8.82256911849	2.51859906976	-0.327838551216	8.83102630587	
8.39263731009	2.69272539112	8.95931150359	6.21552592333	-0.459268456845	8.69959640024	
8.62612040222	3.53312234875	7.14691209429	3.79621264852	-1.47704596852	7.68181888857	
8.98284055861	2.98535447578	5.32612318637	2.88005165092	-0.156522509935	8.99928627227	
8.93830002092	2.80267534607	7.57532610478	5.2672532804	-0.184528066649	8.97433679043	
8.99999828912	7.01013955841	8.99996437603	2.54612560751	-3.43541706574	5.72344779135	
8.990019998	7.00884315341	8.98745838557	2.52493773094	-2.82050198268	6.3383628744	
5.3228021707	3.1516277223	8.90612736928	2.63360431845	-0.164937821055	8.99392703603	
6.89437100378	3.256178798	7.42455603553	2.61905074207	-1.37679676369	7.78206809339	
8.97281387733	5.10750328176	7.09928529269	2.52089838902	-0.236465875567	8.92239898151	
5.20695670449	2.64433938944	8.9999990986	3.11891891441	-0.836328321339	8.32253653574	
6.59982048677	3.48405209533	7.92694689689	2.5990177891	-2.30916263658	6.84970222051	
5.09487058173	2.80317573858	8.99999951332	2.84799685723	-2.44346980254	6.71539505454	
5.76568100912	2.9711625121	8.35836605692	2.70918705471	-1.27477465296	7.88409020412	
8.9999977964	4.68290335811	8.99982576232	4.87322270138	-2.31831437679	6.84055048029	
8.99999976875	7.07824171812	8.99985120553	2.47874298548	-0.385420734958	8.77324425202	
7.51546534467	3.28891683296	6.84439087745	2.62724188992	-1.12810578781	8.03075906927	
5.08291822261	2.81484186935	8.99999896523	2.82437781925	-0.331017654774	8.82784720231	
8.55216341383	6.09627018584	8.51800412579	2.53019985455	-2.6026389094	6.55622594768	
8.99965324083	2.69595156656	8.48266497552	6.34355798965	0.0175820951068	8.99994867037	
8.98978942295	3.34923436181	8.10824938919	5.30510695109	-0.929570906497	8.22929395058	
8.71979614769	2.85362982687	5.78514941813	3.20761823972	-0.29668397913	8.86218087795	
7.37478665064	2.52932967527	8.99999932667	5.40175880282	-0.162021679091	8.99684317799	
8.18664233779	6.22432447799	8.99999266285	2.51861302341	-0.167246397324	8.99143610069	
8.02564796773	5.32837050495	8.28720286521	2.54078282876	-2.62735200476	6.53151285232	
8.96696695661	2.80406538816	8.97998942407	6.69919349329	-0.160308869216	8.99855598786	
8.66156996982	6.69790120485	8.99999993193	2.51997119767	-2.18833730644	6.97052755064	
8.88703575935	2.76676157703	8.999999753	6.67657643609	-0.158880544283	8.9999843128	
5.08408344824	2.83301403287	8.99915908349	2.80653099963	-0.175876128489	8.98298872859	
8.99999857309	3.98478446026	5.98550842993	2.55702504353	-0.329409686033	8.82945517105	
8.9999999947	7.02900167896	8.99999977134	2.52730058785	-2.96571613103	6.19314872605	
8.30408260284	4.3952509874	7.20483470318	2.66996881939	-2.18038204225	6.97848281483	
8.99264092322	2.81597174809	8.99999974236	6.73297141825	-0.158996133445	8.99986872364	
8.94320665804	2.86239807043	8.49148954874	6.12860063711	-0.297319595879	8.8615452612	
8.99185383434	2.80278007504	6.23670457883	3.98217998205	-0.158386665418	8.99979693169	
8.99697541848	2.87500047279	5.54566050853	3.22404643995	-0.158364347724	8.99985802624	
5.98017658407	4.00231419883	8.99887550342	2.53304038943	-0.506052046755	8.65281281033	
5.08668638903	2.81173057278	8.99999990505	2.83125822206	-1.98937119402	7.16949366306	
8.99183010081	2.76713748165	8.99999976875	6.78122985444	-0.157032438023	8.99932493105	
7.64225154551	5.52605397094	8.8465000095	2.51900008483	-0.65401191174	8.50485294534	
8.02024461325	3.19378307035	6.25117770643	2.6339417501	-0.159068571979	8.9997962851	
8.99984420524	4.5743838271	8.98833948098	4.97010235988	-2.20948693009	6.94937792699	
6.58728077061	4.4585185607	8.99627443165	2.68133914232	-3.98718873275	5.17167612433	
7.9854149123	6.00937938577	8.99999977942	2.53233780672	-3.15120084719	6.00766400989	
8.99945013495	2.65533681416	5.66686939453	3.56798358593	-0.157320557257	8.99969267812	
7.41760283582	4.43872149851	7.99341157306	2.52859541114	-1.69957603493	7.45928882215	
6.43709805529	4.30448189945	8.9998562515	2.68877490811	-3.99303182169	5.16583303539	
8.02619866402	4.40393719557	8.99999983339	4.17856380261	-3.00256077406	6.15630408302	
8.99999967405	7.03776082558	8.99999977587	2.5185411251	-0.182308627491	8.97655622959	
8.90179409375	6.83404643154	8.89451371031	2.5185638733	-0.391918743796	8.76694611329	
5.13436417305	2.90616677027	8.97060390366	2.75510380721	-2.42812036515	6.73074449193	
8.99999135947	5.52979059414	7.79090760037	2.81741086647	-2.86597724565	6.29288761143	
7.18785786675	5.22474269818	8.99999999995	2.51941766929	-0.721115004203	8.43774985288	
7.92863801108	2.58429712112	6.78802268057	3.68866607131	-0.159107984797	8.99975687228	
8.99642597398	3.37288285282	7.12528392924	4.30512955117	-0.943051616342	8.21581324074	
8.99472610764	2.81694169012	8.99999994886	6.73408686714	-0.158865031378	8.9999998257	
6.4955765111	2.5241460604	8.99997468789	4.52770763935	-0.159410270452	8.99945458663	
8.99644836711	6.95582769252	8.99999986165	2.59692303701	-3.81366403445	5.34520082263	
8.9773584106	4.27529392781	8.18235094198	4.44071792553	-1.92528698174	7.23357787534	
8.9565686389	6.70603836659	8.99999989301	2.80683266609	-4.07320548809	5.08565936899	
5.36943064262	3.31238998194	8.99999999577	2.61334315722	-3.12873970914	6.03012514794	
8.956601514	4.92920171481	6.93882191272	2.52252421268	-0.337176045374	8.82168881171	
5.63161623563	3.63132329194	8.99681459331	2.55341003777	-0.557773760027	8.60109109705	
8.99970677493	7.02181262709	8.99999945771	2.53419610632	-3.20732990927	5.95153494781	
8.24311291109	3.57961631578	8.48808886754	4.70788796361	-1.93428857525	7.22457628183	
7.96832336059	5.8423399974	8.99999975985	2.6822856238	-4.00761267874	5.15125217835	
