-0.619223188853	6.51880777563	8.99997347557	5.7033873053	6.54627674412	3.4199993077	
3.05552377902	6.53499015547	7.26509742737	2.52346872965	3.6233484643	5.60067814336	
2.5023596003	6.81149839314	8.94820015004	8.89577726091	6.06074060118	2.51919205549	
4.99558270506	8.99695916306	6.92217611869	7.60138185032	6.51845058447	2.55303575261	
-0.0291922102381	6.5197202053	8.5967501891	6.1462451607	6.26813953311	2.88489950375	
4.99860905131	8.99997891709	8.87758396748	8.98399791437	5.91154138054	2.51892492657	
3.08331706199	6.51982657147	8.56402020302	2.51892169049	2.63322178339	5.95697814544	
5.07554237076	8.91707702789	6.51256772949	3.02945897264	2.41675598979	2.7734974473	
3.094044591	7.19631594618	8.29963797493	6.76705347843	4.37485813394	2.52033863301	
8.90957676375	8.34910088879	8.99999998839	2.51856914987	-0.671363447087	7.08571062417	
1.91037135213	6.6137804783	6.50894071159	4.84726470478	8.4877503999	6.16118463812	
5.48246959579	8.99692066728	5.8047706322	2.68982653725	8.68383200232	8.99949238366	
3.27291892212	6.53508437119	8.54694397501	2.52154527778	1.22549578972	4.70389639573	
3.22184752474	7.30024589504	6.22785963914	8.5803950432	8.49454867655	2.77878225985	
0.240084905528	6.52046562775	8.14680226489	3.38792794123	8.85899897281	8.05265993208	
3.69470752268	6.51880181007	8.99985151432	2.518578045	3.43334852503	7.80569506003	
2.23206008216	6.69939477305	7.71222400493	5.75028784111	4.32505817512	2.53482700573	
3.4948334376	7.53727278622	6.32075553193	5.07232995843	4.77642536853	2.69757895119	
-0.215026619736	6.5190495737	8.69498231063	3.03539805215	8.99973554061	8.64041096321	
8.88705662315	8.90533687779	8.99998211332	2.5186024943	-0.675991959426	6.5022747628	
8.93015348707	6.81237414031	8.29484865173	2.51855753967	0.338188216008	8.94742603233	
1.44739386106	6.55307883454	6.91938182156	4.14864136635	8.95660681549	7.33682965495	
4.61817444303	8.62143499281	7.73230948154	6.0997077813	4.17934877617	2.52385728448	
3.54811488932	6.5208170987	8.40025803074	2.51877523872	2.47312736415	6.09707530515	
7.06986224075	8.99998256705	5.80725931403	2.52225892795	4.76097620418	6.83102362155	
7.30759167726	8.96618828138	5.80491048419	2.520533808	6.62563913053	8.96658656041	
4.81504996521	8.79328102466	5.8056404991	3.78778858264	8.92944938639	7.68423760123	
8.99996459703	8.46006500646	8.58628095868	2.5185697636	-0.258664963018	7.06411318044	
2.4054055259	6.7664883287	8.83507910961	5.67347584941	3.00410251327	2.51979032832	
-0.372253904918	6.51904994367	8.99999835004	8.9172964936	8.90878952574	2.81535489131	
3.28466088924	6.97956088665	8.99646279997	2.68864663468	-0.319720369787	3.0083631557	
5.26648589201	8.35775354901	8.56670840751	2.57487411394	-0.181415154197	3.43431884016	
4.55194347664	7.64841772299	5.83697252261	2.57192505004	5.92717325461	6.81091383855	
8.27466254058	7.10345263784	8.98052617772	2.5185595433	-0.527460246712	7.82088364805	
4.99662943421	8.99659217456	8.10769142281	5.00521193423	2.70445924051	2.52214334649	
3.36406646016	7.40587356463	8.57227850983	3.90044938557	1.19262870628	2.53781808388	
6.41133648904	8.99999491033	8.81347827893	2.53568143109	-0.472610993571	3.93169479069	
0.0145777535004	6.51957778007	8.62577781155	3.21530851283	3.39623463202	3.01687126196	
-0.407515742884	6.51892887024	8.99906283834	3.34005382048	3.57781744425	3.02554920671	
8.96888584718	7.92895142222	8.81565425938	2.51856118477	-0.476114267265	7.57608059019	
-0.219446722471	6.51928398825	8.5428977965	5.38393267288	8.75552701242	5.89092878316	
0.745884813479	6.52221976784	7.87150739803	2.82903648372	8.95906106837	8.94036438604	
4.63473087328	8.63797617376	7.07783678662	8.99838108104	7.75108429704	2.54246205998	
-0.399043431697	6.51876826708	8.99970955279	2.84334217144	8.85924538098	8.81296842125	
8.62973675588	8.87214372946	8.72389512757	2.5186329472	-0.399485644358	6.27853692027	
2.67076258223	6.80582181397	6.1185012636	2.98786468916	8.99993445539	8.71067915546	
3.74673246257	7.7715053905	8.93739968778	6.08309958934	2.97431916804	2.51901369638	
0.399438100167	6.51881258224	8.93526110979	2.5629603212	6.15250173061	7.12059539507	
0.954009215332	6.51882885965	8.91369378557	2.53110601679	6.59774991017	8.13068539296	
0.656206602404	6.52260915415	8.2191056413	3.03256037687	2.86885494738	2.90416501787	
8.29618566039	8.13153795946	8.95583001882	2.51858638284	-0.622888380766	6.69417031398	
3.99040007691	6.53078812274	8.53961622122	2.51897839769	1.36636563448	5.56178277006	
0.171225021698	6.5202080024	8.86616899435	3.44287769076	2.89169781526	2.68117349589	
1.6913736196	6.57876382271	8.9711524115	8.2434065436	5.96531842558	2.52084144816	
-0.661619310845	6.51877858913	8.99997021396	7.52673499053	8.94747949364	3.95548417496	
3.85619479586	6.52993124258	7.53999933261	2.51909042178	2.89822131414	5.96056113607	
3.78074405558	6.68126984279	7.53790305589	2.52949172308	1.32633749002	4.14939039311	
0.800416066371	6.52034173633	8.187666426	2.62817036041	4.15322329501	4.70796104843	
0.5172573106	6.52280038625	8.20581046084	8.9060741439	8.73175570049	2.74111629949	
4.8984118117	8.90015342645	8.68630191444	8.98887043084	6.10827164085	2.51912886757	
8.99275339635	8.98030833919	6.05928451672	2.5185994401	2.61734459281	6.8856420841	
3.61746330796	7.33596836769	5.87505192096	2.77305301661	8.30000786089	8.39866906313	
6.03856682711	8.23202851882	8.99279148471	2.52525894146	-0.655439988295	4.33379822106	
3.72668344332	6.51877321663	8.99647580972	2.51857480595	4.5035060655	8.9044846495	
2.66284891282	6.55414546744	6.90730928044	2.5460642652	5.40612087753	6.59123669583	
2.11847166745	6.66400772075	8.37896855191	8.30074984816	6.27477979477	2.52262980292	
3.25055445081	7.32433702717	6.20897349818	8.97291621612	8.91341137303	2.79085343639	
2.89336949905	7.03623912058	8.99945286215	4.01159364026	0.972982315631	2.53313927366	
3.90598088489	6.62927833362	6.50677407382	2.52376011684	3.38558787819	5.36047174386	
6.12735875556	8.99569471629	6.02749523982	2.55176469711	2.72567873261	4.0482406723	
2.29338672117	6.72136623857	8.99219038392	7.27036467709	4.51030547924	2.5193190263	
2.60721319155	6.74436680655	6.19529474631	2.87139299786	8.92416642228	8.82608191305	
6.71015269711	8.99994154086	5.80476752926	2.52707769981	7.29693165379	8.99999999758	
3.7231890849	6.53678115258	7.18816935744	2.51972506145	5.99688294291	8.56690252898	
3.06680890321	7.17096287416	8.66745896938	4.44819188698	1.69417849827	2.52445896747	
-0.460188781522	6.51876808205	8.99999985681	2.92286860629	8.99999590926	8.81333765286	
3.49327353049	7.51758852903	8.64648704902	3.83505320955	1.03844178512	2.54072798386	
8.49575558985	8.99999894092	5.80521583299	2.51869564337	5.49741939776	8.99486359411	
4.97783918705	8.96802514412	6.05910926925	4.10913407216	4.2083719497	2.88332854757	
1.23488044584	6.54052252074	7.11567132039	6.89823436354	8.71177329936	4.33873553908	
3.48502862956	6.52242119874	8.40058242137	2.51898398301	2.11021686044	5.66959008761	
2.99117185292	7.11717592365	8.96266972898	8.65476545842	5.62189258241	2.51896013997	
3.03476924641	7.14323675542	8.536371774	4.20184394534	1.58748379973	2.52871147715	
3.97557389716	6.52605667551	8.89241443324	2.51882388037	1.21348217835	5.7517573104	
3.34554655356	6.69144539177	6.36711587308	2.55141281412	3.24356030053	4.42853187853	
5.96221074528	8.7595418513	5.80582704461	2.54652060039	7.82284481502	8.99998751091	
5.14773138452	7.54302013485	6.96447686915	2.52844189902	1.44482797521	4.20074155276	
3.31275405469	7.37724153151	5.89807731107	5.95319949531	7.09817508362	3.69373278024	
5.18653675878	8.90017314755	5.89038633254	2.83290854639	3.49665042083	3.55565917601	
4.75071455947	8.57638790121	5.80714257494	2.99173065646	8.99452049618	8.69942643074	
-0.515849246321	6.51889289644	8.98205372641	8.23652037762	8.64223553222	3.06819409603	
4.09836674386	7.96207995898	8.72261345532	3.04793000211	0.145110964701	2.67124856068	
2.12839831511	6.65342701142	6.37702454347	3.49642996737	6.63070949974	5.70144273704	
-0.17140295416	6.51937750552	8.51428806487	6.06118710882	7.38805699968	3.86554485388	
8.99342277139	8.74747531441	5.81030085946	2.5185818837	4.51016981049	8.76300360114	
3.89715972734	7.13514748158	5.92500773686	2.579628336	5.03978825122	5.86234725532	
5.12588304619	8.34063168795	8.56940167277	2.59506410634	-0.163666036172	3.31109024629	
3.23934396365	7.26688953433	5.89103031536	3.42317924499	5.69409336631	4.84956622363	
4.06059452729	7.11254717233	5.95829109927	2.55667095757	3.74413671066	4.80897156697	
4.84736937378	8.84931266574	8.70514792314	6.78625927999	3.88701546413	2.51912817318	
