6.64996397057	3.51636484511	1.4198688135	-3.89022956026	-5.9112725954	3.24759226182	
1.5140397669	3.03698260061	8.99467569762	-0.971964635365	-5.96785864414	3.19100621294	
6.45568063091	1.29811597463	-1.95343165376	-5.23956449673	-1.62243354056	7.53643131752	
-2.39992080699	1.07671678648	8.99711740022	-2.92321769245	-0.159017940918	8.99984691615	
4.52797771545	4.26503330397	8.40232915819	0.221576070453	-3.65372810131	5.50513675576	
8.99585236571	6.9260228999	8.99999976573	2.62613173236	-0.160153767065	8.99871109009	
8.27434735729	3.11542532326	-2.39945351971	-5.68422898492	-0.20982301569	8.94904184199	
3.1312025526	-1.58949688521	-2.06336890123	-5.78636696265	-1.39486859898	7.76399625785	
7.26302093168	2.1051932093	-1.21450743331	-4.50037721017	-0.251544035062	8.90732082267	
4.0592647906	-1.01626139773	-2.40566162389	-5.77383293478	-0.216154627657	8.9427102285	
-5.89668892346	-0.672822100264	8.99480774878	-4.67275657362	-5.99869060584	3.16017425123	
-5.99355390719	-1.70914029202	7.01903633448	-5.70907478007	-5.71624118649	3.44262367059	
7.53417746598	2.37527531639	-2.54162980613	-5.82642515577	-0.160618067172	8.99824678984	
3.40731116901	1.4387065925	3.91117561326	-2.56391730946	-3.4968369982	5.66202785888	
8.94686204319	5.12740460267	4.22414318636	-0.40009687235	-1.70550386567	7.45336099134	
5.97035105595	0.81209113754	-2.71456076957	-5.9999983504	-0.162594153811	8.99627070346	
0.863716868867	-0.394411637958	2.78928627928	-4.39628271312	-5.93293143975	3.22593341732	
8.77046816877	3.61694218604	0.728601898293	-2.56156961819	-0.325759850602	8.83310500402	
8.90150167058	3.74257686331	-2.1644292613	-5.44920195326	-0.254654699567	8.90421015659	
0.915817112012	-1.79063384843	-0.0549049513379	-5.79215149012	-4.28912588047	4.8697389766	
2.16981833636	1.19107199775	4.65605955899	-2.80889160163	-0.993866965787	8.16499789129	
5.28292901185	8.99999182993	6.35223265017	-5.80853309028	-4.60909758929	4.54976726155	
7.99662714859	2.83770373968	-2.71521609812	-5.99999018844	-0.181369317486	8.97749553945	
5.29897693363	8.99923235507	6.14472035855	-5.99924417905	-0.52838360554	8.63048124901	
8.75375570008	7.38421395179	8.58947323006	1.51531747912	-2.26808893354	6.8907759236	
8.358423002	3.53244626147	2.78964790274	-0.82807285596	-0.158878061429	8.99998679526	
-1.02549001497	1.76518374776	8.99959557874	-2.23477568316	-5.97130413682	3.18756072025	
3.99711616117	4.27579976721	8.99824049094	0.275859385626	-0.158868325701	8.99999653137	
1.42570169607	0.853128660593	4.72430736798	-3.14681709577	-0.418681261192	8.74018359588	
7.67336150458	4.27240137022	1.1685465174	-3.87419084747	-5.62448006497	3.53438479216	
3.20581253496	0.521243289864	2.27897186001	-3.48015639412	-1.08454615004	8.07431870703	
2.44200298729	8.9983054897	9.0	-6.0	-2.98524694206	6.1748657337	
3.80406500939	0.538836351384	1.71178380939	-3.46668503183	-0.303599261708	8.85526559538	
4.98505531438	-0.16477165634	-2.55409706699	-5.84796759551	-0.673832443283	8.48503241408	
2.32036788934	-1.14173456821	-0.168892377981	-5.15048741966	-0.993625893499	8.16523896358	
8.99970670169	8.7916268753	8.99999977029	0.764382097423	-4.18644969967	4.97241515744	
-5.91879380883	-0.681534033523	8.99948876772	-4.68146850685	-5.99947057968	3.15939427739	
5.11661998464	3.33849298355	6.003790068	-0.661780430138	-0.603707450262	8.55515740681	
-4.058017485	0.0916659899523	8.68511248551	-3.90826848867	-3.98457956955	5.17428528752	
8.99999989384	8.99939201534	2.64496948221	-5.79811765624	-5.99439009407	3.16444564988	
-5.91113221999	-0.678438516385	8.9980182132	-4.67837298966	-5.99996158195	3.15890327512	
1.95430856352	3.25653518149	8.9999999278	-0.745924189386	-4.97112359533	4.18774126175	
8.99999666803	8.9303235437	2.53769788081	-5.83632131261	-0.158848340474	8.99999948552	
2.44369704759	8.99999946382	8.99999990869	-5.9999996809	-2.19720855345	6.96165630342	
-5.99923613773	-0.721522268461	8.99995462059	-4.72145674781	-0.158868777381	8.99999607969	
-1.8251031867	1.33251187687	8.93388995974	-2.66742260307	-0.25848110015	8.90038375692	
-5.9699818887	-0.707140407571	8.99946409911	-4.70707488126	-5.99999923376	3.15886562331	
8.98564096795	3.92028551703	-1.97507532509	-5.35341737336	-4.73440763666	4.42445721107	
0.00957422014958	2.26130250803	8.95679379639	-1.73863199073	-0.975206631599	8.18365822548	
7.30709188594	7.80010306006	8.88895731257	-0.0477513607792	-5.69976547963	3.45909937749	
8.99999995525	-5.99999867434	-5.9958650723	0.56043653878	-0.162997430224	8.99586773119	
2.99959819692	3.77791808532	8.99999997392	-0.222017413689	-0.233908542573	8.9249563145	
5.98800420392	4.15888988481	6.7725059542	0.157922774085	-0.45223476372	8.70663009335	
3.56314026431	6.53001725469	5.41057260547	-5.99999999549	-0.158790023287	8.99998283185	
8.99999987696	3.84113210072	-2.48351161301	-5.76834133599	-1.91964528818	7.23921956751	
8.81704689234	8.36574572107	1.99248316341	-5.9999011765	-5.11367756911	4.04514659962	
-1.13675350597	-1.4107284697	2.7590539248	-5.41066861069	-0.871712348895	8.28715250818	
8.53395103511	8.9945152959	8.99967701968	0.0954152596394	-5.5241983041	3.63466655303	
-5.930184436	-1.77458265946	6.82478212862	-5.77451714728	-4.09194173969	5.06692311739	
8.9999996926	8.77821193397	7.51678958196	-0.705120158642	-5.64228239232	3.51658246514	
8.99999966384	8.99999966383	2.44369683161	-5.99999971115	-1.68672789619	7.47212354544	
-4.48933936269	-0.348134217686	8.2368339474	-4.34806869683	-1.00177539324	8.15708946383	
-2.05592876607	0.279319691471	7.05833115589	-3.72061480088	-1.02737357536	8.13149128171	
3.26402713312	9.0	8.17967036259	-6.0	-4.2086296944	4.95124174409	
1.88170511624	-1.65327110572	-0.754949255895	-5.66367053317	-2.86183451993	6.29703033714	
8.9275573865	3.78100252918	-2.70285486033	-5.99999750221	-4.4609523267	4.69791252213	
3.50500556519	-1.25979980734	-2.28279757504	-5.96168970175	-5.9555241125	3.20334074425	
7.70736015514	6.47044309168	5.19256379573	-2.01421664004	-5.9361662643	3.22269859283	
0.519441263092	7.04493483601	8.96919434315	-5.99998843971	-5.99999905236	3.15886392069	
-4.92561410619	-1.76280551962	5.84376608222	-5.76274000357	-4.35361581352	4.80524904355	
-4.93252222305	-0.188142664233	8.99999991513	-4.1880771429	-4.0638212727	5.09504358437	
8.74342125271	8.98695406666	8.63237412838	-0.0548561848083	-5.45738981444	3.70147504277	
-0.898845025348	1.82682586609	8.9962597727	-2.17310861793	-0.305382118539	8.85348273854	
8.97569620816	6.07105709801	1.03349813411	-4.50318912467	-5.99999996711	3.06601958204	
8.99240715504	8.99999276646	2.45128325268	-5.99999994069	-5.99989278001	3.15883301715	
5.20676615394	1.47409464811	2.16852797738	-2.54249801602	-0.160838902102	8.99802595501	
-2.15228149472	-1.89612321647	2.80379640843	-5.89605936905	-0.160884389172	8.9979804679	
5.98058809486	8.53099360121	5.82652790528	-5.16757519761	-5.62289957332	3.53594562012	
2.52394563752	8.99999999154	8.94594014769	-5.97381162555	-5.99999755854	3.15886636008	
4.21955428332	1.99339922337	4.21017735599	-2.00736508328	-1.81025880816	7.34860604892	
-3.5160391754	-1.04980836972	5.86018544462	-5.04974286028	-3.66817067897	5.4906941781	
2.60225344992	-1.88833291077	-2.04686580869	-5.99997694722	-4.75430673202	4.40455812453	
0.536739184297	-1.60194539203	0.701682874869	-5.60333004803	-5.99999433624	3.15887052083	
-2.11678097584	1.09632472522	8.75319157197	-2.90361162832	-5.98805024106	3.17081461601	
-5.96952150945	-1.9811288276	6.45102686732	-5.98106331376	-3.53495577649	5.62390908059	
8.99999936157	4.21258640273	-2.21097397071	-5.8672585111	-5.99837390307	3.16049095389	
2.8095598438	1.40997549757	4.29407097758	-2.75004217543	-5.99812039976	3.16074445775	
-5.99792530417	-0.814858833485	8.81197065688	-4.81479331298	-0.350959487783	8.80790536929	
-1.99692019154	1.27932785617	8.99933668329	-2.72060886358	-5.95925716809	3.19960768898	
8.99979640093	8.99999704786	2.44390170761	-5.99999422516	-5.9962288748	3.16261474369	
2.44369761612	8.99999962524	8.99999999884	-5.99999941054	-0.161003610717	8.99786124845	
7.7919266143	2.63300705345	-2.71522178817	-5.99999972656	-0.213114941925	8.94574991601	
0.242078512607	0.361528359779	4.9247389383	-3.6384084081	-0.53311684784	8.62574800923	
8.98730350448	8.92162597335	7.48968369246	-0.888336275649	-5.98162228365	3.17724257375	
7.51659743877	2.35775470971	-2.29165817263	-5.57651294281	-1.50844625631	7.65041860159	
3.18299513644	-1.68675323183	-2.42595874354	-5.99990787449	-1.33164895261	7.82721590358	
1.13092261693	0.0844030288166	3.48101834212	-3.91615956899	-5.16467865221	3.99418620486	
1.90396469036	7.61238947447	8.15212154315	-5.99999997345	-5.99998755839	3.15885058156	
5.44078913635	8.9466967862	5.98318713667	-5.96641801288	-5.99998714721	3.15886140222	
8.99682319589	8.99113786926	8.86210064213	0.424088469531	-4.7291846288	4.42968022834	
