8.98301589054	7.01838110932	8.99762041534	2.51855769734	-0.510192161707	8.64867269536	
8.99999976875	7.03774379599	8.99999923143	2.51855770473	-0.521255326644	8.63760953042	
8.99999987726	7.03774444976	8.99999976914	2.51855769812	-0.521256179344	8.63760867769	
8.98281042967	6.9944491684	8.97389390552	2.51855766757	-0.474896685039	8.683968172	
8.63761186231	6.6753548802	8.99999804117	2.51855752356	-0.158867076283	8.99999778106	
8.63761034302	6.67535393557	8.99989601561	2.51855752369	-0.158865088337	8.99999976875	
8.99999975685	6.92177747042	8.88403280638	2.51855759358	-0.343232873372	8.81563198368	
8.93031469822	6.91068103172	8.94262145445	2.51855762174	-0.394483697184	8.76438115987	
8.02264554162	6.0804149823	8.83636250178	2.33540140495	-0.152666776223	8.99780127423	
8.99999981628	7.03774438125	8.99999976875	2.51855770473	-0.521256118781	8.63760873829	
8.67729188621	6.68777086408	8.97273399999	2.51855752288	-0.158865161353	8.99999969574	
8.99999992978	7.03773861286	8.99999388741	2.51855770473	-0.5212477274	8.63761712966	
8.982094525	7.00475994721	8.98492060002	2.51855767858	-0.491024745086	8.66784011195	
8.99999976875	6.68699740175	8.73748933232	2.61540861642	0.0343037965615	8.99999887463	
8.51117749531	6.43658317928	8.80836046708	2.43953001019	-0.156044304865	8.99897210502	
8.99999976875	6.820336365	8.78259161473	2.51855751925	-0.159582267817	8.99928258907	
8.9626955673	6.59086516503	8.55593523533	2.48423218789	-0.156849424882	8.99937861057	
8.97007846427	6.33309509139	8.11764763452	2.31160540535	-0.157622670233	8.9997633632	
8.9430617509	6.98080569105	8.9999991244	2.51855768501	-0.494006530085	8.66485832698	
8.54601434966	6.60210685912	8.99999976875	2.50029412267	-0.157928519647	8.9987303431	
8.99999976875	6.8284309732	8.79068622529	2.51855752162	-0.175626915456	8.98323794163	
8.63760824999	6.67535318375	8.99999995677	2.51855752356	-0.158865088339	8.99999976875	
8.99999975769	7.03692476876	8.99918021469	2.51855770452	-0.52007952335	8.63878533371	
8.99776343288	6.36393491578	8.13401091872	2.32476321594	-0.158322448877	8.99996964126	
8.99997277003	6.91561262117	8.87789493896	2.51855758858	-0.333006253654	8.82585860339	
8.99999951275	7.03731557378	8.9995712649	2.51855770438	-0.520640938047	8.63822391901	
8.98445988031	7.01329888998	8.99109419453	2.51855768567	-0.501286007652	8.65757884939	
8.67120879896	6.70895315331	8.99999939567	2.51855754208	-0.227605427041	8.93125942999	
8.63760876577	6.6753533401	8.99999959769	2.51855752356	-0.15886508832	8.99999976877	
8.97573943085	7.00345221963	8.98996796918	2.51855768122	-0.495441353965	8.66342350308	
8.54472664269	6.60110752039	8.99999969347	2.50000581497	-0.158790276148	8.99999976875	
8.99999976848	7.03774433988	8.99999976955	2.51855769812	-0.521256130653	8.63760872638	
8.63760899828	6.67535374396	8.99999976848	2.51855752356	-0.158866190324	8.99999866327	
8.99999999962	8.99999999962	8.99999999961	0.575736357551	-4.5617057149	4.57756043828	
8.7873580592	6.78144054144	8.95633755059	2.51855756912	-0.291008444311	8.86785641273	
8.9915721793	6.99907440981	8.96975740078	2.51855767106	-0.473061794147	8.68580306292	
8.99858079067	7.03632547207	8.99999988498	2.5185577043	-0.520638813868	8.6382260432	
8.66304892342	6.70073418474	8.99994029668	2.51855753613	-0.212177218714	8.94668763836	
8.99785518577	7.03557572893	8.99997574678	2.51855770432	-0.520287239781	8.63857761729	
8.99999975594	7.03475860667	8.9970140516	2.51855770154	-0.516965063638	8.64189979342	
8.99999989789	7.03774450675	8.99999981221	2.51855770473	-0.521256216923	8.63760864014	
8.80116129055	6.83890581569	8.99999964606	2.51855762169	-0.395113681452	8.76375117561	
8.99999977106	7.03774433623	8.99999976894	2.51855770473	-0.521256099429	8.63760875764	
8.99999999984	7.03774456521	8.99999976871	2.51855770473	-0.521256198594	8.63760865847	
8.99999976875	7.03774453367	8.99999996871	2.51855770473	-0.521256385255	8.63760847181	
8.99999995192	7.03774471813	8.99999996328	2.51855769812	-0.521256490245	8.63760836679	
8.99999976875	7.03774433514	8.99999977013	2.51855770473	-0.521256100354	8.63760875671	
8.99526282042	6.81763318745	8.78462538715	2.51855752099	-0.158904706532	8.99996015068	
8.63761238708	6.67535443785	8.99999707383	2.51855752354	-0.158865088338	8.99999976875	
8.99999989267	7.0377444577	8.99999976875	2.51855770473	-0.52125615197	8.6376087051	
8.35707087089	6.45463543962	8.99999976875	2.45897037298	-0.158160648459	8.99993065824	
8.63761977946	6.67536452551	8.99999976875	2.51855752345	-0.158891026096	8.9999738318	
8.99542327958	7.02117753339	8.98800944433	2.51855769136	-0.501861023473	8.65700383359	
8.99671188102	7.03445649073	8.99999981296	2.51855770409	-0.519821041695	8.63904381537	
8.97675639869	6.42233247605	8.2680633477	2.37926171467	-0.156937040551	8.99944728426	
8.58684053057	6.63460706733	8.99999976875	2.50858078466	-0.158817674368	8.99999822	
8.94461486296	6.91930842536	8.9369486837	2.51855762206	-0.394594873124	8.76426998394	
8.97345823664	7.01120304145	8.99999999426	2.51855769025	-0.509209362079	8.64965549496	
8.97796297494	6.98745203195	8.97174422462	2.51855766841	-0.469185516815	8.68967934025	
8.82573945074	6.41485612721	8.41820335947	2.38582060551	-0.156823827311	8.99947071596	
8.67520351089	6.71294829599	8.99999983025	2.51855754591	-0.234783678306	8.92408117874	
8.84665053066	6.88372623618	8.99933084838	2.51855764362	-0.431855873823	8.72700898324	
8.94012725136	6.97724723187	8.99937515822	2.51855767851	-0.491494937407	8.66736991964	
8.96614811127	6.99761548728	8.99372255809	2.51855768284	-0.496327409079	8.66253744796	
8.79064746203	6.82839022939	8.99999788267	2.51855761609	-0.385235016714	8.77362984034	
8.99999976875	7.03717331099	8.99942874575	2.5185577045	-0.520436427409	8.63842842965	
8.99137605165	7.02912062147	8.99999977117	2.51855770209	-0.517458411243	8.64140644582	
8.96587938867	6.97700110205	8.97337687855	2.51855766594	-0.465339060389	8.69352579668	
8.59962504764	6.64471962856	8.99998323343	2.51125072703	-0.158837824499	8.99999976875	
8.99999976872	7.03774413431	8.99999956977	2.51855770473	-0.521255812193	8.63760904487	
8.99999844989	7.03774300715	8.99999976141	2.51855770473	-0.521255514904	8.63760934216	
8.95014033007	6.93210821063	8.94422301073	2.51855763091	-0.410125731724	8.74873912534	
8.24903729266	6.3732973923	8.99999976875	2.43237937278	-0.154664460753	8.9988947379	
8.63762649373	6.67535873435	8.99998726376	2.5185575235	-0.158865154686	8.99999970241	
8.94716431944	6.89698462641	8.91207540595	2.51855759975	-0.354296821147	8.8045680359	
8.65956135267	6.68212636685	8.98482003653	2.51855752313	-0.158865394621	8.99999946244	
8.99999976875	6.55265108548	8.40605756663	2.41008966063	-0.157757902818	8.99971724862	
8.63760883723	6.67535355923	8.9999997448	2.51855752356	-0.158865741072	8.99999911162	
8.94614849978	6.79385822535	8.80996474638	2.51855752156	-0.158864957861	8.99999989922	
8.98381474324	7.01581456086	8.99425500566	2.51855768883	-0.505629934079	8.65323492296	
8.98754529842	6.81378925998	8.78849898209	2.51855752125	-0.158865857771	8.9999989993	
8.63767542346	6.67542017081	8.99999976875	2.51855752217	-0.159019181343	8.99984567528	
8.99999963949	6.91923383841	8.88148928967	2.51855759152	-0.339013998758	8.81985085829	
8.99999469089	7.03773925536	8.99999976895	2.51855770473	-0.521253893708	8.63761096336	
8.63764401973	6.67536402727	8.9999750306	2.5185575234	-0.158865088338	8.99999976875	
8.99999994745	7.03774440343	8.99999965931	2.51855770473	-0.521256018748	8.63760883832	
8.9809508515	6.98274145726	8.96404576625	2.51855766127	-0.459033519287	8.69983133777	
8.63761166833	6.67535421999	8.99999757422	2.51855752356	-0.158865088272	8.99999976882	
8.63765816562	6.67536827462	8.99996513211	2.51855752349	-0.158864951103	8.99999990599	
8.99999976875	7.03774433344	8.99999976937	2.51855770473	-0.521256097904	8.63760875916	
8.51831586496	6.58001515596	8.99999563222	2.4946978065	-0.15857595171	8.99957945734	
8.6783394961	6.68826963137	8.97218515716	2.51855752265	-0.159361896405	8.99950296082	
8.63764593942	6.67539005287	8.99999913614	2.51855752344	-0.15894918441	8.99991567343	
8.99978682101	7.03213898607	8.99460735856	2.51855769429	-0.513402647568	8.64546220946	
8.89281310152	6.88545270702	8.95489472327	2.51855761855	-0.388673655068	8.77019120199	
8.99999976878	7.03774043228	8.99999586721	2.51855770473	-0.521250499578	8.63761435749	
8.99999976857	7.0377444394	8.99999986794	2.51855769812	-0.52125627394	8.63760858309	
8.99999990927	7.03774443801	8.99999973213	2.51855770473	-0.521256106712	8.63760875035	
8.96683319436	6.38760885151	8.21265190292	2.34873967267	-0.156243965197	8.99924447066	
8.99999991834	7.03388960412	8.99614487992	2.51855769492	-0.515713572929	8.64315128411	
