7.84013029853	5.98280758886	9.0	2.41196489579	-5.90614310862	9.0	
8.021325433	6.29241115675	8.99999976875	2.28608958871	2.68804037919	8.99871410534	
8.40917571766	6.69493707156	8.99937445119	2.28570772773	2.86559293871	8.85210264236	
8.99999865538	7.03773357884	8.99999012497	2.5185577023	2.40614502397	8.88567764392	
8.99999353637	6.97602770275	8.83317024681	2.43458134161	2.40915762793	8.69602877663	
8.91996349849	6.84105631439	8.66114121343	2.29067373713	-2.97616987447	8.99978745277	
8.99999979065	7.03774436751	8.99999977659	2.51855770053	2.36772023773	8.86933979421	
8.99240341816	6.91651818919	8.92288951414	2.54232216577	1.9761625417	8.90335256604	
8.94720337209	6.9330904765	8.94814252731	2.51855789492	2.42407025158	8.99999976875	
8.75951084185	6.7972549123	8.99999916851	2.51855759883	-4.7690358122	8.8052483985	
8.86909466642	6.75929717337	8.85245764058	2.51855751899	-5.95628506399	8.99925927636	
8.65650303389	6.74558328261	8.99999287075	2.45271846137	1.35484600767	8.99360987273	
8.99124248366	6.90017384579	8.97743966995	2.62476461567	-2.67630616905	8.99307071715	
8.99971958023	7.1499194182	8.99973561111	2.42733351589	-0.164112936532	8.23771316896	
8.89537365501	6.93190560932	8.9987871165	2.51855766297	2.07470046071	8.82728750254	
8.50668436204	6.56790476353	8.99672197509	2.49191250621	-1.41313762622	8.99746937605	
8.97705544472	6.98196058212	8.9671922924	2.51858957477	-4.44318600457	8.69675813151	
8.95685253836	6.97121255415	8.97661517998	2.51855766496	2.18128910994	8.85730205429	
7.76866345841	6.045722472	8.99091081999	2.27183645217	-5.95153957282	8.73221741717	
8.89212610348	6.78669939095	8.85682831664	2.51855752995	-3.44893319841	8.96045639232	
8.98069482638	7.00828110145	8.98984146008	2.51855768579	2.46607160468	8.93637813314	
8.65635370259	6.68088880493	8.98679012074	2.51855751916	-1.84175075221	8.99985334876	
8.9722234404	6.48083108967	8.30803779857	2.35623803056	-5.41329223082	8.99960155711	
8.99999976322	7.03774564354	8.99999976902	2.51855639574	2.42638259693	8.89459349654	
8.81550095084	6.4170067224	8.54431630727	2.48897590476	-5.95469794771	8.99940561244	
8.05650706169	6.2379514728	8.99999976875	2.37537316882	-2.22881349016	8.99830701267	
7.94417748912	6.11585361639	8.99999970248	2.38510358799	-1.07986856245	8.99875153953	
8.97782816506	6.97853682437	8.96296381791	2.51855765937	-5.45918972877	8.702671181	
8.79747832953	6.7522875028	8.99380387495	2.5951250342	-5.98326246751	8.99944198595	
8.9994225016	7.156287973	8.99941343375	2.39924509944	2.9626438818	8.98854653126	
8.62164082761	6.57801636918	8.9045778783	2.50456059511	-4.35811311416	8.99975540553	
8.99923108035	6.50093358834	8.22456681634	2.2795547752	-3.05824179145	8.60878196398	
8.6379557714	6.67570052196	8.99999976875	2.51855751897	-4.56635501437	8.99829076062	
8.99914333556	7.03682548767	8.99994062007	2.51856095051	-1.04311767911	8.63786883208	
8.99062408737	7.01676784402	8.98839894474	2.51855768886	2.03742884149	8.78217657301	
8.99853219869	7.03473663969	8.99845963935	2.51855769915	2.2062513988	8.81242873804	
8.9999996992	7.03774063256	8.99999613339	2.51855770083	2.46997726084	8.91463661301	
8.53940375279	6.49113556669	8.85765698923	2.4624011332	-5.83722230142	8.99953748867	
8.96860539922	6.97457157795	8.96822133636	2.5185576584	2.04977278606	8.82657065006	
8.94616904154	6.93042307829	8.94650916747	2.5185576315	0.602779680194	8.75224402603	
7.97204709686	6.166950855	8.99999588424	2.36194560551	-5.9990694531	8.99962061548	
8.99999963006	7.03774438475	8.99999995788	2.51855770399	1.22149059868	8.6585913043	
8.34790827029	6.44756122369	8.99999976875	2.45689626595	-2.48633032719	8.99726774037	
8.99018785795	6.96917310617	8.94123855174	2.51855580858	2.03002426368	8.85155926895	
8.70425128921	6.60694695768	8.99998710574	2.64804763465	-5.7555050097	8.99999642867	
8.70125728204	6.74729925522	8.99999976875	2.51040120243	2.07405738676	8.97609933755	
8.9943096744	7.01218376671	8.98012927037	2.51855767884	1.80394753085	8.74526826275	
8.99999983445	6.50330608981	8.31736824432	2.37086781476	-5.5156909664	8.99974854345	
8.8645413582	6.71236091719	8.92557946169	2.62812872841	1.3678470108	8.99999954239	
8.99074591872	7.02264176208	8.99415103602	2.51855769349	2.61190686618	8.99998652579	
8.99999953989	6.68132624617	8.58935807768	2.46452751846	-0.973367717558	8.99970872356	
8.88378006062	6.75536997178	8.99227319675	2.67666252227	-4.10454557033	8.9996599274	
8.99973311496	7.17434259908	8.99999937689	2.38779950423	2.38881741835	8.97699961672	
8.99999999038	6.68553990633	8.7264763203	2.58014805992	-4.9335695981	8.99999653784	
8.37811758772	6.47054097705	8.99999976875	2.46410105508	-5.9763148123	8.99618884793	
8.99544687693	7.0248254834	8.99163380085	2.51855769514	-0.960628749823	8.65144764991	
8.99999980378	7.03774436496	8.99999976056	2.51855770019	2.19653070718	8.80641710376	
8.99994405254	7.03765086893	8.99996201485	2.51855769928	1.30915008168	8.66331063736	
8.69671953545	6.23580031779	8.3059405461	2.3166597905	-5.72087610107	8.99999999999	
8.99999976946	7.18018668138	8.99999976306	2.3766726665	2.09279317903	8.92219485477	
8.60446640858	6.19292949844	8.26260877243	2.22656451096	-5.68674030118	9.0	
8.99999987292	7.3356401932	8.99999977533	2.22184265566	-5.907331706	7.76897310786	
8.9999856711	7.03766318576	8.99996115638	2.51858603241	2.31658750069	8.84902460827	
8.99999976875	6.80395396899	8.99999976875	2.75280302381	-0.0574334257817	8.99991032364	
8.54196986423	6.34669758078	8.73773533483	2.48944913925	-1.04376124686	8.99522273489	
8.22791055172	6.3565110143	8.99998232009	2.42802730669	-3.52700409987	8.99439337732	
8.99999999999	6.48431346497	8.3077221154	2.39072644259	-5.99865113669	8.90346818936	
9.0	6.34468312786	8.19794910275	2.39703293055	-5.96654540902	8.99999999769	
8.99999731417	7.03773780976	8.9999956971	2.5185577023	2.38661292196	8.87726886664	
8.76140648661	6.79914748559	8.99999609773	2.51855759952	1.43661887447	8.83770892373	
8.68681841112	6.69073056325	8.96616717113	2.51855751976	-4.93292067461	8.99951016873	
8.92619098263	6.90597385079	8.94203798304	2.51855761606	-1.12437059006	8.76777112786	
8.99978665393	7.17238983147	8.99976922635	2.37714162107	-5.62453104506	8.93964391018	
8.99999976875	6.82115775963	8.78341300892	2.51855751881	-5.99435976362	8.99673409999	
8.99999892452	7.03774284012	8.99999911887	2.51855770473	-2.89458217437	8.6372156637	
8.27718734353	6.39381964638	8.99999976875	2.43996899157	-0.544790153135	8.99749206935	
8.37924895484	6.47233940169	8.99928462007	2.46270430458	-0.0570088048952	8.99981614718	
8.67380372397	6.45077193569	8.65473950076	2.43434885952	-5.26292269496	8.99970556278	
8.9610721535	6.95227654498	8.95345953425	2.51855764354	1.26937991769	8.7505885323	
8.98226459372	7.01957913095	8.99956973508	2.51855769862	-1.94512844808	8.64577886422	
8.99995643151	7.23139160777	8.99996967163	2.32175747172	3.49705207603	8.99999668621	
8.97467992506	6.89828161458	8.98604328789	2.61851093073	-5.7663848884	8.99966441445	
8.43333670226	6.3424780406	8.91319648842	2.55374245756	-3.42265732824	8.99995473402	
8.99999976875	6.8249264375	8.99999976875	2.73264795503	-2.06772516622	8.99998358371	
8.45887648787	6.38154684071	9.0	2.64763169654	-5.92335469181	8.99999999994	
8.98384159333	7.00542339852	8.98383698404	2.51855767964	2.03600263129	8.79176467652	
8.9999999952	7.03774230328	8.99999750761	2.51855770033	2.22551113597	8.81598455255	
8.85476076984	6.8915901167	8.99908449207	2.51855764599	2.05925463276	8.85036100001	
8.9977493944	6.34336160794	8.05559400186	2.26696448417	-5.48476367418	8.99999483555	
8.99999988713	7.0363521876	8.99860750303	2.51855770324	-5.76961360869	8.63921015173	
8.63722860345	6.67496264379	8.99998906318	2.51855752315	-2.85051456713	8.99999976745	
8.99999874005	7.15155917059	8.96410700699	2.37701552193	0.417093691021	8.97816331249	
8.99999930798	7.03774208399	8.99999797659	2.5185577012	2.63431963909	8.99997211501	
8.99999976875	6.81977831737	8.78203356614	2.51855751828	-1.14687708025	8.99958081909	
8.99999824968	7.03773608894	8.99999304287	2.51855770473	-5.99101640389	8.6372229919	
8.18507429261	6.22640997004	8.87056447386	2.37907968973	-3.28753178235	8.98685286853	
8.99987244798	6.80117229066	8.99999999799	2.74658439129	-5.99997252591	8.99999989429	
8.99995587012	7.17157037374	8.99996580147	2.3892271177	2.97106623763	8.97877028005	
8.46391132699	6.47132594846	8.99999978239	2.55105260061	-5.98536254114	8.99999976875	
8.99715636215	7.11781575513	8.9999999245	2.43939852921	2.75492759322	8.97787169477	
