8.98703702658	6.90951995148	8.95595442185	2.58977399772	-3.73901798492	5.41984687217	
8.61096226575	5.69771597625	8.69482433487	3.16437312514	-3.61493449942	5.54393035766	
8.9999946012	5.06714865914	7.04368667569	2.53283511851	-1.17881865924	7.98004619785	
8.99965985404	2.86131233782	8.99678125737	6.69143127435	-0.23902101436	8.91984384272	
8.99999920425	6.44482339009	8.44200456466	2.55348287959	-2.97183128024	6.18703357684	
5.82203706456	3.1728661204	8.83885974936	3.04433319429	-3.67179587615	5.48706898093	
8.99993068505	6.30150440531	8.2639307965	2.518659577	-0.171808211993	8.98705664509	
5.08620196821	2.82294988849	8.99999950658	2.81955408706	-1.96774939163	7.19111546545	
8.99999976944	3.74603046953	5.76304654514	2.57331834582	-0.158865634053	8.99999922303	
5.33668637394	2.61670910224	8.99999997921	3.27627975168	-2.36182883895	6.79703601814	
7.20538015268	2.91514860457	8.37937606416	4.22591011303	-2.11291063406	7.04595422302	
8.63031587123	6.61761410951	8.99854578372	2.56755004621	-3.65157186595	5.50729299113	
8.9999995627	7.03763532638	8.99990984789	2.51857658498	-0.729839241129	8.42902561595	
8.94944452319	6.93512623732	8.99931417942	2.56993496606	-3.66960099357	5.48926386351	
8.99998170464	2.99857087957	7.04256671619	4.60028004203	-0.458893114492	8.69997174259	
8.98829556715	6.69351256224	8.99975901888	2.85084452456	-4.07148176874	5.08738308834	
8.99121613265	2.62914922806	8.99999705407	6.91929027392	-0.157572383752	8.99991333073	
5.09267644735	2.84483078578	8.99999758967	2.804145752	-2.40015977673	6.75870508035	
6.82125882996	3.92500861335	8.08486925109	2.53742196848	-1.27283629445	7.88602856263	
8.9999999321	6.97679570661	8.99999116927	2.57949789554	-3.73022951438	5.4286353427	
5.54615834537	3.51683617423	8.9999997908	2.58562446271	-3.2383619655	5.92050289158	
5.12569881895	2.7725204677	8.96287719112	2.87235804313	-0.161939766557	8.99692509052	
8.9999970132	2.95707688322	8.18292166617	5.78214429692	-0.400322536324	8.75854232076	
8.98527440937	5.48946262395	7.46735686879	2.51947115498	-0.197591332694	8.96127352439	
8.45516075834	3.21709659992	7.50968091264	4.30404757182	-1.29628656626	7.86257829082	
6.8600875546	3.30479805692	7.77743978272	2.88903178117	-2.69809829143	6.46076656565	
8.99932734807	6.90658888156	8.86951323344	2.51855420072	-0.257560056014	8.90130480107	
8.99999984895	7.02379663609	8.99999897566	2.53250468928	-3.16023521275	5.99862964433	
8.99191927616	4.32666887583	7.73147671051	3.9530296116	-1.95175078344	7.20711407364	
8.99589051532	4.01167143662	8.99965199318	5.54017357265	-1.64151951005	7.51734534703	
5.55206818678	2.92018733171	8.6129418739	2.80112522974	-2.92001050319	6.23885435389	
6.80688412477	3.14254470964	7.42359082806	2.64423274396	-1.11188708908	8.04697776801	
6.94780761003	2.55063838351	8.29133028401	4.24480201129	-0.963478514529	8.19538634255	
8.84450374386	6.86101922457	8.99999904487	2.53978606492	-3.33139862286	5.82746623422	
8.98711872719	3.24914754838	5.42273446335	2.71700814293	-0.15927393137	8.99959092571	
5.98213838715	2.55657573857	8.9925653869	3.97443053625	-1.90401028044	7.25485457664	
6.96873844087	4.90847715342	8.90565179803	2.52221558625	-2.22105052776	6.93781432932	
5.64759711	2.69032462994	8.50212487416	3.01569985499	-1.60926379423	7.54960106285	
6.29015312854	3.7036692132	8.41717821077	2.55996462688	-2.46336079012	6.69550406696	
8.99999589988	2.89212740066	8.99700598613	6.66117698612	-0.293569791476	8.8652950656	
5.08300414593	2.8114320877	8.99999968523	2.82787424423	-0.225534125928	8.93333073115	
5.08300712275	2.816271837	8.99999948824	2.82303727475	-0.722081394175	8.43678346291	
5.11397341059	2.71819441796	8.99999992075	2.95208141415	-0.158877625164	8.99998723192	
6.65248344017	2.5293633479	8.54538986651	4.22481245956	-0.216749955895	8.94211490119	
8.99977183488	5.82612312827	8.99770588931	3.72765709669	-3.43848718748	5.7203776696	
6.09686823098	4.12356234616	8.99999810117	2.52960648676	-1.25293611058	7.9059287465	
5.79822799659	2.76127421834	8.36890334446	2.96215962347	-2.43654463635	6.72232022073	
8.99778220115	4.03401228447	6.02914828589	2.54922070334	-0.252797723494	8.90606713359	
8.9207621106	2.6648283765	8.86021388388	6.67288606196	-0.158226440454	8.99992555869	
8.98812691663	2.70876493787	8.99999862624	6.83618174288	-0.157478511792	8.99972657843	
8.84523755113	6.86915711558	8.99999316971	2.53237610603	-3.15622191428	6.0026429428	
8.99647060498	3.30033925328	8.87502287895	6.12745673142	-0.865640455519	8.29322440156	
8.74055552194	4.07685092396	8.98785441692	5.20786151567	-1.96354614017	7.19531871691	
7.69281159672	2.88640441947	6.41534255734	2.77805223536	-0.160140678547	8.99872417853	
5.84987015445	3.83559788617	8.99890840607	2.56948317512	-3.4181261306	5.74073872648	
8.98537276557	5.32146529658	7.76079268324	2.98100265299	-2.79170729921	6.36715755788	
7.84142008173	3.29863316937	8.64609492428	4.74518433741	-2.01566212162	7.14320273546	
5.89439361379	2.58627611606	8.49695086869	3.3613708672	-0.270775713543	8.88808914354	
7.14971628832	5.14574223225	8.99372457298	2.55400112982	-3.51350001127	5.64536484581	
8.99782959916	2.83516247588	7.67952832392	5.39849794796	-0.190621268109	8.96824358897	
8.98380644193	3.01514999781	5.42087764908	2.94583659397	-0.159170768073	8.99969408901	
5.5830429402	3.35799526145	8.90678458421	2.68813476373	-3.66462930862	5.49423554846	
5.55789618149	3.49619547032	8.97793684736	2.5959400593	-3.338466348	5.82039850908	
7.7532792844	2.56022678793	8.92943060339	5.67878560063	-0.405800055391	8.75306480169	
5.88828477852	2.59423068657	8.97141649997	3.82177309269	-2.38844789238	6.7704169647	
8.93162716882	6.96937806439	8.99999175129	2.51854335648	-0.182012007671	8.97685284941	
8.99999959134	7.03776122334	8.9999999976	2.51854086636	-0.174219142368	8.98464571471	
7.75617727234	5.77932505813	8.99999977122	2.53315448619	-3.17216806684	5.98669679024	
5.1913925044	2.82250580821	8.89148368823	2.81667288519	-0.183051501445	8.97581335564	
5.25777922885	2.79849551868	8.99843784758	3.01402405853	-3.37172796307	5.78713689401	
5.09529522295	2.75226355756	8.99994855875	2.89928272491	-0.231193366639	8.92767149044	
7.87876246195	4.09962153265	7.19550461893	2.530948049	-0.158872741006	8.99999211608	
6.97166170187	2.4280130074	7.20014835094	3.30214417751	-0.0342043123847	8.99983235551	
8.99161475286	6.48923588954	8.99999878535	3.05868014943	-3.9888443803	5.17002047678	
6.4428350559	2.69293687437	7.6952356429	3.0014363252	-0.15889395942	8.99997089766	
8.99947327484	6.46072673285	8.42356431878	2.51861336153	-0.158883498432	8.99998135865	
8.52699463539	3.15699021037	5.76026890145	2.68657582724	-0.228864507535	8.93000034955	
8.38410935754	5.7214798633	8.29998798953	2.51891998453	-0.464669819998	8.69419503708	
8.97450219579	6.84180126743	8.83017327009	2.51917669921	-1.67393065239	7.48493420469	
8.2787968779	4.853386783	7.70858629767	2.69029889334	-2.72271945238	6.4361454047	
8.93697519267	4.45624490948	6.9571009117	2.99413369566	-1.97515980724	7.18370504984	
7.78150040359	3.68447187639	8.99947600002	4.65280702798	-2.50915664938	6.6497082077	
8.44780698442	4.26366780104	6.99606234335	2.7365040275	-2.032128843	7.12673601408	
8.98578666081	2.90550418957	5.61192785316	3.24851282518	-0.165827778542	8.99303707854	
5.16025743006	3.03895094265	8.99688620114	2.67449518931	-0.177946886688	8.98091797039	
6.55183418077	4.5019127226	8.94725563939	2.55347959833	-3.41242889458	5.7464359625	
8.99145143933	4.91012663934	8.97672432317	4.61435162393	-2.55371252171	6.60515233537	
5.50853714833	3.49823896857	8.99999972092	2.56660040144	-0.160265584258	8.99859927282	
7.91407608853	2.55293461923	8.99999976969	5.91744373976	-0.158865007292	8.99999984979	
5.17689019201	3.0228527255	8.99209939922	2.7024393665	-2.99068983276	6.16817502432	
7.63142653561	3.59123638431	6.96308773518	2.55958038724	-0.351175981582	8.8076888755	
7.52163563934	3.06741378165	6.65820071244	2.6687250709	-0.178719258795	8.98014559829	
8.99999433448	2.91695560243	8.99987681694	6.63921804975	-0.335742365088	8.82312249199	
8.37339903618	2.81857087546	8.96922736457	6.08035802607	-0.783277428919	8.37558742816	
8.99999993581	7.0356920039	8.99793008146	2.51854051414	-0.158868831967	8.99999602511	
6.29967130009	3.45986752529	8.17556346622	2.57166974179	-0.671125732215	8.48773912487	
6.42761806002	3.15248096513	7.80923714487	2.64067674051	-1.47552165034	7.68334320674	
8.99999976875	2.64607500097	5.96932595452	3.88017201626	-0.158038878095	8.99996442331	
5.55513490672	2.71879717724	8.99600795815	3.38864818839	-3.17370740537	5.98515745171	
8.99421499753	7.02156190854	8.99004094993	2.51899653969	-1.69617590464	7.46268895244	
