-0.42618685549	6.51898457598	8.9994305868	5.84825406096	5.95559871219	2.87677116428	
7.8771424626	8.76230387591	8.04871691856	2.51888903348	0.278470514499	5.63830434411	
4.99862997616	8.99999977261	6.11552875624	8.99998221247	8.98071821781	2.81006231822	
3.35934094813	6.58576444865	8.60741933403	2.52918479599	0.573016139405	4.13999453459	
5.00930512759	8.99980696639	5.80478066048	4.12558536454	8.46099609645	6.86485691115	
2.50702847505	6.77492060084	8.62303463684	3.27913042305	0.811639426929	2.60281887261	
4.20898004446	7.78617195382	6.14978051898	2.7106156685	2.66897087243	3.24611117125	
2.72611288021	6.9347151437	8.70698063999	5.00899647015	2.31629463737	2.52084390142	
4.40621836073	8.37549733301	7.7816525135	3.60950801356	1.6419131146	2.55994600011	
6.12744467637	8.12574373792	8.9989893206	2.52279775027	-0.661720124335	4.53133974226	
8.96880756745	6.98784461007	8.54693725203	2.51855767498	-0.0438388895635	8.68067100224	
-0.243084449562	6.51917721383	8.62185515694	3.57527990992	4.99230962222	3.99179056367	
-0.434578093358	6.51897537873	8.99429241278	8.840377243	8.97870892007	2.89423797543	
-0.321630004305	6.51908930782	8.66512232831	3.84451335714	8.49594459446	7.19100161135	
7.35651793792	8.99660989747	8.89295712251	2.520451644	-0.567379614381	4.88020126234	
5.01916073169	8.99998650155	5.80476393842	3.85388367236	8.89683166597	7.58205351995	
4.24849205079	7.66643901447	8.99703857925	2.63957748666	-0.521792117006	3.13288936968	
-0.16074822192	6.51939781889	8.54572562526	5.19285957377	6.01240668917	3.40029405767	
6.10206217792	7.59372902354	7.44123472787	2.5197932817	0.931086436594	5.07602839494	
4.19774666364	8.20655835276	6.84084899569	6.06964227906	5.08381775641	2.56138014176	
1.41086682685	6.52339073213	7.78234120516	2.58677561552	3.74943118498	4.54764022714	
3.89675456744	6.92755100638	6.01806550454	2.54798014324	6.00978180401	7.16423808361	
4.14126835675	6.51902640122	8.71833629613	2.51857012787	4.46050833363	8.99768381605	
4.98826304052	8.98966745649	8.61438347376	8.98521318792	6.1762980962	2.51923132396	
-0.326216749426	6.51904424651	8.9917131528	3.47808445296	3.49518132185	2.8787163835	
-0.231161403954	6.51926171879	8.61779813177	5.05209157595	5.8607933265	3.3912441174	
4.45834191006	8.13762066596	5.81393608327	2.79135842941	6.77451840357	6.83298465937	
7.49407873086	8.97650487893	8.97496814275	2.51987386758	-0.649960740576	5.03787474436	
0.107455973024	6.52017392676	8.57300057129	8.9703698577	8.86501841175	2.77009852919	
4.75065125131	8.63641566976	8.46427011213	3.14375262114	0.487086329023	2.63700675924	
4.78517095115	8.78744926347	8.22815827191	8.56775026505	6.14690552352	2.52020257591	
0.155900663509	6.51878480209	8.98711212902	2.59196877231	4.12207644632	4.86950302246	
3.52275606735	7.52794976325	5.84852429238	3.57976521068	6.5355444533	5.51427719684	
1.75542293976	6.57724490377	6.71276734753	3.31343501801	4.87930256586	4.17198028901	
5.25090097653	7.17719096415	8.99283495439	2.52142805632	-0.560133089009	4.70015117905	
3.87991382406	7.86873484359	5.82318532567	3.68109198889	7.89812095614	6.76656063118	
-0.167917721109	6.51938127395	8.49249706541	4.91067958805	8.90631090236	6.5159967425	
5.36963848541	6.51905887295	8.79455903965	2.51855817649	3.07348573117	8.9152335672	
7.57506362937	8.36810936168	8.12604012055	2.51882335247	0.204391928381	5.73373032199	
4.96564558958	8.96712845864	6.27260473161	8.99525858333	8.70839015753	2.6994207946	
4.99757160805	8.99894469412	6.25716074865	8.60488920583	8.34149382279	2.70755963747	
5.82022846592	7.06246239225	7.14504686422	2.51909961122	1.35215005066	5.45103073497	
3.54808106815	7.51135257762	8.1702918921	3.27705493983	0.958727271675	2.60386007233	
4.9974979553	8.99886136279	5.81234326147	7.14303710328	8.89738403547	4.28049414409	
-0.32202602013	6.51878462593	8.97474561575	2.79195168881	8.74468249568	8.80183313431	
3.71138242183	7.26091512586	5.90538326325	2.66750612782	4.11104787887	4.51455966784	
8.99811072419	6.82295410022	8.99826248314	2.51855752342	-0.378205295578	8.9918236456	
-0.310002272945	6.51912958252	8.64271068402	4.52719387533	6.39040489011	4.39195720117	
1.28485438776	6.54311164532	7.06709841842	5.52395460831	7.45834888534	4.45840279566	
1.37312674415	6.53780558531	8.57178112786	2.95701560989	1.56745718774	2.7327112224	
2.69749818703	6.91814136481	7.77958149363	7.54112793314	5.79327649327	2.52625423368	
5.01117152349	6.56261123868	8.40197045656	2.51870677234	0.946567478742	5.9935588055	
8.99995463135	7.38718332983	8.81422289001	2.51855829296	-0.428713787334	8.19488946903	
8.61477380496	8.95059958379	5.80587935021	2.51865115448	5.18001084914	8.84658062387	
5.64097980485	8.68645179804	8.88686539684	2.56931402185	-0.510905898497	3.47634084106	
3.7852515089	6.53965654404	7.12614108083	2.51973262721	6.13816931801	8.70534009427	
2.79335837995	6.53597605861	8.81433439824	2.52813808344	0.931845155282	4.19059114925	
2.82997293745	6.89001789959	6.47137416689	2.9874116064	2.76286852909	2.90195348497	
0.310074255122	6.52115497819	8.99028830738	4.74607144757	3.82166899068	2.56997248497	
-0.0326300913526	6.51956119147	8.94279473227	3.4289938477	3.05050912706	2.72728608654	
8.97945736018	7.02475931209	7.98628521228	2.5185577085	0.501977587812	8.63957049742	
-0.553236408918	6.5188497504	8.88755276017	4.08060901149	8.99644149011	7.44646643735	
0.0181637445277	6.51975438689	8.382957403	3.62349714389	4.61194314883	3.58498012339	
2.09069349759	6.64851124536	6.56600994497	3.70429997875	4.00704541459	3.02610499054	
8.74979605268	6.81047209344	6.51595757427	2.5185576211	2.33512333843	8.98701460815	
-0.215182013769	6.51891713278	8.81266118083	2.84708330801	8.99751606688	8.944162151	
-0.431831359504	6.51897738934	8.99093868839	5.18204832074	5.32407605989	2.89732503645	
6.10619428349	8.65380443394	7.9635335708	2.53404514203	0.380063976185	3.97710961232	
4.94689946758	8.94845051619	6.27371632792	8.99598213214	8.70753226881	2.69888277384	
0.440453351479	6.52210490164	8.16701099043	8.563921626	8.60291868952	2.83952386143	
4.32003930924	8.32677969643	8.03839999469	8.9984988513	6.77280454917	2.52113266321	
4.90615333607	8.9078621901	5.88285283881	8.13721767145	8.84482893272	3.3039226039	
8.92290744097	8.54113085769	7.63084150349	2.51857523899	0.701772189733	6.91098239533	
8.90194629062	8.99489197345	8.99920338463	2.51861100137	-0.675537748767	6.42727630947	
5.26560227379	8.99999977546	6.44448052885	3.81648837147	3.31850088001	2.68862988462	
8.99999957379	8.80423740089	8.99897516411	2.51858490708	-0.674532348724	6.71678743906	
0.518572643386	6.52268794922	7.82036620991	4.05364909569	8.99969808256	7.47746724878	
4.99279108945	8.90635568821	5.80591450717	3.25444254191	5.9841900836	5.33726480793	
4.68717602311	8.69004595321	6.14677429851	8.98985415925	8.91417821555	2.78339578258	
-0.220111334402	6.51928385631	8.82147324525	8.94693033813	8.99282659882	2.84314167308	
2.78635320808	6.97353757791	5.99255904916	5.65857883744	8.07282575563	4.934788955	
4.99857777388	8.99994666839	7.59074073093	8.06801995081	6.28920710308	2.52572634612	
6.47189665792	8.7749193982	6.16210390602	2.52732406136	2.42291188208	4.46983634422	
3.31069384383	7.37434707364	6.75678467218	4.99247996079	4.16434874371	2.58016758306	
4.87013271933	6.62960840364	8.99919276226	2.51912131061	-0.0291397988726	5.40662332593	
5.70281360838	6.61873047039	6.52877044759	2.51863115016	3.53944851199	7.34883830484	
4.87742027821	8.82682704601	5.92246520395	3.46086098406	3.97064607944	3.19801088937	
5.84125359164	6.96906933935	6.02204319719	2.51893395435	3.68407454466	6.77453539705	
1.73240087655	6.54418366375	7.046440405	2.72091373828	4.98766303582	5.21657427302	
5.04471498975	8.99335292925	8.99998306523	3.46019491005	0.265271137271	2.57158871073	
4.42433494689	8.39894383874	5.81633254873	3.67927105387	5.45303297707	4.33065293789	
1.36500232983	6.54794169565	6.98710672766	5.62710363933	8.62224370557	5.51447478584	
2.77955662798	6.90407898134	6.1765623976	3.18406069108	3.59321189373	3.17635860432	
2.65114021789	6.88997983782	6.19402312088	4.97582012472	5.35941421216	3.05394494579	
2.48038926387	6.52585708063	7.57763551528	2.52674444486	6.62478471565	8.34537532711	
1.86054434979	6.60477312706	8.76862568134	8.90731157866	6.6889235741	2.52117625724	
4.14413269444	7.64966495266	6.19249419581	2.67138450885	2.56796129317	3.29870607959	
2.36904867891	6.75093894332	8.9841391754	5.4111946197	2.61358373185	2.5198053808	
7.61391439268	8.96102552507	5.80496540159	2.51952091905	6.3095796364	8.96308034436	
2.76109540486	6.95540628538	8.96819145807	4.63866586392	1.67195012824	2.52233219956	
