8.99681195245	7.0273356454	8.99277888376	2.51855769157	-0.509431088478	8.64943376856	
8.99994876796	6.93221050842	8.89451684234	2.51855760265	-0.360421861987	8.79844299506	
8.99999977504	6.91938363855	8.88163895131	2.51855758859	-0.339262795762	8.81960206128	
8.53470155721	6.5930562569	8.99999976875	2.49803483812	-0.158740927398	8.99997673311	
8.99999976877	6.82000770369	8.78226295484	2.51855752068	-0.158924539865	8.99994031778	
8.63760962651	6.67535360101	8.99999899768	2.51855752355	-0.15886508834	8.99999976875	
8.88493285349	6.92267603117	8.99999833405	2.51855765716	-0.459924782053	8.69894007499	
8.99990788992	6.99973136791	8.96207864257	2.51855766546	-0.46569969754	8.69316515951	
8.99999978037	7.0377439888	8.99999940596	2.51855769812	-0.521255615496	8.63760924154	
7.99708052072	6.18926752109	8.9996599019	2.36562305235	-0.15834599365	8.99999976875	
8.99986298882	7.01492777165	8.97731995831	2.51855767626	-0.488263698691	8.67060115834	
8.63760866992	6.67535331105	8.99999966451	2.51855752356	-0.158865088339	8.99999976875	
8.99999978641	7.0377441983	8.99999961529	2.51855770473	-0.521255886304	8.63760897076	
8.88985975668	6.30940760568	8.18484030939	2.32220252633	-0.158226899897	8.99992903874	
8.98277636133	7.0203165666	8.99979540371	2.51855769919	-0.513262534799	8.64560232227	
8.99999976348	7.03773699469	8.99999242877	2.51855769813	-0.521245595559	8.63761926148	
8.55466566645	6.60879875808	8.99999976875	2.50223937008	-0.157021697415	8.99946196656	
8.99997654795	7.03763853724	8.99991719294	2.51855770472	-0.521127510682	8.63773734638	
8.79043009521	6.36746198658	8.38140767156	2.36115383084	-0.158251595096	8.99992958324	
8.99999977114	7.03774449688	8.99999992901	2.51855770473	-0.521256330054	8.63760852701	
8.98555618603	6.99013720794	8.96683618687	2.51855766574	-0.46564854949	8.69321630757	
8.98924790775	7.02699110425	8.99999839718	2.51855770143	-0.516502365016	8.64236249205	
8.687051793	6.72479355701	8.99999681674	2.5185575535	-0.255027183397	8.90383767365	
8.9931804466	7.01666064498	8.98573538579	2.51855768822	-0.497496814074	8.66136804299	
8.94711992569	6.8936675729	8.9088027399	2.51855759346	-0.348615291313	8.81024956573	
8.99991150652	6.60042441856	8.61520616783	2.57558642503	0.0562081491702	8.99990394725	
8.92706998822	6.91360946911	8.94879460328	2.51855762316	-0.402651531234	8.75621332581	
8.3014641867	6.40662409458	8.99999976875	2.45139256256	-0.157121307246	8.99953516391	
8.96562649802	6.95832008684	8.95494873529	2.51855764722	-0.436573552275	8.72229130479	
8.9825845612	6.99230857335	8.97197917734	2.51855766596	-0.471900305637	8.6869645514	
8.93780251398	6.92128342833	8.9457360413	2.51855762772	-0.404691749235	8.75417310783	
8.59217094159	6.59972575983	8.94636306161	2.49520449813	-0.157784822356	8.99894091589	
8.88359523836	6.92134005028	8.99999997251	2.51855766136	-0.45905360272	8.69981125435	
8.54805810026	6.59435842369	8.98766783712	2.49775004003	-0.156214871894	8.99891210797	
8.95605756756	6.93957652877	8.94577409493	2.51855763452	-0.416310683286	8.74255417377	
8.85645553031	6.62223289221	8.67759103444	2.46830072395	-0.157910714551	8.99913799584	
8.90114865604	6.93858566405	8.99969217087	2.51855766364	-0.469680569072	8.68918428798	
8.99999979218	7.03754402905	8.99979944045	2.51855770456	-0.5209686024	8.63789625466	
8.6376090255	6.6753534119	8.99999940659	2.51855752094	-0.158865088327	8.99999976876	
8.99999976875	7.0377443329	8.99999976874	2.51855770473	-0.521256097141	8.63760875993	
8.95635272415	6.93978545672	8.94568786652	2.51855763471	-0.416352093611	8.74251276345	
8.9999999343	7.03773091301	8.99998618284	2.51855770472	-0.521236672762	8.6376281843	
8.58042512426	6.5858912901	8.93994435636	2.4909205817	-0.158685942975	8.99970384361	
8.99999999857	6.57661034347	8.44116160919	2.42119604902	-0.157800386175	8.99972186244	
8.94427967307	6.87492978909	8.89290519399	2.51855757875	-0.318493621424	8.84037123562	
8.87618894007	6.2568647771	8.08661289559	2.26298748193	-0.15783819489	8.99989284966	
8.97972122622	6.99533817222	8.97787211614	2.51855767091	-0.479324968551	8.67953988849	
8.94092948145	6.79870645965	8.82003199982	2.51855752239	-0.174376629103	8.98448822797	
8.99999975123	6.82095767985	8.78321294731	2.51855751946	-0.160824307168	8.99804055001	
8.99999999997	7.03774479267	8.99999999647	2.51855770473	-0.521256525382	8.63760833168	
8.99999976875	7.03774434001	8.99999976939	2.51855769812	-0.521256131123	8.63760872591	
8.99999976582	6.8804682957	8.84272358699	2.51855755791	-0.272546205038	8.88631865201	
8.95082385408	6.79612134905	8.80755251563	2.51855752141	-0.1589954084	8.99986944865	
8.98947791423	6.81474353313	8.78752063921	2.51855752104	-0.15886531123	8.99999954589	
8.93612449336	6.79998697421	8.82611750649	2.5185575264	-0.181885565191	8.97697929183	
8.51499554282	6.57757057188	8.99999976875	2.49383403667	-0.157708441019	8.99965577816	
8.99999976875	6.6352242919	8.52397231995	2.44534860671	-0.157953350233	8.99823528264	
8.63763410326	6.67537404245	8.99999496156	2.51855752354	-0.158908128127	8.99995672862	
8.63783424643	6.67542214871	8.9976589828	2.5185575232	-0.158865088325	8.99999976875	
8.63760835992	6.67535321707	8.99999988056	2.51855752356	-0.158865088339	8.99999976875	
8.79963901131	6.58288495616	8.68735397738	2.46059123587	-0.158554532475	8.99994026849	
8.99999976878	7.03774444279	8.99999987109	2.51855769812	-0.521256278583	8.63760857845	
8.52386857281	6.49459313739	8.87568327299	2.46146998674	-0.155584932385	8.99871063	
8.82529288783	6.81870743799	8.95566963766	2.51855758827	-0.331328421011	8.82753643604	
8.99999976864	7.03774433326	8.99999976875	2.51855770473	-0.521256097949	8.63760875912	
8.98214019223	7.01042868597	8.99054367692	2.51855768398	-0.499376191249	8.65948866578	
8.99999594607	7.03773956926	8.99999882667	2.51855770474	-0.521253086767	8.6376117703	
8.83279341585	6.74449295192	8.87395455699	2.51855752167	-0.159376773583	8.99948808339	
8.38523023862	6.47607091071	8.99998079338	2.46564712861	-0.155383479382	8.9987761576	
8.42995754402	6.51085396723	8.99999974585	2.47558038934	-0.158244216599	8.99955577046	
8.99999928205	7.02671805814	8.98897396865	2.51855769329	-0.505344742677	8.65352011437	
8.88266502089	6.60082541357	8.6168358367	2.45520204877	-0.158590586269	8.99998283892	
8.63760870779	6.67535332252	8.99999963803	2.51855752356	-0.158865088339	8.99999976875	
8.63761242518	6.67535444943	8.99999704684	2.51855752355	-0.158865088338	8.99999976875	
8.63771385187	6.67538519881	8.99992636908	2.51855752319	-0.158865088337	8.99999976875	
8.95436182203	6.98812433854	8.9960177008	2.51855768505	-0.493829000225	8.66503585684	
8.36572233213	6.4615458153	8.99999976875	2.46072100531	-0.156126116501	8.99999374147	
8.99999976841	7.03774433354	8.99999976923	2.51855770473	-0.521256098037	8.63760875903	
8.72056251309	6.7582843707	8.99997693233	2.51855757548	-0.305101283602	8.85376357345	
8.63771041339	6.67545516147	8.99999976875	2.51855752143	-0.159099739002	8.99976511838	
8.99999298442	7.03773472645	8.99999694557	2.51855770474	-0.521249101554	8.63761575551	
8.69192195468	6.72966616596	8.99999926746	2.51855755695	-0.262939199004	8.89592565804	
8.99999972675	7.0268247022	8.9890801619	2.51855768724	-0.505499080744	8.65336577629	
8.63760856269	6.67535327854	8.99999973805	2.51855752356	-0.158865088339	8.99999976875	
8.63760862629	6.67535329782	8.99999969411	2.51855752356	-0.158865088339	8.99999976875	
8.99999976904	7.03774448846	8.9999999231	2.51855770473	-0.52125632008	8.63760853699	
8.99999976875	6.82059152316	8.78284677298	2.51855751934	-0.160092549047	8.99877230819	
8.93013489	6.9274848883	8.95960513597	2.51855763844	-0.422592642129	8.73627221493	
8.98464935184	7.0034949411	8.98110076396	2.5185576755	-0.486586290732	8.67227856631	
8.71082297867	6.58745826329	8.79658310719	2.47640435194	-0.155563661236	8.99859545403	
8.99200326595	6.45276989899	8.30066592042	2.39662655023	-0.158353804601	8.99991795728	
8.63761358307	6.67535480048	8.99999623954	2.51855752356	-0.158865088375	8.99999976872	
8.99999976878	7.03774433303	8.99999976912	2.51855770473	-0.521256097329	8.63760875974	
8.99999976243	7.03771835191	8.99997378655	2.51855769816	-0.521218843099	8.63764601394	
8.99999951546	6.82054998172	8.78280548586	2.51855752037	-0.160009740519	8.99885511635	
8.63761235494	6.67535710088	8.99999976874	2.51855752355	-0.158873923284	8.99999093547	
8.71304664126	6.75079140772	8.99999983624	2.51855757055	-0.294729976121	8.86413488092	
8.99999997897	7.03774456178	8.99999978606	2.51855770473	-0.521256214814	8.63760864225	
8.94635242503	6.85899848516	8.8749011246	2.51855756525	-0.287496189486	8.87136866756	
8.98127327676	6.87694411787	8.85792590693	2.51855756657	-0.285040666742	8.87382419031	
