8.99999920203	7.03774376908	8.99999976637	2.51855770013	2.17245685406	8.79879412856	
8.99999997089	7.03774452773	8.99999975745	2.51855770141	2.60497925152	8.98359949464	
8.94877716853	6.82831694351	8.93733760421	2.61339472139	0.279938104687	8.86408863132	
8.84007837798	6.87568322323	8.99785998363	2.51855763914	-4.66136369877	8.73419365307	
8.87965312694	6.78530527859	8.7285748007	2.393926431	-0.496294287768	8.554906786	
8.93127138215	6.80841360408	8.65270177885	2.33234243904	2.30487652176	8.99280019256	
8.96831312244	6.9740125801	8.96795461505	2.51855765817	2.03699637498	8.82393360718	
8.63724068695	6.67498214777	8.99999648325	2.51855752321	-2.63964022958	8.99994854546	
8.97402018084	7.18916230272	8.9999997701	2.34180820998	2.1044219521	8.39191778867	
8.94647273575	6.98421538314	8.99999783144	2.51855768484	2.09605145006	8.80190325911	
8.99340904926	6.91806181354	8.88690785742	2.51855759391	-0.211388310285	8.81541264431	
8.36067980965	6.45708725699	8.99999976908	2.46011532983	0.100386617706	8.9987825361	
8.83035939301	6.79124933373	8.92314506071	2.51855762056	-1.95373858501	8.88888896296	
8.63883643273	6.67657797772	8.99999656391	2.51855751969	-2.43059172723	8.99629379493	
8.99999976839	7.03774304935	8.99999848162	2.5185577012	2.6343701174	8.99999976894	
8.63737192489	6.67511667366	8.99999976875	2.51855752075	-5.17833240609	8.99963227757	
8.82602438974	6.37890805136	8.39411749849	2.39808590035	-4.09375657862	8.99999999784	
8.99999973716	7.03774430488	8.99999976875	2.51855770183	2.48225209607	8.92046914968	
8.16061463665	6.31338443786	8.99999976777	2.4039467105	-5.58102716628	8.9994206725	
8.99999976875	6.41812926938	8.21358161486	2.35232994539	-4.39910735139	8.9995332284	
8.99999989642	7.03774446808	8.99999976876	2.51855769812	-4.59525601507	8.63721263314	
8.99996714228	6.40325879369	8.14199097922	2.2943561062	-0.690343827394	8.99998922538	
8.98934123372	6.84850080884	8.8676351372	2.56467447701	-5.45880910857	8.99999899688	
8.99993481634	7.0376416256	8.99996200642	2.51855769816	-5.98628945069	8.63729497628	
8.15851330877	6.03458177735	8.64540734244	2.32243873784	-3.76759213302	8.99999932451	
7.78378571756	6.09101064956	8.99757929933	2.2583287339	-5.35067419441	8.99999999446	
8.76745806751	6.32533751333	8.33612931883	2.33509263653	-5.99999977179	8.99990011171	
8.93581047292	6.77578839917	9.0	2.72877052811	-4.9836929347	9.0	
7.79552968382	6.05745894531	8.99998050084	2.3070617238	-5.78595820594	8.99999999976	
8.99999988142	6.77338106155	8.71844009874	2.50142596741	-5.9992427085	8.99937670207	
8.96697282992	6.97158447208	8.96686679886	2.51855765748	2.41394434069	8.95436912676	
8.99999976864	7.03774433742	8.99999976876	2.51855770079	2.44575285681	8.90336407931	
8.99999994471	6.83002375291	8.999999941	2.73533184093	-5.99744184747	8.99999976875	
8.99999967468	6.85709236642	8.81934773375	2.51855754279	1.19848179794	8.94815269086	
7.80584000808	6.12745409557	9.0	2.2424762888	-5.99646557342	8.999999983	
8.47509839496	6.54469325638	8.99997485136	2.48681280415	-1.73354804606	8.99994896482	
8.99999932897	7.03710329378	8.99935916565	2.51855770163	2.17784703863	8.80139463725	
8.1067148243	6.39696629105	8.99106011164	2.25594591943	-5.90338047336	7.94371306926	
8.93514090053	6.91900634977	8.94612057171	2.51855762325	-4.71936159512	8.7547672855	
8.41082417748	6.39576679291	8.99949878551	2.57022881806	-1.38396040806	8.99999993493	
8.99999976619	7.03764202438	8.99989745845	2.51855770124	2.63409936815	8.99999131886	
8.99958695796	7.03733161247	8.99999985768	2.51855770395	-0.580846533262	8.63773703378	
8.5059453753	6.56959463345	8.9999336547	2.4926886185	-5.97630850794	8.99805072165	
8.41970387877	6.50227723901	8.99999984311	2.47389693372	-5.99999421729	8.9998030896	
8.99994900154	7.03769366794	8.99999986892	2.51855770331	2.03456158317	8.76046475537	
8.71802890569	6.75577346867	8.99999963388	2.51855757168	1.69720733141	8.91755237823	
8.1595342879	6.31075101809	8.99999976065	2.405489347	-5.30806585858	8.99972392089	
8.99999978219	6.79951801202	8.75469682649	2.51151169893	-5.73838133187	8.99893428363	
8.77644673363	6.81419122187	8.99999959504	2.51855760758	-0.273398523971	8.78787485014	
8.99998698629	6.9237750738	8.88604318107	2.51855759435	1.96283467159	8.91830652111	
8.41401575687	6.3898775501	8.99146688142	2.57183432037	-5.03666914829	8.99938147481	
8.99997607098	7.03772083495	8.99999996415	2.51855770121	2.6343522129	8.99999778249	
8.82114072216	6.85888458437	8.99999899122	2.51855762979	2.41948219697	8.99999975836	
8.28562576474	6.07371026959	8.60576033713	2.37434106785	-1.5565303713	8.99999068321	
8.83816840929	6.87591268549	8.99999940325	2.51855762788	0.384503072327	8.73505230062	
8.99999918626	7.03774326121	8.9999992764	2.51855770224	2.30731415658	8.84534097899	
8.98932359314	7.02706814137	8.99999974909	2.5185577016	-2.06204040715	8.64193749763	
8.12695923001	6.28288971256	8.99999976875	2.40080811367	-5.57053580074	8.99883584719	
8.99973044439	6.9422811502	8.88102563025	2.48026347119	2.64674056002	8.99721108537	
8.99999976877	7.03774434012	8.99999976875	2.51855769812	-4.58331744146	8.63721268965	
8.99999976875	6.34209843529	8.0286012746	2.24380608845	-5.99999976823	8.99999059636	
8.99999992963	7.0377444992	8.99999976875	2.51855769999	2.13865879152	8.78857215654	
8.99999976875	6.81722735402	8.99999976875	2.73800423196	-1.71415128975	8.99978384722	
8.67857005265	6.7163134134	8.99999840633	2.51855754636	1.8255297962	8.99759922471	
8.99410026655	7.00874060313	8.97689551345	2.51855767765	2.2445783801	8.85882154173	
8.7363260293	6.66547773622	8.99999504617	2.62477632554	2.83405288815	8.99999876701	
8.99930110117	6.78533460479	8.99968664589	2.76174625429	-5.25423771923	9.0	
7.98772687941	6.30237512409	8.99998960393	2.24581211459	-4.53294457648	8.31561720266	
9.0	6.24036062612	8.00322915224	2.32239492562	-5.87483256769	8.99999999985	
8.9999994524	6.87144075538	8.83369635574	2.51855755353	-4.18122975038	8.90171101431	
8.99999998784	7.03774455739	8.99999976873	2.51855769999	2.13841654477	8.78850086042	
8.99999256687	6.78336487185	8.99999745794	2.77251181373	-3.66994734783	8.99999822492	
8.99999849809	7.03774306727	8.99999977338	2.51855770473	-5.71694757939	8.63721323564	
8.97278771924	6.98287269617	8.97233827218	2.5185558006	2.29229164489	8.89347885014	
8.93994798247	6.9545883042	8.9768954787	2.51855765775	2.29986184421	8.90731136468	
8.01485802493	6.17188817438	8.99961719055	2.3970743849	1.41510860847	8.99999558953	
8.99999979868	6.86022392213	8.82247916573	2.51855754306	0.950024524756	8.93365866861	
8.9999997684	7.03774425699	8.99999981904	2.51855783061	-1.72142435976	8.63723803307	
8.99998572	7.03757370496	8.99984318846	2.5185577046	-2.08537552457	8.6374540973	
8.99999976049	6.91275741541	8.87501274027	2.51855758612	1.42406377822	8.86365316969	
8.99673169137	6.36959477358	8.16394782281	2.34795630408	-1.30194691142	8.99997240241	
8.95525156965	6.96371913385	8.97072271816	2.51855765476	0.663771201626	8.7090115082	
8.91766523176	6.89249759953	8.93708747833	2.51855761132	-1.32689761533	8.78229210745	
8.89437106142	6.48825748591	8.57491265179	2.55012598283	-5.81584469822	8.99999999989	
8.99563582248	6.78546746562	8.78171568966	2.54814259618	0.703985729713	8.99978554787	
8.21085388562	6.19602136325	8.99798764402	2.56937331539	-1.83365574154	8.99997795368	
8.99999993966	7.27481623295	8.99999991664	2.28427146875	2.21619574721	8.34248964407	
8.32811753222	6.43565751365	8.99999976875	2.44901876174	-4.82289686524	8.9995344188	
8.73298255126	6.59508137611	8.99999999016	2.69376809104	0.582224855841	8.99974894985	
8.95590632312	6.94855709865	8.95490591815	2.51855764341	-5.37288830968	8.72752158863	
8.9999999346	6.81952461209	8.78177969707	2.51855752041	-5.54176366549	8.99999443665	
8.99999976875	6.55733861088	8.41329863065	2.41264446948	-1.87790261379	8.9994464497	
8.99999977709	7.03769515538	8.99995057734	2.51855769985	2.06963232118	8.76944435961	
8.9999997149	6.97257304407	8.93482846284	2.51855763445	-0.619678354447	8.7343207842	
8.79120258575	6.56647730435	8.673420882	2.45465496789	-0.500380300672	8.99984322344	
8.99999976876	6.82189323532	8.78414848365	2.51855751787	-0.369776642325	8.99583114511	
8.99306949353	7.03081551791	8.99999972402	2.5185562068	2.35144360341	8.86571207482	
8.99999953612	7.0981946219	8.9999994344	2.45382594184	0.984113951115	8.98143285814	
8.6468399561	6.63065931405	8.99999976875	2.5734667344	-4.69545911179	8.99999976875	
8.99999945974	7.03711926071	8.99937500455	2.51855770423	-4.4923320046	8.63810888369	
