8.99313008845	7.02248515686	8.99161008636	2.51855751929	2.05567699766	8.780933548	
8.49771245497	6.5634546685	8.99999976875	2.49067373006	-0.338506759825	8.99813112588	
8.99999830204	6.95693968935	8.91919650901	2.51855762247	2.36910797483	8.99105384282	
8.99999956277	7.03728368549	8.99953932356	2.51855770164	2.41588384901	8.89059330589	
8.99999976875	6.80125419364	8.75738998575	2.51246612263	-5.2925304611	8.99825406039	
8.51505336839	6.17243829829	8.55987389985	2.45904004518	-3.76439963928	8.99995197533	
8.78842653941	6.82617073934	8.9999995029	2.51855780284	2.30236220089	8.98147857732	
8.96657144527	6.97095335569	8.96663706656	2.51855765692	2.43138071534	8.96270211034	
8.99999998722	7.23030639448	8.99999998882	2.33443490469	-0.0979152855283	8.78161533206	
8.99999329905	7.22012454403	8.99997427164	2.33728075462	0.129414675288	8.17846768747	
8.99769174053	7.23395660005	8.99774449841	2.3115129024	1.07610055784	8.04634306036	
8.41411882018	6.4057210032	8.99999977105	2.58355874716	0.0875714653578	8.94848894368	
8.51278644399	6.57004477549	8.99314207077	2.48467504921	0.271860632465	8.42457770888	
8.99999976875	6.45325343523	8.22564077894	2.3293253583	-4.54181693156	8.99968566348	
8.97703383935	6.97011549157	8.95533679823	2.51855764679	-5.78820254661	8.71483452559	
8.23995313833	6.3693828479	8.99999976993	2.42720433516	0.870563333661	8.99981758364	
9.0	6.79294820241	8.90302558447	2.6675113398	-5.97361450596	9.0	
8.53398524486	6.59369014713	8.99349220112	2.49020839894	-5.0776277136	8.93807464617	
8.99891340518	7.0355604843	8.9989022814	2.51855770306	0.885633052997	8.64925737154	
8.99999981099	6.82799917636	8.79025438614	2.51855752155	0.0132739826582	8.98456210721	
8.95633613239	6.95567814265	8.96159715623	2.51855764675	1.97493607367	8.82591950396	
8.97780622962	6.97783362853	8.9622825568	2.51855765865	-0.796157510329	8.7039364409	
8.59856260047	6.49112065747	9.0	2.6594401714	-5.80535072438	8.99999999249	
8.97463569206	6.60171140649	8.55007533505	2.47947633003	-1.43150300478	8.99933948062	
8.99999962754	7.03774392286	8.99999949661	2.51855770208	2.39263261382	8.87982872834	
7.97108957896	6.1599834467	8.99999976875	2.36794116016	-5.13763417122	8.99762971096	
8.99999976876	7.03727688685	8.99953231825	2.51855770109	2.63318888776	8.99999976875	
8.99999976876	7.03774433667	8.99999976832	2.51855770121	2.63305667072	8.99925464076	
8.99944066537	7.11449398775	8.8973710921	2.31897800026	-1.89918928756	8.09496495506	
8.99999976875	6.53797978338	8.38543723954	2.40417066935	-5.67781196985	8.9991633789	
8.99999656913	7.0585755431	8.85295718453	2.33641222516	-5.88987870834	7.98963699227	
8.47636836381	6.53523413118	8.99999976876	2.49752768415	-4.26802552742	8.99999236043	
8.59996696503	6.64485342545	8.9999997654	2.51144361669	-1.8660941726	8.99996359165	
8.82381782164	6.69929433929	8.95197490014	2.63257759943	-0.709592297542	8.99978458853	
7.92059677519	6.10732398721	8.99160368529	2.36168207601	-2.08447237963	8.99649875541	
8.21565809916	6.32861247388	8.97538147709	2.41905927833	-5.73749797104	8.99885639517	
8.80420166477	6.79772752231	8.95578097564	2.51855761869	1.16496445428	8.86776783674	
8.99999976876	6.584673107	8.45237137643	2.42434690769	-0.740473658973	8.99963450453	
8.99999976875	7.03774455623	8.9999999912	2.5185577045	-2.44567771178	8.6372170815	
8.99997663714	7.11886436314	8.99997643441	2.43232688219	2.86208491797	8.98069939394	
8.77661790126	6.7381728449	8.92380997475	2.51855753188	-4.28409893846	8.95814905621	
8.99999976875	6.55272992463	8.40737428265	2.41133884701	-5.99985538172	8.998461774	
7.94052917313	6.12829706487	8.99999908368	2.3690625778	-0.107395439773	8.99922175803	
8.99996709942	7.03771171643	8.99999976875	2.51855765279	1.77936783662	8.70995801588	
7.98552574099	6.18495510035	8.99999976875	2.35744691334	-0.744442283605	8.99813524175	
8.99999992916	6.78544415086	8.73391320577	2.5048230814	0.648018414207	8.99946385678	
8.99999525892	7.0368810743	8.99914101848	2.51855770385	-4.18399984534	8.63844647421	
7.96230091949	6.13806616337	9.0	2.37081637379	-5.05810607487	8.99999999671	
8.83065570974	6.75070464806	8.88230396054	2.518557523	0.81702019701	8.98983632071	
8.99999998047	7.00227181646	8.96452700129	2.51855766608	2.23142006446	8.86979143104	
8.99999999929	7.03774456412	8.99999976875	2.51855770471	-2.82372019514	8.63721456312	
8.84339269264	6.75748508933	8.87634742031	2.51855752439	1.20616164471	8.99848336556	
7.87404848397	6.04832389959	9.0	2.37712268022	-3.99919056585	8.99999999896	
8.84873173965	7.16517244503	8.99708102191	2.23620733495	-5.8102022286	8.01259851848	
8.9999983666	7.03774274189	8.99999957333	2.51855769884	1.71184217559	8.70019296001	
8.99999981007	7.03774438356	8.99999977258	2.5185576999	1.46704207758	8.674166578	
8.77499456736	6.83605633914	8.9993613304	2.49326451802	0.350021571612	8.8994946621	
8.99999263352	7.03773608389	8.99999865073	2.51855770123	2.63277491849	8.99910002025	
8.71049570005	6.72359245355	8.97535179526	2.51855754252	-2.09273283915	8.92974501181	
8.96996686188	6.98133939373	8.9736276942	2.51855766312	-3.34730413983	8.6905278861	
8.99272857197	6.69995448716	8.75859225424	2.6075496241	-1.8892500586	8.99980755853	
8.69389951208	6.59796697761	8.99999976875	2.6531752262	2.78280446915	8.99995977573	
8.99999946529	7.03774317317	8.99999891153	2.51855770443	1.11208605758	8.65392232786	
8.99999968556	7.03774425002	8.99999976875	2.51855770473	-3.75373924777	8.6372129573	
8.31139265617	6.2617929843	8.99999976875	2.61048566078	-0.570828861486	8.99967029553	
8.99999978565	7.03774435047	8.99999976875	2.51855770473	-2.99858750797	8.63721400136	
8.99999999907	7.15414821508	8.99999999863	2.40190029808	0.880421510197	8.97565295519	
8.63911515624	6.67685990679	8.99999976875	2.51855751897	-0.444028216527	8.99611740531	
9.0	6.87567148594	8.98998652138	2.67323461725	-5.69928204108	9.0	
8.76862422149	6.80636904129	8.99999992301	2.51855760399	-5.90707791305	8.79534066142	
8.99999992785	7.03774449641	8.99999976875	2.5185577012	2.63437349886	8.99999976875	
7.8668567036	6.11528197526	8.99999976875	2.30860271622	-4.83855048985	8.9758984617	
8.97581361314	6.98409742782	8.97053897744	2.51855766354	2.09814607221	8.83199905056	
8.99998185716	7.03772445348	8.99999779543	2.51855769991	2.14023068685	8.78904597206	
8.85840139545	6.8820920879	8.98594689451	2.51855869869	-4.73796797275	8.74115918975	
8.99999428896	7.03773845419	8.99999936866	2.51855770474	-5.01598939283	8.63721565138	
8.99999976876	7.03774408864	8.99999952056	2.5185577012	2.63437274853	8.99999976919	
8.28821633556	6.05067161863	8.54722803811	2.3415843186	-5.33133018904	8.99967930894	
8.1347829849	6.2886456422	8.99999854418	2.40286586733	-5.9999997713	8.99684927089	
8.99972998818	7.09631559924	8.94406652702	2.41028470077	2.09387999488	8.90700103638	
8.99999976875	6.83100228193	8.99988465873	2.7242586156	-4.17952911469	8.99988385283	
8.57918571764	6.6808582503	8.99999366858	2.45485138701	2.47070763714	8.99892927356	
8.96096851722	6.95905288749	8.9603395185	2.51855764901	2.2740918801	8.91177779682	
8.61069706079	6.65349601559	8.99999923925	2.51352248489	-1.23741216727	8.99995100309	
8.64393397002	6.6816718284	8.99999287976	2.51855752216	0.88410398312	8.99487160848	
8.18969527216	6.24992554301	8.98905102429	2.46915627783	-5.37797766265	8.9999932328	
8.99327851669	6.88350954457	8.85248684021	2.51855830953	-5.71794587098	8.8735409161	
8.99999927648	7.03774291085	8.99999883294	2.51855769938	1.95540894467	8.74219038537	
8.99999402802	6.9245228114	8.69723507296	2.32969799654	2.66957839734	8.90693632693	
8.99758178055	7.19095408336	8.99719612948	2.35932999769	1.00346925931	8.46164625086	
8.67297622483	6.45143810761	8.45427267469	2.22707999451	1.69673011385	8.95473347113	
8.92088445749	6.95834504176	8.99971576025	2.51855767674	-5.49903382445	8.67702878364	
8.77304012217	6.72200902084	8.91122391748	2.51855751957	0.286773607239	8.99903765377	
8.01404695906	6.22843641486	8.99999998573	2.34252187413	-0.552557639208	8.99827263487	
8.99686290115	7.03203530262	8.99684194125	2.50400238393	2.20276013383	8.82144905695	
8.47463000688	6.50089386713	9.0	2.51277948084	-5.72885575109	8.40909759879	
8.99462027501	6.80452108723	8.76757825757	2.51399659815	-2.41331078025	8.99999976875	
8.99999923198	6.73612204325	8.71086859724	2.53099741427	-5.09897661666	8.99999894485	
8.65447762383	6.69221277635	8.99999018179	2.51855753004	1.4692560086	8.9997927701	
7.86295067341	6.09135086679	8.99999976875	2.32857096845	-4.63134597924	8.99535829667	
