5.2978588754	6.51897216098	8.98982329005	2.51855817586	2.67459552168	8.63991471229	
1.73141482114	6.58416450238	8.70888618427	7.29393714087	5.24506139234	2.52242811224	
8.68219576227	7.15486571159	6.3040158505	2.5185583677	2.36151225966	8.38946715059	
5.9257628796	6.58989158596	6.84013467709	2.51858776465	2.70560449753	7.0781900612	
0.628874201614	6.52405490132	7.8584304136	7.46641934899	7.81810171323	3.03009943592	
1.09856759203	6.5346975083	7.56050570944	8.69787733674	8.6588431536	2.80050896777	
4.97295122614	8.97440829507	6.09948041383	8.95620318086	8.9690924619	2.82607998376	
2.89956445013	6.51899808064	8.74242455422	2.51876808722	4.42171789934	7.74110809663	
4.70460250687	8.70617769456	8.08197826112	5.08230081333	2.80878259986	2.5220522178	
4.95839838182	8.95990725302	8.67835831253	8.9692325308	6.09635484766	2.51913911604	
5.93912856222	6.52427356415	7.74918947291	2.51855958698	3.29460418015	8.65525642232	
6.04838571835	8.99981804492	5.80476221565	2.55910468135	7.97847997014	8.98787253575	
8.81357947783	8.98398565675	8.9936734688	2.51862146763	-0.669956781207	6.34985639886	
8.54152416168	8.9999996984	5.89277019219	2.51868181165	3.16718499898	6.79796520053	
8.60513064223	8.98138285229	6.6037830506	2.51866033222	1.79483673587	6.21887460194	
8.97286267007	6.9114359649	8.99954735396	2.51855760144	-0.451989151514	8.80559466375	
5.36042056964	8.99997225535	8.97508605091	2.76627224288	-0.403760254448	2.88066922539	
2.14030920028	6.66777659781	6.3399892598	4.21907761204	7.26616091796	5.57477252567	
5.09139069356	8.95506348139	5.80491828262	3.08402779361	8.53167342733	8.10405848633	
0.828918090439	6.51944832544	8.98231679978	2.5681411843	2.20228408576	3.64109682355	
5.37135717306	7.02081511566	8.99975131293	2.51988769145	-0.512117582503	5.03345545382	
4.70430235716	8.70374000161	7.86722423895	4.63413221758	2.57686651009	2.52568824485	
1.70472447434	6.5588343496	6.85537128208	2.95516175625	7.59400166662	7.35526867486	
8.57613951584	7.56019616486	8.26381324863	2.51856118281	0.101091597651	7.57745437226	
-0.255924647313	6.5192212161	8.7422106276	7.8576041616	8.19700859368	3.02163655407	
3.84512020602	7.68619359105	5.83389363759	2.97017097403	8.98875682994	8.72657346623	
8.68911344026	7.26085239006	8.60156551851	2.51855870317	-0.19213021059	8.03430501269	
3.78696192865	7.68016216595	5.83433706588	3.08431657663	8.86616492929	8.438152539	
8.99848029246	8.98706878441	8.99057430126	2.51859954424	-0.666888083455	6.53166553942	
-0.180929641173	6.5192522316	8.99265549276	3.42940330346	3.19764535877	2.77588303311	
2.12306570187	6.51911544947	8.64658023069	2.52011146081	6.42738289529	8.87296927197	
4.94927463462	8.95079849842	7.39749134924	6.88693239782	5.30561528113	2.52981772661	
-0.677280708331	6.5187683161	8.99998834702	5.86892509462	8.95577620486	5.60595779065	
4.71567678807	8.71736663152	8.75947991402	5.15654679875	2.20363118027	2.52004180997	
1.33007259321	6.54573127949	7.11493470696	5.54281311071	6.15209553378	3.22372580147	
-0.0965298264435	6.5195442422	8.74210521673	8.91384202342	8.87164470763	2.79900118989	
5.15564693409	6.51905435264	8.74250396756	2.51855867513	3.42099124821	8.99669648389	
3.80168437988	6.51903135943	8.89962024044	2.51858550528	2.77851706064	7.157372178	
7.52786721326	8.9999285492	7.53316398276	2.51984301062	0.799632757482	5.05605975149	
-0.322621031655	6.51911693906	8.72211162288	5.59667119428	6.31123607302	3.31010588873	
8.68818788842	6.791886871	8.90595534881	2.51855763453	-0.252794909451	8.74607117981	
1.83513636262	6.52954558832	8.63940700627	2.57623222368	1.36590702857	3.44983994331	
0.728180111732	6.52533462255	7.61098429239	4.21869514797	6.62784082001	4.93814281144	
8.89549084779	7.80161935062	8.34848047824	2.51856068998	-0.00204816739599	7.63691047564	
8.99996401925	8.9119965214	8.99757969506	2.51859270602	-0.673625031486	6.60849681323	
8.98637330807	8.99996040183	8.99514514907	2.5186020472	-0.671502749879	6.50662061602	
6.87110861288	6.54467396166	8.34639014892	2.51855857562	1.23009411547	8.09952769779	
8.91665327162	8.56770510588	8.32896230981	2.51857665254	-0.00185779885804	6.87264338198	
0.900079866679	6.52882259402	7.72802600352	8.66205689924	8.67239249222	2.82478622682	
8.95962601371	6.94254866255	8.95691698072	2.51855763707	-0.429274189958	8.74132986258	
1.07343261952	6.53380164944	8.61442397397	7.03746125347	5.70662486455	2.53838591281	
5.00131208538	8.99999363598	5.80478321242	4.72818913452	8.9998815132	6.79296139752	
5.00311560878	8.99983427753	8.32235028312	4.49104223947	1.97477331882	2.52453005174	
4.9998754977	8.99991859776	5.83996781211	5.03409692016	6.10752231085	3.62851746099	
4.115820789	7.56626031393	5.84427800129	2.64750344456	5.9990118385	6.46051422803	
-0.156013790214	6.51940767292	8.53828393911	5.1784041986	6.01928816819	3.41891380339	
7.59430143678	7.01552875605	7.76492659707	2.51856518314	0.730445850355	7.27074730124	
5.97180642995	6.91051758074	7.53460541072	2.51878167999	1.02711641121	5.81939634875	
4.60139834042	8.60490582679	6.73419199092	8.15318336236	7.28053172347	2.57320022349	
3.49655871812	6.51931242241	8.52896857548	2.5186437863	4.9631872565	8.66592569999	
-0.389894773825	6.51902716199	8.71292014119	5.48233058191	8.98697854356	6.02381352484	
4.84074853567	8.84274597226	8.63535668481	8.62827879148	5.79895278667	2.51920060126	
6.94658637696	8.54623748538	8.67100063167	2.52027237736	-0.342715382753	4.92352912098	
4.5490785276	8.55304231999	6.22124641248	8.99998713693	8.79762496438	2.73008780539	
2.86180819761	6.5191357257	8.89665126868	2.51884979776	2.59633905499	6.0319803532	
2.61427610916	6.87001236695	6.21025482494	8.12479300503	8.50548111665	3.05037403618	
4.99787830222	8.99925044247	8.85614551209	8.69785268505	5.64685562279	2.51894366726	
4.99946391338	8.99983123086	6.2584774226	5.15546193357	4.89002908906	2.70784461871	
4.63560169964	6.95644147704	6.000424329	2.52437179795	7.0526410774	8.92302118807	
3.87574301207	7.33221841528	6.03668836108	2.63899120524	2.98709188979	3.64348099992	
4.48783025688	8.49236342758	5.80982467918	6.57402146764	8.94059843391	4.88703583253	
1.8784494214	6.58191437987	8.41977603649	3.02237163654	1.28058635505	2.68969315429	
1.52747230929	6.5607010076	8.13384581308	6.91972338722	5.6449919238	2.54105300913	
4.97920962019	8.97007186985	5.80487043611	4.13590889575	8.87696550018	7.27023214875	
2.13749091307	6.66948811073	8.53147247068	6.32173985015	4.12849723178	2.52140001234	
8.99323150356	7.0807566374	8.92824138545	2.51855776238	-0.466852624638	8.57047322238	
1.5988888108	6.56731681006	8.92304274655	4.47455377374	2.33127321957	2.52650155087	
-0.138660785062	6.51929568872	8.58766909537	3.31821815939	4.21981826465	3.54648008464	
3.20532723858	7.28650008349	8.91241432507	8.79249856648	5.76505484229	2.51896511375	
2.37311050093	6.73034634283	6.46705745257	3.43530825851	3.54335837826	2.93303908786	
8.87345854253	8.20694113956	6.99591873651	2.518566546	1.36439524108	7.22343219236	
7.870549894	6.56166997195	7.43359115108	2.51855757904	2.03574467412	8.97482552596	
6.49241780571	8.99334566028	5.80643521873	2.5324976545	4.95116876012	6.43934582734	
8.87843953326	6.80030883483	6.89530947177	2.51855755004	1.82836092789	8.99841090559	
4.97593925451	8.97738576407	6.28940188158	8.68551936557	8.37337096593	2.69097433025	
3.909368684	7.91383277266	5.89721177169	4.03887248225	4.75697862995	3.32602118853	
4.99836977109	8.99974043164	8.91828871515	8.99999983531	5.88680646087	2.51889203825	
7.07160617972	8.86172795016	8.86898215276	2.52123243413	-0.542075144761	4.73072016124	
2.16809540405	6.64544569265	8.04791104026	3.14003507526	1.50138592309	2.64707895722	
4.78570836106	8.7847547379	5.80570260465	4.64648801368	8.99965293675	6.87498850874	
0.956197641914	6.53022458836	8.73533139773	5.99134025515	4.65305806583	2.53818961962	
5.07737160355	8.90874470119	6.91449376192	3.00742898416	1.93317461407	2.7240336519	
4.99860411589	8.9999517431	8.98210918641	6.80463814614	3.62757786751	2.5188686378	
6.0940449735	8.85414111995	5.80534080081	2.54418370328	7.36454677184	8.58077508069	
5.26140984097	6.51913507776	8.69394748279	2.51855854069	3.3411445043	8.97397556405	
-0.639550350666	6.51877369282	8.99136417929	3.70041221698	7.35739363821	6.20518891485	
4.62802309021	8.63131972169	6.5820420599	8.99999735734	8.30438469692	2.59830012586	
1.74634022566	6.55664977095	6.87846390023	2.85915998153	8.98774234856	8.91190407963	
8.24663382697	7.44989404346	7.88866124201	2.51856349949	0.491381084011	7.37338596781	
8.84369410637	8.91611199546	6.12070615425	2.51860849067	2.48986459668	6.73471172863	
