8.99999909525	7.03774357298	8.99999967477	2.51855769812	-0.52125570424	8.6376091528	
8.99999976875	6.52670099398	8.34373228399	2.37382286697	-0.157586937197	8.99974309285	
8.99999997476	7.03644554906	8.99870077694	2.51855770335	-0.519390880299	8.63947397676	
8.96113392717	6.99287743077	8.99399868372	2.51855768091	-0.494229441055	8.66463541599	
8.87309164464	6.91083625845	8.99999976501	2.51855765199	-0.452033543328	8.70683131372	
8.99999976236	7.03774432609	8.99999976792	2.51855770473	-0.521256093978	8.63760876309	
8.86395208683	6.90165657494	8.99995963574	2.51855764847	-0.445620313776	8.71324454327	
8.99999976997	7.00152049018	8.96377588635	2.51855766689	-0.468278855744	8.69058600131	
8.98839330832	7.02611146624	8.99997335837	2.51855770119	-0.516080973522	8.64278388354	
8.99999976875	6.55314372994	8.4049566279	2.40850560641	-0.157167029743	8.99954118712	
8.86788397276	6.90459983018	8.99897100988	2.51855765323	-0.446698900835	8.71216595623	
8.99999975859	7.03774432422	8.99999976936	2.51855770473	-0.521256094628	8.63760876244	
8.99735422033	7.02209693455	8.98699789944	2.51855768603	-0.50126966865	8.65759518839	
8.9745162124	6.80773281806	8.79547162492	2.51855752001	-0.159531178768	8.99933367846	
8.64045625012	6.22086817409	8.35562570817	2.33208532595	-0.156011461135	8.99917485631	
8.99999976876	7.03774444647	8.99999988149	2.51855770473	-0.521256260103	8.63760859696	
8.9938038489	7.02307296717	8.99152431225	2.51855769472	-0.50624599991	8.65261885716	
8.97094606269	6.44369855088	8.28327204851	2.36732336024	-0.157992002327	8.99984662222	
8.94309174288	6.79346773781	8.81263127157	2.51855751871	-0.161094435713	8.99774203966	
8.73190717591	6.74268785875	8.973035736	2.51855755396	-0.255981677132	8.90288317984	
8.63761430158	6.67535904757	8.99999976875	2.51855752352	-0.158878407717	8.99998644815	
8.92707569271	6.90428355065	8.93946297482	2.51855761765	-0.386900654404	8.77196420265	
8.99999285803	7.03772958395	8.99999192299	2.51855769813	-0.521241872155	8.63762298488	
8.99999977254	7.03774455279	8.99999998399	2.51855770473	-0.5212564089	8.63760844817	
8.96776329341	6.95436457056	8.94885641811	2.51855764177	-0.428199387327	8.73066546973	
8.92489722584	6.62636561597	8.60460336846	2.45962897185	-0.15680051829	8.99930315379	
8.64129971604	6.67904404261	8.99999934709	2.51855752129	-0.167249000046	8.99161585692	
8.99910832646	6.98516648827	8.94831331283	2.5185576518	-0.444548274101	8.71431658295	
8.67871758645	6.68863563804	8.97217307281	2.51855752198	-0.160115544437	8.99874931251	
8.99999976961	6.69803656001	8.61298441315	2.47143929327	-0.155644300813	8.99870185146	
8.63761215124	6.67535436639	8.99999723775	2.51855752355	-0.158865088338	8.99999976875	
8.85735078939	6.85635783069	8.96126214975	2.51855760922	-0.371745751567	8.78711910549	
8.99999999997	6.2885738797	8.01775160376	2.28828296501	-0.105832106156	8.9999999219	
8.96791679205	6.97858452765	8.97292289641	2.51855766159	-0.465728026698	8.69313683034	
8.99978997777	6.81988192162	8.78234696387	2.51855752067	-0.158882924206	8.9999819337	
8.63797060097	6.67571876845	8.99999976875	2.51855752238	-0.159712323729	8.98756037168	
8.99875332571	6.81458807186	8.81524017607	2.55563816183	-0.157966524493	8.99982316197	
8.9999997652	7.03774435755	8.99999979569	2.51855770473	-0.521256136163	8.6376087209	
8.99999976875	6.62483336791	8.50957720383	2.44132663141	-0.157641150165	8.99965283493	
8.63763790622	6.67536217089	8.99997928698	2.51855752352	-0.158865077478	8.99999977962	
8.6376104259	6.67535384337	8.99999843962	2.51855752356	-0.158865088339	8.99999976875	
8.99999976896	7.03774433333	8.99999976887	2.51855770473	-0.521256097876	8.63760875919	
8.13528814268	6.1977421241	8.74856260377	2.2445962118	-0.0243261182455	8.99997969451	
8.9999787264	6.740115256	8.67206867523	2.48834946049	-0.157054580367	8.99947866817	
8.99999846101	7.03762860925	8.99988535222	2.51855770462	-0.521091329105	8.63777352795	
8.44005792286	6.51965590761	8.99688876716	2.47776535387	-0.158706735357	8.99999976875	
8.98131680051	6.74423326727	8.85544363733	2.6485988662	-0.156620021936	8.99918732613	
8.99999983477	7.0370484661	8.99930383489	2.51855770411	-0.520257091626	8.63860776543	
8.94655483495	6.79412209209	8.80982227689	2.5185575205	-0.159020704873	8.99984415181	
8.63903630542	6.67663284228	8.99985155853	2.51855752244	-0.161649847935	8.99721500926	
8.98904265051	7.0267872187	8.99999976876	2.51855770131	-0.51641197903	8.64245287804	
8.95969466121	6.99743838581	8.99999891526	2.51855769143	-0.502521707523	8.65634314954	
8.99999976875	6.82029651496	8.78255176465	2.51855751922	-0.159502546235	8.99936231107	
8.99541255504	6.96876061569	8.93560319811	2.5185576382	-0.423057631189	8.73580722586	
8.99969687825	7.03744017626	8.99999849558	2.51855769823	-0.52112274684	8.6377421102	
8.99999955144	7.03774425928	8.99999990493	2.51855769812	-0.521256233071	8.63760862396	
8.93539497282	6.88583407934	8.91269420161	2.51855759588	-0.346705654724	8.81215920233	
8.99999976875	6.81998750759	8.78224275872	2.51855752065	-0.158884107152	8.99998074899	
8.99999981665	7.03774438762	8.99999977431	2.51855770473	-0.521256127148	8.63760872992	
8.79622510105	6.79121775113	8.95724772416	2.51855757485	-0.303403619545	8.8554612375	
8.99999976725	7.03771053028	8.99996596739	2.5185577047	-0.521207589991	8.63765726707	
8.98078908726	6.93740496344	8.91887099363	2.51855761821	-0.388041663544	8.77082319352	
8.9796422875	7.01735063884	8.99996354882	2.51855769824	-0.512059463936	8.64680539313	
8.96078621949	6.80080860887	8.80227740992	2.51855752129	-0.158897599679	8.99996725748	
8.6376087588	6.67535333798	8.99999960185	2.51855752356	-0.158865088339	8.99999976875	
8.99999999851	7.03774456356	8.99999976875	2.51855770473	-0.521256197928	8.63760865914	
8.6400458131	6.67777785978	8.9999870661	2.51855752019	-0.164386530123	8.99447832685	
8.99839020427	6.95160419931	8.91546911156	2.51855761729	-0.393165604268	8.76569925277	
8.50463659441	6.56926038542	8.99999976875	2.49179299702	-0.15870163524	8.99974322291	
8.99999976851	7.03774325737	8.99999869301	2.51855770473	-0.521254553959	8.63761030311	
8.63761685202	6.67536151346	8.99999968421	2.51855752356	-0.158884002534	8.99998085589	
8.999999761	7.03768014039	8.9999355768	2.51855769845	-0.521164006778	8.63770085026	
8.6376606341	6.67540559513	8.99999998383	2.51855752355	-0.158985822573	8.99987903516	
8.99999976695	6.77881327458	8.72566826948	2.50321257107	-0.158144498717	8.99979340448	
8.95333246583	6.75325913231	8.74613976352	2.50256872797	-0.157538534905	8.9995644832	
8.9985332709	7.03488023247	8.99860216373	2.51855770284	-0.518607948596	8.64025690847	
8.99999999151	6.81997800667	8.78223303441	2.51855752073	-0.158864861158	8.9999999964	
8.99999976668	7.03774441041	8.99999984745	2.51855770473	-0.521256210442	8.63760864662	
8.97517924572	6.99273290141	8.97980882595	2.51855767106	-0.479952543328	8.67891231371	
8.96508105689	6.97019975427	8.96737385172	2.51855765512	-0.455652821971	8.70321203507	
8.99999979974	7.03773989074	8.9999952953	2.51855770473	-0.521249691351	8.63761516571	
8.99999943936	7.03774400382	8.99999976869	2.51855770473	-0.521255954867	8.6376089022	
8.99999976875	7.03774436824	8.99999980323	2.51855770473	-0.521256147848	8.63760870922	
8.93523488631	6.97297969946	8.99999999466	2.51855768228	-0.489825789497	8.66903906757	
8.9605001946	6.80371057862	8.80546540257	2.51855751933	-0.16524613204	8.99361872505	
8.92298061245	6.28816847367	8.10110721483	2.29291889839	-0.157510535862	8.99976310539	
8.99999998166	7.03608990206	8.99834512265	2.51855770297	-0.518879751454	8.6399851056	
8.99999962126	7.03774438391	8.99999996643	2.51855770473	-0.521256318066	8.637608539	
8.824738433	6.82441014812	8.96192680608	2.51855759173	-0.343252026248	8.81561283079	
8.9745181113	6.99702266199	8.98475972573	2.51855767585	-0.487060869594	8.67180398745	
8.89494112899	6.77202168497	8.83933557526	2.51855752005	-0.162177911265	8.99668694587	
8.99678284254	6.81876935796	8.78424153534	2.51855752064	-0.159665565933	8.99919929097	
8.98126734107	6.83736332722	8.99007767794	2.68992524353	-0.157229611575	8.99936792874	
8.99998367006	7.03772838746	8.99999992186	2.51855770475	-0.521249328607	8.63761552846	
8.85800215342	6.89574699003	8.99999998564	2.51855764979	-0.441434790863	8.7174300662	
8.95104895585	6.93159544861	8.94280161817	2.51855762621	-0.408379883237	8.7504849738	
8.99999994958	7.0377445164	8.99999977055	2.51855770473	-0.521256179252	8.63760867781	
8.6376152447	6.67535530421	8.99999508211	2.51855752355	-0.158865088473	8.99999976862	
8.99999976763	7.03774446633	8.99999990249	2.51855770473	-0.521256289746	8.63760856732	
8.94726912301	6.98492301233	8.99990907528	2.51855768671	-0.496070545972	8.66279431109	
