7.9973941954	8.30633697703	5.8767826161	2.51864441006	3.30119291381	7.06555569591	
2.61373220821	6.51895036489	8.78059639905	2.5189259949	5.38117271458	8.45279232545	
0.810938393364	6.52335066582	8.96103411994	2.88899072382	1.71299851503	2.78779699526	
5.8291497089	8.50241787133	8.99767620789	2.53930264492	-0.65023821109	3.85003454725	
-0.142923709314	6.5194369985	8.82477799691	5.62744531374	5.51889264523	2.76903197864	
-0.198118260009	6.51877196561	8.99781531945	2.69639064573	4.74373749694	5.04343930276	
8.90359322447	7.72065418388	8.99667695804	2.51856004784	-0.646335866855	7.72988744168	
4.23002660954	8.23831839047	8.15634586606	8.06618989802	5.7234954228	2.52052696776	
4.22039202762	7.54280745861	5.84726761952	2.61021073292	5.34168520583	5.97149401916	
4.26071435332	7.59909327805	5.84248783923	2.61540609893	5.07528985038	5.67916002365	
5.78051592695	8.87555328277	8.62387547174	2.57602048743	-0.241957748081	3.42602723819	
0.657606406723	6.52439061543	7.67336286111	4.6636372327	8.46985681349	6.32796559101	
0.0528588265911	6.51967705825	8.4594468267	3.21436383079	3.84399483562	3.33742695765	
3.30115877779	7.03307540516	5.96380161756	2.72234454403	5.0644595765	5.28916738008	
5.37117344079	6.52021435694	8.31486854959	2.51855980032	3.06302818838	8.4254633784	
0.201055474682	6.5205775054	8.4564143256	8.99605736203	8.93337303238	2.78937532282	
1.47942352209	6.51954078058	8.42389351661	2.5302042314	4.68934337254	6.25808275724	
4.5745633431	8.57829849562	8.7553375322	8.99987332838	6.05215068027	2.51904708941	
4.71100054247	7.96635024773	5.97977705115	2.60138747696	2.95038218413	3.78858941074	
1.041573831	6.52982209005	8.97440556649	3.20198208126	1.63162494831	2.63096752907	
-0.0636629274877	6.51913957497	8.97520874667	2.88543967265	2.8012613303	3.02339525957	
3.9428199942	7.95873449778	6.47964711634	6.29604642613	5.74292523282	2.62577877727	
8.8006910735	8.99936264031	6.2697828966	2.51862578427	2.23587527068	6.50352817393	
3.29344000017	7.29952195483	5.98982310645	3.33196814034	3.88170621232	3.24864658142	
7.892456589	8.99380979258	5.8052132979	2.51910441541	5.52049274061	8.42041577734	
2.38158764299	6.7564144674	8.04088999938	8.99992963732	7.14325601991	2.52455691516	
4.99014423078	8.99154219998	8.99959569897	8.75291549602	5.55838544106	2.51883503268	
4.98445991001	8.98587616048	5.8953302208	8.06781884214	8.70279826246	3.24406074851	
4.93177729887	8.93338501843	8.6428238071	8.34255474567	5.5053606816	2.51918938133	
3.32589720235	6.57498487324	6.71707158035	2.52806235979	6.93313401378	8.58822292104	
7.75776830955	7.3434230061	8.57284080694	2.51857158513	-0.1796746984	7.00410718339	
7.37364089539	8.8343035801	5.80548125922	2.51980772962	6.43434036931	8.97451857204	
2.48297967475	6.80209715354	8.83777940978	8.97742864902	6.26299428324	2.51939492284	
-0.447849763819	6.51877333451	8.99182123436	2.91655888786	8.99299052871	8.81679713464	
0.730203239676	6.52549447954	7.84405686856	5.33446683928	5.45551072318	2.88497687036	
5.33473452609	8.9998073358	5.80476091067	2.78696972219	8.93178222941	8.999667966	
4.06250288691	7.79665660806	5.82683871998	2.83164870896	8.88026507248	8.85646872011	
3.92300760616	7.09567378737	6.18396774094	2.56889383267	2.6844483463	3.8420234307	
8.30788666633	8.91072641749	8.59764520559	2.51873076038	-0.27312544435	5.91811660754	
8.85284844073	8.94227473092	5.80615682411	2.51861054337	5.07937502054	8.99266236833	
1.05745203011	6.5331208791	7.45924086028	4.54256772049	4.84371229626	2.99988394481	
0.767726052958	6.52513880489	7.62187369435	3.4011307908	7.21096176658	6.389459276	
4.99331402851	8.99470143919	6.37789031252	8.89134675195	8.45326713008	2.65359063787	
2.94879626858	7.01437026597	5.97033317793	3.20013761206	8.99962981252	8.41941873845	
0.487286062052	6.52172116691	8.14340804653	3.22204080369	3.42892059775	3.0310200935	
0.718011493934	6.52530907551	7.61339141196	5.8164057696	8.05761853822	4.76247395683	
7.53905180775	8.98609186683	5.80560405826	2.51977080235	5.25553494737	7.80949550192	
7.28826588224	8.76650973739	5.83728115926	2.51985839294	3.6435396102	6.19788587913	
3.57699881949	7.61326354998	5.8770928287	6.32154464264	7.36799030713	3.60244112045	
3.79628718133	6.51880903115	8.94569027826	2.51857411574	4.39706295355	8.81682462073	
4.99862996297	8.99999976858	6.61563723569	8.99999976634	8.26204438269	2.59147940858	
5.62917698249	6.67279173372	6.32962507691	2.51870100811	4.85148697793	8.33396365273	
8.60174946543	8.81074231786	7.26764177722	2.51862730435	1.07178228266	6.32697126092	
1.03846089331	6.51877146814	8.99471949426	2.52708905631	7.15413575917	8.85662297771	
1.91188499612	6.5893011136	8.83574362496	3.06511448203	0.85800074727	2.66638113048	
4.95261015176	8.95402941952	5.82153975424	6.11008727032	7.51892488709	3.94412546112	
3.82004601054	7.80427674098	6.4071502447	3.58679185796	3.13834726581	2.68964227993	
-0.535022281071	6.51887558537	8.95115237408	8.38249058659	8.99999943241	3.22993071133	
2.0470484117	6.52009241081	8.23765708844	2.52333225613	6.96014669719	8.91659488761	
6.05358748378	6.52117004001	8.4023180082	2.51855816075	2.35965419726	8.49099884639	
8.99872911258	8.87475490836	5.80854851239	2.51858988059	4.63519983822	8.7643000321	
2.78118526337	6.70025543478	8.95578497643	2.66357423701	-0.0219971838963	3.06631074166	
3.32571120045	7.3045028568	8.41406194552	3.21016979714	0.678332987616	2.61860083748	
5.11255434566	6.8322414172	8.9856898791	2.51973079023	-0.373407093655	5.08803228114	
2.63288272097	6.51904670624	8.69873961199	2.51898428372	4.9739325408	7.98269124429	
7.89283181558	8.1475219457	6.32556177134	2.51863362737	2.16640992591	6.43381529743	
7.9152629188	8.96343605524	5.80505216935	2.51904121524	5.93691887837	8.88992405377	
8.99999950105	8.80595252785	8.71496990886	2.51858501851	-0.390278826704	6.71532039469	
4.95100013524	8.95253398918	5.8400048288	7.81783457577	8.89291698149	3.62872073843	
8.82445180278	8.80420227571	7.298422452	2.51859861863	1.03994710713	6.55518782544	
3.98008683147	7.99473670384	5.83709463974	6.57521060198	7.92431830861	3.88671983179	
6.4889100452	8.77720864468	8.47472888183	2.52702920281	-0.141043236518	4.23352520084	
8.97901144658	8.51129082856	8.99997592614	2.51857202163	-0.673362174526	6.99092970588	
6.38228606897	6.54787834705	8.94580707465	2.51856153819	0.565133954552	7.54195457061	
2.25052964994	6.63077386422	6.95190325815	2.86235788406	2.51844876733	2.94291728473	
2.70604743278	6.92330686227	6.24737426518	8.83599698598	8.99999972603	2.90928493318	
6.87760724423	8.87371737449	5.80544085625	2.52286453174	5.86963207113	7.87126562313	
6.92259739041	6.52373043353	8.26954646365	2.51855758494	2.11926657137	8.98428976615	
4.9406465518	6.51919027584	8.63605906056	2.51856002171	3.54901065136	8.80313332014	
2.42332092278	6.77387805228	8.46595021904	5.0054309562	2.69697512875	2.52210461978	
-0.426226141767	6.51896297951	8.77135565014	3.87298019812	6.01276793903	4.6811216276	
-0.12057067414	6.51882656032	8.99672580605	2.69629759183	3.38980452436	3.76600286147	
8.7346844422	8.2876039452	8.99997813116	2.5185726276	-0.670345909665	6.97330744872	
-0.608857092941	6.51881368719	8.99874605946	4.74347018475	5.5347882911	3.37756074346	
3.92142485951	7.93820379175	8.73462810452	8.53590039087	5.62197081559	2.51908695483	
8.74529078365	8.98817850158	5.80569261409	2.51863310936	5.20513414858	8.96447329318	
8.48888990565	8.58517124644	5.81092176745	2.5186111285	4.56828465842	8.47948131438	
0.385284700032	6.52167546291	8.17491989718	8.19628443161	8.33988476507	2.89729682483	
6.67136471817	8.99998753791	6.65233365506	2.52788329548	1.74684520374	4.25784010135	
-0.4359557557	6.51876808502	8.99999564372	2.88808110378	8.99996799376	8.87232605066	
3.6370397248	7.6684715918	8.47054047757	5.56278068484	2.92846135806	2.5199566416	
1.14850010844	6.53661959132	7.1969040737	5.69654480834	7.62367505684	4.45108219711	
-0.32234789788	6.51900188622	8.73557503995	3.25052889265	5.63259233782	4.99145605883	
4.47971251098	8.40430769373	7.12320960963	3.28760391968	1.99499905034	2.62117691536	
2.90984886443	6.64573396694	6.39895520199	2.58318621936	5.60969341277	6.40474465024	
8.99999891147	8.27513774031	8.68891126027	2.51856541807	-0.35877261113	7.25160176008	
1.41931530162	6.5385015746	7.23491701451	2.90850744628	3.57321598915	3.49560664212	
4.99938993392	8.99999976892	7.86980360535	5.27584548262	3.21455689684	2.52307254286	
-0.401352760712	6.51901379819	8.99999994045	8.94716120968	8.99823556075	2.84587509035	
5.10825919732	8.91683914464	8.62068703089	2.96354937753	0.148590366707	2.71231543055	
