3.59513376986	7.14083892988	5.92176869928	2.65377357532	6.49525107899	6.93270840039	
4.99863071449	8.99999978356	8.99994250294	8.21469528277	5.01978990648	2.51883541422	
4.98710428348	7.61997655252	8.99622808475	2.53608157078	-0.620702784146	3.92173881855	
8.99976736956	6.8250883543	8.99999144418	2.51855752434	-0.382029799608	8.98925049291	
5.73541708794	8.27465584005	5.81170125134	2.53358530873	5.32913008216	6.7831746287	
4.96790438332	8.96467491447	5.81316110195	4.48464112721	6.20028651542	4.24720331687	
5.45715032903	8.99755990835	6.02449616157	2.70295604896	2.88436848439	3.38066637547	
0.239030825909	6.51999330407	8.36157815496	2.9860251793	3.59151608328	3.40127393855	
1.87336709621	6.51915393011	8.62198408856	2.521494273	4.99902837821	7.16889872275	
-0.166058010046	6.51938863311	8.50973613335	6.54150065791	7.84953571884	3.84749190896	
6.49650119375	8.27881953894	6.26617437464	2.52115069059	2.25336703668	4.93123973513	
6.03023790521	8.99994801864	5.80483368071	2.56093543164	6.33212929179	7.32148478524	
-0.239352422133	6.51924956413	8.99960407719	8.9495947727	8.70926388216	2.71583855809	
8.83296163696	8.99829681592	5.80574934889	2.51862072794	5.16303574499	8.99999654483	
8.9999877875	6.90882480095	8.3074207587	2.51855758561	0.243757071553	8.83895058888	
4.62521530581	8.62853361561	8.76934468219	8.88026271592	5.91810011898	2.51903113331	
6.93699554148	8.14203382513	5.81389814649	2.51923778269	6.09493875035	8.89972818822	
8.99757581549	8.62611440641	8.94724203217	2.51857569708	-0.62162447639	6.89367062566	
-0.443920957208	6.51896508085	8.99786657822	7.00245903652	7.15462821408	2.90231707382	
7.93209055346	8.51826921731	6.24131164536	2.51872323597	2.28469619676	6.13627329994	
4.99560150668	8.99698132401	8.84255090874	8.96189488159	5.92451225547	2.51895582304	
3.81614091258	7.83742395509	6.22485067761	7.39633090237	7.21652623022	2.73893032075	
6.51179114181	6.77310327088	6.15814108216	2.51859254598	4.89869247726	8.99209624133	
4.99881177973	8.99999976878	5.88407042324	5.89646748435	6.5946627474	3.29624505495	
2.54934492046	6.52563036066	7.59123756739	2.52531458691	5.93007270499	7.73487760326	
3.96576869285	6.51992480277	8.28710887823	2.51860863459	4.97648708112	8.90599857252	
8.4319648724	8.99920558795	6.91052121916	2.51871723203	1.44840979555	5.98814042495	
8.34824526795	8.67067445213	8.99925763604	2.51864800188	-0.673936498506	6.19941130934	
8.99991169082	6.94337534901	8.99932089785	2.51855761479	-0.472222954822	8.78024402742	
4.88634788181	8.67824585573	8.64639524593	2.93321111082	0.0937852205253	2.73023873925	
-0.317386946474	6.51912503852	8.99997576881	7.97354914612	7.86253923155	2.76762122725	
4.83785999147	8.83912141085	6.34488127404	5.27952626913	4.88802859401	2.6672895374	
7.0695740436	8.99981534879	5.80477745363	2.52225995872	6.93255451527	8.99999806266	
3.22645637769	6.52100235582	8.05550954422	2.51905096205	4.03962842987	6.996708392	
-0.198837123146	6.51910747331	8.85376672409	3.10355373995	3.33201200996	3.0794477554	
7.23882233553	7.46977775382	8.99418548067	2.51862303348	-0.620399228323	6.33937515847	
2.43040218792	6.7776246859	6.57972715154	6.0886879807	5.86200287125	2.72098690161	
7.62285851034	6.74073966156	8.99956369935	2.5185596599	-0.279646792496	7.79864345306	
6.85972596103	8.33410317459	5.8102229038	2.51983432408	5.84144555824	8.37262428219	
4.96112557594	8.96262216121	6.61950606108	7.73989267759	6.99751748397	2.59080164005	
4.99955982552	8.99998488969	5.80493919745	5.18141414333	8.56580057069	5.90406791942	
3.23717278834	7.05609864122	8.10399036193	2.7926508581	0.643796498821	2.85137750756	
7.21251951976	8.91470781972	5.80510682034	2.5207420264	6.61780507206	8.91514892387	
8.68735163347	8.98997596612	7.03179029095	2.51864428093	1.31819314815	6.24388218333	
3.95186835892	7.0164973305	7.12796529301	2.55438821527	1.42699947435	3.6511149381	
2.12564850803	6.62327698297	8.99996167124	3.0057737235	0.4792509926	2.69097782307	
4.87089994367	7.54630242542	8.31878029994	2.53761064706	0.0663943959068	3.88732892479	
4.79299233366	6.83015423554	6.09429996474	2.52098719706	5.64840562765	7.89972385057	
0.0976713988336	6.5200144142	8.25930124386	3.64711364353	8.9975957813	7.90260772408	
4.89775199367	8.8994235474	8.52781893614	6.29155769223	3.56969678995	2.51945383798	
7.32232853547	7.12656014353	5.93212960359	2.51857822587	4.38621843713	8.71070556406	
5.3516611544	6.58160335519	8.95203137783	2.51865714555	0.241085805918	6.15968519514	
8.25940600222	7.52321749843	8.99845734049	2.51856456119	-0.631025055527	7.30022358535	
8.46583106488	6.68606169862	6.72413286887	2.51855760805	2.29645786266	8.99696984715	
-0.568780607954	6.51884689907	8.99997728814	8.08992598329	8.63483108304	3.17242223866	
5.27498359836	8.53298235975	6.07526684473	2.60443044523	2.67381591023	3.60182090606	
2.55196805398	6.83537906191	7.52466778021	4.80433728155	3.38495330369	2.5370401521	
3.98237007217	6.85867778142	6.75772168971	2.53667369554	1.94675668001	4.00666432235	
6.38650727142	7.91524861047	5.87796853854	2.51996834573	3.37415758787	5.9185837993	
3.45277680235	7.42873047689	5.86263570305	3.28791733873	5.55700260528	4.87093465274	
6.10730228909	7.5656415996	7.49009927218	2.51969483642	0.883667451159	5.1108999342	
6.34163003824	6.66837639476	6.41536498803	2.51858427938	3.2294327781	7.51463448752	
8.75132673394	8.99900278223	5.80560024859	2.51863395549	5.23328642021	8.98774402286	
-0.145070285097	6.51943307399	8.55608450686	8.2030069978	8.85052979218	3.2542713	
7.46825179193	8.2975821466	5.81767909105	2.51884580417	4.30359332651	7.48826361652	
-0.263157962187	6.51920474231	8.58853684905	4.72649032463	8.43408881409	6.22893999186	
3.2893623934	7.30859259879	6.09060034098	3.42486247224	3.63004360643	2.99171862744	
4.52823928469	8.07035694351	6.05186804429	2.69816196126	2.83927069191	3.36602647382	
4.99938506192	8.99999905263	5.8049956913	5.27822114109	8.54347553566	5.78480345641	
-0.129217657859	6.51913767888	8.64465515302	2.988783842	4.49506732763	4.21775065969	
4.98924419148	8.9895830583	8.95646441466	5.1291238604	1.97776069785	2.51992974308	
1.74126884667	6.56070650763	6.87773951147	2.92892899864	3.931523861	3.77606407054	
4.08624120929	8.09777098076	6.05357438325	8.80253786397	8.93777487514	2.89244898076	
-0.364395337074	6.51906009924	8.69102124522	6.81886202177	8.83609723308	4.53996837806	
-0.0493179010213	6.51963615591	8.40254998673	4.12827190124	5.46840317188	3.88889455826	
4.63297890076	8.57423148287	5.8071639333	3.39121660875	8.59705718136	7.78691928161	
8.05071648509	8.78136179637	6.0732221372	2.51878977315	2.58861268966	6.12756710012	
3.97337759508	7.9882899155	8.56826430345	8.95876824929	6.20957949223	2.5193305838	
4.98368250245	8.98485030994	8.60304579645	5.75303608296	2.95549295567	2.51950221954	
2.63479513812	6.83008807073	6.11909559407	3.22379834467	4.45007689115	3.8652485653	
7.63752845184	8.96307375122	6.04649024069	2.51947420734	2.64776961024	5.56440770195	
8.99999929867	8.29056048463	8.59932501875	2.51856571394	-0.269324527597	7.23604094909	
4.58135182169	8.2154395079	5.81214013487	2.75664812343	8.8600498913	8.99662157434	
5.42092507125	8.41197931275	8.42919292612	2.56273687062	-0.056503366728	3.53406580508	
0.860403032859	6.52792970125	8.86538244692	6.67711289594	5.30055268209	2.53646292293	
2.73932691623	6.94230353507	8.99913762389	4.78145535799	1.7915058524	2.52137885712	
5.04831941787	8.99999322039	5.80476130783	3.48462998243	8.99999678938	8.08362167004	
8.57590650169	6.81363815854	8.86428129696	2.51855774716	-0.234638579868	8.58852067063	
-0.383481822168	6.51903564038	8.99915913068	6.41269690208	6.42850834214	2.82762046591	
4.9989343664	8.99999875809	8.99999821662	5.67140521102	2.47644408888	2.51914005928	
4.8732309196	8.8492940246	8.51859799787	3.75586706311	1.0434672294	2.54530241692	
4.83659018174	8.42326615525	5.8087664921	2.72709764464	8.77979710799	8.98995733981	
4.35956494059	7.53223027771	8.75644159801	2.58125163384	-0.327071943863	3.39062004096	
0.939595277999	6.51877387889	8.99788476902	2.52939107003	4.32469584182	5.92917829601	
4.97692294074	8.97794518653	7.35108040023	5.53061419975	3.9968939188	2.53150523134	
8.70924304592	6.91387043092	8.36592938107	2.51855779234	0.181511798854	8.5394233602	
4.05127440812	8.06376212533	5.91501669623	8.38990001487	8.98093078346	3.20872710542	
5.17139181148	8.9991929771	5.80476314903	3.00076252977	8.92770174807	8.61906855951	
6.92272869527	7.04957095634	8.42269668942	2.51859842138	0.0521417146077	6.54456507889	
3.24856361253	7.32263724891	8.59450699783	6.76041465648	4.04423022846	2.51941629121	
