3.5273048306	7.5678396334	8.93607091408	7.47394112761	4.38215125893	2.5189136004	
4.77708583614	8.77940278651	5.83386284871	7.39988621582	8.57403832083	3.72086536116	
-0.338451557697	6.51909503178	8.66257950289	6.56782766634	8.99957304055	4.95194564541	
4.99863025982	8.99999997549	6.03726063481	8.80144952645	8.95138536931	2.90099411803	
0.607554617699	6.52377114852	7.72122031683	4.96274486054	8.9080669978	6.46549328108	
1.36626701088	6.53535460967	7.22258503477	2.87728429144	8.98517015884	8.8765506611	
4.28891451014	7.27784610654	5.88700513565	2.55501973396	5.38606588484	6.44428704767	
6.95334609004	8.99977618083	8.83958474248	2.52340203952	-0.51102098124	4.47389898873	
3.26216741546	7.16465910672	8.993064906	2.9371259502	-0.141073300383	2.72754132203	
7.72267205716	8.99195561701	6.16949854607	2.51936288912	2.40015426653	5.49617372141	
0.228792592412	6.52071470295	8.50309934278	8.80501748653	8.61263648372	2.73396358717	
8.79426015951	8.99322935208	5.87943246221	2.51862582741	3.24552143799	7.12252623792	
8.1917173453	8.62359232892	6.47432711715	2.51867388423	1.95621953421	6.19516514124	
8.99626079449	8.77297158414	5.81022377923	2.51858320519	4.50329827886	8.73339542113	
3.45901103748	7.49074597539	5.86286981267	3.93056854415	5.538042769	4.1537764573	
2.12706391729	6.54580208492	8.96838799746	2.59420974289	0.649089125773	3.31969657053	
5.00281988881	8.99998865605	5.80488833702	4.53506577897	8.06442461568	6.05224576452	
8.96562854499	8.92818897742	5.80687437134	2.51859706872	4.88692252625	8.92780675429	
8.49852255202	6.74921510335	8.7163747666	2.51855769596	-0.00824400838085	8.65404786844	
2.92137517519	6.51885178724	8.93147099098	2.51869981969	3.46666933499	6.99713125586	
4.99706084955	8.99843583199	6.12086031888	8.97999572752	8.95037049817	2.805027465	
8.24386514556	7.75514090073	8.99999907713	2.51857065549	-0.651866338439	7.03345368584	
4.27430790955	7.21043725789	5.90217140954	2.54950867141	5.97543354257	7.10713428987	
8.90827568218	8.99862537626	5.80961780534	2.51861068098	4.46793052344	8.38375531151	
5.68392699327	6.83310688933	6.09221539221	2.51887311625	5.14169151582	8.28102125283	
4.57348973981	6.56795395551	6.78420803252	2.5190192651	4.04059233577	7.02648424512	
8.97120839234	6.93979814512	6.76827646202	2.5185576275	1.84387134711	8.84016778637	
4.57552374751	6.96680499391	6.00376264303	2.52549724371	4.19521918946	5.99737069965	
4.95356697117	8.95509298589	6.94258594228	8.38291207132	7.27808498248	2.55140019656	
5.09863846105	6.96268102114	5.99691540728	2.52059614238	6.48449196551	8.81193602744	
2.78029122791	6.53053094818	8.66676512194	2.52529110335	1.24736489066	4.35376654668	
-0.118430269323	6.51949254793	8.51261487583	8.25144678208	8.99999578005	3.33840841441	
2.3661965057	6.74998885904	7.37146043941	8.99702167207	7.84212807312	2.54794184471	
8.82779085014	8.99087603539	5.80683558677	2.51862039692	4.84466750596	8.6849648684	
1.82684412902	6.55370919191	8.46300705922	2.75166052657	1.21287773687	2.91252656439	
1.63720183668	6.51918113285	8.99739577342	2.52383848498	2.35378184349	4.66052719058	
0.62995871524	6.52406878188	8.27021236996	8.86880394052	8.43127112058	2.65373684111	
8.8905492405	8.03840043629	6.8758097027	2.51856329678	1.49905338326	7.42361595111	
-0.219289106437	6.51928187763	8.54397358577	4.87624661874	8.50321481235	6.14753815316	
3.05755573623	7.16776630124	6.2605287738	8.99679641546	8.90939070744	2.77807985837	
4.8095613422	8.81171217617	8.82728611768	8.93991096174	5.91857913987	2.51897081968	
1.74227261041	6.58570575974	6.87850900558	8.84775033274	8.99965493588	2.90214781717	
4.3008686432	6.51882449033	8.93534545413	2.51856287006	3.94355468814	8.85754878027	
7.75181765128	7.08248540813	7.60708621205	2.51856413862	0.862697166224	7.33571884048	
3.00205589704	7.12115538469	6.05319930773	4.41305596726	4.88938447564	3.125595686	
0.819552617413	6.5227156933	7.81752185906	2.80987947216	7.49860836465	7.51825503342	
4.92207675831	8.92275298663	8.74830155802	5.16839836053	2.22563194589	2.52002627292	
0.509303232917	6.52098778811	8.04512911747	2.90447773587	7.96110665537	7.80524083957	
0.562013218985	6.52326466037	8.84854292986	6.25916456357	5.21271109363	2.55600537646	
8.9999943955	8.81382412043	5.81862753984	2.51858552439	4.03262296324	8.23400261155	
7.7886033606	8.75722796461	7.65077938911	2.51895931561	0.680269297659	5.55863212499	
7.57853354556	6.5760074164	8.20558102724	2.51855791297	1.03683359265	8.44155019379	
-0.0214139700991	6.51974213045	8.94357358414	5.88658454177	5.41376017208	2.6447604717	
2.92192208482	6.7337812291	8.99719362688	2.6455201015	-0.139668741444	3.11531299706	
0.218561865406	6.52066307882	8.2543016608	8.5491171246	8.93774175261	3.05599243313	
3.58813782839	7.62358034871	7.0320416708	8.87859631	7.7141533311	2.54732352939	
3.53988203493	7.57930813495	7.8496552055	7.40457063363	5.40203351689	2.52285934655	
0.35324626557	6.52007376694	8.24272080036	2.85012078445	8.99799350291	8.93893337532	
4.77637166592	8.77600012046	8.68075575125	4.72424118643	1.84979644144	2.52184990956	
1.43341429272	6.55279825219	7.276940053	8.94949234325	8.84901871539	2.77224982348	
6.58136201467	6.71094864138	6.3147420075	2.51857833293	3.30849199328	7.69023639835	
3.99355610117	8.00736919161	5.81779539571	5.50831229832	8.97752500704	5.98836237178	
7.28974347317	7.39743239422	5.93805746909	2.51860568117	3.25490159776	7.28183182218	
4.61580390949	8.61919610451	8.93692744221	8.98251004403	5.85268692066	2.51887948166	
1.40329820385	6.54123591293	8.36943689953	3.04299458639	1.79287500166	2.69654696356	
0.993882569629	6.52586286336	7.57726327016	2.88806616226	8.95446342451	8.82684759639	
-0.129003132864	6.51946764097	8.85777949203	5.56971549669	5.38104285023	2.73580342982	
4.64712183372	8.65027009799	7.2702183278	7.51052939678	6.06204817961	2.53375620421	
1.64449173907	6.53399235342	7.87219474977	2.65636288945	2.16378455777	3.20528316152	
-0.575327830118	6.51884131433	8.99534120864	5.62202212458	6.22144022246	3.21575751984	
2.53734919426	6.655029928	6.37244435704	2.70817724376	6.31506107643	6.57681481335	
5.7601163728	6.51928367854	8.87793434079	2.51855783147	2.45298713793	8.76836370362	
6.91310450863	8.94767744861	8.99807440652	2.5232688481	-0.669582978914	4.48581699731	
1.54467136702	6.51947052559	8.49218511702	2.52788263922	3.52980374085	5.23447441824	
3.24241206001	7.31747795603	6.33621690988	8.90251216327	8.63085639728	2.7046626056	
8.65560719989	8.92523062898	6.33020575718	2.51863787635	2.14738360944	6.40449541901	
8.78300619655	6.86706656147	6.5470910131	2.51855766736	2.20489161757	8.86453195567	
8.28929533811	8.30707961424	5.81184962162	2.51860189145	5.00936111993	8.99999193168	
-0.299574548852	6.51915151405	8.6288201775	7.10607949944	8.91490085144	4.33408282443	
4.99846217513	8.99963863049	8.97360767869	5.86710602586	2.69855400361	2.51904655875	
2.66088414126	6.89648965939	7.74835014632	8.99989001287	7.29910010596	2.5271220789	
1.20206604926	6.53706397977	8.22388634068	3.54311624714	2.54202386543	2.60296338631	
3.78854942387	7.57758373029	5.93728079849	2.87670082115	3.49199881066	3.47871183929	
4.51980674078	8.52404625258	5.8298216791	7.55107693998	8.83159941912	3.82127200424	
2.32779642243	6.51903334818	8.70787021004	2.51939884194	6.28621295251	8.99861475411	
0.491342513676	6.522551975	8.05111960202	8.81045155842	8.99998958281	2.92461552334	
6.78632618545	8.78149702239	5.80647992558	2.52285065043	5.26883671925	7.27246251529	
4.39820997754	8.40383654738	7.9309679192	8.99691877517	6.87825972495	2.52184965698	
0.599786518096	6.52238250804	7.85303221281	3.11435762948	8.92284313567	8.4540890869	
4.63125740355	7.98413300748	5.81844975733	2.62517238578	8.43467387529	8.99024300068	
8.99999968486	7.60843590276	7.613870409	2.51855899656	0.752211008642	7.95425356106	
3.67839358316	6.72994655905	6.23334970466	2.53783225445	3.96313367199	5.32226550346	
8.99999800343	7.29501408847	8.22290620144	2.5185580903	0.18047350326	8.30497288718	
3.6611205567	6.51911493062	8.9489647031	2.51860228295	2.51651079265	6.80404619938	
-0.675338678977	6.51876810209	8.99999840761	4.76437882737	8.94349973795	6.70017989499	
0.275291661326	6.52063996924	8.11012906942	3.39858272807	8.85181901763	8.03318440891	
3.75902487592	7.4520461088	8.99971866173	2.76711678111	-0.375155268506	2.87959273706	
4.98336995187	8.98477794415	5.85889919328	7.03429014626	7.91164940746	3.45001781999	
5.42663103442	8.70300458486	5.80617427752	2.60886999101	8.36388603781	8.99998413172	
5.24899136175	6.75857903117	8.36462795569	2.51915412799	0.332610719603	5.38366423575	
