3.37601076375	6.8333853579	6.09094932213	2.58804538477	6.7571021243	7.51779882468	
4.50501955415	8.49451579975	6.50849121226	3.98624878079	3.38221113657	2.63012468028	
-0.0257877197727	6.51947984343	8.96423594315	3.21241142581	2.85231163511	2.77403594695	
7.98718095998	8.93878585283	8.62318754045	2.51894462802	-0.298604697971	5.56920067945	
0.484776455228	6.52249105396	8.92806214461	6.67156194296	5.62172615542	2.55567911649	
5.00198173021	8.99999707693	8.99946482189	4.63237638355	1.43794900236	2.52218945114	
8.93298781836	8.70793011419	7.43182981213	2.5185830798	0.903300670708	6.75677246501	
8.99999446934	6.96062106653	8.42422228499	2.51855763017	0.0939953628999	8.75420077824	
3.69525155842	7.72311840578	5.88300706882	6.35973846917	7.25803635571	3.46860546577	
8.96362040114	8.26501987285	8.99966665638	2.51856591564	-0.66963918021	7.22522944664	
8.04167781651	6.86023581834	6.16147086999	2.5185589341	3.13363146014	8.67315275131	
1.61188306849	6.569245961	6.7700235047	6.98709725679	8.65383021179	4.19456092489	
0.570307446685	6.52335671045	7.76926763176	6.66742351535	8.19166749346	4.05562970392	
4.88514672186	7.21334953573	5.90132348962	2.52600169843	6.42512696784	8.18741330263	
3.66373334337	7.69369436716	6.06129599144	8.78524651474	8.94625535059	2.90751116127	
4.78427391833	8.78655726051	6.0484324712	8.8744061944	8.99999650645	2.88690679892	
2.9780813443	6.82938249154	8.96021825086	2.71445883529	-0.150454278653	2.95917134722	
4.97910840206	8.97967564171	6.03027518118	5.21646103474	5.38361361728	2.91202788189	
4.55501203666	8.55874673282	5.80785062847	5.90987358537	8.80742100497	5.41683070973	
7.24628885419	7.01313424288	6.75326490363	2.51857463333	1.81456906858	6.99758130835	
0.410490669175	6.52069770231	8.5013677369	2.97831395745	2.79426916185	2.92228326597	
0.550237601474	6.52239508195	7.89263172545	3.31250918955	4.31690097288	3.64003338609	
7.67340712679	7.62571812928	8.97203983841	2.51859324255	-0.614475996973	6.60182694889	
0.687212113028	6.52357789903	7.84994120338	3.21511803042	3.74353763229	3.25716237701	
4.81433690769	8.80969778188	6.49358651412	4.32719940286	3.73885152484	2.62504511975	
4.37619610646	8.3821158624	6.03751928718	8.19807440153	8.35843730639	2.90712979393	
5.20802928215	6.95916933887	8.96022364972	2.52012140104	-0.440774726119	4.96335482341	
6.02588178869	8.99989386889	8.94985967458	2.56137877621	-0.583409524641	3.54622665128	
5.41946330309	8.87625782143	5.80523858591	2.66429336322	7.66396087766	8.06327893982	
-0.375322323622	6.51876808352	8.99999793411	2.81810523092	8.98699252977	8.98996218362	
5.09280696138	8.58397902982	5.80707623365	2.6779783913	8.64667064848	8.99976377331	
6.0218696496	8.76891266538	5.80582820566	2.54337709382	6.42542647346	7.6560019272	
6.28167283498	8.57986917605	8.8378244922	2.5271985449	-0.503109583533	4.22448738053	
0.31898383866	6.52120077669	8.19602169225	4.54973206137	4.82067483708	2.97991488771	
4.77277553835	8.77512153243	5.96422955896	8.57051493087	8.9266347477	3.03317073964	
2.40287394783	6.52103522078	8.71488018818	2.52189957815	1.94633175225	4.73631844748	
0.52347169243	6.52286216869	8.067560835	8.85165582512	8.92745908792	2.85914097878	
2.75143129359	6.51929304866	8.64545006766	2.51902672243	3.06976107053	6.14349001988	
-0.260687198454	6.51921028434	8.76892550889	4.9011170784	5.1793197089	2.98239801437	
7.96668715013	7.32816004125	6.1708578132	2.51856581212	2.53194891039	7.53793537782	
8.99995967182	7.26556302307	7.57793874663	2.51855803408	0.838598200392	8.34754291948	
6.33335736623	8.99937340335	5.80494389738	2.53910015439	5.9170632012	7.23205826496	
1.76677866101	6.58928096039	6.6275566008	5.9414795082	8.40235163887	4.98109378973	
4.99850651583	8.99978016863	8.99527958258	6.16953194644	2.97929321124	2.51893455261	
4.16211900045	8.15200969605	8.97447691852	3.85975567414	0.69912115933	2.53911906595	
6.59278473786	8.12899646304	5.81416671989	2.52001622087	6.37084987919	8.84395601072	
5.49776381735	6.69608401669	6.28793467351	2.5187876004	4.13116067997	7.41715491093	
3.43796167303	7.41838164291	8.7712495812	3.3028386071	0.393899852131	2.59705821419	
8.999815655	7.50720562991	8.99765820785	2.51855863065	-0.628435771807	8.05844118825	
3.03123534269	6.92801244327	7.29174360096	2.8037620784	1.55337924455	2.85975102424	
5.48832845198	7.70324468326	6.76715697653	2.52526804633	1.64447377674	4.38661383343	
6.61475914411	7.96465054529	5.81922614077	2.5194957544	6.31016231172	8.97516865462	
0.407827287209	6.52068361162	8.11144460671	2.97807567615	4.6095110572	4.34519102079	
1.98486862249	6.62996432677	7.55574249514	8.81564934719	7.74371680902	2.55388161036	
1.45433535509	6.51911979195	8.98227118125	2.52590441537	2.45346854033	4.56021822932	
6.1341163952	6.9322503596	8.99965304708	2.51872504611	-0.465539030077	5.93242236385	
5.22621121196	7.85610474228	5.88189174069	2.53659999723	3.38056703446	4.81113260528	
7.70465072571	7.06401741558	6.04941037577	2.5185644818	3.10277309331	7.98941965476	
1.55812842283	6.56363397966	7.32249737127	7.31565673343	6.96100420126	2.67750663996	
6.92379290265	7.58609181783	8.30077026001	2.51873992594	0.0616644435873	5.89656322027	
8.96470806399	8.48889510436	5.81666222743	2.51857174087	4.21432704732	8.70339785132	
4.86853256891	6.62908069241	6.45190466554	2.51912034611	5.57081164786	8.45821520115	
1.11818807486	6.51881940824	8.92604363991	2.52687407935	6.59158993465	8.3052955186	
1.43697366885	6.51879239573	8.96341365525	2.52220022091	6.54713400495	8.62169606818	
8.97594392675	8.7744007631	6.09021333998	2.51858453363	2.55235502688	7.04069435431	
2.93408091718	7.07340987753	5.96206999445	4.76516837774	6.16704297862	3.9397829925	
6.67755275013	7.45356634758	5.86504735505	2.51878665546	4.24328700051	7.52870146028	
2.22043873678	6.69555384723	8.78565003602	7.40257913187	4.89679297051	2.51991612189	
1.46377757016	6.55516654681	6.89531304057	5.92137135649	8.99998993922	5.59771000447	
8.82867787258	8.774187221	5.80792718574	2.5185954769	4.81572114604	8.8747108643	
2.67679703619	6.90580911819	8.57402189685	8.99984127083	6.45947126932	2.51980717097	
-0.601677741225	6.51881883519	8.92679946482	4.6982583609	8.83083570056	6.65404758592	
8.91234010288	8.35285860442	5.81750989407	2.51856917608	4.26153692618	8.83512650045	
-0.149422786381	6.51928283465	8.54339926529	3.33869643979	7.24483646	6.49600102229	
-0.245367637198	6.5192134759	8.58317239685	3.98215928921	8.99338304472	7.54498239714	
2.88304750762	6.65516304994	6.37206309146	2.59416555829	6.29620146392	7.01715081209	
8.23803024754	6.69131468278	6.95167643703	2.51855778148	1.95987846423	8.65488004289	
4.27555230439	8.28302014946	6.31180252406	8.461647238	8.12535564746	2.68321044628	
4.63600275605	8.63918780804	8.91555367915	6.44771950739	3.33913010773	2.51894658535	
1.76874578367	6.56574542844	7.31734178723	2.96968242815	2.5954673524	2.86129442441	
5.57108308586	8.972743658	6.26751455733	2.6442512174	2.36509556727	3.30186569283	
5.19436513331	6.93383928705	8.84137658133	2.52002778911	-0.3067578961	4.99028409994	
6.42544521916	7.8485434394	5.84235170641	2.51965560989	3.8876075942	6.50237282822	
6.93618976006	8.9167913322	5.80511641938	2.52271446023	6.43866893239	8.45563667723	
8.74016057651	7.97423775488	5.8302704187	2.5185645592	4.09117272957	8.88396876847	
5.00038533735	8.99995772491	8.42614180564	4.90252400351	2.28218203182	2.52139480387	
3.39430009673	7.26443821244	8.32912150512	2.92586291144	0.487565098586	2.73585293442	
3.70721688339	7.73440406078	6.12758748589	8.0954516644	8.10353094656	2.82364694843	
7.87573383277	6.85113690705	8.70441232763	2.51855957305	-0.109946791647	7.81567024622	
6.45437312126	6.52145594362	8.99866140159	2.51855772185	1.53335586732	8.66154408688	
2.11716939132	6.61607642565	7.7504036706	2.95611941062	1.73041078976	2.74095537312	
4.94010194062	7.40393967787	8.99152293705	2.52969188604	-0.59761092146	4.11554974998	
1.95172485123	6.52006821618	8.52332321865	2.52442148827	2.56949238181	4.71521810554	
3.38552096474	7.43945799242	8.9983689203	4.98253741239	1.84330528783	2.52036712584	
-0.317458595063	6.51877013092	8.997317657	2.7698786527	5.68619860066	5.7925762367	
4.07632044724	7.82148536865	8.59442597563	2.84508929618	0.0769011067533	2.79624022266	
3.98086726613	7.37571015067	7.07362743918	2.62300842017	1.44561197587	3.21655546809	
3.61074062184	7.63959436489	5.96427025324	4.43867777699	4.90850030618	3.12040639712	
4.1622963944	8.16903323769	7.01931272938	4.67807683434	3.49980190428	2.54946831387	
0.371048713651	6.51906251553	8.6850261606	2.60721989793	8.35451672322	8.99947654182	
