8.99988456208	7.14116369089	9.0	2.41939304175	-0.705282459283	8.2037959441	
9.0	6.94955312054	8.83523735992	2.42853593435	-0.232253284055	9.0	
9.0	6.68505797725	8.38541114005	2.27049909003	-0.248198516601	9.0	
9.0	6.93784707661	9.0	2.64012896804	-0.26925877818	9.0	
8.17082091437	6.47094313276	9.0	2.24732039729	-1.20225761719	8.00275546615	
9.0	6.86533456391	9.0	2.68252183243	-0.517890022545	8.87230061572	
9.0	7.09022366964	9.0	2.46688640173	-1.24616651028	8.08493886078	
8.9994301499	6.98045492913	9.0	2.54510238946	-0.159387927979	9.0	
8.99999761808	7.33649923994	9.0	2.22356038452	-1.33525739342	7.81053666706	
7.93615951806	6.1804326501	8.98951379703	2.28922719901	-0.237861327413	8.99998328716	
9.0	7.14332926281	9.0	2.40103378251	-0.2730840556	9.0	
9.0	7.09510564557	9.0	2.45785056171	-0.191160178902	9.0	
9.0	6.69563269904	8.45255088402	2.30208513798	-0.283718658794	9.0	
9.0	7.14679661058	9.0	2.41674539343	-0.168241863604	9.0	
9.0	6.39484482345	8.07571355449	2.24805582841	-0.216312588239	9.0	
8.45734236579	6.51326631164	9.0	2.51593491956	-0.250973419165	8.7637863895	
8.99635177978	7.10482804172	9.0	2.45481849997	-0.416598659231	8.9099549462	
8.00017841801	6.16341457508	8.99756056895	2.39927266551	-0.898735632015	8.24172296664	
8.99973862422	7.20350672335	9.0	2.35122980703	-0.144757715354	8.99984919806	
9.0	7.12887157035	9.0	2.42479366657	-0.382493270597	9.0	
9.0	7.17626093551	9.0	2.36850269754	-0.127958282017	9.0	
9.0	7.02932655841	9.0	2.50667064212	-0.291719476562	9.0	
7.79710424288	6.12969106645	8.99699962902	2.21603048477	-0.137246170768	9.0	
9.0	7.07077773341	8.99999999927	2.51164853644	-0.166923580449	8.9585538059	
9.0	6.81892153	8.99962701468	2.72712520908	-0.325161700046	9.0	
8.51623543489	6.31140208967	8.56324133203	2.33262084465	-0.0497529949267	8.97361853016	
8.97774973337	7.32276109363	8.9998742037	2.20853992608	-1.23145464881	7.91695056227	
8.21733579173	6.39799639109	8.99994380998	2.37431799493	-0.383258495847	9.0	
8.37079087326	6.4316886635	8.80821717786	2.3151423157	-0.796036661311	8.28134865659	
9.0	6.87352380901	8.63630559958	2.32182662605	-0.232462961597	9.0	
9.0	6.47724828516	8.17741443457	2.25314471431	-0.174348234475	9.0	
8.27572953547	6.53876938649	9.0	2.29632526993	-1.26610993892	7.95841557715	
8.38828166359	6.4996203017	9.0	2.45294048343	-0.297504565909	8.63280974515	
9.0	7.06585251321	9.0	2.48372227762	-1.02376535767	8.25888557457	
8.70742951965	6.75709712225	9.0	2.49224046914	-0.364983922506	8.82129046791	
9.0	7.01688492432	9.0	2.54763344288	-0.799438068275	8.32186668239	
8.06044464873	6.3231643221	9.0	2.27958148382	-0.325314565881	8.80525764106	
9.0	7.10700673202	9.0	2.43004914967	-0.147632378806	8.99587885818	
8.31246479616	6.57989810983	9.0	2.29246144016	-1.27086507294	8.01052602086	
8.99996307081	7.14525298621	8.97178232826	2.38520380365	-0.0147706862074	8.99638205975	
8.99766209574	6.92541900497	8.98882723161	2.62131896189	-0.27690918989	9.0	
8.07673773343	6.42416487919	9.0	2.21481832187	-0.64912005783	8.4838331654	
8.07640653922	6.08738577989	8.77153111376	2.33305603659	-0.155793564803	8.93433911591	
9.0	6.55892454996	8.47158529031	2.45994362818	-0.310709669623	9.0	
8.95214043155	6.34307669384	8.1153242016	2.28267884776	-0.00741445918189	8.99194205308	
9.0	6.78575002982	8.76469894698	2.55152539079	-0.360843209578	9.0	
8.31553553169	6.36168349906	8.99998791529	2.50195292803	-0.271767259652	8.98655883454	
7.86810373264	6.13541901161	9.0	2.28140128635	-0.300570914978	8.99944724742	
7.99718942635	6.06236111746	8.84970291036	2.33725344716	-0.235216312647	8.95321164491	
9.0	7.33719676289	8.99976497492	2.21897283242	-1.2923667087	7.79252548671	
7.99163219884	6.16523661493	9.0	2.40459316076	-0.211782913091	8.89892018329	
8.00572421881	6.11291920318	8.99977026592	2.43422839311	-0.154289728212	8.99368740209	
9.0	7.07251927443	9.0	2.50809926765	-0.00355453490281	9.0	
8.12174974405	6.26424676118	8.99873524667	2.40230140239	-0.242555383609	9.0	
8.99194487586	7.04086854819	8.76597498137	2.28019804108	-0.97402335539	8.23685494332	
8.99884885947	7.27991998858	9.0	2.27910403208	-1.45006306106	7.70273638925	
9.0	6.89104235995	8.87806130498	2.56021525646	-0.0867068127628	8.94273251648	
9.0	7.10594001591	8.92318236854	2.35870049322	-1.11602996384	7.97549390241	
9.0	6.59505469279	8.26337280078	2.23507113601	-0.233559086568	8.8948881717	
9.0	7.02968470258	8.99862395214	2.53551740308	-0.816950969426	8.29669287449	
8.83591430105	7.14344084989	8.99943201519	2.24603282828	-1.45761740388	7.71388152523	
9.0	6.44092273718	8.12891903201	2.23251698906	-0.169670795683	9.0	
9.0	6.75125860674	8.4470549388	2.24197421773	-0.215970470015	8.92879966464	
9.0	7.30711453112	9.0	2.24549660927	-1.49392562914	7.73746870009	
9.0	6.64871746934	8.34855829075	2.25530845774	-0.17523425061	8.96317446134	
8.06170557381	6.19076431365	9.0	2.42514633191	-0.136740943089	8.94617815709	
9.0	7.209253819	9.0	2.3422816069	-1.04854371095	8.03484587022	
9.0	6.98877744446	8.9966845986	2.54386835782	-0.0853799129878	9.0	
9.0	7.18703387977	9.0	2.37595350467	-0.0359664462662	9.0	
9.0	6.89861410449	9.0	2.65478891381	-0.138687776516	8.99290546153	
9.0	7.12798193174	9.0	2.4505801631	-0.187702947954	9.0	
8.99993681613	6.76169983261	8.5658986133	2.3637639732	0.0966220683682	8.99866619109	
9.0	6.94472494261	8.99958528609	2.62127384394	-0.0766695705159	8.88456422424	
9.0	6.86058589108	8.99798944604	2.70314897389	-0.223900153187	8.77575931685	
8.95445908055	7.13902319398	9.0	2.37065709919	-1.26606412249	7.81174559281	
8.61788442174	6.33040111398	8.36921180067	2.22359912431	-0.1582910989	8.99877642576	
8.99394306009	6.39375476042	8.1948868458	2.34731885308	-0.42789882185	8.91721902645	
8.98579766828	6.99381239252	8.84739021648	2.38687152371	0.0463159929652	9.0	
9.0	7.0375644972	9.0	2.50808503407	-0.0643248599524	8.99977482473	
8.22848992884	6.22103188179	8.89140346373	2.4609749643	-0.43429920341	8.7498150532	
8.00401524135	6.3192886517	8.99999969167	2.2491502391	-0.982397726413	8.28795573273	
8.76676861514	7.04436940366	9.0	2.27661791483	-0.737771782478	8.51310240675	
9.0	6.48257403511	8.16178787108	2.2263528109	-0.195723932367	8.98538394254	
9.0	7.17706575174	9.0	2.38261092851	-0.751697293196	8.64516516416	
8.98677391784	7.293080879	8.98766873847	2.24556380877	-0.932580596556	8.20313668456	
8.00949223092	6.08927134632	9.0	2.46125696826	-0.195511893343	9.0	
9.0	7.11629021219	8.98486991426	2.43502826865	-0.35645340345	8.59132334229	
9.0	7.01025629906	9.0	2.57587171944	-0.112355362025	8.99874905549	
8.92791018698	7.10565602643	9.0	2.38414047556	-0.403623488827	8.868389118	
8.9999564069	6.85961673935	9.0	2.69606309723	-0.405374051375	9.0	
9.0	6.86447631701	9.0	2.70584965417	0.0327789434171	9.0	
8.45052037434	6.23894599481	8.56938266004	2.33777739778	-0.0640816687764	8.99797774913	
9.0	6.57124832891	8.30781905972	2.29097408453	-0.443278206576	8.64200155302	
8.78765549971	6.28755346045	8.21604182039	2.27496468395	-0.171904340609	8.91940741311	
8.92733735771	6.92743288323	9.0	2.55828255928	-0.084059422785	8.99742932065	
8.83079436831	6.24083274146	8.08775426625	2.2337964445	-0.135162296937	9.0	
8.99936891025	7.07586167472	8.7698736529	2.25370940255	-1.22408761149	7.94980568992	
8.62890519962	6.71285458482	8.91042657232	2.40548472753	-0.292805593973	9.0	
8.13860364353	6.46628302956	9.0	2.22818682644	-0.127373060475	9.0	
8.99572395511	6.89686106832	9.0	2.63252990443	-0.359428139513	8.78811308126	
