9.0	7.13560237597	9.0	2.42910546382	-6.0	8.62594702129	
9.0	6.35629313229	8.04525890256	2.25554561252	-5.00570260514	9.0	
8.24371443492	6.47073163224	9.0	2.32787676413	2.70880337456	9.0	
9.0	7.02852743524	8.99675649262	2.52767978124	1.17916119277	9.0	
9.0	7.14437442451	8.9993662941	2.39834588024	3.36941317098	9.0	
9.0	7.01034740002	9.0	2.54138039916	2.00164739817	9.0	
8.98803728802	7.10518723317	9.0	2.42889723742	-5.9456781382	8.9998168861	
9.0	7.15620258429	8.99446428828	2.39414923585	-4.87977144607	8.17014884314	
7.8932584935	6.22145176467	9.0	2.23548691373	-0.583197955292	9.0	
9.0	7.32779928718	9.0	2.22443701688	3.08557720524	9.0	
8.56353684078	6.47546331126	8.60280696484	2.26151657859	-6.0	8.99841295427	
9.0	6.75314730815	8.9537025523	2.74481280855	-6.0	9.0	
7.8140734386	6.15565428928	9.0	2.21920012919	-6.0	9.0	
8.90142933454	7.00190375675	8.99987817113	2.44958473929	-5.41393340873	8.91356070389	
9.0	7.10729295438	8.9948591584	2.43093790343	1.13982418932	8.51593100305	
8.40305044363	6.5912022112	8.97432673619	2.36492615924	-6.0	8.94111857971	
9.0	6.82987170504	9.0	2.72149699042	-4.9306551601	9.0	
9.0	6.90275943083	9.0	2.64719302779	2.61734886778	9.0	
7.88128592153	6.05339567674	9.0	2.37735438593	0.697978889135	8.89179208609	
7.94690775803	6.09041685502	9.0	2.4028864458	-0.218694436981	9.0	
9.0	7.15129934555	9.0	2.39751809799	-6.0	9.0	
8.14827585184	6.4450235644	9.0	2.26405684495	-0.860077054566	7.94605865637	
8.97221629191	6.91948357118	9.0	2.60833602345	-6.0	9.0	
8.62811992851	6.63885032824	9.0	2.55399141372	-6.0	9.0	
9.0	6.95935597642	9.0	2.58848269209	-2.93053036258	9.0	
8.94516513033	7.1723734545	9.0	2.33494408482	2.4337981383	9.0	
9.0	6.93536002299	9.0	2.61326725143	-3.67662877543	9.0	
9.0	7.02824900224	9.0	2.54976629301	-1.70005855454	9.0	
8.99492362613	7.18799726571	8.87856351799	2.2389920922	2.02006864587	8.56054292635	
8.45263802579	6.60899380824	8.98603166603	2.3714458024	-2.79084891713	8.99883657182	
8.18597612448	6.41372880625	8.93644119453	2.25990698909	2.8866416311	9.0	
9.0	6.84380593967	9.0	2.71096229528	-5.26240927889	8.91828253985	
9.0	7.07184751877	9.0	2.51032945809	-6.0	9.0	
8.95989162258	7.27155769865	9.0	2.25419879692	-5.79192533837	7.98187021096	
8.34714716922	6.45796428261	9.0	2.44053913521	3.29381250274	9.0	
8.90573750632	6.85536880559	8.99992593932	2.58745409099	-5.85760875114	8.99971726019	
9.0	7.03477174551	9.0	2.5187841163	-0.956247094733	9.0	
8.41553704158	6.66315721476	9.0	2.32906952808	-1.59477762579	9.0	
8.08805880713	6.01509486863	8.69081942733	2.32181937616	-5.9870621348	9.0	
9.0	7.08261606757	9.0	2.45846013425	-6.0	9.0	
9.0	6.90258547958	8.64397387906	2.31555013045	-4.27900837281	9.0	
9.0	6.71144472459	8.59790531995	2.42156305867	-1.62703042669	9.0	
8.99902904933	7.34761595751	9.0	2.21312989068	-6.0	7.93060473004	
8.86189908921	7.0311946886	9.0	2.40315894201	-2.16567097567	9.0	
9.0	6.87795821697	9.0	2.6689456099	-1.6503099641	8.97447454926	
8.03862237699	6.04739267831	8.81117927724	2.35622276757	-0.533331687477	9.0	
9.0	6.554906712	8.33827544978	2.34233161108	-6.0	8.57272027425	
9.0	7.19155814015	9.0	2.36282402178	-0.0784447819661	8.4366475549	
9.0	6.78734980164	9.0	2.77158428442	-6.0	9.0	
8.9550688387	6.92745898436	9.0	2.60629046062	0.381225214132	8.96279016547	
7.86553645585	6.15799563102	9.0	2.26684396114	-5.95993825505	9.0	
9.0	6.80475356703	9.0	2.74765798188	-6.0	9.0	
8.00265288781	6.09459784664	9.0	2.45624692474	2.2447608797	9.0	
8.64247470099	6.78607270429	9.0	2.40645789316	1.93616842797	8.99999968337	
8.10278701037	6.37108553362	8.9709690268	2.249796814	-4.84790659575	8.9549345726	
9.0	6.80222441577	9.0	2.75175536225	-6.0	8.99676667611	
8.98436648304	7.22205973659	9.0	2.30356844955	-6.0	8.48417646848	
9.0	7.16161663468	9.0	2.39186836558	-5.42952908218	8.40635716102	
9.0	6.97600507067	9.0	2.5643035492	-6.0	9.0	
8.63218835331	6.63779558562	8.68673395403	2.2354202841	-6.0	9.0	
8.79853144629	6.83520673256	9.0	2.5327238581	-5.32249202439	9.0	
8.98457155969	7.17863238757	8.99053731708	2.37287815537	2.71123800111	8.79005823284	
9.0	7.02622030659	8.90748086863	2.43082012388	2.61483202436	8.99841988467	
9.0	7.14957201159	9.0	2.40325047787	-5.98901180464	9.0	
7.99132341105	6.18172335848	9.0	2.37629971227	2.17540780613	8.55762395291	
9.0	7.27371835799	9.0	2.29138548956	3.13551707016	9.0	
9.0	6.64837327725	8.33066767963	2.24311434354	-3.87866749364	9.0	
7.994757935	6.29174493869	9.0	2.24922901126	1.52744949291	9.0	
8.99821877513	7.0542231877	9.0	2.49302703881	-6.0	9.0	
7.99670739235	6.34395409868	9.0	2.20925283038	-3.31633666127	8.21449022105	
9.0	6.97577755793	8.77081001966	2.34171568484	-6.0	8.46379257027	
9.0	7.05552750229	9.0	2.47678951004	-5.17615632785	8.73383397737	
9.0	7.01549295488	9.0	2.55789453281	-5.99899661209	9.0	
9.0	7.22679528056	9.0	2.34199978557	2.75456251856	9.0	
8.32420313294	6.36262514332	9.0	2.53738964759	1.75860341873	9.0	
8.99962286329	6.79451045401	8.99999300945	2.76469963106	-6.0	8.98652896968	
9.0	7.20153455253	9.0	2.36337603938	-6.0	9.0	
9.0	7.13146487976	9.0	2.42233171266	2.79719284537	8.99999938025	
7.854745071	6.10564424986	9.0	2.29468525438	-1.57223677386	9.0	
9.0	6.89390797625	9.0	2.65822034274	1.01314479535	9.0	
8.7394793217	6.98842240643	9.0	2.3067717864	2.55585517013	9.0	
9.0	7.20226557356	9.0	2.35555413738	-5.69726405184	8.3560982237	
9.0	7.30299843613	9.0	2.26224954527	-3.91362397963	7.99942340679	
8.16602996826	6.43290219657	8.95637789137	2.2607649874	-6.0	9.0	
8.77487534271	6.78702643523	9.0	2.57084523123	1.55067920838	8.86601304159	
8.01258049337	6.08192929789	9.0	2.49121919556	1.95100813505	9.0	
7.7653107615	6.10346978656	9.0	2.21736698132	-0.696156759089	8.89147137398	
8.99712196143	6.43628857023	8.1027966524	2.22192701051	-6.0	9.0	
9.0	6.61670709292	8.55768470525	2.50689008511	1.04546471904	8.96875063033	
8.99689610192	6.33477939667	8.04435588829	2.26602567294	-5.48886883432	9.0	
9.0	6.98667509655	9.0	2.55634497324	-5.37759727267	8.99962723961	
8.44558881134	6.46546591875	8.99773248854	2.53657715293	-5.82007373171	8.92147420793	
7.83499568268	6.04958532553	9.0	2.32980645777	2.24792882276	9.0	
7.93705608891	6.2153142721	8.9933484646	2.2648997357	0.795924184976	8.35061071665	
9.0	6.64451786761	8.2942775911	2.20636712054	1.76898456027	9.0	
8.89114670035	6.42711818223	8.33522406808	2.33389880753	-3.94787401655	8.88288600649	
8.98804013612	6.97839383851	8.99998813308	2.56136448955	3.05274100459	9.0	
7.94432817545	6.27027976067	9.0	2.2405782258	-0.796311633547	9.0	
8.83802542507	6.81891347363	8.87775530607	2.45935968094	-5.90593776453	8.98221448416	
9.0	6.71443864843	8.40322454913	2.24908134447	-6.0	8.99880731395	
