6.77521995142	1.38253929174	-2.92608062172	-5.996946556	-4.69356349526	4.71220521538	
9.0	3.90379598396	-0.242990728408	-3.60721670059	-0.385222533421	9.0	
0.35884109867	6.91514360181	9.0	-6.0	-4.01070549729	5.14815932672	
4.51194471688	1.74527362087	1.89884892011	-3.77589352287	-5.82287691252	3.11224521258	
5.18592252175	5.33773661935	8.99900614164	0.403621075588	-5.28332849049	3.8903608958	
8.9950733403	4.06224033022	3.10246442972	-0.424499912421	-0.755799768875	8.64750498693	
-2.98998513445	-1.39616948694	4.98481657949	-5.06895257313	-0.0690528081507	9.0	
5.38841827141	-0.239440995924	-3.19603898077	-6.0	-0.276960566004	9.0	
9.0	3.99257780452	3.35050487878	-0.104516284359	-0.160859353434	9.0	
8.71504356125	3.79261800514	-2.43379369691	-5.93622322816	-0.127823361389	8.96737630301	
-6.0	-0.614782778472	9.0	-4.83821857044	-6.0	3.26998617355	
9.0	3.54424783209	-3.00681024229	-6.0	-0.42866673481	9.0	
6.80267886041	1.27392429845	-0.412534318484	-3.32883544946	-0.256257867557	9.0	
5.38682346965	0.892421571449	-2.0531403732	-6.0	-5.12879706482	3.77552389917	
8.81978607582	5.14650829859	-0.444084987791	-5.20070036552	-6.0	3.12736147026	
-6.0	-0.841709039489	9.0	-4.59487951646	-5.99975642603	3.26325044993	
-6.0	-0.834499030942	9.0	-4.59994777739	-5.40163676962	4.00382085148	
3.87575482308	9.0	7.61630693208	-5.95163572468	-6.0	3.1588619579	
-6.0	-2.07988845081	6.61968528442	-5.75727774526	-3.29617249508	5.83575118843	
9.0	8.96648901857	5.88601397411	-2.52417215352	-0.158853611191	9.0	
9.0	4.41632819602	-1.12335265392	-4.9776589295	-5.29588463632	3.62506928583	
-6.0	0.536537568552	8.98028768804	-6.0	-1.60032501864	7.55869858558	
-2.22142769309	1.09198664133	9.0	-2.74658451659	-6.0	2.98431108422	
7.71026241135	2.74912421074	-2.52085059275	-6.0	-5.95983717169	3.47398733506	
7.81651406988	5.4440069142	7.24017394871	1.18441936711	-0.144186011127	9.0	
6.62389301124	1.93643813283	0.768067752071	-2.97799009149	-3.62487089502	5.55690885246	
-5.89039640275	-1.79540627467	6.8214739821	-5.72388432284	0.0149685528051	8.97381872804	
6.50755621854	4.17481735912	4.84321910267	-1.27065046642	-4.51745564278	4.85790583425	
-4.75587694757	-0.528355364545	8.55370532537	-4.12823337531	-4.04755466183	4.99299603155	
-5.99233713226	0.499263118245	9.0	-5.93553745615	-5.9972251785	3.18339598533	
5.48798698239	0.981430602566	-1.63245252933	-5.56779147927	-0.191578530967	9.0	
8.57847648251	4.33620731555	2.57361707887	-1.63571940236	-1.50765331478	7.61779096496	
2.89616184459	8.8768767638	9.0	-5.4244133778	-6.0	3.15886421253	
-5.95336641427	-0.932089578569	9.0	-4.46545630215	-0.139828324593	9.0	
8.08255244622	5.07759820163	6.49345516166	1.04234425078	-0.243568980659	8.95977290957	
0.39151288013	2.28966512411	9.0	-1.35139666364	-2.84743200326	6.28501199804	
5.21626950507	-0.208797443353	-1.56222659453	-4.59722110009	-0.326133793582	9.0	
9.0	4.28678054688	2.01569026135	-1.72116874432	-2.62625371874	6.72409032051	
9.0	8.87481061766	2.33960292098	-5.97890489866	-6.0	3.15883350357	
9.0	6.40287687097	-0.153430485202	-6.0	-0.772342991636	8.38169906901	
8.78740140505	4.35139081037	-1.18720926061	-5.22171012469	-5.99636766851	3.20571436384	
1.30964943312	-1.90759677565	-0.772526803124	-6.0	-4.92769331889	4.37662473282	
9.0	4.13041006926	-2.37936446971	-5.96522582416	-3.77683462087	5.15752003627	
4.3162382198	-0.193236639181	-2.06727280785	-6.0	-6.0	3.2658483454	
-5.33195035363	-2.26803614624	5.4880192658	-6.0	-5.57023102667	3.66206902192	
7.54293480353	8.35770822251	8.83593073146	-0.440116063316	-5.91292266189	3.14505901865	
9.0	4.21191485849	-2.34351695376	-5.98320477579	-0.36556058525	8.73782771543	
7.25060585859	2.69095265182	-0.960667943687	-4.84693794421	-2.08700296249	6.99950332659	
-0.316224053894	-2.47606078647	0.286389614881	-6.0	-5.99926428584	3.1947451155	
9.0	3.46206555123	-1.31724979258	-4.21890358544	-0.411704461647	8.99996675892	
9.0	9.0	9.0	0.559219833886	-5.01047713862	4.27166139721	
-0.958346851642	-2.32932730047	1.08775607144	-5.99998745543	-6.0	3.05805212715	
9.0	4.13907898557	-2.4215679292	-6.0	-6.0	2.91276612171	
-3.0511355602	0.597293784974	8.99919419384	-3.08529178171	-5.97702256742	3.28670370493	
9.0	6.73966652878	9.0	2.82550821288	-0.315283894822	8.99990963337	
2.54967958204	0.126412159585	2.28424334401	-3.739437024	-0.0721766771534	8.82419011652	
8.98057481001	4.3839838403	2.56832030853	-1.27562949121	-1.22359078608	7.90046132708	
2.95944010663	8.77666908786	8.32783095597	-5.93309552266	-6.0	3.15886498398	
-6.0	-0.67239465029	9.0	-4.74567900866	-5.99618557989	3.30403318096	
4.24560292408	-0.400874372452	-2.21194673731	-6.0	-0.802145621889	8.07712982479	
-0.917224877103	-2.32901511147	1.01718896856	-6.0	-0.0024798114996	9.0	
-5.99977154673	-0.825722318544	8.47624613347	-5.15129523031	-2.38755671401	6.74474737079	
3.15482298897	2.63781949524	6.60825403459	-1.33393177687	-4.1942505122	4.84634887792	
3.02278698033	-1.2029578235	-1.70573560069	-5.92253619428	-5.99087275556	3.19164561128	
-1.67406496386	1.74573780802	9.0	-2.85547224386	-6.0	3.03600129361	
2.88684164619	-6.0	8.55685646039	9.0	-6.0	3.15890319408	
1.31995337878	-0.117872532126	3.20924741719	-3.80596432359	-4.99346422605	4.27238771529	
-0.189793279888	6.36650787463	9.0	-6.0	-4.26249388906	4.89637266274	
-6.0	-0.760998938	8.61153638886	-5.09253544367	-5.03372745247	4.08566503343	
2.67051536769	0.918292107451	3.29413870022	-3.42321829172	-5.99087888852	3.04963296348	
4.01254821297	0.127059801521	0.655576113453	-3.90728766145	-1.14757538491	7.73337359424	
0.475337020859	-2.25461428426	-0.277588479998	-6.0	-5.79650613181	3.5846487963	
8.9999201112	3.87469360898	-2.66887196908	-6.0	-1.46611200737	7.54851078978	
-0.259804644195	-0.921043832984	3.11761474354	-4.67540635555	-4.28536892979	4.7337500106	
2.44369750014	-6.0	9.0	9.0	-0.158866931135	9.0	
2.44369753905	9.0	9.0	-6.0	-4.61519209306	4.54367086226	
2.3288832636	8.88265971687	8.99975747517	-5.9977164769	-4.24093893276	4.91792591831	
-0.064922580786	-0.710321214749	3.0719756172	-4.74284221015	-0.697306805939	8.22112277954	
8.99662864803	6.10346296786	-0.454309344843	-6.0	-0.0641518639586	8.99999888637	
9.0	4.34956073692	1.10718746976	-2.69442202154	0.0525139977698	8.9970772697	
-3.08687609462	0.163917432018	8.15355459106	-3.53420120954	-0.806010614563	8.10231530554	
-4.51683835137	0.175673771013	8.95386970016	-4.17827531161	-6.0	2.9596905455	
-1.17825092839	1.8865744458	8.93661320515	-2.57158608175	-6.0	2.94407646591	
7.5516591413	3.70373133338	4.13997862681	-0.430538625491	-0.211310806741	9.0	
2.80477466836	6.29941002614	8.95622219341	-2.98211230159	-0.190652230697	8.96827571323	
-5.99586856705	-0.372735048573	8.99935279523	-5.06679980161	-3.75135141126	5.37257874916	
8.9968069081	4.25094355006	2.01882034897	-1.6640767563	-2.04588046661	7.02066299856	
-0.227016820609	-2.3901707485	0.340626807545	-5.93477631228	-6.0	3.17358553743	
-5.32946268237	-0.196835886364	8.84911200551	-4.71297850198	-2.47650173197	6.58872968417	
6.88607549753	1.47782867889	-2.94892388989	-5.99133908196	-2.61659701836	6.42383043455	
-0.264306154653	1.01954828793	6.77922867199	-2.94633914859	-4.67027549775	4.17321544469	
4.79346147681	-0.320606262472	-2.39743721723	-5.71535576882	-0.057174687311	9.0	
9.0	-5.99681411849	-5.99072858881	0.562388079379	-5.99918206881	3.15969018655	
9.0	3.39379101285	-3.16517554755	-6.0	-3.31233479528	5.8271988915	
9.0	8.94098489336	2.5766327506	-5.80802862766	-6.0	3.15810911312	
5.2906611207	3.96325790786	7.02279225519	-0.108356892763	-3.81400247428	5.60998180149	
5.66189266077	1.05367031493	0.326310463109	-3.50348108795	-0.284648567226	8.99761239523	
3.05125501701	-0.772401132369	0.275713252154	-4.34239553488	-2.56813995045	6.61162676008	
-5.98931740345	-0.959557897313	8.84780206841	-4.61766229862	-0.153800205684	9.0	
8.93668277189	9.0	2.60070492553	-5.90630978498	-0.158853654124	9.0	
