9.0	7.09395818887	8.97445703037	2.43886833729	-0.394438148408	9.0	
9.0	7.31203736239	9.0	2.24862326171	-1.48065672708	7.78991198076	
9.0	7.04538253839	9.0	2.49976346747	-0.378760899258	9.0	
8.8756275038	6.84473230456	9.0	2.58442212948	-0.238829343189	9.0	
8.76577413991	6.2989966293	8.25936135847	2.28710295157	-0.314719161588	8.91777833105	
9.0	7.22076054456	8.99999981435	2.33069038945	-0.879566927187	8.14973163672	
9.0	6.45675256235	8.47056324029	2.5591670047	-0.108404752733	9.0	
7.79932128366	5.97842070268	9.0	2.37484939129	-0.0974406412212	9.0	
8.86264566584	6.9500616865	9.0	2.47713419089	-0.523929715504	8.67059188815	
9.0	6.91131730598	9.0	2.66565575606	-0.374895901564	8.72531473149	
9.0	7.13346309996	9.0	2.41959423726	-0.371038391256	9.0	
9.0	7.01251357478	9.0	2.53068432631	-0.841264104863	8.3647068681	
9.0	6.85647440276	9.0	2.70999466991	-0.0557436107866	8.90639882634	
8.68301644529	6.85173988075	8.94046522846	2.33988315152	-0.0468912421342	9.0	
8.54622923178	6.76763925574	9.0	2.33383429835	-0.22177153777	8.99964109921	
8.01696174529	6.14202463771	8.99458422268	2.40464311414	-0.227463292827	9.0	
8.99355510669	6.94381647319	9.0	2.60960462172	-0.223191566647	9.0	
8.99571829655	6.88271972525	8.98217896797	2.63649572977	-0.326966294175	8.99713059593	
8.74580565957	6.50367943627	8.78509567369	2.599732769	0.0235569873116	9.0	
9.0	6.74756930066	8.77211113126	2.60836042564	-0.158864098406	9.0	
8.92944118898	6.4491226426	8.1679542267	2.2084127686	-0.159406459443	8.99791540733	
8.99985706509	6.64971272254	8.49669591401	2.40981715672	-0.603908196001	8.53687372487	
8.90159119212	6.74757316908	9.0	2.70470159754	-0.133879215565	9.0	
9.0	6.87789936243	8.99874699615	2.66941321124	-0.20092847841	9.0	
8.14731316714	6.23528665755	8.84760723312	2.30322917357	-0.0231445542185	9.0	
9.0	6.96184994443	9.0	2.58740101259	0.00092338455014	8.91977496053	
9.0	7.17857612842	8.99995397865	2.37098133894	-0.990381322274	8.0140150177	
8.99868009456	7.22891179005	9.0	2.31951507838	-1.34700705892	7.94511663118	
9.0	6.96725348786	8.9371687237	2.54013989894	-0.366741570266	8.99963818854	
9.0	7.03830058747	8.99475774904	2.49514153876	-0.861842452674	8.21852943066	
8.97376144118	7.18843440473	9.0	2.36708267265	-0.761451927136	8.30067688769	
8.84150294028	6.68685759437	8.86862004326	2.57667874828	-0.344242618203	8.99986578825	
9.0	7.19739269277	9.0	2.3566827137	-0.627390753895	8.39054879586	
8.16937368633	6.43530615212	8.92386312114	2.21973865059	-0.212195978081	8.95155406024	
9.0	6.56846989731	8.59508682528	2.57174925991	0.00661963414489	9.0	
8.53370881901	6.53072896789	8.99476236687	2.54617430218	-0.537963811976	8.6215592123	
9.0	6.56296913798	8.37828626584	2.34851888698	-0.231416312923	8.99961877407	
8.21158710728	6.54589531741	9.0	2.22007303226	-1.2452717985	7.91618763554	
8.2008622557	6.06696603881	8.57024333543	2.2536100412	-0.210053126233	8.97241962807	
8.55337184321	6.62013849917	8.99848898958	2.46743935289	-0.939835575193	8.37888492068	
9.0	7.13704224913	9.0	2.44424404507	-0.835906385365	8.23387602959	
9.0	7.29357133221	8.99999136849	2.27731136492	-0.829074167939	8.23533368132	
7.924773791	6.19365929224	9.0	2.29377557294	-0.0974308347336	9.0	
8.95145415431	6.56509410963	8.51506111684	2.45588766237	-0.455930115464	8.96603312416	
7.85839739998	6.10802703904	8.98528430711	2.28814796433	-0.801553502627	8.34078465448	
8.54914919334	6.1038119414	8.318722287	2.31617682957	-0.244457622684	8.98216603273	
8.03980957922	6.32517594662	8.99997820567	2.26871518808	-0.722224882917	8.62607826558	
9.0	7.17796320163	9.0	2.38621580211	-0.183709144721	9.0	
8.96663775795	6.5580933144	8.38583222344	2.3463718196	-0.466929285636	8.92037171344	
9.0	7.18464978024	9.0	2.36991826152	-0.207944352094	9.0	
8.99996290762	6.84357834653	8.7137098972	2.41271993809	-0.208468722925	8.83405764416	
7.87880333081	6.11858105958	9.0	2.32856815258	-0.806374427431	8.36347133895	
8.99730756637	7.11255894528	8.98566253948	2.43750767029	0.0498431090695	8.99990703217	
9.0	6.94127527061	9.0	2.61043560703	-0.0718509032173	8.99527853057	
7.96220482007	6.18213214616	8.99948710911	2.32994540778	0.00063017250208	9.0	
8.69693817891	6.43282786971	8.78257426862	2.61140930234	-0.103129877328	8.94682879477	
7.92520393521	6.14789627556	9.0	2.32271757231	-0.244679768835	8.99800035329	
8.78364740906	6.93553148694	9.0	2.40664356101	-0.0394348182073	9.0	
8.39709222309	6.63898217166	8.98318277816	2.28838858174	-0.385179901066	8.61750641995	
8.47023545735	6.61469033801	9.0	2.409851986	-1.29705722968	8.05097154392	
9.0	7.10536208829	9.0	2.46140727414	-0.234155454005	9.0	
8.54311928763	6.47957714753	9.0	2.61864786695	-0.626607239529	8.53821554928	
8.40518213255	6.41380584946	8.91415924052	2.46515510586	-0.597903307985	8.41035200906	
8.9972298326	7.18055451935	9.0	2.36816307568	-0.0565377375219	9.0	
8.99996567081	6.91417161509	8.77920476774	2.44041084185	-0.382387703006	8.94285495935	
8.99584071205	7.17532888471	9.0	2.37839580361	-1.33351178727	7.80115912483	
9.0	6.39847085029	8.1162713935	2.26529999844	-0.280167610767	9.0	
9.0	7.03505286285	8.94229915496	2.47458252233	-0.249068105531	8.99870962835	
8.99151706306	7.27242282615	8.96472200508	2.23429575947	-1.11262945278	8.02913393162	
9.0	7.13896275403	9.0	2.40776250708	-0.0506611153845	9.0	
8.85754035116	7.05288774679	8.99999787208	2.34615645574	-0.915642597823	8.18566021101	
8.14010044032	6.18810676117	9.0	2.52191545458	-0.109318937587	9.0	
8.15826484149	6.28734184204	8.88116934014	2.29355128702	-0.0316969259074	9.0	
9.0	7.23133263838	9.0	2.32622394192	-1.45398371519	7.86359461875	
8.79216302508	6.77306719845	9.0	2.59437731076	-0.105198716627	9.0	
8.41225577232	6.41240500828	8.81449037247	2.39135304079	-0.0385050656916	8.98057614101	
9.0	7.07990038287	8.79866758538	2.27444747878	-1.27621270472	7.91501379176	
7.84797614619	6.0954485126	9.0	2.32198102061	-0.2323251757	9.0	
9.0	6.739917082	8.85007467872	2.67831246699	-0.101929408502	9.0	
8.95646727033	7.15594446378	9.0	2.36571977841	-1.06365621135	7.93767984431	
9.0	6.9199626289	9.0	2.64104431498	0.0581629324902	9.0	
9.0	7.28949304655	9.0	2.25826676061	-1.06901260483	8.21795313223	
8.30798546178	6.49524522401	9.0	2.37517817661	-0.794741017188	8.52629519997	
7.93629377536	6.08738034085	8.98614050014	2.37707287429	-0.536159533998	8.63872971295	
8.84498655679	7.05890491954	9.0	2.33782007061	-0.0965151940391	8.99783319517	
8.99661410657	6.75475011274	8.4414632891	2.24909948691	-0.800874650968	8.37949989254	
8.95219484998	7.01314636751	9.0	2.48913244388	-0.0672428226937	9.0	
9.0	6.98114368057	8.961467316	2.55376434584	-0.871973589234	8.35255201829	
8.3749694674	6.58628851903	8.99284013676	2.3452379484	-0.552387378105	8.83428153475	
9.0	6.91408139237	9.0	2.62495374496	0.00707586291103	8.99644890654	
8.99856168485	6.69567619854	8.55019561947	2.39000836395	-0.304897267915	9.0	
8.99984111688	7.01421094026	8.99999998429	2.56235760207	-0.582181321621	8.50785955255	
7.59814794471	6.2334094244	9.0	1.92241763578	-2.38568759364	6.76372419513	
8.80989624114	6.95498647226	8.88323670355	2.28839983279	-1.16035611446	8.20912237333	
8.0825739877	6.18556206051	8.80963617342	2.26302812683	-0.708447135448	8.59336638049	
8.99827266069	7.24109848184	9.0	2.29438617591	-0.894614094929	8.30465086905	
8.88991033022	6.44311654576	8.2694838466	2.27233387881	0.031481590127	8.99946961187	
8.64740711772	6.50106786007	8.99038285002	2.68763447301	-0.0657461885106	9.0	
8.57345052959	6.29548006608	8.56242509558	2.40209313969	-0.426404621123	8.72085853425	
8.99168125121	7.06390113693	8.95860193137	2.42663934685	-0.0822203376187	9.0	
