9.0	6.90585996227	8.97363588132	2.60740021871	-3.68806754168	5.72443727607	
8.50743814832	5.75358658628	8.85278761327	3.15597952868	-3.29741525235	5.65083423541	
8.97933572725	5.16869493034	6.9236202369	2.29608844662	-2.1689767471	7.10533203842	
9.0	2.86922912138	9.0	6.69281668798	0.00704366994499	9.0	
9.0	6.46384613126	8.41503979606	2.52032941094	-3.26959184113	5.66319790603	
5.32343610971	2.9606023612	8.75991475654	2.68207083705	-3.57702097069	5.31208519485	
9.0	6.35463758086	8.21371698981	2.43880858062	-0.181079736607	9.0	
4.72234734602	2.64682147334	9.0	2.63640434253	-2.02518895721	6.90931821119	
9.0	3.84915351931	5.62742376634	2.33719082964	-0.0254954806302	8.99696034877	
5.27100218627	2.5133259664	9.0	3.32004313139	-2.75762876819	6.32381844653	
7.14973663139	2.90966126949	8.38353619571	4.18086476356	-1.37034379469	7.885174519	
8.56647784934	6.60265011463	8.99413929205	2.50598778176	-4.55316550643	4.87253143056	
8.97984948802	7.18244318279	8.97259356646	2.31946161264	-0.832375287894	8.52276914995	
8.91380152559	6.93278522767	9.0	2.53283182438	-4.15746138699	4.76451810002	
9.0	3.02466075534	7.0674006611	4.6137361155	-0.00534835700365	9.0	
9.0	6.69713825354	9.0	2.8618081847	-4.47017541504	4.94421730662	
9.0	2.60513850262	8.9998607762	6.93488557881	-0.158080516906	8.99949222344	
4.58055245097	2.66794923361	9.0	2.4791977959	-3.79477407907	5.38005868328	
6.82762665285	4.02647856015	7.90182061936	2.27159021834	-1.50577837244	7.74641887664	
9.0	7.00417830071	8.99941356362	2.5705693716	-4.50113056497	4.81919593865	
5.47497692648	3.5688629273	9.0	2.47421901496	-4.21366577768	4.92561627123	
5.11494682525	2.77260622971	8.95784565266	2.87071224017	-0.122982334004	9.0	
9.0	2.96512480151	8.18879284329	5.77693946594	0.116357345938	9.0	
8.94714996799	5.54123653767	7.43931471825	2.41210363685	-0.222796646932	8.9859500218	
8.61202060364	3.27597927155	7.27283957759	4.16181975431	-1.50177876995	7.88083255809	
6.60541462461	3.01353967222	7.81766032361	2.94653911581	-3.04685808346	6.1103184825	
9.0	7.05457232742	8.75531258091	2.24824458067	-0.286047269192	9.0	
8.99126751845	7.18881599097	9.0	2.36236537252	-4.66187264813	4.60352422252	
9.0	4.31751826421	7.70041508099	3.93719977227	-2.19517345743	7.03143373909	
9.0	4.01001125403	9.0	5.54229687434	-1.74532185707	7.38984235427	
5.96857386456	3.16403204424	8.59984471843	2.94770370539	-3.04849459343	6.24131779209	
6.79264536859	3.12033367086	7.2863598284	2.53109550366	-1.09910581297	8.03016195125	
6.99868409105	2.57292349416	8.25850198542	4.2494306192	-1.58190065611	7.8346271614	
8.79621797643	6.91452013059	9.0	2.45548313998	-4.50716834624	4.76721726224	
8.96676779139	3.23819907329	5.35463821681	2.63743295472	-0.266266388333	8.99705181617	
5.94339999084	2.4604276756	9.0	4.01982307496	-2.59908321837	6.48009535203	
6.9546967608	4.64381354829	8.79065989396	2.66327963743	-1.2680895473	8.13249777475	
5.86268092435	2.89541831405	8.58277089047	3.11572717171	-1.46063259225	7.69446084442	
6.17703819372	3.62731868795	8.19544729455	2.29854403499	-3.58194491298	5.5590574779	
9.0	2.89399525499	8.9989621927	6.6579875509	-0.221268292851	9.0	
4.64188139532	2.51805761577	9.0	2.6674412419	-0.279705927265	8.98192865972	
4.65976500083	2.56962420573	8.98370271011	2.6341464033	-0.735435594886	8.40578317837	
4.8450229009	2.39629293797	9.0	2.99982696475	-0.0281931027341	8.99162509457	
6.4778950377	2.27419867316	8.50174211228	4.25125721369	-0.319944356321	9.0	
8.99995107035	5.83211563197	9.0	3.72665137154	-3.16035533755	5.91720907495	
6.01344709639	4.20249343554	9.0	2.3599136981	-1.2106971922	7.85622951784	
5.19487790894	2.35058057526	8.64219291937	3.05575691726	-2.44582216377	6.70853289796	
9.0	4.10816219158	5.92084521	2.35326342089	-0.700293156591	8.51487904522	
8.92041248007	2.64209647552	8.84150971415	6.6927484454	-0.142851036675	9.0	
9.0	2.63379954217	9.0	6.90545005114	-0.253389433083	9.0	
8.74298114018	6.99738064291	9.0	2.30947904737	-3.99309416291	5.07511257756	
9.0	3.27359277595	8.87447253054	6.14900448359	-1.22434308557	8.0042630405	
8.73439615353	4.08308595293	8.99055125032	5.20258097503	-1.90986096484	7.39709825147	
7.54278356009	2.7640795742	6.25570819757	2.58942408348	-0.327864096271	9.0	
5.82105549483	3.85910030665	9.0	2.50545325051	-4.53815179611	4.85672316978	
8.99998061754	5.30824074502	7.7285921578	2.98383122915	-3.09619855685	6.33059778738	
7.7843889752	3.34268416382	8.58902191539	4.56636846913	-2.01438201917	7.12567441413	
5.60716511656	2.39141540262	8.37144886456	3.15332764202	-0.370801176651	9.0	
7.06716449541	5.21931066737	9.0	2.4233587499	-4.22799059439	4.78778711888	
8.99753524889	2.83393775471	7.6789118977	5.39972009353	-0.273022790599	9.0	
8.985242763	2.85164815791	5.26261245114	2.93971466381	-0.414013956079	8.99448865003	
5.65662587142	3.36307996785	9.0	2.86353578141	-2.59687578067	6.46729976956	
5.48035016829	3.60079007224	8.97100525727	2.4063933933	-4.51813359741	4.67939244831	
7.6599611486	2.44683529225	8.91433041868	5.68843710631	-1.28231095628	7.82335772716	
5.92507423361	2.69355000432	8.99733317887	3.81291991146	-2.02398911363	7.12305374937	
8.82297493542	7.12588994264	8.98954458378	2.25382398844	-0.19774920466	9.0	
8.99998925281	7.28290452958	9.0	2.28741328379	-0.189276528	9.0	
7.63904291675	5.90177171365	8.99632981909	2.29581630712	-4.25983339859	4.99923314399	
4.88718959124	2.5925661428	8.68335621891	2.52801117816	-0.174479906495	9.0	
5.24232057118	2.75277582504	8.99606561524	3.05755436061	-3.63366071578	5.46380394563	
4.62370688786	2.40552599532	9.0	2.76567853493	-0.181562398981	9.0	
7.85875698484	4.1182026653	7.17591060655	2.49019280589	-0.129488775717	9.0	
6.97064407615	2.42801173513	7.19912117766	3.30303537728	0.110442115525	9.0	
9.0	6.48843511104	9.0	3.05988398466	-4.47651290797	4.91012879907	
6.35426058277	2.53321101997	7.61723121162	2.979214378	-0.0858171347817	9.0	
8.99413558037	6.47993066332	8.41445585544	2.46577711182	-0.0316968521904	8.98171047654	
8.31851769631	3.27855154922	5.75069085547	2.35521401103	-1.08980428443	8.05527090701	
8.29650488027	5.69479480403	8.29321338376	2.45074033137	-0.718280197916	8.59606812699	
9.0	6.77349322171	8.83172482025	2.63349589182	-1.58707089361	7.42537033655	
8.18687125074	4.75727922985	7.87200010926	2.86000084231	-2.33024608356	6.55671373968	
8.92388909695	4.44633134041	6.82151438097	2.84549819962	-2.31294239047	7.13824289053	
7.79545125719	3.65730425959	8.99656392799	4.70446960685	-2.69392214715	6.44753275069	
8.65018391458	4.42978234415	6.92866869989	2.68076918503	-2.1622724874	7.08258184966	
9.0	2.75676194947	5.51316373201	3.32114992774	-0.418753035525	9.0	
5.00272982128	3.09750075235	9.0	2.46982667751	0.0130083709728	9.0	
6.48229646514	4.59009557961	8.91038799005	2.33818569406	-3.68685101006	5.55962812486	
9.0	4.91970086588	8.97431216143	4.60832647472	-2.67708160912	6.75846901997	
5.37720206674	3.60289979778	9.0	2.34245390589	-0.162025985274	9.0	
7.81803693454	2.34927739376	9.0	6.03993263317	0.0377279958148	9.0	
5.07938420265	3.01528447839	8.89917803011	2.51036357389	-4.12304816065	4.92817865501	
7.63680486556	3.6402784702	6.90998497618	2.47094758319	-0.448273544811	8.94157670236	
7.43254221776	3.11050901004	6.61842881158	2.48342749686	-0.0435902095059	9.0	
9.0	2.91906679109	9.0	6.63370178121	-0.457922741739	8.99998134356	
8.33032474338	2.82308959323	8.95898266149	6.03752878216	-0.107184134039	9.0	
9.0	7.05880463935	8.99394353596	2.47835045297	-0.00130550201707	9.0	
6.39122516203	3.39761935352	8.28078298717	2.83892183265	-0.583760332476	8.45901655966	
6.49520485694	3.10238622189	7.64203618023	2.58241940738	-1.39928173831	8.04966433301	
8.99998827324	2.63876958888	5.96136271216	3.8877022728	0.0665686414593	8.99913884208	
5.5862808078	2.761829612	9.0	3.37661942823	-2.99267321827	6.3535255382	
9.0	7.01278777103	8.99990817801	2.53019185952	-1.78784492904	7.5559151618	
