2.61996204689	5.9738480452	9.0	2.40144781156	3.62309188382	7.58422349414	
3.9228276724	6.91535683948	8.94759607793	2.46827818777	0.803395194495	5.19755681997	
4.15724315424	8.6140493424	6.53196743999	4.83391559774	5.17333690599	2.96823120348	
4.86357311449	9.0	9.0	3.58377964269	0.790291204008	2.70007400569	
-0.746956237105	6.63395448401	9.0	4.60081991189	6.64595885586	4.32360862957	
8.29659213216	8.19353839662	6.31071061739	2.4883417502	2.11461598058	6.82366025788	
3.54663824715	7.71889422263	5.98848394386	4.77251694676	8.32255781041	5.88607593842	
9.0	9.0	6.3028337287	2.77803591688	3.58027964437	7.91126800025	
3.96945600564	8.2905436755	6.35157948043	5.37836389528	5.76375816416	2.91103993196	
5.53764711298	6.82062004988	7.54618106316	2.6850976447	1.95896689052	6.49465156299	
7.28043514753	6.78972001727	8.94924285449	2.52247615431	0.770644987165	8.42020774153	
4.9212845347	9.0	9.0	9.0	6.08786249542	2.53306954621	
7.62833529771	8.06885249694	5.60990091101	2.47913465984	5.2974039459	8.97469288227	
5.06195845989	8.89005532895	8.97940180839	8.90785050587	5.84834168742	2.53727585819	
3.1745557764	7.50556001972	5.91155056241	5.52230978731	6.3015639319	3.32650215694	
5.01362795042	8.66646396703	5.44506734604	8.97420281122	9.0	2.73456642121	
9.0	9.0	8.83899363162	2.29730998268	-0.748748871708	6.29868739164	
5.11053923546	8.86976610273	6.16661565364	7.32055735314	6.78053538633	2.56919860421	
8.56688673552	8.38316863119	6.26812362967	2.6026882299	4.60262548813	9.0	
-0.830366111084	6.05830650041	8.95490527055	9.0	9.0	2.70377688134	
-0.566475713017	6.34142619731	9.0	3.23432151518	6.96610668622	6.39984181829	
0.66607372609	7.00629566614	8.98702325632	2.56354051535	8.04441187477	9.0	
5.19617067839	8.88850575116	5.70518092706	4.00674933121	5.19671991817	3.71070743984	
1.46856963529	6.00480867095	8.06076147253	4.94363645986	3.04562292463	2.33575184096	
5.65788467308	6.23570420313	7.56899157257	2.58849934926	3.78331162968	9.0	
4.28701535308	6.60792999919	7.58456100212	2.58072631305	4.96825738054	8.08797266137	
7.02293979039	7.05781863258	6.78403828996	2.56500274905	2.33667671436	7.33988701231	
5.76020567609	7.15514621418	6.01886543301	2.65900512414	3.30524306943	6.06328809968	
3.64891688958	7.71440793868	6.13061695718	5.52684348934	6.94175481348	4.1899978178	
1.63711853765	6.55592806761	8.62740902385	4.47691313874	2.52390802004	2.58373281384	
5.40085044672	9.0	8.87175391879	6.00274970072	2.36123956754	2.52646161845	
6.40468779269	6.71942004237	8.4071509893	2.61831656465	2.30914444185	8.26005127552	
4.76510110668	8.99952224919	8.89464421832	9.0	5.92703346401	2.47867951331	
7.75800093238	8.39410165766	6.26102646639	2.3983742296	2.7950076583	6.59545183359	
3.23741734648	6.696075309	7.68168865952	2.82132539369	5.01728681535	7.11900118349	
1.5818808524	6.78653804398	8.96906731607	3.01150901496	1.07463531458	2.69977743899	
5.20398691774	9.0	5.60505880391	3.50992129983	6.12825145454	5.05080962258	
1.53953799885	7.15235198064	7.82635985949	2.78205566033	8.81883069041	9.0	
8.88440382885	8.54771387108	8.98954946876	2.57110981544	-0.432565291772	6.85666012702	
4.41154608201	8.0012735207	5.65220254537	4.19983782032	7.79107640083	6.28094016792	
1.76510007594	6.38931728884	6.98835473511	2.91663409721	2.72364651956	2.85020352647	
2.96652974057	6.32942570285	7.71483492397	2.63454907288	6.64998869587	8.8749697545	
-0.328886317791	6.34963744079	8.59492319195	2.94163727536	2.92186246664	2.59412575196	
5.43357936654	8.99998550543	5.51623924919	2.39970129475	7.09049685543	7.36996931039	
0.303447506422	6.57907182123	9.0	3.24255081214	2.71371541181	3.00039954896	
1.72239999326	6.73302959528	7.74118989335	2.72263774973	3.28133915119	3.80323259267	
5.10699687696	8.37713565593	6.03733083888	2.7506271603	2.30324667016	3.14487504805	
3.19822967294	7.05631790585	5.31547462133	5.64059985831	8.69571529236	5.32787762365	
2.97228718471	6.47947474228	6.40185830345	2.35540337988	3.63689314667	4.99936043707	
4.8917146722	9.0	6.68465462752	4.02034974267	3.2097302317	2.65717234828	
7.33950370904	7.54758838657	9.0	2.50840187067	0.298328167799	7.22221877519	
2.37033735017	6.86579933621	9.0	2.44134050202	0.749787836117	3.58868551454	
-0.341362955997	6.74033675019	8.75216889802	7.05354727015	8.87587753275	4.30006109314	
1.77784981968	6.08543498961	9.0	2.26914713285	6.00971867054	9.0	
3.30634228211	7.12244684874	6.51752188009	9.0	8.35678958088	2.61769706445	
9.0	9.0	9.0	2.25523385297	-1.39135498825	6.10245593239	
3.47995849611	6.46241483212	6.67553199761	2.46674325264	2.55160190798	4.39878166047	
7.38979601647	6.99918486565	5.90148859383	2.5007856579	4.26028663318	9.0	
5.23912472585	8.94426634119	6.95721758425	7.16915203689	5.53406291615	2.39317916388	
-1.51109879991	6.03571259746	9.0	4.27439014288	8.33185482848	6.32810906699	
2.74721353222	7.11892794506	8.10599601167	6.57607623378	4.82769625731	2.62849557501	
4.86941489226	9.0	6.27535812282	4.66041338576	8.21646322192	6.33195086202	
1.54113033657	6.20266399075	6.43615678444	5.4312778	5.617108506	2.6713444438	
2.14831732635	6.45108287656	5.95551881498	4.2856279123	9.0	7.06961934563	
2.08476116305	7.04031781062	9.0	4.31898514201	2.32700060882	2.82774657411	
1.8470467233	6.14452292441	6.84234101692	2.77990492389	2.02140484016	2.67430639763	
3.23254927719	6.9678071018	5.67521917558	6.99641451872	7.23048059503	2.97621420785	
7.64077519025	7.9124700417	6.31973939273	2.45611302525	3.75136716449	7.88574358799	
4.22656635874	8.40883423451	8.11995875514	2.95333047558	1.32204015199	3.02762694231	
5.70129601754	8.45425561436	5.37163598678	2.42558389259	5.91078648551	6.97337921895	
1.50710603465	6.75937241224	7.82132677578	4.68622362553	3.71470840255	2.34366955712	
2.58155329557	6.56527654406	9.0	2.49089056855	-0.4876020234	2.60710598153	
3.43224908074	7.3692749328	6.83719792998	8.18865544753	6.7200214938	2.38513638458	
0.726776378773	6.88620923578	9.0	2.72100402069	4.96707174933	5.74466201177	
4.32212951044	8.18546025945	9.0	2.59103569672	-0.73293756028	2.73300298683	
-0.16467348854	6.18010780447	9.0	2.6447780931	8.31322917663	8.84958191113	
1.62507703845	5.99488875715	8.93400927706	2.88988407898	0.116691074789	2.50438655324	
8.06998801524	8.69933974015	5.43074097782	2.27052790394	3.99209610566	7.12839296121	
4.84553557342	8.79635138445	9.0	3.3694783142	-0.0798164161245	2.53920995042	
-0.165866024144	6.85465722691	9.0	8.99795832965	8.99954521321	2.91722598776	
8.4894239075	7.77298078821	8.61705779246	2.50747587565	-0.282025098791	7.07243315462	
-0.217120500128	6.30950759878	9.0	5.88944399293	5.60189448191	2.85989107388	
2.00865376902	6.96456143379	9.0	2.55828552483	2.65758258112	4.91461865458	
1.64454256296	7.1531216095	8.03552742445	3.47373108	3.4113192409	3.13033750014	
-0.398252721627	6.94373305586	9.0	5.84581882731	8.50401931612	5.07852829464	
3.57106239352	6.31412931472	9.0	2.30928252604	4.5430533776	9.0	
-0.399906127396	6.24187606104	8.98386212129	3.6039695547	2.73195853868	2.36797609072	
0.274370198505	7.18224341704	9.0	6.15887649708	7.54504287987	4.11948440851	
3.59732109472	7.23323828992	6.74426467698	8.65833626486	7.3319266985	2.41898933159	
5.17469319712	9.0	9.0	2.85062856374	0.347089456293	3.25166936075	
-0.140035956363	6.63416144757	8.98923930857	2.49102478935	2.9664476092	3.52617056203	
0.181766844119	6.26646677025	9.0	2.32847061934	2.47448500029	3.88809110949	
5.2707484331	9.0	6.56303587387	3.09223484593	1.99466440482	2.53143110085	
1.517690342	6.16357482731	6.49351296134	2.49045209916	3.96486930766	4.17164733336	
0.736332234156	6.05614930304	9.0	3.07886193808	1.25077145078	2.65838637092	
-0.38575515053	6.03218018822	9.0	2.39513415032	3.94684684204	4.84327402801	
5.26316081902	8.9595637851	6.13189861491	2.65582698924	8.45075120885	8.99203059083	
1.41497481596	6.67856223619	8.1122697209	8.32878063884	7.2499305173	2.51516740127	
8.4720899164	7.7680767834	5.64340357795	2.42160905841	3.9604423467	8.4287223176	
-0.845900188815	6.31620545598	9.0	9.0	9.0	2.6779392715	
