2.50514978396	8.99999979816	8.99999953719	2.42816462009	8.98225735827	7.76970375515	7.31863457867	8.30706582097	7.50292147446	8.37830387751	8.99999976875	8.08069586515	
2.42736128315	8.92221130818	8.37295711006	2.49393998032	8.46519624114	7.48734054309	8.37295716685	8.43394996992	3.12146543181	7.96482353817	8.50616186173	3.61897219051	
-3.43600706213	3.05884241132	8.1267759228	2.54542250568	8.99999999067	6.91229363118	8.12677592282	8.99996766457	8.35531157183	8.99999976875	7.17568061621	6.48716260328	
-3.89451551753	2.6003345073	8.98375575665	3.73356512683	0.136499036972	3.30225546431	8.48917690675	3.77773109334	8.82961572272	8.22823572717	3.99374653081	4.55129494521	
2.48702494564	8.98187497303	8.05941555025	2.42821430457	8.10611353467	7.3115636165	8.3394206068	7.96929177258	6.82512630882	8.13627322308	8.10461518101	6.74963664171	
-3.9736992094	2.5211508169	8.09428751696	3.80136656419	6.80479681668	5.51823032601	7.50667462996	6.29028204328	3.44393513835	6.17911926389	6.44334712046	3.66433143796	
-3.81717739256	2.67767263508	7.47491651779	3.11145881844	2.40455796426	3.60827769715	8.79534220612	5.15920014888	2.18464470423	3.8625475465	5.8037746141	4.08204020045	
-3.98032632093	2.51452363938	6.34006298691	3.19360829307	8.99999977236	7.04157220161	8.5001081692	6.80908144947	7.35880726208	6.82628957917	7.53302072912	8.02170769043	
-3.50474037856	2.99010965753	8.99304040281	2.81302643977	3.58976071319	4.2355907201	8.92229630048	7.66060022082	-0.0435576710909	4.46192057286	8.07833225526	3.52902244571	
-4.06198466675	2.43286535437	8.74212962949	6.24103494121	8.89136760506	6.86656745534	8.75499851478	6.48500401663	8.82595186666	8.75566874647	8.80338443552	8.82983866374	
2.50513559964	8.99998562367	8.9997321279	2.53727322906	2.61176249436	5.48101929673	8.99973218127	5.79705426118	4.03076480657	6.69873379358	8.99999963347	6.28819906827	
-4.05994554494	2.43490448579	8.43178535271	4.87319966613	8.9999997691	6.98526611152	8.35190838237	7.12934480182	7.81461181305	8.96436953885	6.58259908698	5.38901777306	
2.47050187717	8.96535189933	8.68637818009	2.42913709742	3.1130634601	5.49439891658	8.68429816183	5.76432377739	8.73876608853	8.70486373684	8.90250628304	8.89257705008	
-4.03906871353	2.45578129957	8.29957545661	3.71449072123	8.99999976875	6.89029465798	8.39279685128	8.29170553899	8.97530333622	6.87156559651	6.88168165233	8.94157494058	
1.94449987504	8.43934990036	7.38104727262	2.46032302921	8.87833857942	7.68588074148	8.99996392573	8.31726599992	4.08512417479	8.57635814776	8.52981209155	3.9947465178	
-3.21167541336	3.28317462124	7.66276098714	2.6772550474	3.85967242491	4.51507181652	7.25189731274	4.78612384579	7.074328289	8.8318369497	7.31311508999	5.51177482529	
-3.33859401484	3.15625601209	8.05145634388	2.56321554016	0.556525837767	3.84986396227	8.75944452252	4.15846718133	7.62841015011	6.38134124771	5.20573362201	6.40897095323	
-4.04351382101	2.45133619788	8.86054536445	5.83105720874	5.7612306339	4.97860198211	8.33672042942	5.35295723952	7.41902191043	8.76910648291	5.9927387719	4.59882259518	
-3.51354787533	2.98130215234	6.30728094392	2.64898487389	2.23860002081	3.79468165646	8.99989053451	4.30622494562	8.84809131394	8.99980106947	4.43284717631	4.23730585223	
-3.7754374668	2.71941255733	8.76076231541	6.14212910973	5.27143009722	4.87580061725	8.97230540786	5.19068807187	3.77982191829	6.17555699985	8.15759275658	5.71802610854	
-3.81020604195	2.6846439858	6.27724300662	3.05815471384	2.01056747503	3.51451564592	8.93525165467	3.85451175747	4.55827495175	4.56280117539	8.93189502456	8.8835372193	
-4.0322555693	2.46259445661	7.55908110752	3.61950299604	6.75318447581	5.46292835267	7.55639121019	5.99034539319	8.46626929403	8.53358307767	6.19166085354	6.08051555588	
2.44105854953	8.93590857161	8.99957409373	2.42917861049	2.45360203279	5.47903291741	8.99957409373	5.74865869614	8.99999981204	8.97786203558	8.99999983159	8.97830603147	
1.02997184934	7.52482187141	8.99997222685	4.10584569067	8.88719831933	7.69107827898	8.90080304613	8.1951696113	3.44470705461	8.99999977214	8.55073501237	2.95161071155	
-3.62489822767	2.86995180142	8.99999852702	3.13464698857	1.45150790175	3.59967838829	7.78375033179	4.70505135975	2.19659496284	3.90163713538	5.66659198366	3.91771824062	
-4.04053184784	2.45431816515	6.46619467566	3.74326355057	8.48659146511	6.44694268362	8.87630123899	6.84299017577	8.18017181416	7.04295316702	7.10475469521	8.19814238562	
2.50514990999	8.9999999345	8.38020487945	2.42815904104	8.95132575858	7.7161426105	8.4585240428	8.84987301001	8.86771944798	8.30374761298	8.47985949709	8.999999758	
-4.0548276286	2.44002239033	6.84558032606	4.21853349822	8.99999976875	7.21999337751	8.66616117008	6.27729285786	8.79896780614	8.9999996644	7.37497055327	7.13010997607	
-3.77956341202	2.71528662906	8.99981090136	2.89234239685	4.62184997435	4.55908872355	8.99981091099	8.37416061451	-0.0701252226008	4.78759425815	8.80748074736	3.90592971043	
2.50510832752	8.9999583509	8.99555757001	2.76661309193	3.36622998016	5.50850279321	8.62873760443	5.91952925793	4.96451491846	8.00466921621	6.34103296263	3.25704707857	
-4.03960313496	2.45524688898	8.34909600813	3.72499837223	8.95353500685	6.72301316376	6.9419805329	7.00071999088	7.1730425462	7.21260679005	7.3947743737	7.31137855873	
-3.56466568678	2.93018433994	8.99984403714	2.930955309	-0.466133566683	3.62587281419	8.96497125766	4.14597358335	3.13577440396	4.20893987779	7.86627897852	6.74928193548	
-4.02138720621	2.4734628169	8.89287420875	3.84652348815	3.75830908109	4.02481966337	7.37271411439	5.35667422905	5.51916819948	5.42621148794	4.36787395694	4.41699910643	
-4.02618899821	2.46866102341	6.0910353634	3.53984233135	7.87956927641	6.02763131692	8.99999981103	6.60725075866	7.87860613863	8.99999976875	6.68819385344	5.52296870708	
-4.06147399492	2.43337602432	8.91814134362	6.58250489676	8.99999995376	7.73088185873	8.91814134362	5.72701286434	8.92677057503	8.89880113702	8.92139382391	8.90553391964	
2.50511642558	8.99996644936	8.99998952494	4.07961405973	8.99392738614	7.74171817363	8.99999999977	8.37670466478	2.93943458286	8.62893703899	8.59511738845	2.8617833473	
-3.98164119866	2.51320883044	5.71203961922	3.19991165737	8.9999986746	6.77267400983	8.99999793257	6.94357052068	8.59794440826	7.8705780769	7.33319108189	8.01672580803	
2.50514878424	8.9999988063	8.65361447658	2.82228659777	8.9999998575	7.74288035834	8.60079137668	8.89335750793	2.19811028192	8.14409601304	8.99999976875	3.01018254345	
1.93107336079	8.42592338519	7.338595178	2.64520244815	7.73736272621	7.13260509131	8.9999864038	7.50225674147	3.58813326282	8.19331510651	8.83342062192	4.18440722001	
0.228899581288	6.72374960589	8.9995981222	3.27541456462	3.59156097282	5.52363183232	8.99999923609	5.99623192394	4.48188834388	7.73979303738	6.23197290459	2.93023661875	
2.50463971528	8.99948973684	8.9791742889	4.06637395136	8.98626303135	7.73620019093	8.97394094547	8.34092413561	3.38543763793	8.99999976875	8.46300623063	2.80461259661	
-3.87197748552	2.62287254285	6.36987416388	3.1348257012	2.10268045238	3.48765254555	8.99999988206	4.05419623335	8.94673294992	4.29309583704	4.39019440561	8.99999993164	
2.50514992115	8.99999994299	8.76981432645	2.43491279454	3.42375095209	5.51275874919	8.92819868613	6.37821240396	7.5412645253	8.99934154964	5.90912870812	4.40722011303	
-3.43116289815	3.06368713229	8.99999534033	2.54903296484	4.88768416353	4.86553697253	5.5735871997	5.25081674613	8.99813019693	8.95461073271	5.77640573226	5.77609361492	
-3.57692549987	2.91792452814	8.01393832832	2.70250650733	0.778188815547	3.62040452243	8.69661490811	4.36995099756	4.7506003891	4.71729030155	4.16139923907	4.15087775936	
-4.01839612877	2.47645385888	7.32968127369	4.0588950387	8.93119799789	6.73850405716	8.3513374581	7.01893793808	3.94475450062	7.17685519496	7.32502507716	4.04908966195	
-4.01323767831	2.48161237134	7.75630254267	3.40145054753	8.99999976882	6.05879713896	7.83191223359	8.33206072863	8.99634185716	8.06587154303	7.63069312134	8.51734376678	
2.42106620314	8.91591622923	8.99989112499	2.42902642266	2.54073306603	5.48003738797	8.99999976877	5.8356801378	8.8581984022	8.52186096787	6.49621453343	6.78872037304	
-1.96119069223	4.53365933665	7.3746519548	2.43177088092	6.45652534968	6.28480060691	8.29012479645	6.60885060189	8.93999193944	8.95977296867	7.52741331482	7.46380069016	
-3.51041675441	2.98443329014	7.22230522108	2.57156234029	8.8095254313	6.67514570872	8.99146886058	8.98071141324	4.31281530018	7.10811071718	8.85160696038	6.01247998814	
2.50514971093	8.99999973434	8.92778435175	2.85906457779	3.61623603676	5.53055690332	8.67567256158	6.03419145869	3.46053449932	6.6459736283	6.3398026347	3.11053191697	
-4.03492290789	2.45992711749	7.63509291496	3.7012897073	6.16551479446	5.17930508989	7.77937597693	5.90350886681	4.68318932195	5.68695548508	6.5891121849	5.54151445086	
2.50508386297	8.99993380273	8.99999842551	4.22641657876	8.99983824479	8.03742452377	8.98696161172	7.92683100228	2.89638851305	8.30908828419	8.99992477167	3.5434359234	
0.691972720938	7.18682274659	7.89956219476	3.06213776501	7.64932662502	7.08893343993	8.99960229043	7.60153986462	4.21042361871	8.9999832854	7.76939547208	2.93600427055	
-2.42870606297	4.06614396699	7.91350591159	2.43884380584	5.5050431815	5.64882199019	8.28233351291	6.81733677483	8.9040129519	8.297549033	5.98052723501	6.54315960186	
-4.04848676738	2.44636324058	7.08078658127	3.96754249406	8.99999978196	7.31374083089	8.47297855442	6.4765061822	8.04561752149	8.99999932818	6.43918554844	5.44101443528	
0.351364765758	6.84621479458	8.99445141986	2.46802663221	4.89225955371	5.83240211917	8.99988176308	7.79028395214	5.00298003663	7.58578067174	6.12419902104	3.49756682666	
-3.69533887619	2.79951115217	8.99516204405	2.82188746175	1.09927790442	3.51489727319	8.99516201793	5.95693720759	2.00746647541	3.74673300694	5.87241592843	4.08931782856	
2.39176398982	8.8866140159	8.99999975847	2.42890889924	2.57293708485	5.4804590499	8.99998758249	5.86767646937	8.99999957575	6.65239265058	6.65285370954	8.95662903204	
-3.93393016168	2.56091986389	8.99999980549	3.07681635968	4.36298891572	4.35528824066	5.49213419926	4.62713830258	8.99204488285	8.96724769946	8.99999938371	8.98096498682	
1.61605355264	8.11090357795	8.59081353681	2.4281774489	7.41421714483	6.97475783937	7.95181158525	7.75802693899	8.81530683039	7.60506429613	7.79029203664	8.95670303506	
-3.84703146	2.64781856568	8.99660343892	3.20749423499	-0.0930799357729	3.34783760225	8.30478096646	3.85709261597	5.79620371199	4.25038601851	4.28569400228	5.78768011362	
-4.04114238331	2.45370763916	8.72361278645	3.80944333658	8.94885527483	6.96192029142	6.57355815951	6.67878186067	7.22765333142	8.96451560927	6.87525768455	5.09456733478	
-4.06120585734	2.43364417567	8.55432594274	5.34696760044	8.99485173869	7.3387823399	8.55432594274	6.62182873982	5.21044989085	6.23107148217	8.99998412824	7.93548855846	
2.03019999827	8.52505002031	8.99999976826	2.42914617155	2.45268071339	5.47897676959	8.99999976826	5.74867729945	8.99906062123	8.90658565591	8.94398795173	8.99263133043	
2.49819018145	8.99304020557	8.99992751572	3.63746417357	8.94293052441	7.71414910308	8.58318179329	8.37854651491	2.89889429965	8.5619527109	8.56988963767	2.86299969851	
2.25748360461	8.75233362827	7.56271106118	2.51728643136	8.99999976875	7.7445956158	8.65654690323	8.16149568351	4.10102143993	8.99999976875	8.99899279744	4.05618287243	
-3.68101214566	2.81383788094	8.99999974402	2.83064465809	-1.02917293877	3.51071791717	8.99939923452	3.8329834445	5.02713709582	4.71534044101	5.76946844551	6.03743352689	
-2.88154432955	3.61330571173	8.80231375681	3.6748876831	8.65702677348	6.94938805525	8.80231348145	8.84149822712	1.8034832305	7.35594877282	8.16415258002	2.56785548415	
-3.79833107622	2.69651895147	7.44065922922	3.70587573139	1.99071101147	3.51983833112	8.99129602935	4.40107218843	3.06624557469	4.07977062067	4.32251136569	3.26515474027	
-4.03750273948	2.45734728265	8.89853674918	3.70075026611	6.8974730224	5.53139019502	6.08220284823	5.85019212818	8.99498180678	8.86295146441	8.22874641897	8.3169452168	
-4.04668876296	2.44816125493	8.52398422059	3.8851395676	8.99999966266	6.91747144499	7.86973932208	7.79523086005	7.23634681056	6.80407048043	6.91560202908	7.30404470546	
2.42241469972	8.91726472176	8.99999930741	2.42917263664	2.45274593311	5.47902267545	8.99999937673	5.74866929758	8.9999996736	8.96581052085	8.97514226018	8.9654998226	
-3.91733306749	2.57751696074	8.99774340928	2.97709492253	8.32383221986	6.13840471756	6.1454569705	7.55565293568	4.83489617815	6.82570854031	8.99996239577	6.96531845864	
-2.79286939203	3.7019806364	7.70339840757	2.72194592474	2.40172755112	4.4134878561	8.99999999441	5.17381214857	2.57242977454	4.839016236	6.01450906673	3.70409103815	
-3.95779204167	2.5370579627	7.46243114869	3.5273801509	8.99999976875	7.07147192991	8.69376653191	7.76145644017	2.0775298964	6.46961539898	8.99999976945	4.56407155343	
-3.89903530994	2.59581471639	8.88111828153	3.10568961329	2.94169229573	3.74103029667	5.84771044159	4.02792109685	6.37480098041	5.38936615698	6.89096166851	7.83256489846	
2.50514990989	8.99999993453	8.99999992892	2.48446790541	2.59276734733	5.48074298821	8.99999980429	5.83167617356	4.03529522389	6.47324299846	8.89861697308	6.41683761207	
1.64205159808	8.13690162448	8.99999992029	2.4288984403	2.60330297958	5.48073512105	8.99999824944	5.89778757985	8.99999977982	6.56063654281	6.57713288255	8.97266451758	
-4.01258706242	2.48226295412	5.73982724005	3.39629817799	8.99999976875	7.03707979277	8.96006681667	6.47058620911	8.99831629052	8.97564548306	8.99739373983	8.97626071049	
2.4388366983	8.93368671986	8.17620212045	2.42815890368	8.99987996418	7.74275760152	8.76876831366	8.97805388417	8.99999966574	8.40943184627	8.37754106279	8.92427729638	
-2.69044293413	3.80440709356	8.99999943177	2.4551061083	1.35356778674	4.46533064274	8.24537684795	4.88262729258	8.53010400287	5.81011423766	5.4059497317	8.08210793012	
-3.86272506293	2.63212496249	8.99999956074	3.38519208554	-0.0124137617979	3.33269666471	8.39548201358	3.869299047	4.02907473349	3.89544364007	8.77323163856	8.86303114835	
-3.43084161676	3.06400841524	8.98148598116	2.57839888222	2.74881247211	3.97893142038	6.94910929496	5.32619741669	3.26178018365	4.24423715856	6.63823553978	5.61194699712	
-4.06197686504	2.43287315582	8.87570552626	6.49752518337	8.99999976876	7.10078879968	8.87570552626	6.35717904981	8.99995927491	8.97707534831	8.99999600233	8.97904817778	
-4.02869308577	2.46615693022	6.13065676724	3.56021952023	8.60115785768	6.53048632316	8.81320424475	6.65843331879	8.56855052218	8.99917529996	7.25942206975	6.78496671811	
0.599873731385	7.0947237535	8.9999831647	2.42921165997	2.44870718445	5.47696760595	8.99999940077	5.74663048216	8.90495711085	8.91854773277	8.99004085031	8.93261862711	
-3.81591125288	2.67893876187	8.26042885033	3.30271619103	5.84534178526	5.13575283628	8.99999975659	7.8714213435	6.20378700199	8.62130651056	5.4192679941	2.95791692878	
-0.682641759984	5.81220826537	8.98001898844	2.51377309539	4.05854163595	5.56717460207	7.74162026463	5.9033531784	4.93700502736	7.55706269305	6.73720123006	4.07331197673	
-3.777986325	2.71686370194	7.56941448222	3.03522289463	0.485501754434	3.42022786876	8.99999695137	3.80358240527	8.60322450531	8.35037239901	4.32537422224	4.53439475025	
-3.8957206837	2.59912934288	6.15788844491	2.94678071405	7.28240637815	5.78338449487	8.29933047815	6.21358007026	6.58438596311	8.4010625239	6.85122828559	4.99072015229	
-3.68499810121	2.80985192894	8.99999666907	2.94800414417	2.24783887991	3.66347087223	6.30673101439	4.1472115227	3.39386207344	4.29818789003	8.05466731423	7.10650992292	
-3.77645139356	2.71839863286	8.99970180643	3.47517348353	0.916723193575	3.43087288366	7.6921208431	3.90661945768	3.68337774356	4.32865575255	4.48003908166	3.79092949452	
-4.02091324135	2.473936783	6.805153394	3.75157812231	6.82233680384	5.50175856572	8.64448256561	6.22275604678	4.10934027492	6.25303020118	6.38426961908	4.19674813733	
1.68215226262	8.17700228574	8.9832949611	3.01523478593	6.60174869539	6.58140635723	7.98702091175	7.17954338807	3.05214255402	7.42412233252	7.39784740659	2.98203609357	
2.49854719491	8.99339721609	8.99999973366	2.4281663582	8.96473972642	7.72869320245	7.2933053986	8.30530525424	8.13708584289	8.96328741176	8.48613380109	7.61610066958	
-3.72146555963	2.77338446726	8.99293075724	2.94023961372	-1.00076496821	3.4707086942	8.95489052859	3.74022798452	6.82493820256	6.7698637445	8.75658234237	8.7678252344	
1.5867213556	8.08157138088	7.94219353949	2.43182324639	6.20478350086	6.3936102077	8.9823959239	7.50805947735	6.89008356886	8.99990664323	6.73376241535	4.58010779158	
-4.00750244317	2.48734758102	8.6708639979	3.54827022645	7.59075277644	5.87292216537	6.51163404594	6.55617839283	4.26424912888	6.77264832993	6.79532970723	4.24309896504	
2.50514974512	8.99999976832	8.99986140837	2.42892577299	2.54776165572	5.4801327361	8.98308303973	5.8257675877	8.99999999839	6.80996200159	6.83093249589	8.97713889796	
