0.275169330435	6.7700193575	7.88756371215	2.42821855023	8.80822301986	8.99904622499	8.96666621514	7.43930814402	7.17689662982	6.82880916157	7.09962833634	7.40388424005	
-0.706084118657	5.78876590836	8.99418240141	2.9947958912	-0.192207381383	4.50139019718	8.67211227326	3.18202118136	4.03943675835	3.29610626167	3.29379177951	3.99329070621	
-0.542281517891	5.95256850812	8.99747727965	2.73091017266	1.81201298194	5.040725408	7.0551040487	3.29707870568	3.83782186296	3.30015422684	4.01871850462	4.51255457308	
0.268898069617	6.76374809285	8.63173658678	3.55350434186	5.97329515086	7.24460084365	8.6972661989	5.70831273007	2.91914048933	6.0654113123	6.57345622091	3.38335383114	
-0.566128865452	5.92872116256	8.99988699563	2.77258374965	0.153162655207	4.64625526448	8.17182109304	3.11015170163	8.99855215814	4.53854477448	3.49233550855	7.9085113315	
-0.552301411255	5.94254861478	8.46304681721	2.77095423674	-0.154883306266	4.65264023156	8.99987026906	3.08855929369	8.40862973501	3.62890228612	4.26053482124	8.99643069379	
-0.693258736125	5.80159129127	8.99911870559	2.86475337599	1.63752213061	4.88902153038	8.99999976872	5.08698567207	0.938356833127	2.76265520159	7.59032616793	5.72219623186	
-0.60155830056	5.89329172232	8.99970814332	2.74526828481	2.51258510246	5.56912581911	8.99943838769	5.40145751004	2.93818113456	3.03629428663	3.39898015133	3.25703543056	
0.275379779474	6.77022980057	8.99997350217	2.94621590494	8.98035904008	8.97319143004	8.97525581119	8.24030100376	4.42765211386	8.60518514483	6.82286167921	2.60149707514	
0.275925226451	6.77077524979	8.99962959489	2.42844371742	5.77854704136	5.62813087842	8.89671258953	8.82243461236	8.97592456223	8.98043030673	7.50133396288	7.45299664426	
-0.847511618381	5.64733840348	8.80338912046	4.95901987474	4.09883975817	7.13494275935	8.92726832616	2.93965455314	6.21994416171	3.19310184773	3.2291573877	6.21216813213	
0.0684536077936	6.56330362949	8.99893664022	4.6167975301	6.20398751628	8.85274767393	8.99999715722	3.93749609252	7.28985276202	8.72301505929	8.99999979561	7.52300592845	
-0.686773992349	5.80807603553	8.99932635425	2.93476357893	0.613918438636	4.56538529237	8.0916088006	3.40882469786	2.91618183833	2.90239755083	4.65095875433	4.62091147224	
0.275532778009	6.77038280162	8.99594528517	4.1229911154	8.99707795273	8.75356521668	8.986231059	7.30681795048	2.75639249222	7.48253515008	7.89465951554	3.12468527644	
0.0310766163643	6.5259266393	8.95052401385	2.4634589584	1.72924662161	5.29369126993	7.80049933643	3.92723972305	6.05571066826	4.87463906975	4.89389466596	6.03113469896	
-0.0272748879944	6.46757513382	8.99999872582	2.47471284624	0.236950364209	5.17382412947	8.99999872582	3.79253082295	8.21937265416	4.87150483785	4.75834381916	8.06238006843	
-0.756267688064	5.73858233751	7.69764923134	3.07891730761	1.04572585906	4.59651055323	8.96199767929	3.23406488519	6.36578582321	5.44752019637	2.90029543103	3.77472948998	
0.265700497536	6.76055052421	8.30362251619	2.42888075369	6.53482892379	7.96471623727	8.29043883644	5.93941324422	8.97601007798	5.74914142229	5.78077738772	8.96381450724	
0.275349757517	6.77019978475	8.99967966575	2.42819790095	8.9467475493	8.97400214912	8.91786494969	8.66621208255	8.99960197651	7.08140461617	7.02537299093	8.89973879465	
0.226588406558	6.72143842954	6.98235217145	2.44094684424	6.39379245575	8.49299047216	8.99918563629	4.64551292216	8.14198775536	8.52491771906	8.99028086502	8.5635193465	
0.256238716179	6.75108874112	7.47560324997	2.43048053275	4.62529001338	6.39161781818	8.75962304697	5.24253794229	5.74401918266	5.52597471867	6.55640118428	6.73061406891	
-0.420489777908	6.07436024382	7.76495690573	3.68532406579	5.43831927778	8.4102069733	8.81472752112	3.12659264835	8.51023017377	8.88124039312	5.68882681617	5.27398502685	
-0.11586541105	6.3789846128	8.94315463238	2.52645157732	1.19873836851	5.12018968654	7.8586155608	3.55798727782	8.97078393919	8.70266460553	8.77571214715	8.99999991406	
0.275430259659	6.77028028568	8.99385747938	2.71082872875	8.97526344149	8.90337034312	8.61770681626	8.176748635	1.52334816981	6.84645647916	8.99548320584	3.62854334005	
-0.562513926451	5.93233609555	8.63951158306	4.72448761271	3.93203896446	6.93550955487	8.83939330856	2.95506667131	5.42533588217	5.47355641259	8.82288430773	8.7308322069	
-0.88194202163	5.61290800028	8.87474272156	3.49916728055	2.72342975462	5.7768214159	7.73525083146	3.26155459358	4.32004453727	2.93263452324	3.03514690111	4.37872534546	
-0.816660939263	5.67818908353	8.4684303974	2.88667407538	1.85987270467	5.00939190859	8.7152228023	4.35157990114	8.77152576753	2.96429261152	2.95034398265	8.71374556935	
0.177455143315	6.67230516523	8.99880666352	4.02683422769	2.69172742292	5.54977380304	8.99999976879	4.31804581791	7.17765544232	8.99999976863	8.99999189497	7.13381597957	
-0.207845819918	6.2870042047	7.35781939357	2.5246523577	1.61460374938	5.11480536702	8.99147311689	3.52855851406	5.7583939123	4.25516863052	4.39693356765	5.85632728118	
0.255857956798	6.7507079797	8.26181663093	2.43163674614	2.98059122518	5.52564061104	8.55725402633	5.04650450803	8.88741649409	8.78502668307	8.72612172898	8.78467996694	
-0.942846949601	5.55200307348	8.83026419638	4.10028128649	1.01798125102	4.46975711059	8.99061338472	3.47294041521	3.63360986319	2.54134480571	7.59552306869	8.64395655721	
-0.50775077307	5.98709924942	6.65355621529	2.81164586952	2.97095523329	5.98486384012	8.99999783765	3.03211955785	5.20736819565	4.48983514484	8.31869024394	8.99239172559	
0.275738382817	6.77058840589	8.34758099354	3.14958703647	8.93559096049	7.37652922641	8.9932984219	8.95447409808	2.49194299393	8.6015102077	8.99462733934	2.84122854685	
0.275560603863	6.77041062639	8.8188991124	2.42818625224	8.99999476146	8.69532849769	8.8188991124	8.71839821832	8.98928371944	7.53353530283	7.28909137123	8.70100821705	
0.151446454052	6.64629647473	8.99992763074	2.44607850555	0.857266868549	5.3536473098	8.99999976954	4.26158843506	8.91401665389	8.4184623218	5.09631042021	5.54803318897	
-0.253194158155	6.24165586411	8.89274302829	2.61024413827	5.47529628781	8.39250383824	6.77820075946	3.34761208073	8.99918980133	8.82214885209	6.73573065279	6.86894003336	
-0.41702396817	6.07782605315	6.86970700018	2.78014015763	3.00727843018	6.00495902485	8.90962597123	3.20563220394	3.92855350571	3.88609209213	5.83823934529	5.83686918519	
-0.466884193867	6.02796582786	8.96217951424	5.05084324635	3.50870217651	6.49892357373	8.94281943424	3.06805428826	8.69258721921	8.99999997412	8.84857516671	8.49733084071	
-0.859603050817	5.63524697103	8.64801431923	3.3312710362	5.87458092439	8.91095049935	8.24515474229	3.72964843253	5.84573166684	5.05930249524	2.65854326265	3.40114086483	
-0.889913851918	5.6049361725	8.89321176891	3.10897092431	1.05013619241	4.51334002591	8.99994338868	4.52510037733	2.48448479936	2.55008089024	8.99533323394	8.88590557588	
0.265616890035	6.76046691512	7.24728381894	2.43203214566	7.17739129275	8.60973581095	8.96511661154	5.55214373332	5.4636075932	6.22868537279	5.95255574289	5.14364641602	
-0.8756999715	5.61915005062	8.93793191293	4.08079701717	1.85116639226	4.99312943851	8.93793191293	3.8572237442	6.00777372249	5.44010206575	2.62985899636	3.15369908391	
-0.752605014737	5.7422450094	8.73768749445	3.45526751862	0.0299819359933	4.46292017541	8.83656212719	2.8901638415	6.47962824683	4.71663061417	3.28158135966	5.00074742657	
0.214373401868	6.70922342607	7.94277753974	2.79743637718	3.233294183	5.71927242509	8.99999971001	4.86348261246	2.65756513255	4.78756828644	6.51132722533	4.33749249568	
-0.483279896226	6.0115701293	8.99560513433	2.67303086529	-0.333210654455	4.7185989488	8.80609817201	3.28098281706	4.32346482465	3.40952891548	4.69208257017	5.56218691019	
-0.633434942572	5.86141508053	7.30810446255	2.97650047039	2.20043181156	5.30085242708	8.56353012591	2.99883348296	4.49353358968	3.64782267516	3.86345057792	4.6653299233	
0.275739790452	6.77058981386	8.99991372454	2.48029266908	8.63577263261	7.15030643985	7.27935041532	8.48855764984	4.04672711835	8.9999905722	8.99999967984	4.00290464397	
-0.635959440257	5.85889058414	8.99743067235	2.98930684707	1.87466775506	5.05557933132	8.82315632392	4.85448855178	1.42625198732	2.8386715249	4.56093561895	3.10468451247	
-0.261500295634	6.23334972662	8.97324318682	2.62146219172	5.16360017621	8.0844049625	8.87723579639	5.51233198705	4.05901170484	4.31129211883	3.3825433123	3.08643132914	
0.24818519162	6.7430352152	8.98256138423	3.14718780208	4.65746814134	6.55158298378	8.18333741972	5.32871614004	2.32424275254	5.07636928203	6.96827588511	4.17231778507	
-0.258357296562	6.23649272838	8.35002093046	2.49739059427	6.03890722916	8.95815228707	8.2263117986	4.36381705535	6.26223550556	3.34064999207	5.95722133803	8.83497528363	
0.0801107248797	6.57496074746	8.56781799944	2.62637976325	1.46716449315	5.30594466842	8.69727279298	4.00405083502	4.08267524221	5.0955487363	5.87478828747	4.81808322616	
0.26628355545	6.76113357935	8.99480243061	2.65201975548	3.96419522598	5.72362938276	8.72705513811	6.51452363743	2.47688237071	5.48891563318	5.99590386323	2.9400390279	
-0.795702013814	5.69914801044	8.94130604411	3.7643682776	0.00163169603027	4.42058376385	8.93703456916	2.89914024693	6.29385361743	3.47779918543	3.32226519143	6.09448805521	
-0.498451098111	5.9963989241	7.62010000374	3.03247894625	5.52153337569	8.51100682476	8.22755647936	3.02982406914	8.89840688759	8.80604082803	8.63683277202	8.6853672634	
0.249541401899	6.74439142387	8.81042633377	2.43271535563	2.37728607467	5.47265097728	8.8645347188	5.35100077689	8.86480488153	8.99987308152	5.12817408341	4.94927431426	
0.134704076739	6.62955409889	7.63658478313	2.59606718463	3.75575584576	6.31590159662	8.4628642399	4.1473560719	4.74651659991	5.86881543045	8.11711058342	6.95098017842	
0.275365704726	6.77021573134	8.96239815	2.42819713791	8.99036691437	8.99969308717	8.99888202934	8.72787684083	6.90707026864	6.74928332456	8.79553221981	8.90948760082	
0.253515105107	6.74836512828	7.74965757617	2.84375951686	5.66822479662	7.44022888235	8.9208613462	5.25887529924	2.90638792901	5.41302154237	6.03926693996	3.48880175949	
-0.103070068979	6.39177995608	6.7323590316	2.51959490389	6.16446474524	8.99881805298	8.99778711844	3.58031790258	8.97468828096	8.69913011537	8.58288132205	8.81460794856	
0.140235535764	6.63508555962	8.99974247537	4.10691207352	2.7598037572	5.60112408246	8.92812842531	4.18375848561	7.33912849234	8.99997976735	5.42627608021	3.72159322759	
-0.908524301682	5.58632572232	8.99498107951	4.31575157058	0.836757943074	4.43160126546	8.99498107951	3.28348724512	4.60418660038	3.33821475128	2.7537438417	3.97588412122	
-0.406934218656	6.08791580395	8.94101776022	4.78560403956	2.59898700284	5.63458771085	8.81844540224	3.14237839604	8.5600306391	8.99973572462	8.45959375187	7.97605709751	
0.15809948011	6.65294950292	8.36055552864	2.54872954367	2.37174973244	5.46659128735	8.87229056184	4.79339497318	3.43397403285	4.69482585169	4.60989088255	3.30520749385	
-0.736138406644	5.75871162174	8.99972907411	3.06190473141	-0.452815969905	4.46755160523	8.99999976687	3.22157650938	3.52713706128	3.00730487354	3.57883753372	4.05483815047	
-0.468998600894	6.0258514249	8.99999364858	2.79536919367	0.33747455264	4.74577568139	8.06460906727	3.06505238844	8.54430778	8.03873646339	8.53712037054	8.9988600842	
0.275723673439	6.77057368451	7.84878402679	2.42817866215	8.99999974349	7.77596495452	8.98135606428	8.83011622492	8.83677279133	8.28645921351	8.46780910824	8.97429110031	
-0.25328511822	6.24156490604	8.25385046761	2.5695299715	0.71988839248	4.96572907011	8.70472311599	3.34732291344	8.47689382017	7.67340388765	6.28509372444	7.04475209161	
-0.649916180573	5.84493384112	8.33282686139	4.66674549951	3.78754586132	6.80448394849	8.99997805999	2.85324131837	8.74979531448	8.43643795729	8.57005389418	8.83957967972	
-0.490030955234	6.00481907122	8.58394328427	2.67371087048	0.247597484793	4.72248745051	8.59587509957	3.2353375232	8.92071705499	3.72136058623	3.79689671275	8.95242161734	
0.275645618619	6.77049564131	8.77594252708	2.42818233506	8.99998869876	8.42612420957	8.64909847966	8.7748431424	7.00762882191	7.35716413011	8.82740238115	8.43403550262	
-0.844979354559	5.64987066725	8.63468300064	3.68220432273	5.89304894945	8.92824179753	8.86083977021	3.98224558266	4.00332465435	3.58166650791	2.70709010334	3.08491668022	
0.229973297667	6.7248233189	8.97722090961	2.91684164934	2.17506617777	5.45587842489	8.99936126912	4.98304826631	2.5911422539	4.92499174908	8.12870613287	5.75102506708	
0.275814528409	6.77066455259	8.96114429219	2.74169012524	6.51461459764	5.92267013526	8.96114428909	8.97666289647	1.64167464771	7.56765535851	8.99999996921	3.03018769048	
-0.771465581737	5.72338444415	8.1795387124	3.15842407127	0.556305074129	4.48511073408	8.83997576772	3.13640472637	3.64740068285	2.89592052462	4.41889236301	5.12654095173	
0.275493357432	6.77034337921	8.71762317082	3.98818326142	8.99959537686	8.83031638413	8.86756447264	6.97040337221	4.51631508531	8.99842568092	8.99023149706	4.46428930192	
0.275411551742	6.77026157648	7.35594506323	2.42821978417	8.98565881929	8.93893003631	8.98848954287	7.16706358645	8.99536325298	8.97910378848	7.12183006502	7.09425795288	
-0.591448015703	5.9034020073	7.97771840171	2.81873455672	2.25213505382	5.34567817199	8.68723347844	3.9567941859	2.12067061612	2.91818027409	8.99997361129	8.15863238431	
0.275797819348	6.77064784308	8.99983200916	2.42823925458	7.7818401876	6.24377798161	7.39453705377	8.70831199531	8.99998272151	8.99648354454	8.9999002698	8.95956787442	
0.259829621717	6.75467964885	8.99987137334	2.42997163116	3.78251077567	5.7372482357	7.42157104821	5.24085331097	8.59548437988	6.02796305788	6.26519853086	8.78888827111	
-0.601127307269	5.89372271509	8.99999836067	2.90505891456	4.53516522669	7.54317064211	6.87224092912	3.16329494163	3.920737751	3.52933059686	3.55409814773	3.90167373226	
0.0684745961294	6.56332462101	8.6086688564	2.45100619399	6.25599347138	8.90470653751	8.82279366829	5.53586324117	8.99999987794	8.67344441909	3.94864033954	4.23136423389	
0.276094221952	6.77094424385	8.96363014886	2.42856196124	5.5972273357	5.4874002138	8.96362869382	8.81264398316	7.04975437846	8.94099668547	8.93641865531	7.00134477808	
-0.354678611696	6.14017141345	8.29739886621	2.55598187087	0.512204509894	4.86129215472	8.99973662142	3.59618594931	8.98943823486	3.70920905475	3.72590386305	8.96230147852	
0.271135700485	6.76598572281	8.69008764559	2.57582286408	3.28123144847	5.50520386893	8.58655233565	5.68096467973	4.40078344977	7.06618639784	8.92581621797	6.21658169829	
-0.71783544527	5.77701458368	8.9999919949	3.0707927925	-0.586228379923	4.48420279398	8.95403242699	3.01692042678	8.98565909845	7.26162463212	3.14809234241	4.82829524494	
0.275567341738	6.77041736002	8.91079544717	2.43505141301	8.99999999861	8.67908367243	8.99800018806	8.99878054134	6.08507763327	8.92903779968	7.1262789946	4.23848724838	
0.234490428086	6.72934045809	8.64813029458	2.4316152648	6.485969635	8.5129289721	7.98605318047	5.37972883421	4.8096283145	4.7906452182	8.99948069317	8.97463224112	
0.259908610362	6.75475863213	8.99986521851	2.43000157912	2.08895168203	5.46594155778	8.95737793303	5.35437167898	8.04674265551	5.89191213188	5.79786806531	7.9088670202	
-0.748039690201	5.74681033189	8.55941438979	3.34658162149	2.80731863492	5.85112463734	7.90981121963	3.28295796782	3.42149980663	3.17673653022	3.16599214244	3.36692384891	
0.275716650032	6.77056667233	8.78282175451	2.42818088277	8.99999878598	7.89000640442	7.32422458897	7.9929778427	8.97817397353	8.95398002813	8.89434393773	8.87470627619	
-0.77810090925	5.7167491136	8.99818076866	3.55441799265	1.96717132929	5.09862711639	7.66369564897	3.18012261873	7.734666387	7.19689394159	2.89007247803	3.38401335395	
-0.902908458198	5.59194156377	8.99673338125	3.85677398693	5.96038909578	8.99999992366	8.58131319521	3.88578174515	2.62420423152	2.6165201153	3.46392598745	3.42777853384	
-0.777400230157	5.71744979198	8.65355826695	2.80830901718	5.48912710758	8.51831016233	8.65355826695	4.673744444	5.30839777299	2.67259396124	5.6256435144	8.21761575683	
-0.296972399015	6.19787762746	8.96952057831	2.56182267091	1.53920992217	5.03907313884	8.26056478487	4.37251945182	3.11490324144	3.41082957385	3.9065437748	3.56678587566	
0.275725629494	6.77057565131	8.77097201974	2.42817905245	8.99999984248	7.73995363188	8.11078865474	8.91774781937	8.98410310506	8.7172623206	8.23268844739	8.4556976532	
-0.347518048615	6.14733197356	7.03220652764	2.74467098338	4.34617646323	7.29901535798	8.89690270654	3.43571933833	4.316758651	4.46624992987	3.68496493709	3.49164208826	
-0.580966456953	5.91388356607	7.25174584191	3.40305958892	2.21189173995	5.31381123114	8.99947517891	2.95036192089	8.89961025742	8.74948774985	4.3219665008	4.42825744017	
0.264905469458	6.75975549215	8.71350129947	2.54151259894	3.00237403803	5.50570489905	8.50090814665	5.37368596875	4.06602028521	6.29881512323	6.62699994417	4.35037353399	
-0.428571831874	6.0662781936	8.87569826956	2.88404439841	1.80987703967	5.07781707174	7.32456021019	3.25239402602	7.43540269496	7.50999518991	3.68206417181	3.56364010956	
