0.273605536417	6.76845555823	8.95330002141	2.4289271459	2.75865920985	5.4773682159	8.95364034105	5.96342419904	8.94793812544	8.8674284208	8.63642553676	8.67310367176	
0.243528210181	6.73837823265	7.16699541549	2.43389187174	6.28368177195	8.20809197838	8.82554272479	4.83835604839	7.52868676264	7.58239365685	8.44720517067	8.34966669835	
-0.311992810921	6.18285721152	7.64054405543	2.51548031174	2.71226275048	5.72063656052	8.98957476743	4.3103846823	3.65114674011	3.27392274197	4.92476675725	5.25815918648	
-0.613606120181	5.88124390497	8.99909461474	2.98810777927	-0.349842006314	4.58965456258	8.62686096102	2.90247120951	6.58923686774	4.58149851507	6.7158144819	8.67972125858	
0.244468997284	6.73931902151	8.9998971764	4.26807663435	6.59025956326	8.50189339307	8.97202639009	4.99633307842	2.84292468548	5.35645620747	7.48016495385	4.92280186856	
0.275585648267	6.77043566935	8.99468376877	2.71932606422	8.81349339635	8.44571638779	8.99999979933	8.84725449684	3.95145729105	8.35566012303	7.19697750884	2.74894310563	
0.275175178495	6.77002520018	8.99999905421	2.42826667181	7.92361530546	8.11142039314	7.02171008701	6.60975738097	8.97108105104	8.94637032841	8.9655361044	8.94641522435	
-0.601040971494	5.89380905104	8.99997284517	2.98458517618	5.95503084429	8.96254935977	6.69724379529	2.90923292831	8.76327476062	7.61326345143	6.6116920909	7.71787183437	
0.0224070550062	6.51725707627	8.99971305196	2.53293626613	0.523142343782	5.22503669295	8.9999747376	3.9689771559	3.83501385434	4.43970544479	5.01998455603	4.37146140169	
0.271959716535	6.76680973966	8.11505317483	3.23787800473	6.06584288733	7.0852142909	8.86824922938	5.93017297666	2.90816410914	6.28724860225	7.82331772364	4.40040166055	
0.0463177103134	6.5411677356	7.33948161712	2.4768908838	6.22848053132	8.91114114156	8.49738983767	3.88143993884	8.83145188393	8.74429685466	8.90971034733	8.95303381004	
-0.798522247427	5.69632777484	8.99999979998	2.84092506962	5.71819165026	8.74935608178	8.99975629559	5.33178657619	2.30515154472	2.64516861879	8.99999967987	8.61615103664	
-0.418817484714	6.0760325415	8.84927760451	2.82615380999	0.793866258766	4.8194757477	7.93188744415	3.13352172958	8.87984944366	8.78402404725	4.95884535572	5.01083917763	
0.192792878277	6.68764289883	8.99999966422	2.43879919511	1.02862309506	5.39476542058	8.99999459155	4.39917271784	8.95967650518	7.66167568699	7.74560681658	8.99977606915	
-0.684188998771	5.81066102342	8.99990092779	2.96047231264	4.58806504786	7.60735251414	7.15211450016	3.37637563113	3.27624584756	3.06668353015	3.47240671967	3.63813746736	
-0.370591028878	6.1242589938	7.26400424395	2.53651800365	5.71657649538	8.67489177672	8.99970484068	3.97299578099	8.69354807413	3.39728455904	3.74756769577	8.99999964179	
-0.763389988176	5.73146003682	7.85128974958	3.26347471414	0.948707081971	4.56454282075	8.95110995632	3.12720923132	4.35270901008	3.61149910548	3.04042530301	3.73780363798	
-0.933593198439	5.56125682456	8.98087503334	3.50243404184	0.988328286589	4.46404062224	8.50559560363	3.71244423994	4.54484408382	2.63103051495	3.25040147205	5.12038347154	
0.275210606593	6.77006063385	8.9990114441	2.67153065651	8.84137787145	8.99984187331	7.83129866217	7.20443542058	2.59011883564	6.8009714751	7.57564392076	3.32095971499	
-0.747969973652	5.74688004848	8.6524890498	3.58876166449	5.05476994959	8.08105402996	8.70482014764	3.94638343478	2.6608920051	2.91000350944	3.23680658074	2.94386350684	
-0.787665755253	5.70718426695	7.67797237117	3.39592186497	5.96985644579	8.99999958978	8.98170317712	3.43773052009	3.88694671661	3.48869335704	2.87373418761	3.22815597775	
-0.682399039422	5.81245098352	7.12978760172	2.87826334197	2.27560739038	5.36125705763	8.9923492295	3.36234380266	4.42727874702	3.69954059008	3.04045328761	3.72435987525	
-0.722121340167	5.77272868257	7.17425539158	3.33199908585	1.9617144426	5.10233880501	8.95322850996	2.85898043352	8.61420755201	5.53229742377	3.51730813166	6.55538669207	
0.273117698036	6.7679677198	8.76228766275	2.42860327051	8.12490066936	8.97465919248	7.25385456739	5.94190041684	8.99908385775	8.99794003289	8.99914602443	8.95645828437	
-0.100761767764	6.39408825503	6.81908783683	2.5222689775	3.86898139388	6.71230064779	8.99997455904	3.65759414718	7.01799092242	6.8971019133	4.39417853969	4.47123597604	
-0.829804308486	5.66504571362	8.96551267597	3.19259044459	5.55233638398	8.58627679153	7.28071293521	3.2238147411	4.03710455117	2.74636266977	7.72974449476	8.97665480669	
-0.746324937468	5.74852508769	7.56091533749	2.91038984438	1.42903897622	4.75455938258	8.77841431442	3.30753937841	7.41985549064	3.01806215191	3.35798080016	7.71594257093	
0.274226127454	6.76907616369	8.19523550547	2.42846796206	6.80246947613	7.42061958352	7.87673169562	6.22946894099	6.86871409363	7.11375494709	8.44632538714	8.15745326739	
-0.734184070463	5.76066595493	8.86799826171	3.2978749939	-0.176834401659	4.47433732408	8.86799826273	2.99106978345	3.97594821455	3.23177993522	3.71358758742	4.41392429683	
-0.0913918016125	6.4034582224	8.999567555	2.49540589244	2.43676911419	5.49273929654	6.94828013851	3.60059159857	8.99905359256	7.04261522669	7.08727102695	8.99987782346	
0.276017813091	6.77086783622	8.19128442185	2.4302296263	6.36624227043	5.58366653388	8.97455155714	8.72230207246	5.56309521075	8.99939093803	8.50684830432	5.02672100286	
-0.578516901217	5.91633312612	7.39243011101	2.84219949428	1.3966045401	4.82487698529	8.9911435278	3.31722167407	3.62981041246	3.39275480005	3.50315661007	3.6963806547	
0.183195211881	6.67804523459	8.99776488909	2.44277551512	2.17188122764	5.43805736105	8.4506987161	4.94363193679	8.32726507266	8.39826028564	4.47336789848	4.35854111881	
-0.942806474084	5.55204354769	8.65828541113	3.4949641095	2.90408244851	5.95514639436	8.48298952366	3.79936686198	6.16126985235	2.73494737751	2.95434670599	6.33683761124	
-0.938715642811	5.55613437901	8.96054949668	3.43590070898	5.94585112041	8.98789427481	8.14837128254	3.83509689801	8.16694748304	2.58024125318	3.4180845419	8.96095920223	
-0.359228980832	6.13562104458	8.99996961875	2.76822643216	-0.153226374797	4.84286746905	8.99996961922	3.43973894096	3.79720366948	4.00344721712	3.76069533156	3.51062021563	
0.275734809778	6.77058483175	7.16819761272	2.42822551568	7.22158250959	6.41609572953	8.94105511349	7.69063398082	8.99995499343	8.99313736118	8.9999978244	8.96298387117	
0.268538240822	6.76338826378	8.76840542682	2.4312666124	3.26228926937	5.51825224043	8.30575923673	5.59105506228	5.6362618452	6.36742636824	6.45407379063	5.67907769572	
0.275671675607	6.77052169441	8.99999071831	2.95740024936	8.85547608358	8.15090825034	8.99999071831	8.95126901343	4.11248957705	8.99967057915	7.52747200557	2.59645942181	
-0.79366668626	5.70118333581	8.99993655715	3.76775207247	2.87989588199	5.92393733071	7.78244822971	3.17471124796	3.53653137023	3.15724593256	3.1378242264	3.47327809416	
-0.594467668389	5.90038235389	8.90297993534	4.6917119026	2.58035928831	5.6298284425	8.83034832099	3.19626718125	2.80605054297	3.19645186549	8.99998914848	8.56575625677	
-0.698966101227	5.79588392066	8.56672415371	2.96719456593	3.21204584218	6.24072264952	8.07324467418	3.84821743697	4.14393638023	3.81065727882	2.88251900965	3.17196654158	
0.27178297254	6.76663299503	8.55818741794	2.47821041741	3.21116424962	5.49680167645	8.7784124639	5.77687202052	6.02284143735	8.30659618737	6.68571453029	4.35812820898	
-0.743921661022	5.75092836093	8.34463232128	3.54968905518	3.98043937335	7.00741400406	8.48053112094	3.45261973882	3.18800668305	3.13899785016	3.10935324351	3.11453050661	
-0.62295300905	5.87189701411	7.7342038484	2.71961355605	5.98922370299	8.99999998265	8.8718097049	4.079743698	3.42416492043	3.09023120437	3.3110132053	3.60111535285	
0.27575797442	6.77060800072	8.99989557375	2.46276048816	5.80746178844	5.77428958976	8.99996621298	8.77439347205	2.11963941041	7.10037690713	8.99918029866	3.97461123416	
0.275846884926	6.77069690805	8.87874949628	3.01421727786	7.19137179278	5.96979477342	8.70973334182	8.99996256237	2.89165142814	8.63693364032	8.45732472272	2.66821093648	
0.274875929294	6.76972595599	8.927496011	2.43157843418	8.61544703273	8.98526905925	8.67170028007	8.00191580103	3.33808843613	6.40536349419	7.91151119955	4.80040458088	
-0.591085311688	5.90376471385	8.87688041196	2.75710462915	1.72179972623	4.97271256335	7.12034391489	3.19332683704	8.99438229403	3.51341301184	3.5480571256	8.98519484072	
0.260598920435	6.75544894344	8.88605442672	4.1539365965	6.84026307691	8.44503743831	8.92853175221	5.25999519612	3.36538094476	6.10606212898	6.3045311688	3.52001842647	
-0.59742833061	5.89742169422	8.93713410971	3.44758928182	-0.108672044051	4.60923673833	8.93713410971	2.91289013111	8.8583144765	8.61648859136	8.76284279273	8.96083711758	
-0.461343594037	6.0335064301	8.90807119673	2.69587595378	2.04358983011	5.20556573749	7.156954016	3.41129333023	3.34054883034	3.29899291312	8.99875766045	8.9964820099	
-0.924943524885	5.56990649758	8.85573222953	3.43660187295	1.53738490575	4.75326006826	8.224530327	3.63190550217	4.52359139935	2.54536166587	6.6629028928	8.5973010574	
-0.499974438691	5.99487558358	8.54904986852	3.1599331176	5.00052402884	7.99045956842	8.99984583757	4.60314703087	1.95064039027	3.05467913076	3.93709451999	2.78922421012	
-0.769409513073	5.72544050892	7.84945312651	3.92904808297	4.03372299551	7.06309776873	8.96496175507	3.06011200777	3.20159432403	2.97779304109	4.0772043375	4.25717405075	
0.0606376595151	6.55548768305	8.96935957335	2.68893956999	2.01539227481	5.35986445931	7.94310679172	4.08317458961	3.35798695774	4.50975696793	4.97086188706	3.77526031073	
0.266973172756	6.76182319634	8.64794898728	2.42920020964	3.66789448573	5.6067561068	8.20405990118	5.68806704025	8.99999429553	6.00413399868	5.98993076148	8.94195948329	
-0.606277043641	5.88857297858	8.98448734462	2.80725063335	4.24930777499	7.25854146573	8.99840953354	5.37053253605	0.640516812299	2.86075782967	8.6254990123	6.36142642549	
-0.751731438245	5.74311858762	8.98034219147	3.18048447969	-0.289808905994	4.45479412506	8.73341659291	2.99279125331	8.28472447105	3.15074330539	3.77371200716	8.86386159962	
-0.478978729627	6.01587129378	6.84854975485	2.76909351856	6.01459918232	8.99998251045	8.99991667308	3.2981095611	5.22503395973	4.97633556067	3.43003869061	3.63490552315	
-0.661928078178	5.83292194478	8.99846170852	4.72983215329	2.05400878982	5.18161484988	8.52564773618	2.87079121164	5.82415051595	5.49943972789	4.01058617267	4.29146539232	
0.265846401078	6.76069642804	7.95802925778	2.44799503774	7.56152852855	8.98384585915	8.59382586071	5.8856627215	3.47351362282	5.48688317063	6.98224461994	4.92504350987	
0.275723047514	6.77057306327	7.80054888538	2.42817919437	8.99998668483	7.78747571444	8.58525209328	8.37425276048	8.84158375774	8.48181026179	8.58308723046	8.89902912854	
-0.491811832285	6.00303819048	8.88144358313	4.76938989749	1.9266959528	5.12405159504	8.91882942766	3.03764745022	8.39447893006	8.6372174194	8.99202784677	8.70545779168	
0.229853517456	6.72470354068	8.99778601923	2.43323174528	5.22242113768	7.29893286791	7.01176414048	4.7039266712	8.72968373508	6.09236094103	6.26886094761	8.86235215989	
0.26653899024	6.76138901883	8.99951778451	2.43326364948	7.08061224277	8.4720779413	8.73781130719	7.11671971184	3.73405629536	5.43244123339	6.20218227426	4.45996577534	
-0.281584428452	6.21326559694	7.68362109365	2.55868558917	1.34003901215	5.00470938811	8.72100545503	3.38539055992	8.30774608716	5.63713930145	4.10181658546	6.72859180737	
0.275397040995	6.77024706719	8.97159128413	2.42819518048	8.98640350946	8.95820237026	8.97159128412	8.74730849963	8.88408577089	7.03114485517	7.18756452049	8.99667387289	
0.256407711776	6.75125773339	8.93612767207	2.44022322632	1.88222700911	5.46054516232	8.93612768208	5.05783395735	7.20678506629	8.12567273472	8.98804716261	8.02532792624	
0.166751064359	6.66160109474	8.34577327197	2.44245561682	6.58425961945	8.99999974035	8.99916243193	5.69085993038	8.93971945235	8.93537135352	4.28555212889	4.24606867362	
0.260877049904	6.75572707237	8.996898197	2.60663630075	2.82871034828	5.49827021892	8.41736212386	5.34218413204	6.64606556182	8.86872052571	5.66210015651	3.39561362109	
-0.774316076397	5.72053394984	8.99988599945	3.24982732077	1.00134840741	4.57126044362	7.61923039294	3.00349701273	4.96457368707	2.98355621132	7.02059300188	8.95777890647	
-0.577654690067	5.91719533549	8.99039892404	3.06988758629	0.538059674498	4.65530655353	8.00726156262	3.01464599609	8.99999825958	8.67544318646	3.71577733	3.99650084141	
-0.751632133237	5.74321788885	8.72560360593	2.77436367457	2.70411593757	5.75270507513	8.42949741401	4.53626818979	4.95005819683	2.70266246732	6.77947661442	8.9830407747	
0.273576322973	6.7684263454	7.36038509987	2.42855379561	5.72827049298	6.53986256886	8.70378714693	6.02814636768	8.99970667694	8.96519386591	7.69592230452	7.68660352445	
0.175349954976	6.67019997919	8.9853192143	4.14979696714	6.47330304735	8.85752164394	8.985319214	4.64074283381	5.01661998043	6.83714147102	4.58344317429	2.71909013576	
0.0102893592193	6.50513938209	6.81929411734	2.46785946038	5.3736365949	8.10379188513	8.99999827014	3.82539761805	8.99951973688	5.41193109667	5.21478202468	8.7585390966	
-0.77564231311	5.71920771082	8.97404176574	4.22642123185	0.553652811477	4.48117792723	8.82025314761	2.84446854278	7.4262291363	5.89214042169	3.29590675117	4.78616390211	
-0.538081936937	5.95676808648	8.99999993123	2.78896242841	6.00250739478	8.99952542876	6.91516217507	3.33330162402	3.21753672399	3.19523007653	8.74696774108	8.72544282093	
-0.771986748077	5.7228632747	8.9601471872	2.81591004651	5.97136908809	8.99999985076	8.97343920427	5.29316556334	1.5664354299	2.67439985907	7.82339812876	6.67160213052	
0.163267658288	6.65811768029	8.31749903538	2.44109127807	1.71581557205	5.38700711	8.96414786037	4.37348405997	6.60406935274	4.93282525665	5.50390121887	7.13131375015	
0.188288412026	6.6831384362	8.97073176964	2.43743413594	2.6261118028	5.52404450566	7.69789903436	4.53738394454	8.21630141654	5.10803455368	5.20807295787	8.27250825051	
-0.0905477886142	6.40430223574	8.79179315973	2.66211555444	2.21746923079	5.37746879111	8.15628526613	4.33008328982	2.37493743121	3.66868779664	5.01851897616	3.68093704246	
-0.57919736762	5.91565265417	8.91677651706	4.96818871183	5.99505731115	8.99913081564	8.78579344763	2.93442773113	8.99994926129	8.99387962855	8.98339750564	8.9456355705	
0.275629507599	6.77047952987	8.99999345147	2.60513722691	8.93286666965	8.42464558337	7.70808251167	7.81527981194	4.56623321726	8.93017488983	7.47464673431	3.06687347673	
0.271841815674	6.76669184029	8.91612378331	2.63901548584	4.80708759446	5.99444261908	7.6975513591	5.99142461305	3.02202897189	6.11144263461	7.48172559023	4.34848035228	
0.234689442831	6.72953946376	8.99997183229	2.66394808934	1.88704996605	5.44581714204	8.99999969808	4.98137624888	2.9283772701	5.04093674083	6.65142382025	4.49503278001	
0.265971016331	6.7608210394	8.51744958183	2.4693588148	7.16413179948	8.58121749121	7.90079030398	5.73591535891	6.62312531789	8.46626259779	5.60970126527	3.72273241793	
-0.874903803576	5.61994621848	8.98273975822	3.15802016614	5.96239651926	8.99994982548	7.62999561349	3.62128187905	7.41085873421	5.64373482991	2.64963981475	4.37293214978	
0.275462257748	6.7703122816	8.89925956408	2.42819203076	8.99999785609	8.88147347873	8.89925956408	8.69297145222	6.77267474894	6.8803926379	8.84855625694	8.69700680185	
-0.747189862374	5.7476601607	8.71947289648	4.12267828838	0.72367090218	4.52980749511	8.79975558043	2.7945335738	6.04041329402	4.15566034746	3.870699364	5.71162074634	
2.58104894936	8.99808383671	8.99999999927	2.35999166497	8.99999999946	8.99999999946	8.99999999927	8.99999999927	5.07868881541	6.69967608019	8.41667504682	6.67377846796	
0.192979021929	6.68782904702	8.99181159001	4.0720047601	6.59662041099	8.90547279805	8.99997139025	4.81504581049	2.24641478119	4.57099646109	7.31548405564	4.94707080934	
-0.674496480046	5.82035354213	6.93135035381	2.96401920998	4.95085832833	7.96874213262	8.99942116282	3.15298848437	4.73279473721	3.9971109719	3.15454652492	3.84639872065	
-0.720097089298	5.77475293283	7.12699939998	3.27707513071	5.976814411	8.99998852016	8.84207474187	2.87294487944	8.99999597034	4.88010688111	3.48243408955	7.55849161195	
-0.961405285656	5.53344473614	8.9975591226	3.98485852533	5.82234269954	8.86582245218	8.9975591226	4.17089994948	2.15976049287	2.47876651184	6.00306495662	5.64022736806	
-0.856503791693	5.63834623053	7.39039350465	3.21039113761	2.40557720552	5.47490718706	8.99998680244	3.31477916968	8.90661092823	3.34219366873	2.83101926588	8.351604956	
0.275595802019	6.77044582515	8.88928864224	2.42818426039	8.99331925186	8.59639348503	8.88928864226	8.95143877089	8.96012309296	7.62474530376	7.37759194849	8.66913816907	
-0.712062392117	5.78278763174	8.99999548773	2.91301808249	2.08608878965	5.20134374043	6.99285106165	3.16869349531	8.90152864688	4.84978137412	3.01946392198	7.02737962572	
-0.907171315792	5.58767870813	8.99508190569	3.62969311899	0.0825669776999	4.31948463753	8.99508294206	3.32767404865	8.12351950761	3.57203499959	2.70384874034	7.2115016785	
