2.50514926091	8.99999974859	8.58009665515	2.4335815549	8.9999997355	7.95684547996	8.58005639999	8.97380314439	3.55860542738	7.8662764212	8.99999976875	4.64822607341	
2.50514974672	8.99999976875	8.99999977638	2.42917787387	2.45275301631	5.47902809616	8.99999389762	5.74866071572	8.99735621143	8.97377783159	8.99177293157	8.97151971677	
2.48895444844	8.98380447047	8.99999981105	2.42918039398	2.45275197048	5.47902711721	8.99999976875	5.74866403427	8.98849861679	8.96990076048	8.98793468319	8.96270094454	
-3.61999661283	2.87485307762	8.96224166025	6.12665445071	8.99999975098	6.16416250537	8.9622416647	7.83775807565	3.62183505239	8.72711237846	8.62585677225	3.47673500433	
-3.92411352509	2.57073650389	8.56560963076	3.7732238635	6.81165060623	5.54538395004	7.97340383667	7.23617625064	1.88260740881	5.8446518878	7.59961694325	3.59374086532	
1.36305538593	7.8579054102	8.37402784492	2.60511799193	3.55332738737	5.52379273847	8.99659819367	5.9991626834	3.87726598339	6.76493760073	6.34341467312	3.41191146809	
-4.05533564655	2.43951437858	8.57842449042	5.25956148584	4.83646250763	4.52130893813	8.5934128741	5.43154942524	5.0145622376	4.86656040224	8.14477527461	8.24894554104	
-4.05926746624	2.43558255236	7.63508434304	4.79025293808	8.98835978114	6.77939785488	8.65070896858	6.9086185997	5.22228283889	6.99928256203	8.99999976867	7.1791629115	
2.33307265891	8.82792268102	8.7103703677	2.42914566405	3.05833732858	5.4921599617	8.7103703677	5.76189243897	8.93316195239	8.90607561457	8.93281394861	8.91606868198	
-3.71280343763	2.78204658959	8.78885700054	2.91841748934	-0.754633717974	3.47940493293	8.98766964473	3.82819048462	8.99892814118	8.99460233615	4.52444692807	4.48494115761	
-3.95076434095	2.54408568474	8.78560369504	3.08424135124	8.82679325409	6.67295048573	5.91428366214	6.97360874311	5.57446618842	7.60846720291	7.20909557232	5.13126300503	
-3.43185990656	3.06299011959	8.999788126	2.60489202845	0.831281893863	3.76182185052	7.40209642433	4.07057254955	5.68946128967	5.04710267949	8.40014461691	8.9986716484	
-3.8735845447	2.62126548203	8.49101021752	2.91364164639	4.3525341976	4.3816731439	5.90141909158	4.65376869214	8.9999996735	8.52387616254	7.64121023388	8.07350217692	
2.50514997891	8.99999999902	7.14346596155	2.4281606721	8.99999977057	7.74468316035	8.99999999678	8.1747418878	8.86677166065	8.98235744573	8.93058059589	8.77116322859	
2.46877926989	8.96362929435	8.1990757473	2.50002941188	3.59624956431	5.52842824957	8.97439892644	5.94538656317	4.48233545204	7.0116011583	6.42988860098	3.8567913032	
1.48421515206	7.97906517357	8.9018851023	2.71857121411	2.96060027752	5.48852646609	8.93278424162	5.79229193164	3.84253013339	6.84786078703	8.25960778884	5.21044555069	
-3.96621116767	2.52863757705	8.99999881763	3.24597388684	8.99999976881	7.52522756208	5.92163814341	6.35432044122	3.71655474364	6.25904245932	8.97865018912	6.39227852581	
2.50505742785	8.99990745169	8.71782970021	2.75389886181	3.93960886911	5.57547075503	8.97686012605	6.5090490635	2.32487333564	5.9516190187	6.95975389748	3.28917663345	
1.54955975574	8.04440977982	8.99591345981	2.68338163599	4.06486668681	5.59854120429	7.95412568799	5.93710297868	4.37668461567	7.4297966978	6.77864357418	3.68169991195	
-4.0620221614	2.43282786155	8.71400902118	6.07796163225	8.94227132891	6.73122629381	8.8560098686	6.90722345782	8.91568874648	7.30027712328	7.33546043484	8.90704375686	
-4.06015920156	2.43469082486	8.90058021003	5.91654317019	5.9205826368	5.04750705139	8.75803663792	5.81926923937	5.69024777146	5.46573759249	8.34124787728	8.52192648533	
1.44207209755	7.93692212208	8.99984901861	2.53683517279	2.76301107393	5.48341600271	8.99997636655	5.94670527105	6.37731535702	8.99999977347	6.19632265411	3.52980664998	
-3.93867120488	2.55617881892	8.33408162688	3.84976905112	2.62944401237	3.599825023	8.89834939673	5.61640094193	2.02310355374	3.84302741914	5.53029269244	3.66653725671	
-0.903488039996	5.59136198007	8.73557280438	2.80702319446	8.99999979325	7.71078495263	8.28503355688	8.70691800899	3.35027819326	8.75175696344	8.23537538415	2.79006501218	
-3.82595231357	2.66889770718	8.9600649677	4.49327276513	0.750403129871	3.37841161017	8.9600649677	4.00296867793	8.46071771566	8.96125109856	3.90028333288	3.35591837078	
-3.84790223636	2.64694778941	8.29908873068	3.0119973082	2.14490579806	3.51601307307	8.98560221561	6.10570633938	6.23295549791	4.9750899582	3.81361392529	5.02764789812	
-0.197042720681	6.2978073136	8.99997184755	2.71884680457	5.78291876605	6.19341783247	8.99959905156	8.07434498325	4.99105930344	8.67310247147	6.47684550736	2.75097078724	
-4.01144198873	2.48340800707	8.99999976875	5.09872954792	8.35832351472	6.03872964022	8.99999976875	8.42498390601	4.02689526861	7.50498990234	6.93096963246	3.40904338117	
-3.97069417802	2.52415585444	7.89073002327	3.15370427815	8.49245741155	6.53318137359	7.89341543934	7.79383719687	4.82331174623	6.61182934291	7.12682097037	5.29447178629	
-3.78856105779	2.70628897051	8.99658584489	3.0201680059	-1.02788909351	3.40424551351	8.99995874293	3.74836195241	8.82547617813	6.89305453846	4.47474410293	6.36333416648	
2.50513875552	8.99998877631	7.92381758303	2.4281643348	8.55009716523	7.52849660968	8.1649435198	7.88631729604	8.85930589153	8.94239864014	8.99999976875	8.87307547369	
2.3090363179	8.8038863423	7.9907222525	2.6861325153	8.24292379903	7.37926399905	8.99999989583	8.37236940938	3.64707679486	8.54802652338	7.83167655696	2.88689526338	
-3.92699526622	2.56785475684	8.9471651363	4.7075754104	0.666867584157	3.27850636	8.94772945509	3.7798003916	8.96826595954	4.17225411347	4.24777001367	8.99995027863	
-3.97724252174	2.51760708226	7.94126064003	4.48344038853	8.99801729282	5.60224369202	8.86569088741	8.92331657538	3.13143779457	8.15991208788	8.38502810759	3.31274644172	
-3.74922547386	2.74562455469	8.99999982998	2.97790511167	-0.928507599966	3.44325823174	8.99999982998	3.85444869296	4.18665254329	4.22303819012	8.99999977437	8.91978255367	
-4.00195686122	2.49289309439	8.50405807372	3.31632064603	8.99999976875	6.89600567993	8.50405809785	8.99993036731	5.08923961936	6.57948645092	8.99999976875	7.46589431339	
1.3261710224	7.82102105137	8.05881031346	2.42817144301	7.79022969078	7.15821370846	8.92603345579	8.39280827168	8.99999976875	8.53819607783	7.52622743684	7.94419957542	
-2.75391418671	3.74093585396	8.2088046388	2.45006604836	8.99999976875	7.17200866479	8.2088046388	8.99965429028	8.77194565651	7.833976256	7.86800821268	8.7621460574	
-4.0384964519	2.45635356314	6.44489020518	3.71432563881	8.99999976878	7.11058629339	8.78392172927	6.60801021006	8.04937533607	8.99980467529	6.74429927114	5.75005833523	
2.43166731538	8.92651733629	8.74729214655	2.42816047498	8.9999903399	7.7441032394	7.40128846662	8.18042725268	8.8941306552	8.93898178277	8.93932029223	8.85063753508	
-3.01970792783	3.47514210404	8.99962825028	2.54704983677	2.90731602803	4.31465171602	6.88912533944	5.13848803644	2.91244080829	4.6820859531	8.99999572885	7.18651901728	
2.50513811667	8.9999881393	8.40788079008	2.42816051861	8.99999976875	7.74290635165	8.55336442144	8.99429810257	7.28396641437	8.1266681106	8.99999976875	8.11346648035	
-3.80424665175	2.69060337394	8.53168293507	3.12162414844	0.0299746171943	3.390648105	8.57115235659	3.82465763802	7.35557686138	7.11140959011	4.16073214368	4.36106783525	
1.60263032298	8.09748034024	7.28218332461	2.42816881858	8.18656026591	7.35169653245	8.82986122435	7.72285945852	8.6298189802	8.60018669254	8.74399604827	8.72979675555	
-3.78169709071	2.71315293683	8.80730887295	2.99598849292	-0.768613378334	3.41119386809	8.99519738369	3.83083049774	5.51119400406	4.50658396738	4.48175258578	5.44253104314	
-3.88050930956	2.61434071316	8.96905203637	3.64855398027	-0.580382673658	3.31344844276	8.96905203606	3.5998389585	8.99999989632	8.23756652125	4.99261721779	5.71121902042	
2.50512412049	8.99997415271	8.88490615873	2.42819647046	6.73151508562	6.64368518434	8.99999995511	8.74865950619	8.69613511908	7.05760804097	7.39386903634	8.98856455558	
-3.88892483719	2.60592520535	8.60163808586	4.5113944891	8.99000665326	6.76861561442	8.46082678628	7.97658085318	2.14377586586	6.87256453018	8.01590428426	3.243283124	
-0.595517825077	5.89933219629	8.99999948793	2.43055574926	8.99990904127	7.72000798544	7.12564671429	8.17911151604	5.66339855085	8.99918953235	8.8494109086	5.46978830803	
2.1063280337	8.60117806262	7.69135456625	2.4318428953	4.75613007311	5.78706362546	8.99999067493	6.43268877269	5.07002132358	6.65281069948	6.51175644036	4.88513548025	
-3.76995268114	2.72489734536	8.99999904178	3.40024171969	0.681357713547	3.43117592821	8.89738030505	4.95143939255	2.67009379658	3.80142064478	4.3430819217	3.16792349917	
-3.90446657853	2.59038344495	8.99998371831	3.69975009845	-0.353321683498	3.29014077245	8.99998371837	3.86087486705	6.65854058354	5.08242241706	3.88393832207	5.41622490946	
-3.93774001483	2.55711001611	8.88328364885	3.1310290758	5.43820297451	4.87470411667	8.99983949713	8.51971289011	0.612013236028	5.10982780732	8.73256852363	4.1909223954	
2.47013027564	8.96498030917	8.97229711999	2.42819231027	6.82751623679	6.68990510308	8.97229711999	8.85813301954	8.91748110562	7.18613607315	7.31238816993	8.99990165037	
-3.42289261721	3.07195743271	7.93221624059	2.5414400213	8.49443752413	6.60364589762	7.93221624059	8.41790400334	8.0833057752	8.2568561635	7.01787583995	6.8004939422	
-4.06193260162	2.4329174196	8.51083397405	5.95319836507	8.9723415383	6.91410845343	8.69767646584	6.51765863087	8.95642154284	8.87669773224	8.93714771711	8.97303983946	
-3.8806412198	2.61420880798	8.07788848002	3.27646669044	2.42634765723	3.57082640043	7.20705688071	4.06811991321	3.77042395521	4.18527774286	8.85899850438	8.40031312445	
-3.77530770336	2.71954232438	6.77243275559	3.05170195966	1.53428498306	3.47071640882	8.99951981799	3.98793916845	4.9618544514	5.13828542662	4.13892503767	3.91866248206	
-0.806388864435	5.68846116331	8.99999936897	2.83315099306	5.19324264934	5.91953102343	8.80302452358	7.44770449425	5.34170456075	8.84179399092	6.21472889615	2.67080790632	
-4.0219364964	2.47291352845	6.8550891315	3.54493091542	4.90753506652	4.57296365338	8.54561657871	5.39446618295	8.97190454654	5.24570011569	5.29817346388	8.9805463305	
2.50433464103	8.99918466335	8.48374722481	2.42815885684	8.99999976879	7.7434574674	8.48374722481	8.9999978886	8.87944557235	8.31025650013	8.47464202797	8.99999976928	
-3.92281534733	2.5720346766	8.70526647511	4.58479478567	0.93394007721	3.29185274736	8.77592856577	3.74260757001	8.9969729685	7.98429597608	4.02737522935	4.99622064148	
2.43687149156	8.93172151708	8.61959902631	2.72346459694	6.93393388516	6.74130814267	8.64585012293	7.93873026747	2.06508242278	7.05483617932	8.25800710443	3.22442178677	
2.17749135102	8.67234138955	8.99975440336	2.55355124837	6.14976972779	6.36805466731	8.99975440423	8.43179257024	1.51550941909	6.60806427404	8.50438185976	3.36799544905	
2.48567020202	8.98052022496	8.76700983321	2.42961382211	3.60595676123	5.52945349597	8.19425284632	5.81227212137	8.35309333606	8.91498815614	7.31826677566	6.71254035019	
2.4894478893	8.98429791378	8.99811743076	2.68321779169	2.97377182273	5.48918238716	8.99994553793	6.00355460256	3.26007282487	6.31715042424	6.49882867471	3.39791948277	
2.50513424014	8.99998426278	8.89214965104	3.13891091247	8.99999976875	7.7433456634	8.43934101418	8.65335385442	2.67847921345	8.39909173889	8.53058685499	2.76614272983	
-4.06132647224	2.4335235493	8.61475612413	5.88495795954	8.88425872053	6.73150185485	8.52840420809	6.61507920034	7.31780055095	8.61614557894	8.99999987283	7.65782330903	
-3.93152173463	2.56332829623	8.22374001333	4.15597883013	6.52014085508	5.40352876972	8.29356278802	6.68205602556	2.52123312133	5.77423009469	6.61416832769	3.31733978978	
-3.57419755524	2.92065246997	7.46777779638	3.79219284936	1.76396224425	3.67287165734	8.99998930919	3.97078482492	4.86570622665	6.05079413484	5.18633006418	3.95741058281	
2.50494321392	8.99979323783	8.52998509599	2.47439952275	3.36227167379	5.50822602699	8.82608914706	5.93984035765	5.9889601077	8.29302625648	6.28701520988	3.93911746914	
-4.02303727568	2.47181274843	8.27764536236	3.72317232954	3.94674360821	4.11158238606	8.33553077028	5.92928500127	3.421800396	4.35238000172	6.96223777406	5.98782660412	
-3.66706339893	2.82778663048	5.33033516098	2.6535285592	7.16269392381	5.84639464844	8.97008183697	6.16730769709	8.13040913691	8.99975865925	8.98372969036	8.0705485831	
-3.65768477352	2.83716525489	8.99467573963	2.89917442448	-0.816062001996	3.5338627754	8.99895425897	3.94865077468	4.31364615808	4.75812889678	4.53661997058	4.04830565701	
-3.49295812579	3.00189190415	6.90967566358	2.60151678809	2.91819357038	3.98884203177	7.87259546431	4.31422585795	5.73999358033	5.18601302706	6.10433206723	6.61448104117	
-3.07773454127	3.41711550663	8.53333954057	2.47570629668	8.99999976875	7.17064498087	6.21518158839	7.3062611465	8.18887771429	8.22848903869	8.96256032729	8.87912693448	
-3.71701801694	2.77783063446	8.9999917434	2.68919237243	8.99987844517	6.79224134812	5.29631527697	7.01886172401	8.8052946741	8.80827944833	8.84799415988	8.80117580356	
-3.97038909707	2.52446092797	8.99961034689	6.14713264886	2.36528989435	3.49041345456	8.99561448618	3.92708861021	8.20262022463	7.88805314389	4.25504281361	4.52577830713	
2.50514845935	8.99999847988	7.16336885489	2.42816047929	8.99890019404	7.74351535836	8.99999976875	8.19471306141	8.88433434531	8.9461799955	8.85678053342	8.7511038121	
-3.86451864419	2.63033139228	8.99999979602	3.01147898358	4.98074434698	4.68894539	8.99999979602	8.4844395187	0.133271580902	4.91957469014	8.69265880613	3.86252414151	
2.46916775446	8.96401777734	8.99999977967	2.94951637792	7.05334613705	6.79917959924	7.60178100121	7.11055090557	3.98401828222	8.44634121707	8.42340739865	3.91725292641	
-3.87609664256	2.61875338426	8.80305132983	4.88677820536	0.899771402579	3.33490142121	8.91880462448	3.60406765353	8.36206912553	8.43420480161	8.86681411937	8.7508469686	
2.20241997837	8.6972700092	7.66612989407	2.42820802137	6.58030552745	6.57121219863	8.99999093096	7.45112610095	8.81936052666	7.17061199291	7.32682405685	8.93174102197	
2.49141723154	8.98626726469	8.48355792947	2.42815907595	8.99999977213	7.74320602028	8.48356781152	8.99988035654	8.09585895836	8.17910069856	8.74787055003	8.62079729145	
-3.0876716928	3.40717833588	7.33731622818	2.4932143677	3.17325137138	4.33905933815	7.73054062306	4.61295450453	6.52547206607	6.54763317417	8.79757422944	8.7315815303	
2.50098268486	8.99583271004	8.99992782816	2.42892157274	2.54126720847	5.48004935177	8.99999976861	5.83634387162	9.0	6.76923136233	6.76929125415	8.95622829534	
2.46007757048	8.95492759401	8.79844288678	2.42816102507	8.9999998428	7.74379835797	7.5028030771	8.33340641746	8.2868219764	8.62876088994	8.69501209889	8.30924158794	
2.46592468955	8.96077471154	8.99769757012	2.42933168305	2.45743658137	5.47907484401	8.99854761364	5.74939523002	8.17891523896	8.38821160242	8.95722957174	8.70410161919	
-3.87123703417	2.62361299046	8.99700968146	3.16286358991	1.62269869195	3.39764428435	8.43509817508	5.69841865221	2.66014352825	3.62707588332	8.18187714996	7.17111322694	
0.747937262339	7.24278728373	8.99995015179	2.43177592862	8.98845429439	7.73828116857	7.32396476272	8.346432107	5.45885825759	8.9999694495	8.45241395151	4.86747116572	
-3.98812372957	2.50672629254	8.90586821107	5.14329573023	2.58952727677	3.55393536861	7.83078541916	3.83306979072	8.73740104497	5.6753814329	5.85117655385	8.86936459459	
2.50328022941	8.99813025175	8.99983655419	2.77614221198	3.03691785112	5.49136494394	8.90230424377	5.87567148505	3.2137089308	6.35557788361	8.25176213973	5.06606159692	
-3.93241306092	2.56243696167	8.99948207496	3.1610607045	8.14970473312	6.06685670874	5.55166429542	6.67705372968	5.62463462454	8.68770227195	8.59245108075	5.48555174278	
-4.01269778898	2.48215217946	8.69773393082	3.39771913418	8.99999631256	7.19236144417	6.00616654208	6.31787278777	8.97546292647	8.98344510699	8.32444250334	8.27262683714	
-3.87528514189	2.61956492065	8.39033885251	5.08347659582	8.92194531833	6.81127696486	8.3298493751	6.95150044861	3.15430903944	7.16319680262	8.52579274496	4.47307086899	
-0.402262914085	6.09258710888	8.31273893471	2.42840683381	8.99999979088	7.73235737689	8.59353255092	8.94962706132	5.8536356793	8.29107087805	8.49235056857	6.0110837723	
-4.04405525967	2.45079475595	8.49191280752	3.84406334234	8.91495263274	6.85506111199	7.15454517494	7.06639796775	5.12397974044	6.8264136231	7.14306881815	5.39680008285	
-3.91859472077	2.57625532528	8.99999901369	2.97898060548	8.9999853019	6.8828343583	5.37908027785	6.72136915948	8.64387485751	8.79696872503	8.99233180342	8.7954094733	
-4.06196778964	2.43288223417	8.9189211338	5.88135571766	8.9999984628	6.54326913391	8.9189211338	7.61733585978	8.97004907669	8.81512551344	7.0143798223	7.12547181286	
-3.94088679176	2.5539632326	8.97108301131	5.3424937281	1.63169345578	3.33983561015	8.78518758908	3.90975470308	8.99435276399	8.44145377777	3.91038813923	4.41945554335	
