0.209641196149	6.70435477961	2.92974107361	7.52803533758	0.345583349399	-5.76575930287	4.31769520231	-0.964999549528	-5.99985675481	4.43767916677	5.33620426799	-5.14517160784	
-5.99987592111	0.377482091851	3.26434681608	-4.676193779	3.8417540046	3.11703093889	-1.60607742052	0.370433902661	5.53310759181	2.24335202225	1.36181236222	4.65377700231	
-1.22767946936	5.2670342964	-2.0057143378	3.19029312172	5.65777936923	1.44794375178	8.85061615266	1.06870047731	-3.86300329176	4.67262932833	5.25113544254	-3.32833231177	
-5.96131437822	0.533534927132	-2.21486070399	-3.80523664004	8.99999976875	6.95687594901	7.33644886616	4.17403690995	-3.29116846283	2.56772577389	6.43264062123	0.52991068669	
-0.258658504455	6.23605264081	4.3828621296	2.54388140997	1.62535249589	-0.0779644782586	-0.641106061343	-3.89455067331	0.112080506725	6.14145842857	0.0734174962748	-5.9998135109	
-2.80029930024	3.69455073393	8.30446915252	-0.647838637219	8.99999976875	5.31212129723	2.64664081809	8.49094540176	3.78792011633	7.79990792729	7.66278139869	3.60696628847	
-4.57764081562	1.91707138168	4.4775538078	-1.94190716829	4.9052516968	4.41529208943	-5.85538734588	-5.74174275329	-4.66754840689	0.154125874675	8.99993426148	4.13457711443	
2.50528492465	8.99999539273	-4.34834884703	-5.54000775781	-3.44175891562	-2.25582757073	4.80641686288	-1.98359970784	-0.61175813748	0.264322222855	8.77416562206	7.85425377236	
-4.67296769077	1.82188234878	0.886193913346	-2.52053604368	7.72373226014	5.51122373293	8.99691084166	7.82026926526	8.64190977574	8.48933846373	4.0575478769	4.16628766113	
-5.99998910314	0.494862693023	8.99988260621	2.05925234554	2.70930461115	8.53301803543	-0.230302747765	-5.90927564496	0.931547781391	4.20660349625	6.952604002	3.63374286138	
-5.77492419202	0.719925829241	0.35953553412	1.45850188061	1.45748121893	0.967816796361	8.65048271607	1.24530077359	-0.109082612889	4.71457237695	4.64124178485	-0.226244771281	
2.50350288801	8.9983528957	0.133841226531	-5.99999977729	-2.21461738151	8.99854816043	8.83494746142	-3.04027219344	5.96531108071	8.99076288719	8.99999861638	5.9306803029	
-5.99984804645	0.494976376391	-5.99996961336	-5.98719087646	0.808579286496	8.99996961345	8.99996961336	-5.99996961336	-5.79289339104	8.99969096924	8.83686054538	-5.99969096939	
-5.9995552439	0.480589471726	-0.00785698251209	-5.18132409866	8.85385694566	-1.37660061025	0.383024516574	8.99999976875	-5.75516273296	8.9284330558	8.99999976875	-5.7178000619	
-5.99492744174	0.49992258506	5.18160450185	3.41919721428	-4.239845096	-0.795055300941	8.99625902901	0.517996497493	-4.84084182572	-0.528594943119	8.90043384143	4.54435539422	
-5.99998286159	0.494753650752	0.723716127254	8.99999976866	8.99999851732	8.73402207851	8.90376643387	-5.90242930816	4.40057858887	8.99544034531	-1.35466922064	-5.99999976861	
-5.99992328004	0.494926759728	5.10882813354	1.84056275456	-0.720806571255	-0.177575907987	5.13749733793	1.06665201669	4.94811496417	8.84304819118	0.141027273573	-3.79773752034	
2.45337220377	8.94784203739	8.99998812076	-5.87668993292	8.99999997455	2.08141237777	-5.99999693278	8.99999693456	5.43184468879	5.36750709897	8.97976868311	8.99999936218	
-5.99933320957	0.469378272387	-5.65870425001	-5.77645640102	-5.79593774232	-2.74705752209	7.21938184078	-2.48745749796	8.99492045687	8.99999976742	8.99229888206	8.95357905727	
-5.99999973218	0.494486527567	8.96504750862	7.99836456823	6.38512113641	-2.98024023732	2.83013219299	6.36212688229	-5.34497142413	8.34232409853	8.39327225732	-5.33665722679	
-5.33271006805	1.16281447031	8.99999999852	-5.99999999823	-5.99848679974	-4.9299044932	-5.99999999852	1.1344079036	-0.90085404377	8.16107648852	3.1048568047	-5.99999161074	
-1.46220118448	5.03267506391	-5.83564443906	-5.99999718121	0.63156871455	8.99999726142	8.99999718011	-5.99999717894	5.44608743316	8.72103957977	-1.13191558982	-4.45068244527	
-5.55765686481	0.93719316012	8.52885304538	3.51375869579	1.96028571741	1.32451623569	4.5023751713	3.35735898331	-5.14987083356	1.56879230148	8.99999964412	2.23750493819	
0.24814299875	6.74285681564	8.1675737306	-4.37769217004	-4.84093078215	-1.34924333296	6.67396884883	8.9316942933	-1.40278895141	0.498452442081	-1.06919631327	-3.01427096463	
-1.77987397714	4.71484554595	8.59171151354	-4.85511577209	8.75621010389	8.12778745665	-3.94815822038	3.33121576034	-5.98538201632	-0.763290629172	-0.734065497892	-5.99996816988	
2.32183032166	8.81653880706	4.19347001661	3.62391620756	3.50591379532	1.63499429945	7.25101489724	2.895744648	-4.26446074816	1.9562944326	0.755255204414	-5.50933293653	
-3.46967027768	3.02517974525	1.96835512507	-0.668191278943	-0.672003071905	1.74666654263	8.71730467762	2.13930145614	-0.717403283476	2.57909743378	5.46308529246	2.12275299099	
-5.2709281437	1.22385922663	-1.8613621506	6.82802112014	-4.87520795285	-5.95060432968	8.41003632153	-5.99999772011	-5.22746703808	0.1755010662	8.99998565797	3.55356368693	
0.980975924857	7.47568872579	3.60410762136	-0.61376156684	8.88554323133	7.27446868964	-1.91532672586	-2.88212052355	-4.7044921435	1.23278291486	2.78064981087	-3.20045452226	
2.50512677041	8.9998499264	8.99976598004	-5.99999942735	-5.48718218649	-2.94110675791	3.34208741228	8.99999879954	8.99943479605	8.99992194612	-2.67171756903	-2.71599180222	
2.49611971105	8.99084298993	4.71173124537	1.97482189421	8.9999970674	8.76899344739	4.54074534873	0.712869321255	-1.53152588916	3.03606361515	-0.862792828962	-5.47408013926	
2.19832405052	8.6930362952	8.99999976875	3.16028739308	2.4787020393	-0.50822615114	6.7608737007	8.79176315081	1.32032998793	8.63372429192	1.35726231583	-5.99999976861	
0.276024203408	6.77073177473	3.85642970712	3.21406743217	-0.650378500571	-2.49649192831	1.09213620428	-3.21513575646	-0.75777623494	5.41432129464	5.72342500541	-0.492519989836	
1.32243282854	7.81714724153	6.62792314839	0.689958449421	-4.14154107409	-5.45741103974	-5.81880490936	-5.36069205542	-5.1939546435	0.449159387037	6.29906227774	0.61211814628	
-5.99999941613	0.494850596149	8.99518728672	3.51835355912	1.99551270371	1.11480955724	2.03443745755	1.59609431815	1.36466513647	6.57202754049	1.8498832532	-3.40131070955	
-5.36416013167	1.13068989161	8.99996880422	-3.2007007805	-3.05778659465	-0.159909013396	-2.18466939119	0.322242591869	-1.08535445047	0.539862480313	1.39106975585	-0.27797873616	
-5.99998750989	0.4948625656	-4.95921736011	-3.68606689559	8.88044568674	2.95523492461	8.99999974686	6.85617997227	-3.53191641026	6.61468593065	8.75743238266	-1.43300153496	
2.32963622896	8.82420236413	3.03315862747	-5.99998565025	-3.01161190484	4.48706440094	2.57903580006	-2.68233758182	5.98703670262	0.893169746827	2.41683011787	7.46736661648	
2.50508543374	8.99999898505	-5.59707823091	-5.99999447063	6.361046698	6.10783536014	8.55339304826	2.41344287788	2.32021878185	-1.41055746594	5.31292957076	8.99999951224	
1.71819786445	8.21286981172	5.48904019499	-5.99998566969	8.72011598243	-0.331796486585	-4.74526608533	8.99999629542	8.13637952354	8.99998816922	7.44435450893	6.53689004827	
-0.762663002024	5.7320511258	8.99999976875	-5.99999976816	-1.71066352956	-1.79422951225	-4.47665390845	3.81116721779	3.35453393874	-1.55994799219	4.1292278164	8.99987600881	
2.12481323606	8.61945807499	3.19641968187	-3.50359079663	8.99998697631	8.99997730911	8.99999965796	8.90436837324	-5.98678027876	0.520495954877	3.00740829063	-3.54366858602	
-5.99999842372	0.494777636333	-0.889158389447	0.112232841017	8.31972791523	0.554245553947	8.99999976875	8.96747451488	-4.0049917704	8.47809032476	8.99158361095	-3.53435354281	
-5.76776323151	0.727086859631	8.82221506778	8.61702156224	8.99999978702	6.81546968918	8.82221506777	4.41606001178	-5.08211212252	2.90543717412	8.99999976807	0.968618899252	
-5.99999995483	0.494850074136	0.402170719044	-3.31750397169	1.96384181349	1.09956450503	4.05833276233	1.84640473793	-3.96913417682	1.52907299249	8.99998603642	3.45794729479	
2.47696619442	8.97168110971	8.96718487893	7.91562803035	8.99991473507	8.99991473517	-0.25580289997	-5.99999957222	-5.99999946865	-1.65566210451	8.99590617213	4.60776281952	
-5.89126941695	0.603565996128	4.61733769443	-3.6528040308	-2.40882976258	6.14145077368	6.65528368894	-0.420748278626	6.31728404561	8.84163993054	1.70611421003	-0.862073484538	
1.38426036955	7.87896637334	-4.32336606526	-4.70184729805	0.383882405969	-1.54613639935	-0.51159512525	-4.99884032967	-5.99999976871	0.25594519541	3.03413507898	-3.26563694412	
-0.961236607585	5.53347509944	-5.99999156412	-4.23419133516	0.806202349896	-0.849642516173	2.11016617045	-4.79555255511	3.01803625895	8.99999976875	3.2453510953	-2.78043810945	
1.1013182945	7.59616830383	8.99991225807	3.25389215241	8.27587521648	7.81585990602	8.80057693338	8.21073233976	8.98567723645	8.98939358735	8.99966217035	8.95211427187	
2.24647763568	8.74117051691	-2.72756054084	-5.99999975758	8.98505032206	-1.02892214066	2.50925722328	8.99999652222	8.99995647027	8.99999552133	8.65640281093	8.61243850141	
2.50452049822	8.99923482927	4.39493355863	8.72118355534	8.99993605844	6.3794959987	2.50147704821	-5.99996794127	1.94491296222	8.8911671223	8.7532805228	1.76319486723	
-1.8522716138	4.64244861562	3.77674747982	-5.99994945058	2.7765030185	2.17327127086	-1.77649919358	1.80772287407	2.02034446115	1.85291208235	-1.02137655901	-0.897755745448	
2.05053217928	8.54524633582	8.99999979956	-5.99999951622	-5.99999978788	-3.25953153907	1.10785119549	6.57163877155	-2.10641727711	8.99998567109	5.15024396122	-5.99999844122	
-5.99678431985	0.471059000497	8.99999976875	-3.90562037685	-1.18789201759	7.59243082028	2.04153594823	-0.618998344956	8.98775769005	8.54664660099	8.57762072469	8.985272757	
2.39479435218	8.88949971201	2.05800098118	-0.40386161091	3.80522483258	2.00753305244	3.92454292226	1.38835436416	-2.24662682556	3.87835641834	6.33930061297	0.170482426095	
-5.99999976835	0.494850245158	8.99999976875	5.06441179339	6.85463758621	2.13491492623	4.10525382021	5.96469030401	-4.07908531565	5.39446839962	5.97709399542	-3.54029193568	
-3.32354541554	3.17107870452	-3.28626517392	-5.99967399724	0.901610825056	-1.94093333971	8.99999976875	7.76171047842	-5.99999976861	1.18788274591	6.32299209144	-0.908873910827	
2.50528563594	8.99999975538	8.06578963713	-3.46815197281	3.95406791339	2.21962752557	-2.15836897204	4.31427355662	7.55502140447	2.83292431044	3.03062339458	7.7088913677	
-2.48567729386	4.0091727308	7.4095100269	-0.323895627435	-1.81520853872	2.71259153079	8.99998126892	5.40970683534	-0.806845944214	2.93953886004	7.83140312152	4.04118674642	
-5.99988117643	0.477126184352	-5.42048191248	-5.96815478079	4.59910217544	3.02792099489	4.62899088257	-0.0322484583035	4.33015053644	6.69384625255	1.63348960866	-0.767273381235	
-4.63122324116	1.86349065851	6.75922875633	5.14426011394	3.4929253441	-3.94354683973	0.0125460304921	2.26826454486	-5.4087215488	6.3540544484	7.67963871336	-4.12704198077	
-5.99999979608	0.494714957996	0.0892430849798	8.99999893445	5.77180755133	4.40914577985	8.68317991952	-5.66066331932	-1.47918774718	4.20999958509	2.61372613368	-3.11929151332	
-5.99999781209	0.494852256447	8.99701348618	-3.84755721798	3.42442635019	1.78657981967	0.592423978181	8.27896114409	0.166742667824	2.1129652651	5.6312818171	3.64122765592	
-4.77387368777	1.72097633666	7.37393421348	-2.62130367135	5.82637585816	3.70565777243	-1.10535270697	4.21472321901	6.01277687072	8.95427948693	4.12207692903	1.13674279532	
-1.97543892529	4.51927490302	0.364395111882	-5.43414988674	8.99999953811	7.12925838236	-5.75727138005	-4.8837375614	-0.62966068819	5.5670344201	2.48036860922	-3.76015900955	
-5.99872243783	0.462612436008	5.25419450888	-5.52790053821	-0.0998383779944	-2.65896981639	2.30560667499	8.88160739411	-4.88023448561	8.80080350251	8.88076319884	-4.84445705261	
2.369491747	8.86417553536	-5.19997953652	2.62516154582	4.0624471055	-5.99999988341	8.99999996805	4.44202988393	-5.41188515201	8.99999554322	8.99998475332	-5.45661814746	
2.50528087463	8.99999999711	8.99999546478	-2.78259854851	8.99999097101	8.21216113634	-0.576598736038	5.1980798412	8.98938837193	8.99999891011	2.37851003309	2.32408463743	
1.59110724807	8.08580870561	-2.10887521669	-5.83121317975	-5.83669256717	-2.78179146909	3.75474329355	-2.37356276094	2.63750595611	-1.99276640603	3.18994699307	7.77638888671	
-5.99999976863	0.494850286182	8.999113447	-3.84756777996	8.85944937841	6.73992357479	-5.26188604468	2.9084406889	7.72327344397	3.72606302333	3.0459090531	6.99928807547	
1.63154833996	8.12626272784	0.170927109537	8.99823282281	7.46415758729	-3.16345788084	-1.0045616043	-5.99999861642	-5.99897823666	8.95432516672	8.99856637772	-5.99856594466	
-5.9999600261	0.494826092777	-2.82613990321	-3.84758703343	3.66786454259	2.60455607649	6.55923824802	1.84810136098	8.5299936386	4.64801497731	1.92339098273	5.76200006766	
-5.99999810931	0.494843982614	5.54321661737	-3.83747885032	-1.87365450447	8.67915958839	7.96816203564	0.000170004569519	-2.35995105936	-0.345802857692	0.391576091305	-1.66640014126	
-4.41379198427	2.0810580997	5.33717157756	-2.26136067622	8.44945995072	6.16177609743	5.83563001319	8.92596597368	1.00195252103	4.34799730452	8.60560594572	5.21572951701	
2.50528875068	8.99999953824	-5.99735758274	-0.221717065236	-5.9934880091	-4.91867342459	8.99772844503	-4.64852410035	-1.61072739789	1.95140421686	8.98733759043	5.38137699942	
0.807414067649	7.3021272704	-3.656896162	-5.9999611361	-2.01331608867	-3.05175925997	8.99999984444	5.58581884072	-4.9556069114	6.00035299714	8.99998564074	-1.99978592544	
2.50540222321	8.99999999644	5.70656242254	-1.86581286521	-0.426175758931	1.02674425622	5.69572279627	5.01940451397	5.88646926673	8.99998535319	1.29349907901	-1.86346541171	
-5.99774468974	0.436408907839	0.290429588171	-5.39990505216	-2.77361121702	-2.05736087836	8.36254863808	6.59458443101	7.71424120898	8.1678529532	-1.56403533283	-2.06090953854	
-5.91402803293	0.580822006822	4.39424443269	-3.76156702294	4.70822013974	2.48943594973	-0.57445504414	3.00426054528	0.714044572737	3.24585566563	6.45820310884	3.88256048981	
2.50540497114	8.99998701901	-4.5438227579	-3.73148861691	8.86982124188	5.29702249241	8.99999920324	4.96487319747	7.90389492733	8.99999390254	4.29535002305	3.15531697555	
-5.99999947944	0.494699118458	1.84238945089	-4.6889002276	8.40039372957	8.08408365469	-5.99993462573	-5.94808743588	-5.99999798544	-1.34897650479	-1.30476008725	-5.99958963361	
-5.9997623468	0.494914636608	-0.357682806952	5.1303783229	0.797944785646	-0.946211001218	5.06245758198	-5.47718806788	-5.86731369473	0.202885681383	4.04338325728	-2.07064520889	
0.398517899731	6.89322771541	-5.99999990302	-3.12261591144	1.47061210634	-0.43119719084	2.59482511837	-5.17649040997	1.21220341025	7.43993528756	5.15100351244	-1.12057583407	
1.47186220682	7.96657152986	0.3880061205	-5.99999996834	0.00461385258331	-1.33204354177	2.68675122259	3.61569762183	8.99999992642	7.96310616303	-0.28770834201	0.705338434871	
2.50531120489	9.0	9.0	0.539559897065	9.0	9.0	3.24101959652	4.88385907846	8.99999998434	8.99999998434	8.99999998434	8.99999998434	
-5.9999997404	0.494850284607	0.446827985005	2.10905056116	0.665781661677	0.467113815119	8.99981308984	0.740378335758	4.22598853549	8.76985774461	8.74626141045	4.15856063935	
-3.8630612381	2.62637565924	3.28319244333	-5.99999890888	8.68551035422	1.46963139314	-4.1302219395	5.57665693255	8.06327608442	8.17464513216	8.7369504494	8.58695017571	
2.50533998606	8.99999882872	4.92633496923	-5.99971203726	-5.9997541018	-3.24691060171	5.39076319952	6.76831832922	4.07737851092	7.0561548762	-2.97710129616	-5.99977839561	
2.50529966341	8.99999840305	-0.546063002384	-2.21642963825	-0.24500885852	-1.89778619338	-1.42918787119	-4.90178862647	0.772520352674	6.75142032216	5.85182405007	-0.170907740845	
-5.99999494036	0.494855131088	8.99571282054	-3.84691330535	-0.0527155725934	0.124427475876	1.26784265495	7.13744566197	-4.87735624115	0.351498262735	4.94719718653	-0.325488882849	
2.50179598954	8.99650736159	7.45934398748	-5.98967527256	8.82514034434	7.06247812889	-5.99999976861	2.4159260971	2.57453711533	0.257498677267	0.665106175391	2.93831502116	
-5.93325970909	0.561590321359	8.99999982433	-3.76895777608	8.81748403053	4.06875886224	-4.93852698721	5.78327575637	1.45487145021	8.95602972033	5.52372043049	-2.02126940686	
-5.9999997699	0.494714582196	8.28140864107	8.99999976876	8.99075058337	7.07138973769	0.483751867659	-5.1112248645	-3.78402204878	2.46126859808	1.83907640949	-4.4500427582	
-1.83203136409	4.6626871425	-3.85304283458	1.2369080795	7.2077059758	5.63837647431	4.46179991585	-5.85457262128	3.10445085935	8.99997409848	6.01348826271	0.0741155285913	
2.39414555983	8.88893684775	6.50977561312	-5.37906233095	0.484292686514	-0.833243170079	-5.99999863245	0.410624793533	8.48558731929	8.99998798015	1.02403167709	0.46561570504	
2.4582108624	8.95295587942	-1.78212332766	-5.27941694396	8.99999769394	7.11258962358	-2.87905059984	-4.29010700019	2.78663352879	8.99999870213	0.889920124183	-5.36730542683	
-4.64728383398	1.84298132944	8.84404149228	-5.99999874229	-3.27596120621	-2.56406526257	1.65670767946	8.99999954919	0.297883060198	0.709445823177	-2.15829524801	-2.61633533908	
0.549256356368	7.04397023064	8.99999981801	-1.5231473041	3.0301913428	-0.582176672517	-2.61749160951	4.72229292539	0.755146157703	8.69411594478	1.98281110476	-5.9999997686	
2.50528485502	9.0	3.95537652365	-6.0	-6.0	-2.9504090584	8.91186114785	9.0	8.99999974964	8.99999946142	8.99999974964	8.99997409549	
