-0.915485862133	5.57936416677	8.99996116954	2.4296398129	2.79319605182	5.4228179532	8.595616154	5.74043561887	6.54547168088	6.62655027262	8.99996807379	8.87505784113	
-4.00388216876	2.49096785337	8.98674518342	5.91139898813	3.10965752965	3.74723098469	8.37510134676	4.01699406631	8.89611570001	8.84869696207	8.99641131489	8.99999848769	
1.57750602166	8.07235604475	8.51328321843	3.21184385015	8.90147676792	7.69094366173	8.55052898299	8.26662146041	2.79369423818	8.43498475745	8.98969525508	3.30457312148	
-3.8486721024	2.64617792878	5.54035933394	2.92769065079	3.85390672382	4.16150936654	8.99933116931	4.50851719173	6.99280118836	7.49737881875	5.22549944933	4.677090224	
-1.92861063281	4.56623940042	8.70817191169	2.43168347982	6.34224356212	6.24025357382	7.32298978586	6.90558817058	5.59663921571	6.69677612896	8.95263592082	7.80866744833	
-3.98817597982	2.50667405313	8.99998140548	3.32897368062	6.84825657477	5.52706078517	5.95597391091	6.1522974354	3.95950014273	6.11135113532	8.99999971679	6.8043170671	
-3.87546694706	2.61938308084	8.9499077598	3.71214323146	3.13014342441	3.83048951667	6.92809048047	4.66962889622	3.07083694204	4.36018426768	4.73139430668	3.39821540178	
-3.82386710289	2.6709829236	8.99999862041	3.26341064046	1.42230756122	3.4162683411	7.17089969244	4.11764687257	8.78673508226	8.9878718377	3.88586824912	3.64089991658	
-4.057464709	2.43738531988	8.13863656925	4.42216449171	8.65264948883	6.54494079693	8.12095100613	7.14925071136	5.29697112775	6.65956083276	8.87077588477	7.46434917223	
-3.67582027317	2.81902975653	7.3727875213	2.7149740078	2.59525607259	3.76340496034	8.68273527713	5.37651987573	6.72850282393	4.60038958037	4.18143790646	6.26571958347	
-2.96177556783	3.53307446183	8.99999931553	2.61637393907	1.82547745716	4.22924890416	8.99999014679	6.18396404943	5.08244780949	6.50678489224	4.51140979322	3.04324114526	
-2.96527286835	3.5295771605	8.99122452042	3.51186486586	1.87087753296	4.2280416209	8.96714788283	5.29346342444	1.94676519736	4.55646322221	5.78581900834	3.13228941751	
-3.80040590326	2.69444412619	8.99997514206	3.07281570111	-0.885126641187	3.39257768309	8.99646564965	3.85004074751	4.37616985164	4.07157158373	8.55298681939	8.81375350024	
-3.89680923969	2.59804078368	8.05897455998	3.50076425001	1.00139014423	3.31965197427	8.50259749438	3.94666595112	5.04590704862	3.94996038934	4.36414661987	5.41626171659	
-3.94796943095	2.54688061991	8.16605963906	4.54373669521	8.72541103844	6.5360222237	8.16613593522	7.18196922956	3.44120231324	7.23386919615	7.25407385937	3.41757327083	
2.49722696505	8.99207698708	8.97001549269	2.42914705436	2.48431456056	5.47936902156	8.99981283251	5.74974681794	8.68206348697	8.59529109004	8.5627085407	8.60564931678	
1.6227051943	8.11755522039	8.15411074917	2.42848077456	4.74660708519	5.78375511001	8.73165853181	6.62426045748	8.7267733758	6.87632092378	6.2781106802	8.08473156303	
-3.78298339052	2.71186663315	8.59776107966	5.42694121507	2.09620897004	3.55406361366	8.91119499597	3.82828020004	4.89516917147	5.75352829113	6.93217618995	6.02998549634	
2.41039048592	8.90524051265	7.30537347893	2.43714255609	5.12037529482	5.92051289844	8.98905392725	6.2612672261	4.88524739014	6.97122110493	8.99710026348	6.86729497009	
0.895157085571	7.39000711223	8.86939195578	2.82999913266	7.00345684243	6.77445985164	8.80659153797	8.27910131884	4.2818659722	8.64851403989	7.08487658058	2.67439695986	
1.78670239717	8.28155345844	8.61032600603	2.42816643915	8.99999976875	8.04229801022	8.65412752442	8.99817594066	8.41918831911	8.99775979154	7.80764972793	7.18278205484	
-3.89569290335	2.59915711916	8.10661653658	4.53287496115	1.25772455902	3.33691519151	8.95798139974	3.65665232821	4.55016238992	4.52122704582	8.99994402506	8.98504779159	
2.23473557596	8.72958560522	8.99994207295	2.6023199494	5.13395585523	5.92582078048	8.62299064844	7.43286781672	1.78708709498	6.18312440261	8.10835368565	3.66848481108	
-0.105172241002	6.38967777992	7.13023098112	2.42820855453	8.97855206351	7.72857366035	8.99997622899	8.15609707137	8.90525538698	8.96956813391	8.9299840754	8.82183970181	
-3.76217657383	2.73267345484	8.99999767997	3.01124039069	-0.585321773138	3.43069080036	8.99968403507	4.17654872812	3.93151275426	4.1497605796	4.16134045082	3.8992610491	
-3.69880828319	2.79604174591	8.49157682896	2.85140052239	2.10987601296	3.6226043253	6.85239972281	4.18396769388	4.88096691133	5.18673215708	4.24463612969	3.89503930923	
-4.05147640684	2.44337361145	7.86866532232	4.0489073324	8.99999976875	7.11278247317	7.44700955194	6.35805935383	8.40599818612	8.4309084739	8.98567004009	8.91693325204	
2.30310969275	8.31312170954	8.99999984604	0.724980672797	-5.74894075806	2.48514742395	8.99999984604	2.83972825471	6.15908840274	4.38921514966	5.32267165979	7.37695228837	
-3.69490864734	2.79994138779	6.01303077556	2.67187882748	8.97250451564	6.56437255123	8.32185501117	7.27525895149	7.52479547128	8.3322441644	8.7440203215	7.89273994247	
-3.74811441513	2.74673561259	8.62864597761	3.38401163922	1.9639715766	3.55491261082	8.97143925237	5.82925253439	2.2666692407	3.85907858804	4.63095642493	2.99471550536	
-4.00036334979	2.49448667605	8.57604565866	5.13587823025	7.11365442414	5.65145678251	8.29933027024	6.40581530468	3.52813304177	6.35738787601	6.59255335242	3.71946697334	
2.50458220948	8.99943222853	8.75142379198	2.42816072056	8.99999977033	7.74253971724	7.40713389906	8.19197696718	8.68462923098	8.86850848371	8.95545864992	8.72774791374	
-3.55087413952	2.94397588768	8.9999999852	3.30055306601	0.573956603257	3.64324241187	8.32388634025	4.15816742819	3.35698160596	4.5478339895	4.5643211398	3.32963718771	
-3.92639639143	2.56845363423	8.99851122194	3.19679403345	4.80640865918	4.57270508313	8.1795598309	7.41910056375	4.82572930147	6.15965084718	4.86703505557	3.48928195491	
2.5036957938	8.99854581886	8.74231601763	2.45137346715	5.40084435215	6.03438160447	8.8445459352	7.70607120468	6.4538142214	8.99999980021	6.32252595438	3.7325088186	
-3.97723091262	2.51761911123	8.99849879284	3.40841905277	3.25513522103	3.82421705558	6.8776005925	5.10271847394	8.56593144982	8.14043850753	4.13891928948	4.52058066852	
1.7719200328	8.26677005552	8.97595425135	2.51945192337	3.60522273519	5.52927505422	8.94370932065	6.68027931058	5.52237635136	8.12557682963	5.86170451818	3.21467247065	
2.50514502843	8.99999505087	8.47399896694	2.42816024281	8.99436617139	7.7402931695	8.49209688316	8.99612839445	7.35575461864	8.12249843991	8.99999978327	8.18942440334	
2.50513242004	8.99998244127	8.61975190798	3.39143074964	8.94264693172	7.71659994723	8.99983063803	8.65831877039	3.27116821497	8.8402910967	8.22837177015	2.61541730657	
2.30611487622	8.80096490064	8.88944154808	2.56630339615	3.8257413068	5.55725946823	8.34905282244	6.14479279831	2.96315435641	6.06803468792	8.73948205751	5.5907701429	
-1.09600775453	5.39884227149	8.97768251813	2.42863072731	8.95130812612	7.67049891716	7.05803772702	8.09201873706	8.99171406537	8.9343346851	8.94902244074	8.96257018657	
-3.93764935425	2.55720072082	8.06050122198	4.09055260957	8.99999976876	6.8570572199	8.82285680869	8.13986715024	2.83757220706	6.87850324335	7.20361776195	3.11885328979	
-4.06204302737	2.43280699688	8.99999973193	6.50292255233	8.9997161247	7.15099701772	8.99999976875	6.54990759209	8.92929757539	6.97832450516	6.92517323571	8.832294006	
-3.89544838327	2.59940164324	8.98240245771	2.94317205388	4.92348192425	4.64533010042	5.40644974244	4.92795197808	8.86833417542	8.24621707965	6.64048138438	7.21876684763	
2.42091278229	8.91576280399	8.48120466701	2.43070283297	8.99990654369	7.73578618787	8.481204667	8.99994685001	4.14151015913	8.13494885869	8.99999898968	4.96272869983	
-3.92607382354	2.5687762007	6.7807004154	3.66525043219	1.96112553695	3.41356370068	8.98215242624	3.84928423198	4.64774153948	4.15292014292	5.59714492513	6.04813473742	
-4.00666993373	2.48818009016	8.67718896248	4.37358628315	3.50252732199	3.91641188769	8.67718896248	5.77102705511	3.30924222802	4.30169700264	4.7386820132	3.70239566954	
-3.9664138245	2.52843619957	6.04712092893	3.335840952	4.35897019935	4.3365083713	8.87383360234	4.81169539231	4.76387604897	5.64603004259	5.1446718388	4.21868626248	
-3.9582789417	2.53657107904	7.58457507295	3.69225708067	8.50622162511	6.48023128939	8.10951930284	7.23194516643	2.8380071406	6.68955457358	7.78342034107	3.88803581329	
-3.23120481308	3.26364521386	7.92627994415	2.70533481841	0.818682033663	3.95546651552	8.99880497306	4.28708559647	4.92459348282	6.10492738791	5.13802676687	3.91386129089	
2.24774027986	8.74259030906	8.90424699171	2.43804554342	6.71955017426	6.63793678918	8.99870756761	8.75064236234	6.20614086012	8.99821700091	6.91979479664	4.08388710641	
-3.56280318406	2.93204671473	7.62293388277	2.59364123566	8.35530349627	6.94103735217	7.75449166701	7.40217040417	7.57322826445	6.70413635419	6.67287404011	7.49813697269	
-3.53652623236	2.95832374969	8.99999953276	2.66242098317	8.93769910376	6.48316880451	6.64467405468	8.64090193333	4.93424415866	8.97962725837	7.47125481303	3.38203950379	
0.93312413523	7.42797415866	8.82526160846	2.69896893852	3.144076809	5.49488630322	8.84086492608	5.8204680926	6.02865274271	8.98581080296	6.6802287149	3.67923906348	
-3.82200601541	2.67284401049	8.9999985007	3.46294291412	0.429091066532	3.37641167968	8.15004366857	3.94389862632	3.82616868241	4.22556450436	4.23207444989	3.78884704423	
-3.90698044514	2.58786957801	8.99991615671	4.63956955354	1.31224992682	3.33123622207	8.25238701779	3.79786731252	7.08093948564	6.97900134034	4.03816472918	4.09627129213	
-3.51498940213	2.97985940609	8.61129829153	2.57316583449	8.99999970358	7.86890666239	8.6112982916	8.98463369017	5.51005231959	6.08777379648	8.94424148868	8.32268561409	
-4.0470889714	2.44776103495	7.76686589702	3.917265255	8.99999976875	5.78236253506	8.60013653307	8.87146472819	4.59306597764	7.72018458778	8.71802711643	5.54708956505	
-4.06129534783	2.43355467397	8.99887335306	5.17582421813	8.51986789496	6.08767703551	8.96718094907	8.42654100687	8.99999976864	7.43958728942	7.03374547535	8.55032549849	
-3.78814090975	2.70670911772	8.99630180716	3.01021026578	-0.780329958741	3.40480134573	8.78599994553	3.79108016158	8.944659384	4.90782666391	4.40999533805	8.40299648138	
-3.88763517482	2.60721485362	5.53531409476	2.9929444236	3.48703351129	3.97533779017	8.99999038163	4.25817576066	8.58612035634	5.91219486852	6.26038106845	8.89047495959	
-3.99960242066	2.49524760362	8.61251573412	3.31080931687	6.58929077901	5.40169189598	6.23297127754	5.92639655312	6.86456449441	7.21493136287	6.14345026359	5.74925183253	
-3.8252529237	2.66959710213	8.67192324208	3.13808012048	-0.471871035054	3.36838124572	8.88328008538	3.78099090865	7.53362721982	6.3071794494	4.19133532132	5.37395151195	
-4.03466203453	2.46018799128	6.04947737717	3.64160024771	8.77872357055	6.14001957182	8.99950502771	7.2502071333	8.99999976875	8.19810205969	7.8672137208	8.62526825399	
1.7503279796	8.24517800552	8.99999953038	3.07894722597	3.50919704195	5.51983438956	8.99999472454	6.11452967475	2.87032579629	6.24285845299	6.46783345851	3.05146919805	
2.052907465	8.54775748946	8.82935204318	3.21788328818	8.00417174818	7.26292784575	8.86679353711	8.42362616697	3.36897974479	8.42183129591	7.6726947266	2.57601161809	
2.50472043477	8.99957045884	8.99999990897	2.42895102717	2.9386796788	5.48808908315	8.57642886369	5.80218833244	8.9789830543	8.0702795048	6.78451249536	7.64938445083	
-3.86150402475	2.63334599898	8.99863720236	3.38208790911	-0.878129482322	3.33199522839	8.99863720233	3.60918176942	8.13128785537	5.88400383357	5.46682067927	7.67027312199	
-3.44670893482	3.04814109412	5.74058703765	2.565222983	3.93520651364	4.41656729756	8.78852016177	4.6866434156	8.92082613988	8.97506038231	8.70307658084	8.60501075523	
-3.81460045234	2.68024957724	7.63350233802	3.1718599213	2.89888014499	3.77634305818	7.80577408639	4.59407356804	3.12816416343	4.27906474357	4.77021209168	3.57547993088	
-3.74191395383	2.75293607528	8.99999975441	2.9933588833	-0.866115279853	3.45052943798	8.99667938504	3.8907955165	4.16629261439	4.35255796337	4.65846418118	4.42836725328	
0.0620782203454	6.55692824584	8.28653726165	2.42883375815	3.68977069061	5.53279295664	8.77657603063	5.99537726224	8.84453832105	6.63801755239	6.44497324602	8.60766241112	
2.50514984476	8.99999986885	8.9980314267	2.42938656471	2.5813258316	5.48058205204	8.99999976896	5.87350840388	8.42438807965	8.74581271089	6.35690574481	5.99164951532	
2.48429311684	8.97914313914	8.40149190009	2.82045739135	3.74721124217	5.54627181787	8.83236591851	5.81845983805	4.88945331062	8.00864636166	8.78000980508	5.61698517494	
2.47711137825	8.97196140398	8.48025140888	2.42887202731	3.15402482121	5.49623620315	8.99997770415	5.91326569878	8.7731121535	6.52706978361	6.64456333473	8.84677409832	
2.50507336278	8.99992338581	8.60461353043	3.28845529551	8.41460815566	7.4630592396	8.73858568311	8.21041280129	2.71983231669	8.13927427759	8.30903603355	2.84576252998	
2.45385323305	8.94870325578	8.4548431505	2.42815920273	8.90499527584	7.69553170654	8.46011004617	8.90037755036	8.8635685126	8.26393863578	8.44420145154	8.99999975331	
0.0261272652556	6.52097728667	7.53159800399	2.42819973821	8.36386964693	7.43386745894	8.61055280674	7.84807323336	8.99186484594	8.58503044377	8.63697127165	8.99997412457	
2.50514272946	8.99999275566	8.77810417776	2.42835737577	5.24067540668	5.96835269668	8.30454560749	7.13073509303	8.91405319603	6.58365151454	6.57135405192	8.8579241685	
1.2494328092	7.74428283411	8.99945949961	2.51862375318	3.89783075425	5.5681099656	7.83196997969	5.8466465012	4.98585512142	7.62835741044	8.01563450069	5.32930062492	
2.39949668896	8.89434671412	8.38876971842	2.42877093216	3.95663813228	5.57842320741	8.38032421746	5.92265791662	8.7883182602	6.84991755318	7.01052331472	8.90509243099	
2.48625682627	8.98110684897	8.91005340143	2.47571903136	2.96739523009	5.48897735143	8.68774041406	5.80461264949	4.36948458684	6.71032124739	8.99999969615	6.61533145488	
-3.87036021204	2.62448981019	8.96918244848	3.86998330286	-0.386443192184	3.32385657212	8.99999053771	3.59300989886	8.99999967733	8.8717825576	8.87330047511	8.95768602864	
2.44372563637	8.93857566023	8.53115068355	2.77688064074	5.03481329403	5.88752960059	8.09878035325	6.20445406559	5.12719254454	8.55521204748	7.15791358298	3.68606251714	
-1.53176104794	4.96308897718	7.92656275792	3.00472541538	7.63502057557	6.97218688382	8.70253862172	7.49132961396	3.51190593057	8.20352073353	7.74580039577	3.01035406457	
-2.28405827401	4.21079175357	8.99976470894	2.45261533008	2.54335187413	4.83170574896	7.74565281618	5.2085683006	5.54366096312	6.66549536304	5.81083822637	4.64517225342	
-4.00886315299	2.48598682526	6.26244596234	3.36632267989	8.99795464453	6.94330178614	8.73077292265	6.88565422438	7.63678179432	7.71552912026	6.90080140134	6.77822243388	
-3.99303372048	2.5018163044	8.45498564624	3.40192233061	7.38022770798	5.78222776511	6.54641847936	6.40160169597	3.87336674622	6.40617359836	8.96439173083	6.3877533477	
-3.71898815118	2.7758619057	5.76296201824	2.6908342476	8.96268160155	6.86731680185	8.76237789552	7.13398866462	8.71432765477	8.15049453081	7.31538932494	7.83539686115	
-3.79300869348	2.70184132927	8.93367864284	3.68763082161	0.276703235677	3.40331393246	8.41250731924	3.73606442318	3.94170644677	4.49438653271	8.99999997442	8.40348832239	
-3.89311524298	2.60173478563	8.99999976585	2.93731538606	4.72654117667	4.55111332548	8.99999976585	8.44223196118	8.99999999586	8.44877366087	4.82433804211	5.33173282262	
2.50403781218	8.99888783535	8.99977848341	2.86333462641	3.59467190267	5.5282652456	8.99977848341	6.40674897889	4.70672583975	7.83618915412	5.92478261951	2.75148773364	
0.16350914504	6.6583591695	8.99999976872	2.64640150758	2.91066886946	5.4818388802	8.999010385	5.9855586215	2.97941028622	6.08728854802	8.99998518953	5.84827534347	
2.05618816502	8.55103820125	8.99750120918	2.54318206234	5.54394887707	6.09529594808	8.99999795788	8.10708998925	1.40915596397	6.33090245765	8.80414365609	3.83856560349	
-3.87900316578	2.6158468582	8.27533690748	3.10408738618	2.71643544266	3.66897013515	7.01271019096	4.43554497707	3.56432216798	4.06376350832	6.30251145219	5.75923858847	
-3.78579556274	2.70905446454	8.99999843402	3.02160332557	-0.572816244681	3.40732026862	8.58841174415	3.7907903203	5.26431438423	4.54870415729	4.63461040762	5.30638905462	
0.297431132607	6.79228115747	8.94601783092	2.42861809619	5.02425972509	5.88097634212	8.87514515317	7.73994824471	8.33012536854	8.68444427317	6.16299252035	5.76484205435	
-3.9128457607	2.58200426877	5.91806145791	3.13442311377	2.93339095954	3.72942981069	8.99993446787	4.19165394003	8.89049880963	4.65066280616	4.80399532075	8.99999973808	
2.43239926838	8.9272492833	8.1287314283	2.42848881501	8.99999974582	7.74274581179	8.12873142829	8.29034792315	6.28657948712	8.82494163626	8.64095270022	6.05875907367	
-3.34703347314	3.14781655575	6.98834122457	3.01690711863	2.26099697497	3.93292976928	8.9999119387	4.50353322498	2.73471519236	4.45898261888	8.8641243912	7.09602539827	
