0.275716112919	6.77056613517	8.9999930638	2.43064403915	8.65379921567	7.57607206354	8.2201093415	5.94459351553	3.53178526132	7.85929413585	8.97676484285	7.73213638307	
0.275708084645	6.77055810733	8.99940707944	2.85008078807	8.44068622542	7.47297825079	7.60191296671	3.25314232367	3.18256945138	8.28751785948	4.58221209257	4.10335700465	
0.272203607271	6.7670536312	8.99180176592	2.91453543696	3.32046437403	5.50135082282	8.99796453159	3.16315640821	2.71624973019	6.01624835416	4.61321769015	4.20469547844	
0.275658863338	6.77050888763	7.16493970208	2.48743575566	7.6992281054	7.11183335973	8.99999910019	5.80824361807	4.62545809169	8.66962481069	6.661326054	4.23410191652	
0.275725507054	6.77057553038	7.82887924778	2.47598911405	8.9989730436	7.73884637899	8.98686134486	3.41343166281	4.86760959442	8.09756371758	6.63410080007	8.75088156789	
0.272305563393	6.76715558747	8.82278068581	2.9893248847	3.48796002976	5.51408457599	8.99968617061	2.58120863781	4.26694284235	6.12862052388	6.21420818936	7.73862770387	
0.275708870322	6.77055889557	8.91908391516	2.97119572672	8.46010536449	7.48015185833	8.99949049328	2.57473133791	8.32177988309	7.83661985425	1.99935863009	8.99740791488	
0.275678752133	6.77052877552	8.77632641533	2.61150982982	7.92943542411	7.22421410786	8.21601867826	2.8925400884	4.79093679806	7.55797933377	3.59301751624	6.17977988187	
0.275681916469	6.77053193951	8.216041388	3.32258125987	7.97232886841	7.24519225807	8.79728192245	2.6513252017	3.67109224527	8.24736057852	4.20887708847	4.55945062498	
0.274766651806	6.76961667685	8.99899263166	2.82901254651	5.46959796947	6.06096350208	8.9999999071	2.8774268858	1.59941251293	6.30257196283	6.85923101736	7.01754754774	
0.274844038477	6.76969406476	8.99997969829	4.07272177198	5.55295336491	6.09675546831	8.99959699863	2.87481350111	2.81562525433	6.7227747235	7.62589030382	7.38726855904	
0.275694182559	6.7705442051	8.97401138965	2.82393573039	8.16136756036	7.33734110818	8.92348284123	8.6451309874	1.58151229475	7.61503479569	8.51169334548	2.89091322121	
0.275725588328	6.77057561263	8.65140175766	2.42817890427	8.99999976875	7.74154559885	7.92529554644	8.99999976461	8.75982418552	8.45261067028	8.88517188023	8.75964660841	
0.275725494083	6.77057551839	8.98614982158	2.42840559629	8.99868840136	7.73588218462	8.82021144676	5.71801240619	8.36582117946	8.99973885726	3.98715609013	7.43627630189	
0.27225511294	6.76710513712	8.35205150395	2.51188868516	3.41075606388	5.50773677196	8.99956190983	3.85763047365	3.85391644307	6.40024404949	4.65161448653	4.15068883513	
0.275584039611	6.7704340624	8.99999622443	2.70063320207	7.1476040684	6.84272407677	8.99999666112	3.50182847942	1.16433473506	7.08222267753	8.55663479596	7.90144646011	
0.272048327485	6.7668983504	8.99846124457	2.5548308563	2.89654358905	5.48264168882	8.99998764702	5.71725479047	6.3161437023	8.99597631395	5.70024297376	3.32096391788	
0.275725534917	6.7705755583	8.99570293815	4.03187582828	8.99953348355	7.74063268412	8.70789673026	2.83377053987	3.39196790589	8.81395796474	4.71072643933	4.54587888966	
0.273522641033	6.76837266383	8.9526921033	3.63824996931	4.50446629443	5.70429305155	8.6553968401	4.19046013055	5.49905107994	8.96495638097	7.73267914748	6.0066143439	
0.271983193236	6.7668332154	8.99758339771	2.45825483334	2.48111342668	5.47502569291	8.99758339763	3.6315854193	7.75157687109	8.49117920932	5.91813133851	7.2502316889	
0.275709843201	6.7705598651	8.97366582735	2.43831886697	8.4826420082	7.49324739675	8.99419453455	4.06521033496	5.7038099014	7.74898572796	4.87058548917	8.43942384671	
0.272584489977	6.76743451295	8.35628160709	2.45446604348	3.80788541122	5.55094182376	8.46396364451	4.07746690144	5.6905623723	7.59136687979	8.99999908921	8.80473888641	
0.275462685936	6.77031270815	8.68516532501	2.42846720217	6.6449369082	6.59989022902	8.92743570574	8.99999051296	4.5141769401	6.85718231135	8.86687697167	5.91335000731	
0.272099811206	6.76694983365	8.53979653241	2.4819619273	3.07779807861	5.48875609821	8.950528335	3.36728742062	8.97785235084	8.23644261332	4.35736912016	7.48918476922	
0.272848702786	6.76769872613	8.9236954334	2.43421042613	4.03309001687	5.58897648895	8.72584025929	4.87629825191	3.5055928218	5.8595363553	8.94133461555	8.53082003463	
0.273218369034	6.76806839157	8.65975369021	2.42866455613	4.30012527866	5.64843834747	8.9799028667	6.69800825682	8.99844306309	8.60053816079	5.58174909551	6.30461308445	
0.275684848379	6.77053487099	8.85653668285	2.42942834744	8.0140956782	7.26563568787	8.85653668284	4.97217190599	8.99933222072	8.29728145722	3.37203903404	8.29431131122	
0.275680961675	6.77053098411	8.99957343349	2.6306599554	7.95981295391	7.23826729093	8.9996404755	2.86441558281	2.87473517652	7.48628142481	4.29707242604	6.07149862303	
0.274282013711	6.76913203991	8.99999233864	2.62591381887	5.03819799772	5.88613591209	7.8340593536	2.88744004814	5.41955574451	7.3798245758	2.73385447779	4.40663396149	
0.275725509762	6.7705755345	7.53081255637	2.42818260614	8.99999818978	7.73751911407	8.99999977368	8.99999976875	8.3891304673	8.99999976875	8.71941401805	7.633942155	
0.275648456132	6.77049848401	8.99996113518	2.81687100441	7.59873950237	7.06279314372	7.67763777037	3.27341869057	3.71205700033	8.28012206954	3.47318584555	3.18866474617	
0.27421690792	6.7690669316	7.85843851589	2.89554290036	4.98810791363	5.86720942354	8.96517808428	2.64084875964	6.66094198643	8.98633390444	3.15559897862	4.39861890023	
0.272160470992	6.76701049566	8.99791788739	2.7473416863	3.23225658586	5.49607189821	8.99791788739	2.79615749574	3.27318746184	5.93460885643	4.33685965226	5.02424794454	
0.272082644469	6.7669326669	8.54372406726	2.44387813485	3.02430861609	5.48670771406	8.93655133809	3.90388979074	8.82790839188	8.97009338976	5.18793875026	6.87615054588	
0.275534479195	6.7703845015	8.7963896425	2.58472184549	6.90855123561	6.7267964876	8.81960537719	2.94760447387	4.78275939168	6.97305659353	5.76455201076	8.99996666914	
0.275725531191	6.77057555829	8.14178776198	2.428178679	8.99998715209	7.73805455579	8.90767364763	8.99126893296	8.42840006394	8.15962385404	8.6789887616	8.99999976875	
0.273372385381	6.76822241291	8.99999934685	2.63330216829	4.40423136572	5.67581582358	8.0599546385	2.85348841916	8.9066311034	7.32333932432	2.67841327637	7.72357239693	
0.275713947176	6.77056397043	8.66421046677	2.42818067771	8.59071517073	7.54532707648	8.56435975956	8.88717546664	7.99516568033	7.88076671708	8.63737589307	8.87066544252	
0.275705384277	6.77055540789	8.98668183289	2.80632648445	8.37843466725	7.44344356779	8.06836649183	3.45090027711	3.39260752053	8.42816344289	3.02077881885	2.87832396841	
0.272832083069	6.76768210741	8.97378875687	3.3975348659	4.02008724585	5.58648282943	8.94593841733	2.50249766469	3.73510044713	6.11106307338	5.01297455349	6.25059939528	
0.272525330751	6.76737535657	8.99615493316	3.16338691959	3.74992192945	5.5428607606	8.99615493378	2.64802968254	3.21161444763	6.12767261024	2.94184386549	3.57402854122	
0.273590906399	6.76844092973	8.99999986497	2.42965919112	4.54993311105	5.71786778678	8.93649557363	6.68423046255	3.86471505271	5.97276672638	6.5525755991	5.2594834445	
0.272059075361	6.76690910029	8.99850413789	2.5478040247	2.94018164946	5.48391023008	8.99852738392	3.10772295783	4.48353462039	6.35646242592	3.2265148395	4.31165139917	
0.273010257188	6.7678602812	8.84106463459	2.82334496158	4.15410366554	5.61397537332	8.84106463455	3.02410117557	2.26506902063	5.93123417988	8.990196256	8.85913092965	
0.275725595795	6.77057561873	8.9999874361	2.65087136146	8.99999976875	7.74303833528	8.92903902938	3.19574306739	3.90962835999	8.91093733475	1.57771098626	3.07606389223	
0.275725543547	6.77057557086	7.88802953781	2.42817935585	8.99999149219	7.73437223802	8.99999986033	8.23111382749	8.15980067999	8.14563227487	8.28389395564	8.95270623163	
0.272208145205	6.7670581689	8.99998119733	2.76488105161	3.32899389198	5.50190957857	8.99954010224	2.84083827835	6.36693392128	8.84663765516	2.51408408512	3.4155550434	
0.275725611656	6.77057563566	8.50881995861	2.42817879732	8.99999976025	7.74109912321	8.95180403777	8.72799830357	8.34359159272	8.11343250412	8.04620473737	8.99999976706	
0.275725592189	6.77057561452	8.9994645374	2.57590435105	8.99999302013	7.74304169385	8.23583823765	3.0496066511	4.68011403067	8.99991533097	2.07210040576	3.77933061646	
0.275084191217	6.76993421378	8.87341283692	2.42831030803	5.85681080432	6.2313124758	8.98882239962	8.74501882792	8.81425109644	8.67781178624	6.99329155745	6.60442370817	
0.275725503127	6.77057552535	8.98596333357	2.42825382679	8.99999936887	7.73629425241	8.98923806281	7.71257558303	7.13343758242	8.99567397939	5.81071376881	6.20684288681	
0.275725561115	6.77057558176	8.5725412564	2.42818128099	8.99998853424	7.74042593848	8.74509514658	8.99999620698	8.48909330831	8.93313129482	7.78318023837	7.64845217763	
0.272015249573	6.76686527208	8.9727275658	2.52738194543	2.73031099406	5.47875779268	8.97272778318	8.52252540439	5.77561043979	8.35964006898	8.99990273533	3.72326271819	
0.275725506759	6.77057552936	8.98807924941	2.45298989672	8.99999976875	7.73677089807	8.98807924942	3.68374062998	8.33014320452	8.99999976894	1.80539858785	7.39848727764	
0.273050641431	6.76790066656	8.85050518365	2.42887781343	4.18311695509	5.62045040764	7.79259664604	5.63586259878	8.98622887251	7.15672803773	6.39610436534	8.52692157132	
0.275572224512	6.77042224095	8.24669419233	2.42820363962	7.08482067885	6.81225035088	8.24669419233	8.99086169945	8.99705732257	7.89477248156	8.82822168808	8.43768832668	
0.273125037329	6.76797506083	8.57492256822	2.51058038877	4.23564268956	5.63264451204	8.03167358263	3.20736342028	7.66465962051	8.84295333667	5.94935407888	7.42299929157	
0.275725489179	6.77057551066	8.98872670296	4.04398120901	8.99996378713	7.73953596137	8.98872670295	8.97028926012	3.37931520857	8.99999970033	8.98308925701	2.74630430283	
0.273768000522	6.76861802394	8.96853823499	2.96263137872	4.66880881378	5.75519982533	8.93771033616	2.57940884036	4.34511805714	6.02266347616	5.34534955561	8.10590988684	
0.272063946383	6.7669139699	8.99599258833	2.71689267004	2.95879601609	5.48448770839	8.99985974754	2.74309239714	8.93658890494	6.47178951162	3.23514258447	8.87040596365	
0.274373451849	6.7692234775	8.99317233089	2.62764181118	5.11095227877	5.91419649458	7.75051424247	3.2626196803	3.02102908915	6.41103816566	8.99999950931	8.82045970414	
0.272008745972	6.76685876855	8.99999999593	2.59957753255	2.68944975917	5.4779979799	8.99999883911	3.20879027754	3.99184597402	6.5372194481	8.88851163833	8.90650937986	
0.275723458621	6.77057347901	8.99761038993	2.94589488773	8.91108468591	7.70122841153	8.96476668597	3.06994722505	1.8453409212	8.01215668911	2.79162339691	2.9414872824	
0.275725541041	6.77057556416	8.9335984134	3.45331797535	8.99999976876	7.74140821717	8.71182427377	8.99567618802	2.47473304356	8.31330574462	8.99537323496	2.77210901958	
0.271986464346	6.766836487	8.99999976875	2.45866441996	2.5136551755	5.47540473105	8.99711605813	3.61399099552	6.65416114922	7.03426728512	5.0498364709	6.79272960202	
0.274903148146	6.76975317175	8.66579893632	2.89626903458	5.62066264022	6.126215882	7.92933419246	2.61455903503	7.07377146932	8.91838233049	6.41812748851	8.31255685408	
0.275267768676	6.77011777794	8.92287215361	2.42828021612	6.16447085318	6.37262901348	7.62740247764	8.98364959113	7.37707380509	7.43922140638	8.79294529145	6.82127280573	
0.275212712021	6.770062737	8.99957697834	2.46835951012	6.06215456503	6.32515579614	7.12495827235	3.52175182481	6.99596511413	8.99999997487	7.96855747979	8.99623371018	
0.275725580465	6.77057560636	8.96195291508	2.54156022916	8.99956200957	7.74137266157	8.99999976079	3.07050841549	5.03641663777	8.25959630268	1.61629486038	5.16147697942	
0.272210800659	6.76706082339	8.99816620636	2.49468572864	3.33393209032	5.50223715555	8.34921119103	3.5900492014	6.81304262311	8.96886803385	4.10045380472	4.19925420711	
0.275701583263	6.77055160576	8.99958584094	2.56381245539	8.29871956239	7.40386130391	8.99999914177	3.48056572108	1.33879822555	7.65584216185	8.99999972226	8.69330926216	
0.275709413032	6.77055943525	8.73014206481	2.42818435757	8.47193191238	7.48775461576	8.89136585283	8.16399148423	6.13507952286	7.75077482284	8.96786349163	8.52596597619	
0.272169590109	6.76701961372	8.64283856128	2.43166362497	3.25207990728	5.49718195603	8.84349789615	7.66460716357	4.76507182912	6.11177558453	8.99999591112	5.95854418519	
0.275512646267	6.77036266843	7.56608649133	2.42821279112	6.82019946051	6.68413892334	8.99998574946	8.83109466722	8.62960401671	7.22402116309	8.98735569785	8.99605228329	
0.274398539429	6.76924856659	8.99989921812	2.52917829757	5.13142959341	5.9222107103	8.99989921812	3.11218578491	8.98824816506	6.58823331217	1.6298368447	8.75779333671	
0.274568001469	6.7694180255	8.85779588789	3.54453510128	5.27730725031	5.98066815924	8.98688184113	8.40113844207	2.43344482694	6.49303679488	8.54617639472	2.84251611201	
0.272062740955	6.76691276352	8.55585624777	2.46516883229	2.95427649961	5.48434541573	8.98916780651	3.52694352641	8.9124746812	8.99998429224	6.90436323748	8.99998481727	
0.274296846128	6.76914687167	8.9919300919	2.83480870894	5.04979306283	5.89056358224	8.99193009189	3.24932964079	1.79361856118	6.15996830072	3.18678175208	3.03967173264	
0.275725521858	6.7705755452	8.97652598432	2.52206203316	8.99999977226	7.73973150282	8.57907097017	3.40230470964	3.83394688717	8.52365564849	2.14360265574	3.50568078503	
0.275725598045	6.77057562067	7.22281768984	2.48794221307	8.99999977443	7.74291841084	8.93536812409	6.95973031092	4.26338220264	8.99999975677	8.07862883543	4.46989434607	
0.275690167227	6.77054019134	8.95356102739	2.44273601683	8.09488323073	7.30489436542	7.46267579154	4.45271903743	3.91749971851	7.7828016568	6.94894866772	6.55470576768	
0.275725524404	6.77057554732	8.99999256784	2.76703555501	8.99999978884	7.73635658778	8.92148989199	2.77924995084	4.38224660336	8.99999982262	1.27743366783	3.45880901431	
0.275720728955	6.77057074912	8.13091760253	2.80697371286	8.80660606775	7.65044362741	8.7561754296	2.71495968294	3.58612845436	8.1962992379	3.02503529752	4.09647500737	
0.272006481573	6.7668565048	8.99999973075	2.61185086149	2.67433299631	5.47773359418	8.99993310961	7.3800999609	6.1157261376	8.9267749327	8.37721565638	3.93103669146	
0.275587606616	6.77043763315	7.39743678013	2.77846603821	7.16741087875	6.8523751141	8.99572419556	3.03873719478	4.72855539342	8.87951875693	8.99799435932	8.89831290663	
0.275661225931	6.77051124787	8.90853994475	2.44629953295	7.7236582945	7.12372161963	8.96599365752	4.12131715192	2.29219541498	7.36576583901	8.93156444584	8.92513602669	
0.272342873141	6.76719289603	8.18054331847	2.45987098502	3.53967469328	5.51883861514	8.9993812112	5.07606810409	6.84425694367	8.98581330648	5.43792830903	4.12148187564	
0.275682166236	6.77053218926	8.99999613467	2.53152359693	7.975733657	7.2468234291	8.99040030197	3.10445974803	4.89499470887	7.59981369289	1.90553692923	5.44432967524	
0.275725511771	6.77057553986	8.96403531593	2.42818433758	8.99769437344	7.73608143586	7.6242461216	8.99999973933	8.24145307963	8.99999976372	8.63448098173	7.4579329969	
0.275703439718	6.77055346207	8.98917398114	2.65095960481	8.33696480952	7.42279316409	8.98917398114	3.3570444358	1.25179737701	7.67676403502	5.90483913452	5.52467645539	
0.27572555108	6.77057557639	8.99799163618	2.42818354224	8.99999976875	7.73729788372	8.99799163726	8.9534006783	8.30380391497	8.9999886549	7.02980631491	7.37101091295	
0.275725611565	6.77057563366	8.99999976875	2.43145176249	8.99999981097	7.74096865932	8.99923195535	7.41896285609	2.60995717094	8.01588203939	8.59592500695	5.75813687988	
0.27562397928	6.77047400195	8.87874798182	4.15893228041	7.40001363095	6.96570591591	8.91051286718	2.43665972129	6.77640657763	8.4261901669	5.41920619688	8.55768758057	
0.275724810075	6.77057483388	8.99999713712	2.51798266686	8.96489974419	7.72457466741	8.99999973617	3.15679634986	7.87536041879	8.045126823	2.25977635997	8.81584129791	
0.275672067749	6.77052208996	8.64921311746	3.00651144575	7.84533815116	7.18320431138	8.49400086898	7.55967323399	3.31473471957	8.24418608519	7.27189127371	2.74189146664	
0.27386780694	6.76871783229	8.51938358688	3.13041292361	4.73693265735	5.77773186369	8.99698342143	3.34983310093	2.32490628159	6.18993697569	4.30755781157	3.59813730075	
0.27572323925	6.77057326444	8.22564126101	2.60319144493	8.89984575703	7.69347851551	8.99999975627	3.54275955684	2.10321699921	8.00801819191	4.35351795481	3.8950624254	
0.272042045399	6.76689206871	8.98955246341	2.58117659939	2.86907384336	5.48190109088	8.97847295305	2.95983016694	6.81186230731	7.29748802356	3.15124636103	5.64010045727	
0.275716589227	6.77056661231	8.21220189231	2.89452048811	8.66866893727	7.58311393929	8.87246803185	2.75299369768	4.05002475477	8.78013246888	2.35413641592	3.30702784851	
0.273042243545	6.76789226811	8.99999846942	2.47409866134	4.17711385682	5.61909541717	8.89819961525	3.89316254105	3.87136505562	6.29250768914	2.82207135149	3.65017244725	
