2.5051466595	8.9999966867	8.24680254616	2.42881541251	3.50009285115	5.51912658965	8.99998047489	6.00305385882	8.96649786591	6.43802700266	6.51504544255	8.99968470847	
2.50514554395	8.99999557026	8.76938424362	2.47207929969	5.38520860125	6.02782872031	8.8740795524	7.73288434724	6.18960496575	8.99733884226	6.31462677608	3.46306134154	
2.07902514434	8.57387516613	8.95990588725	4.21822154658	8.99999976887	7.74586439003	8.95990588725	8.15984557041	3.37798480477	8.99999976875	8.99900033981	3.33315380548	
-3.83668394038	2.65816608695	6.67289275383	3.11841199167	1.48300122598	3.41084624342	8.9991082435	3.82986397078	6.34326465266	4.50368862383	4.48658478624	6.28232923069	
2.50514589196	8.99999591642	8.99999976823	2.45213097879	2.61620359235	5.48108559129	8.99993736815	5.88704415072	6.48642577997	8.48137753374	6.32123115838	4.28244780792	
2.47358928094	8.96843930374	8.87418685432	3.23044882625	3.60791341096	5.52966124786	8.87350669695	5.79961687036	5.66650385023	8.91829678739	8.75819510272	5.46257059365	
-3.13454402064	3.36030600754	8.99999960964	2.52875531431	0.265068528564	4.04612700054	8.9999210394	4.89422684075	3.30571951744	4.40574032338	6.94911527027	5.80526289388	
-1.08594206935	5.40890795664	8.72396732642	2.72403618219	4.62063557424	5.68162774767	7.90877541393	6.05183436279	3.33017210015	6.59960911183	8.33218490954	5.01891632673	
2.43874215829	8.93359218283	8.99867325595	2.42883916422	2.81184944492	5.48474225901	8.99867185491	6.09973312063	8.4938396219	6.59477353442	6.13208697332	7.98732147177	
2.50463587247	8.99948589572	8.90251362895	2.42875866201	3.36267314832	5.50825398793	8.88691902289	6.41921313622	7.55399662331	5.88067388771	7.00552755613	8.63501871224	
-3.84639390315	2.64845612538	8.99181902014	2.91938490151	3.9768948382	4.21938754132	5.45600174163	4.4900631442	8.4340986205	8.99994492991	8.93355285077	8.32387494396	
2.50513937781	8.99998940719	7.2456033768	2.42816426399	8.2963977577	7.40481429006	8.99999969777	7.9131422196	8.9985306142	8.37283363117	8.38050114647	8.96236661844	
-3.48829556953	3.00655446037	8.9999451237	2.62537128014	2.63934670516	3.90764428586	5.94891786492	4.25931410465	4.60082565412	4.89749947192	7.30067528131	6.96016988991	
-0.47440140157	6.02044862376	7.95249888157	2.63718302308	3.91577589121	5.55160820711	8.97469508912	5.85829861685	5.09858651273	8.02989863037	6.93377021768	3.9586265153	
2.01592695876	8.51077698573	8.95022615426	2.42884549538	6.66067855884	6.60966270537	8.425572642	8.20208912015	7.30010539602	8.88522639698	6.90712964016	5.27817708752	
2.50503577672	8.99988579873	8.81621023267	4.00550880984	7.83901750956	7.18255231841	8.81621023267	7.48749680353	4.00929650779	8.99999975189	8.99999976877	3.96546500571	
-4.02718945518	2.46766056913	8.43412892806	3.60143045868	5.45091394152	4.83542423435	6.69957977181	5.35188792863	5.44764518697	5.7027112664	5.84480278367	5.5459051312	
2.45427192541	8.94912194912	8.96864741093	3.55330977116	4.08697524013	5.60316324855	8.96864742776	6.0719170471	5.63368330875	8.99994875967	6.30692279526	2.89682575879	
-4.01641576984	2.4784342566	6.08674936221	3.44454068315	5.98682107476	5.10225116864	8.99998072152	5.73087928002	7.86566722796	5.85409492134	6.02552636297	7.99326710392	
-3.77082177832	2.72402824738	7.60373539484	3.04110075714	0.558157106869	3.42823437381	8.83315434709	3.72983170009	5.036674346	4.89782612582	5.52115590768	5.61617255002	
-3.97797332326	2.51687670071	6.48140864722	3.38918229997	3.30598861412	3.84572437988	8.83746366712	4.59407422886	6.14710946057	4.90206452124	4.39974238282	5.60095574988	
2.39665135744	8.8915013822	8.24937443488	2.42817315463	7.64728879506	7.0886675515	8.24937443488	7.83331692316	8.66631614529	8.15353850705	7.6591113579	8.12805745372	
-2.63006580302	3.86478422814	8.8641806413	2.45032222614	1.76078855636	4.52408128049	8.95265167295	5.80733733738	8.85836762248	5.06203379034	5.1737500408	8.92625230466	
-2.02595864363	4.46889138387	8.99999999948	2.4474979198	1.97883646723	4.99995674627	8.65557219008	5.39107396765	4.45328467402	5.83670735384	8.9999971934	7.57274294738	
1.37446426671	7.8693142911	8.98827731603	2.70451828485	5.10701644962	5.91511082118	7.97859210819	6.65837674526	3.42216350857	6.89193840332	6.49744065629	2.98383419428	
-3.76205963843	2.73279038892	7.12629544978	3.01699528198	0.986203369169	3.44703376029	8.99999976167	3.85258951844	8.99999976167	8.99152207194	4.28559040865	4.2502365202	
2.34072166778	8.83557169734	7.48449824372	2.43158890813	4.72122815664	5.77535034601	8.99944206645	6.20234918996	4.94436438732	6.51967592762	8.86332974767	7.24418662494	
2.50514779797	8.99999975739	8.83149873533	2.69435322964	8.99999976876	8.28108201851	8.83149873858	8.89162993618	1.68008033986	7.51080155176	8.99950635111	3.1256726395	
-0.785036426394	5.70981363645	8.48239213016	2.42838900755	8.99891999202	7.73945199983	8.48239014814	8.99998922359	7.54825352098	8.06807616542	8.99991566174	8.43626197494	
2.43781662826	8.93266664849	8.99999979945	2.42816173804	8.80125022809	7.6495297291	7.10691963322	8.03459817461	8.99999849527	8.99029224668	8.99991937322	8.96579405998	
-3.86750675878	2.62734326969	5.76449953297	3.03630931973	4.40241127548	4.40859846606	8.99433948658	4.92046248587	4.52307718747	5.74617867478	5.13991578435	3.87298271897	
-3.76368764625	2.73116238118	8.64684147247	3.0075844746	1.79297822414	3.51350175967	6.75074969438	3.87360313836	4.85971241327	5.04435906177	4.63853533275	4.410057103	
0.709360274775	7.20421029706	8.67462879272	3.63619494298	8.59785052232	7.55131670619	8.8667495761	8.15583720601	3.19558916015	8.61482881986	8.29540647633	2.83233528255	
-3.28454163705	3.21030839267	8.99968252377	2.556430787	0.0551668653928	3.90076476626	8.74617217418	4.54794598322	8.76107041618	8.92628214818	4.40557173113	4.19652843423	
2.50490457438	8.9997545984	8.70592486523	3.35918287597	6.63891675143	6.599266129	8.86754064538	7.45805322258	3.46735838533	7.85521198797	7.06018976845	2.62850462357	
2.49735614783	8.99220616453	8.16301918379	2.42815947133	8.99999949125	7.74167163034	8.27830483538	8.47561242617	8.96734057302	8.72166413908	8.43409197422	8.63593678407	
-3.9146558025	2.58019422105	8.99999985596	3.82609608473	-0.165417548198	3.28065849587	8.99999985596	3.93194756766	8.80560384049	4.39077394589	3.8919856514	8.26298396712	
-4.06148966149	2.43336036369	8.97462861865	6.47184253257	8.99785562871	7.0948079191	8.97647151088	6.58641478443	5.48629029616	6.70888667927	8.98819444509	7.7217400025	
2.50514961587	8.99999963836	8.50955645083	2.51523614711	8.99999981919	7.74383829059	8.50955645082	8.96415820214	3.28033334712	8.37276124321	8.41259864309	3.27633951328	
-3.32567617242	3.16917385213	8.9999993258	2.56914910788	-0.513162865378	3.86018395026	8.9999993258	4.26162270902	8.99910459995	8.9999977269	4.71007674912	4.66535205484	
-3.45287704404	3.04197298851	8.99876122896	2.62990005492	4.78910728785	4.80734668391	5.58441583154	5.13915757939	4.1885870374	5.92495410293	8.42222346421	6.64202483033	
-3.8380402284	2.65680979481	8.9526780297	3.2015211821	1.8723015875	3.46528593734	7.10838221479	4.47067469326	8.81242135145	8.99900240669	3.82259066004	3.59217803464	
2.50514203772	8.99999205911	8.54843663147	2.42836529128	8.3084288801	7.4114863308	7.76441336449	7.98554722476	7.0850762081	8.99999976863	8.05938281912	6.10062771371	
2.04712509089	8.54197511402	8.9766349333	2.43471540592	3.09176741176	5.49345789874	8.46011478377	5.80446381838	5.78033731221	7.20729163448	6.98891239518	5.51812647593	
2.48480830292	8.9796583306	8.95009059099	2.42906915118	5.66173545049	6.14666446108	8.88073029508	8.1209426937	3.73523137208	6.38845245463	8.22484530015	5.52779265658	
-3.69787535954	2.79697467198	8.82653118744	2.7171893853	3.41034687552	4.0496716819	5.73709571827	4.41123269275	5.37883998806	5.11005489054	5.67446037661	5.89941389021	
-3.72351865307	2.69424750535	8.99999987892	2.47267669211	8.99999976875	8.96629471218	8.99940475086	8.8959277664	-0.789693999498	4.6478010971	8.93825657442	3.42413722373	
-3.74133804383	2.75351199187	8.99718035309	2.8779655663	3.42828435007	4.03234502958	8.9972121125	7.71648618118	-0.0623089117361	4.25849551961	8.80334057599	4.43870458107	
-1.65806042166	4.83678961072	8.67528680944	2.43085059686	3.71035384331	5.31243814046	8.22185500158	6.06832689345	8.62238854575	5.89608799182	6.20936955087	8.89183852462	
-1.30258156023	5.19226846335	7.55848684397	2.42891932319	8.9999999985	7.66682734085	8.99999976875	8.66685994969	8.097762757	8.67157897981	8.21557457909	7.59792674602	
2.50514975151	8.99999977686	8.99998303165	2.64373994052	2.99963691534	5.49004264031	8.99999993752	6.06995729258	3.25731678818	6.27524194679	6.3870758686	3.32531911691	
-3.73699492921	2.75785510062	8.31505705662	2.81151699488	2.45251621898	3.6786201998	6.55141612877	4.03297218871	7.18109327424	5.94151869682	4.72087885424	5.91662185097	
-3.65274677131	2.84210326149	8.80023890493	2.71589505553	2.4638843987	3.74186107861	6.12175894712	4.13224608763	8.91340694378	6.83007313535	4.62739282755	6.66689506503	
-4.02104122017	2.47380877235	8.54933802761	3.47255625102	8.9999963858	6.83023914735	8.54933802763	8.99999888099	8.67945187718	7.06464079851	6.86439903458	8.43536760884	
1.47733212963	7.97218215408	7.81221558496	2.42954269666	8.76492489242	7.62686283044	8.60255208216	8.3274070291	4.91813921179	8.1917435912	8.99999976871	5.68256378342	
-3.61087745917	2.88397256892	8.12969726982	2.83942667171	0.233031026435	3.58208120148	8.97436847245	4.11970887127	3.38276179606	4.143634523	8.67195033925	7.86724604383	
2.49449213688	8.98934215934	8.79259788117	3.28717285214	7.90959207322	7.21698008327	8.35638163237	7.7585386045	3.21903562773	8.25541473503	8.03196706342	2.95175644329	
-0.0195867223179	6.4752633013	8.99999682509	2.43043841788	3.51042441023	5.51232329505	8.21790839916	5.98968791247	8.13303301198	8.99995181662	6.20139073181	5.29064033558	
-0.361842674982	6.13300734898	8.52570069165	2.78783675411	3.85858860286	5.54661804735	8.99767718349	6.25163166285	2.44583940186	5.9720129754	8.42120501382	4.85119985665	
-4.03625071125	2.45859931502	8.99999734806	5.28440495237	3.44386984058	3.87391198559	8.99999734806	5.48966756884	8.99448712971	7.34102319354	4.16434763301	5.77398001044	
-4.06177804711	2.43307197156	8.99997997821	6.73367049581	8.99999463484	7.47478087402	8.98709917868	5.98265635579	8.95208770323	8.93764404209	8.91982288248	8.89043531408	
-4.04424377926	2.45060624553	8.66452826321	5.47538535242	4.307466018	4.27148421467	8.66452826321	5.0937729538	3.83609806849	4.64334653738	8.6939642124	7.84288417672	
-3.68808177426	2.80676825355	8.99118934215	3.03834947769	-0.702642534064	3.5038882873	8.99892138097	3.94935040276	3.66305931304	4.32695232673	4.8635921579	4.1558675697	
-3.9306859283	2.5641640938	8.81475980262	5.65613077251	3.47278803592	3.94513330119	8.94231627969	4.83272002454	5.22921841445	6.29752192287	4.33936049722	3.22722542129	
2.46833411305	8.96318409371	7.11887865377	2.4281601181	8.9999776466	7.78743956835	8.99999976855	8.10735828215	8.99966998179	8.99998599057	8.99999435565	8.95584853357	
-3.95805037046	2.53679966203	8.99917933839	3.10936294525	5.57571303377	4.93152048025	8.99917933839	8.73730823766	8.99999946103	7.42791236091	5.21465059051	6.74290614733	
-3.67274198924	2.82210804564	8.99853235601	2.66046799351	5.03236050379	4.81183006666	8.61343497409	8.37614973067	7.87321013298	5.91388176183	5.14812380081	7.06362062062	
-2.94050318282	3.55434684862	8.93850571462	2.48474431008	1.77846887819	4.24676280826	8.93850571462	6.12809316249	2.67431224455	4.48933253949	6.35446234113	4.49561047729	
-3.90997427268	2.58487575437	8.90256603411	3.07704327144	3.618225085	4.02132209456	5.73452632107	4.36107206636	4.88309333936	5.07744863193	8.97430807567	8.73612117966	
-4.03713548485	2.45771449304	8.99999976866	4.6496157881	8.99954950694	5.84485663986	7.89120304419	8.60039518383	3.01257519016	7.66765395907	8.92211418141	4.22324318186	
-4.06014108409	2.43470893556	8.92175024299	6.42200697758	8.69766216822	6.60343830775	8.98764426007	6.78573990947	4.94805530208	6.89851949772	8.60202747385	6.60773293492	
-4.04137012016	2.45347988423	8.88596546714	6.175917928	8.89733150839	7.02677102902	8.95796824773	6.74268559483	4.01518772461	6.74946223599	6.96744050335	4.18933308377	
-3.98366100356	2.51118902242	8.84170699865	3.25693603343	4.63132920077	4.45857902189	6.03087614974	4.99251727343	7.95443775523	5.30802574959	5.40558501609	8.00816544503	
2.50508198554	8.99993200937	8.84974782026	2.43673094295	3.16072875254	5.49655301915	8.84974782026	6.13106041854	4.1032779265	5.98990188949	7.29826270474	5.36780715554	
2.45644622269	8.95129624494	7.96978596877	2.42816422339	8.46094510936	7.48534551117	8.19375437425	7.91509569361	8.55443205837	8.50492939453	8.76900872032	8.77467982662	
-4.05911261071	2.43573741109	8.68738825937	4.59324715314	8.87471804111	6.50894684322	7.16627433107	6.83031137907	8.99999995687	8.97836396782	8.99999976875	8.97780420217	
0.173866215094	6.66871623905	8.01974072797	2.42820454387	8.08551234699	7.29997310065	8.39990719908	7.98110259578	7.18623127583	7.99282970119	8.19319290087	7.342762932	
-3.92553436628	2.56931566082	8.99998213197	3.22977605064	5.29222399725	4.80967277091	8.99998213197	8.45685940277	6.09448028982	7.73401693896	5.08769983746	3.40433163758	
-4.01383910381	2.4810108614	8.99999976886	3.40786882869	8.99991318468	7.22235220104	5.94682952954	6.52059938576	6.85426128316	7.21281391226	6.78010750922	6.37771955711	
-3.87271093542	2.62213908799	8.9732424901	3.57639579744	-0.604240629938	3.32114861453	8.97324247795	3.64881990905	8.93441044513	8.44962325307	4.48973468426	4.93069030192	
-4.02703919248	2.46781083095	8.2185819108	4.46679911902	8.81875278557	6.57379025462	7.77593990371	6.97680520778	3.90878185869	7.17900025641	7.73491364376	4.42086367345	
1.57475399449	8.06960402124	8.99939474546	2.42884676071	4.22964086143	5.63439192929	7.53465153944	5.90456845121	8.99999959581	8.90212846582	8.81737678595	8.87141630696	
-4.03576012288	2.45908988755	8.52356920149	3.90826871536	8.99999976619	7.23401339957	7.91763018068	7.50300478	3.92111570843	6.45980384222	6.65809460389	4.07556591001	
-3.66564406184	2.82920597271	8.42580756776	2.79649645367	4.54349058689	4.580555868	6.75787245665	5.55423825695	2.89303632741	4.97366196733	5.77969691473	3.65523970529	
2.47398794006	8.9688379642	8.60203040219	2.42815950469	8.92049783185	7.70350904641	7.90533927539	8.50031893061	8.79903587066	8.39974432844	8.54535422937	8.90081421384	
2.40349168067	8.89834170375	7.16210222411	2.42816609307	8.37281130703	7.44160365188	8.91618556305	7.78544932402	8.92660449602	8.95405902642	8.97010567902	8.89881959055	
-3.97805895819	2.51679106605	8.83892928492	3.36474216459	3.35540255671	3.86716900582	6.97746291092	5.14400356094	4.97991860874	4.35739863354	4.58421157177	5.16289997692	
2.50514933896	8.999999361	8.99685477362	2.42916771512	2.46284170768	5.47913462346	8.99685094808	5.75236508547	7.79710870964	7.76050702791	8.99999965374	8.9927697408	
-2.77075539887	3.72409464049	8.84023433505	2.45696986767	6.05965638226	5.75797772264	8.91968452402	8.80874760863	2.41949452478	5.99375972057	8.01972070446	4.4016239494	
-3.78985007907	2.70499994594	8.99915493379	3.04412241405	-0.948402356413	3.40300457493	8.9962330217	3.80397859638	8.85177034824	8.31118692369	4.25421948589	4.75097132529	
-4.05603213616	2.43881788409	8.39443830234	4.28402460262	8.99999978861	6.88781114637	8.4393533465	7.86607221966	7.48028934006	6.90014464851	6.85615888505	7.39248312803	
-4.06097397311	2.43387605282	8.54627033139	5.93487980583	6.390734061	5.27466167445	8.98248425021	5.91406712908	8.91074061466	6.0584751782	6.18966120341	8.99809508934	
-4.06198068991	2.4328693311	8.74857242877	6.32897915961	8.99999976856	7.02182868424	8.83465960439	6.43650797747	8.97774816378	8.98574753353	8.98438129276	8.93256694308	
-0.271053827276	6.22379619931	8.47815915696	2.42823216727	8.99999976875	7.7322061123	8.47815915693	8.99999976875	8.48831858633	8.99999976899	8.15788666042	7.60237392686	
-1.55924491125	4.93560511685	8.20915738408	2.43043766114	3.82720547656	5.36939181591	8.72035736415	6.16101071411	5.88911788186	5.75072301407	8.51301408676	8.60757740393	
-4.06198903931	2.43286098108	8.95064236005	6.62355181916	8.99872212645	7.08467885081	8.95064236005	6.39588744628	8.98765974364	8.99988365876	7.6257641045	7.569708938	
-3.78832568633	2.70652434534	8.67869248436	3.51024797359	3.5778228667	4.0704800997	7.02032193401	4.9002291848	2.63067012544	4.48760443145	5.43629563635	3.53552975781	
2.50495475421	8.99980477674	8.69332809901	2.93820484098	8.99999976878	7.73675393637	8.74489436726	8.96738344541	2.09034911047	8.13924059236	8.99801992031	2.90529685676	
-3.02753441384	3.46731561194	8.99263267052	2.58080622599	0.107093132562	4.14827600596	8.99999977443	4.5747633268	7.5635621584	8.73305449306	4.93473300964	3.72140910381	
-3.72667676681	2.76817326379	8.9892081991	3.02949301623	1.84714830484	3.55283349831	8.99999608933	6.45814605156	0.566010469551	3.77922622628	8.17964390822	4.92259658069	
