0.275368325933	6.77021834968	7.69436878138	2.42822169271	8.95826047755	8.9645817672	8.95325236236	7.41719814164	8.99811856145	8.99516099174	6.90596223357	6.86508823199	
-0.24723344622	6.24761657726	8.12108361118	2.58107724384	0.577033590578	4.96573365407	8.99999561092	3.35542188199	8.99999976869	8.53441387968	8.14655815364	8.56831250269	
0.273408005059	6.76825802685	8.99992377024	2.43047607529	2.65023929978	5.47627888538	8.98259909953	5.93012720703	7.96102837761	8.99468127962	8.57787186686	7.50038739351	
-0.589095569123	5.90575445614	8.70943030384	2.98012137592	0.861465916433	4.68139549538	7.8225940646	2.93609338986	5.64287358181	4.7862664416	4.66102132803	5.47379690286	
0.0880038084643	6.58285383374	8.20155436985	2.45410707798	6.38524437852	8.99999040186	7.65962236022	3.99644360087	8.22821863247	6.54139842717	5.99707578042	7.64006443171	
0.275739728893	6.77058975063	8.97659901067	3.93286400058	8.99968860662	7.37794827345	8.98116169217	8.85075703168	2.93001742848	8.98704850086	8.83710337541	2.73624070671	
-0.595875193052	5.89897482882	8.45551652405	3.03345706272	4.14822046927	7.15613973578	7.29933940199	2.91759957887	8.99802279596	8.26528272723	5.15660252892	5.84551102887	
0.275704167975	6.77055419039	8.41843792412	2.42817923824	8.99903979845	8.04127098331	8.41843792412	8.57058541226	8.96756842859	8.29705236039	7.98137710462	8.6080615919	
0.178524092414	6.67337411522	7.94131200412	2.44570967138	2.31631485892	5.45782113178	8.8198909938	4.37810703393	5.17179045365	5.20330114685	8.99702841371	8.92168615301	
-0.69704218515	5.79780783893	8.84434586678	3.26381981035	-0.240665553637	4.50926363907	8.81923198202	2.85394882366	8.86829745495	3.9895348382	4.02921281214	8.8641438633	
0.275739344073	6.77058936776	7.26782719379	2.42818232919	8.83633540208	7.28466852032	8.99999993547	8.5954316729	8.99974407181	8.99954631364	8.99808060559	8.95444677114	
0.275737145647	6.77058717205	8.99999999704	2.66151204682	6.21180153439	5.94396132163	8.9917798402	8.80222797776	1.49611999524	7.21766794235	8.96532130211	3.19994178762	
-0.689380366954	5.80546965547	8.99996058091	3.124676645	2.78049216041	5.8217399186	8.99996736391	5.03812352318	0.84600724499	2.76866330867	5.36360555303	3.39711791993	
0.156410914135	6.65126093499	8.9990205331	2.45158787495	0.941563924384	5.35925606296	8.999999763	4.33386026442	8.6457347698	8.72166803868	4.8681499607	4.74838512738	
0.0947213340228	6.58957135694	8.93054189398	3.38861185757	1.7388628944	5.33892359788	8.96217574966	4.10816506532	3.8407213002	5.3216876097	4.80741829122	3.28262041068	
-0.929679660695	5.56517036115	8.56806956801	3.47584856333	5.66675560547	8.70821261303	8.36249875593	3.61738273552	8.99999963428	6.38574015381	2.58517743913	5.15560535004	
-0.71303411114	5.78181591149	8.84526677684	3.09180148651	5.96208646874	8.98446088789	8.93467557497	4.86988642784	2.58746061409	2.88990186377	3.32555765048	2.97928483147	
-0.561083492199	5.9337665299	8.92348376092	5.09151188541	5.93656582017	8.93763002662	8.92348376102	2.9585114109	5.0207851353	5.08010490039	8.9999998369	8.89684850491	
0.263651859093	6.75850187967	8.99999977067	2.66343094168	2.24326666643	5.47040654831	8.9999986279	5.3135475602	3.85674839905	6.2998620471	6.74206857976	4.25512336047	
-0.743076499437	5.7517735264	8.9999972138	4.30654471632	0.621452299195	4.5179113399	8.99998139723	3.00109483303	3.2715521527	3.06040824151	8.73728941357	8.9046017537	
0.00901440485212	6.50386442848	8.99906632113	3.88137230552	1.79636856627	5.28971363677	8.99917273982	3.82764165956	3.59217869026	4.89031176408	8.97640285994	7.63443822786	
0.275398373306	6.77024839878	8.99694913536	2.42819588625	8.96526514169	8.93541910176	8.70804983687	8.5107691034	8.14249548577	7.05302963724	7.17266511277	8.2182993908	
-0.951711893716	5.54313812803	8.81814639358	3.52154871699	3.9136372614	6.95735033214	8.81814639358	4.27515098198	8.95267232932	7.16828057953	2.53086516852	4.27142534882	
-0.765703812703	5.72914620928	7.69959460956	3.06635929398	3.77626510308	6.80610369877	8.99999063783	3.80750734004	2.76526475724	2.81491791275	3.45848591318	3.36500118805	
-0.361308363973	6.13354166125	8.98989995046	2.73591899098	2.01174827084	5.20806304823	7.48881759805	3.75060375769	2.84639895825	3.39006363171	4.07467070882	3.48717446718	
-0.824957221924	5.66989280317	8.9135285189	3.27371406646	0.845926678589	4.49408390557	8.44431251668	3.64008972139	2.84766782567	2.74811650451	3.45640181584	3.51212156554	
-0.870651957871	5.62419806406	8.86245067803	3.96063728632	3.50995632074	6.54978861254	8.86245067805	3.92855176039	1.80928283282	2.58733879781	8.88250714717	8.06061961253	
-0.611507417072	5.88334260819	7.6016818617	2.86199406054	1.6657822576	4.93411260922	8.98097036728	3.65644779451	2.46587241485	2.93606946045	8.82424874122	8.31022012716	
0.262361516742	6.75721153967	8.76138028125	3.2819969182	7.01758866286	8.56939202694	8.19120143729	5.32290141223	3.11257378565	5.89599429149	8.32522982758	5.49797776211	
-0.748893937924	5.74595608381	8.99766447471	5.39675768802	4.0359963502	7.06333358469	8.9862358576	2.76392539482	8.91243841352	4.28414839732	4.39712823831	8.98158668015	
-0.4424838208	6.05236620173	8.99987749458	5.10034039156	2.94963132157	5.95515481618	8.99987749458	3.09801108385	8.63573259109	8.99950938427	8.999660847	8.59205248554	
2.5052094036	8.99996645493	8.06555756164	3.87253320488	3.60392300719	6.65063971931	8.91959901251	3.26976188114	8.27257348138	2.69017053231	3.42296125491	8.96213276051	
0.271281446703	6.76613147418	8.6058476862	2.42846983322	7.92078355823	8.99985920876	8.26786624797	6.57028841954	6.21530095647	5.7318164148	8.34609091061	8.7857438927	
-0.831991232916	5.66285879221	8.37585275295	3.1883252835	0.687090408766	4.45485892265	8.61607817163	3.23995710529	6.45448459595	3.09934300716	3.02799632348	6.33930634262	
0.229024246785	6.72387427071	8.84050675599	2.5014400152	2.89359505439	5.55826241247	7.98158408994	4.86010345393	3.84723100587	5.30264030682	5.48550673487	3.98626586053	
-0.2302969429	6.26455308299	8.93749068328	2.51478336729	0.363121174658	4.97646381569	8.99351517675	4.00699982984	3.47251957336	3.45283689698	8.84758342635	8.82343453499	
0.275677494061	6.77052751858	8.45413843181	2.42828823956	8.98199232465	8.24019691396	8.98557149905	8.95733707893	5.02531609329	7.53296221761	8.82008529128	6.26860760004	
-0.704754090651	5.79009593712	8.99997284436	2.94000793308	-0.0848034262248	4.5052675826	8.98778763757	3.66180151591	2.45733649177	2.81011452996	8.83791778349	8.44130817592	
0.198912371186	6.69376239549	8.34451034682	2.48566352896	4.1941387091	6.50856745507	8.51583807723	5.26437612911	3.34018334407	4.67461763954	4.92133707379	3.54307120724	
0.260936176709	6.75578620234	8.99964970601	2.67780998028	4.47255435352	6.16468827842	7.65148375498	5.48530954517	6.39165144141	8.7391674251	5.48046849733	3.08912091856	
-0.725787825268	5.76906219961	7.10388910854	3.01173775143	1.70382392789	4.91959560628	8.99834553042	3.07884518637	7.15674237634	5.218070377	3.06206594952	4.95690638056	
-0.590637448538	5.90421257596	8.98711556614	2.89222771048	1.94537603857	5.11365791129	6.83959546626	2.97032142698	7.11596823556	5.62037407695	3.89777734465	5.34953993554	
-0.215314348852	6.27953567467	7.24546161302	2.55480413134	5.57403970125	8.47427612274	8.97878308577	3.97332412622	2.96848403324	3.49533879554	6.12901324283	5.55832691167	
0.220536433353	6.71538646043	8.40702681658	2.43284608705	6.42902629274	8.57561556015	7.90578176308	4.93749319318	8.94052762541	5.38703314901	4.98572985977	8.49539278296	
0.137032040439	6.63188206479	7.03942074481	2.44925814436	6.36210433311	8.86843259913	8.88462061336	4.172574927	5.75504020275	5.37335392723	8.60242556217	8.94028027095	
-0.538339286626	5.95651073636	8.79103283303	2.78580380575	6.00293516205	8.99999981937	6.82307995616	3.03536430621	5.6440027517	3.87850661037	6.63961405647	8.36127863062	
0.275370517319	6.77022054167	8.93869094509	2.42820760648	8.93146334618	8.93525960211	8.89148625314	8.60229331013	8.95168005366	8.67662991672	6.80133853573	7.03255711173	
-0.483489410295	6.01136061142	8.13063143799	3.9936423636	3.51661602771	6.50995464148	8.79580764239	3.14357808618	8.70286657243	8.98982542105	3.75166251107	3.42087209169	
0.27573015189	6.77058016421	8.10791553881	2.42817893138	8.99982748094	7.64332017991	8.75858845502	8.99895237236	8.99952177967	8.48240988307	8.51518794381	8.9884682464	
-0.627048102758	5.86780191993	7.73454294489	2.87387623253	2.40929748245	5.47812751909	8.69349470436	3.68945136124	2.4035820961	2.90844158717	8.96252136373	8.4138303034	
0.18269116617	6.67754119051	8.99991373951	2.45289186424	5.87623080611	8.23147811206	7.02516895886	4.42106350628	4.64900454899	5.09992593459	8.95532664574	8.46057369327	
0.0461492260181	6.54099925223	6.99696171154	2.45754478852	6.31413994185	8.99702567785	8.99361310306	4.05426426159	8.94921783345	7.78599628557	4.36404060514	5.48343059695	
-0.231961008462	6.26288901353	8.80198130782	2.68473581003	2.9067355704	5.87218870129	8.81826987965	5.17418222871	2.83258895601	3.59188685359	3.74257225056	2.93944278336	
-0.622101386136	5.87274863856	8.78840313745	2.98380987908	1.69511181496	4.94684512098	7.15046842882	2.90744835749	8.99999982964	4.48418793141	4.43512061481	8.90710094765	
0.0497405019138	6.54459052832	8.98750457823	2.50822742775	6.30819569859	8.98587662307	7.20608896294	4.21180516301	3.38118336419	4.15123765612	5.43666154799	4.62277569378	
0.252872856718	6.74772288378	8.56009076885	2.87749205423	7.22037718884	8.99999981848	8.99989852961	6.1069945849	1.57484197494	4.98461008626	7.21877468134	3.76517501023	
0.119452094427	6.6143021175	8.96295375293	2.44577691678	2.19648203376	5.42100564959	7.77253869524	4.26931189568	8.98687480225	4.80344618428	4.85542651676	8.99502356684	
0.0806668423094	6.57551686592	8.99999962923	2.5014889791	4.1165384384	6.75909748368	6.98076427091	4.04083585907	4.73861738382	5.25400471969	4.95899095886	4.39977204698	
-0.106247969177	6.38860205475	7.25282368477	2.55190127691	2.36877252587	5.45348844627	8.97806238609	3.79838885285	3.51920013807	3.93643071555	5.58567021471	5.12460806862	
-0.406523174699	6.08832685002	8.96528153384	2.61148191187	-0.437222366186	4.79398022627	8.99997579928	3.32669281082	8.06322751328	3.64907085818	4.33575217592	8.70607725902	
0.232597248843	6.72744727196	8.81497725188	2.92834515103	4.18649685655	6.29587368563	8.62042457819	5.60179983174	2.65701433737	4.99260103792	5.09442567395	2.71500740172	
2.36297145565	8.8576560735	8.99999938032	2.81594435428	3.51387279311	6.55242099135	8.99999938032	5.34931684706	1.54785751074	2.67567830629	8.99999049081	7.82912981026	
-0.508605505807	5.98624451668	8.8597228197	4.94152643933	5.74965586273	8.74112541273	8.90863759652	3.03948440713	4.04637172857	4.28320550047	8.98122040092	8.70055506287	
-0.549296085594	5.94555393714	8.91356520559	3.17466108767	5.50977661024	8.5088380313	8.88838925686	4.8323519351	0.943544409562	2.93258075328	5.59883139176	3.56596347877	
-0.12497815674	6.36987186576	6.88877992822	2.53345300395	3.0555336207	5.96466250977	8.89538250664	3.54570052432	8.99865629375	8.79976271836	5.79224676369	5.94730876742	
0.27315147663	6.76800149875	8.96742259487	2.50397371424	3.30103548868	5.49394885689	8.99023695034	6.46489244483	6.36361938084	8.98443028056	6.02683251969	3.36219004879	
0.147017628412	6.64186765289	8.81095318105	3.38275692337	5.5390232773	8.01844008127	8.47349331443	4.62639274609	2.28308222292	4.35137969722	5.90572520947	3.79359616886	
0.250539362479	6.74538938382	8.99726145221	2.43141866273	1.62816338573	5.45304963007	8.99921458202	4.94429110941	8.87460940526	7.3407500568	7.40787288056	8.89790066105	
-0.574888800382	5.91996122198	6.98296041106	2.88743699733	3.21827064218	6.23244682422	8.99999707845	3.28546429199	8.99999973996	8.70343659803	3.1996829042	3.4524144764	
-0.184105192462	6.31074483262	7.23224081249	2.57889449223	1.78643476579	5.17662735836	8.99917007662	3.46644378234	4.83586656463	4.80483402671	8.95611941638	8.94332038704	
-1.50443069418	4.55961236162	8.9999999953	1.59546035058	-5.9999999953	2.57180400648	8.9999999953	1.76136786668	8.99915911887	3.7201264392	3.92213768465	9.0	
0.222341487501	6.71719151239	8.95380056694	4.12756984384	6.34040344899	8.47352202768	8.95630187481	4.85353398592	2.58506209208	4.94194862608	6.44713912713	4.04642104826	
2.50530164041	8.99999999739	8.80477429735	2.60760529696	1.75107768366	5.15828968809	7.41123208991	3.38466664506	8.99999974541	8.99685531774	8.99999974836	8.99999947976	
-0.522474295855	5.97237572711	6.67298473	2.78637852178	5.99271729688	8.98684488112	8.99999977112	3.09659837526	5.86496875414	5.10363196673	3.72175599362	4.4392612139	
0.275477246356	6.77032727106	8.83336380425	2.42820721512	8.99999950652	8.85776798615	7.29519807799	7.04670617715	8.99998760921	8.63732688649	7.61788025003	7.93670938011	
-0.00357446851297	6.49127555321	8.99999688182	4.68627439835	4.53021027203	7.27930314096	8.99999773919	3.76874733733	5.95278831057	7.20290941624	8.98820557029	7.69425289272	
-0.439643547117	6.05520647507	8.25161493939	2.75656726906	3.45421703532	6.43984960894	7.6374821025	3.35101718156	3.85541345915	3.81398812632	3.68374283934	3.6813366019	
0.244364845842	6.73921486731	8.99985354965	2.43199518002	1.61237885314	5.4477721409	8.93621538024	4.87280044381	8.99943782562	6.29654732792	6.34094097888	8.99999990842	
-0.630948752511	5.86390127089	7.13148234488	2.93044172967	2.36173165137	5.4366984533	8.99997687666	3.33017067033	3.35751301189	3.20836928205	3.51261275816	3.61792491802	
-0.633190265002	5.86165975725	8.95142104755	2.87214613083	5.17258969772	8.18491372558	6.77567835354	3.04674922468	5.72403318487	3.30903116159	6.62857650652	8.99974695967	
-0.758723232647	5.73612679047	8.86670155653	4.30857984786	1.56827103483	4.82559214684	8.28848759133	2.79340816588	8.99665680927	6.06782972313	3.6094659936	6.49446151581	
-0.574296316202	5.92055370594	8.17812279892	2.82599532863	2.65942226863	5.70071111625	8.5592566157	4.07421522019	4.82114021444	4.66931152939	2.98119183059	3.08918894646	
-0.931141153293	5.56370886841	8.67328477267	3.82440951392	5.22740960197	8.26899104041	8.89010516027	3.90151896321	4.48892322846	3.50745031388	2.61180026722	3.54944161223	
0.275851527738	6.77070155155	7.86212705261	2.43560087161	4.96971801317	5.54413674301	8.99873965321	7.05496708597	6.18684928323	8.9738131265	8.99983005291	6.16903463558	
0.249649268593	6.74449929394	8.9088458047	2.43047411434	6.13134934775	7.96784880719	7.32634528248	5.17233749368	8.4672706841	5.41743715605	5.82120965851	8.82721161165	
0.227661254054	6.7225112772	8.90116188766	3.49490717601	4.82670575418	6.93038923056	8.57348846025	5.08017967652	3.03574895332	5.28075833293	5.04300805911	2.75416710945	
0.238379879652	6.73322990207	8.0380942062	3.43888945758	6.26379914821	8.24997736732	8.9999170743	4.81706358347	3.69211323447	5.96735964775	6.12603226251	3.80695428381	
-0.644303666013	5.85054635935	8.97419246495	3.80435797257	1.20804551407	4.71991846859	8.19807989999	3.06016141575	3.26199138881	3.30807732563	4.172920377	4.08300287215	
-0.120358371328	6.3744916525	8.99999977708	2.48830771009	0.302410963171	5.08285676515	8.99999977708	3.93536602136	5.38045486977	4.59223065906	3.84645683345	4.59084947905	
0.275453191739	6.77030321569	8.90252082807	2.42819247178	8.99999964534	8.89521341408	8.90252082807	8.6857553928	6.78086976445	6.86540883483	8.9411237475	8.81275311109	
0.275519677284	6.77036970055	8.98814206584	2.42818829835	8.99999990656	8.78263863939	8.98995174115	8.97138675824	8.9836977676	7.2857184084	7.30399693093	8.95814471644	
-0.447441281928	6.04740874032	7.04583380742	2.77187181406	5.34432249719	8.32276067657	8.99934700791	3.49899080365	8.81214257076	8.77742331596	3.30778242487	3.29867011038	
0.223277237508	6.71812726237	7.70839208563	2.45546339691	3.47535783429	5.82214867048	8.59127475883	4.70153259305	4.39931610753	5.30976906353	8.93967129984	7.98538676665	
0.136214613724	6.63106463795	7.00141037261	2.46933192121	4.1609390864	6.6889936609	8.99998601488	4.20812987458	4.93797072428	5.35660137909	5.24915982097	4.78669758982	
-0.608345626489	5.88650440104	8.99871120848	2.89912592956	0.000722349652836	4.60105318385	8.99870504818	3.70207946961	2.94817460234	3.10132977643	3.46398331732	3.26699657338	
-0.795175673061	5.69967435261	7.84967012322	3.02342977819	1.26434380981	4.65352787746	8.99970190852	3.64087816207	2.65665467779	2.69936700297	8.99999064245	8.91344674935	
-0.465370429662	6.0294795929	8.99937372178	2.72034792435	4.86546748707	7.84820072323	6.64367438831	3.14408693092	5.99979712818	5.24887357712	3.89086513265	4.59795711461	
0.275094145192	6.76994416686	8.99999756713	2.42827933907	8.73457391131	8.97877874483	7.02086519825	6.55249858323	8.89300256936	8.87603208297	8.9010317465	8.87417064705	
0.0936362410311	6.58848626417	8.93565029225	3.61334570701	4.58239949844	7.1919628437	8.78233335599	4.69919457708	2.77755049034	4.44231150325	4.34002421697	2.6314316343	
0.275730639232	6.77058065934	8.16876457128	2.42946235866	8.99986222689	7.63260055915	8.68905248546	8.99973635904	5.30632166104	8.62893744177	8.4277441327	5.06129676601	
