-3.91628524171	2.57856478157	8.99863755732	4.25016842876	0.55838654644	3.28638880728	8.48138158543	3.70596843996	5.27442087258	4.06795304207	5.38141163514	6.54404788331	
2.50170108888	8.99655111134	8.69773812033	2.42969132933	2.79865138045	5.4844475071	8.99392957877	5.78030023384	6.39224828418	6.9384928237	8.99999797573	8.40992184828	
-2.69849928062	3.79635074553	8.99989840312	2.4592968073	1.85287531918	4.46608814048	7.61761162707	4.74912038334	6.92708341311	7.03741015312	6.30483704448	6.15067873279	
1.12795022011	7.62280024847	8.8968542292	2.42816958638	7.88458690016	7.20422192808	8.47306755238	8.8262371379	8.62423758885	7.65040666754	7.95972057323	8.88971992906	
-0.0923799950757	6.40247002893	8.99999987626	2.55209204086	2.7196501301	5.47296928762	8.9975345157	5.89624318221	5.00341332123	7.66990108521	6.28263305956	3.57231370754	
-3.76182939227	2.73302063485	7.92340306195	3.25218368575	0.821300554227	3.44218203843	8.84922755081	4.10368542443	3.52944599552	4.18038636597	4.25219983508	3.55742788457	
-3.83014358156	2.66470644342	7.64435399126	3.62343047553	1.1957601996	3.39298638242	8.93649012435	3.96430744241	3.96888330109	4.42041247769	4.12614006879	3.63077930937	
-4.05832730194	2.43652272179	7.95096801495	5.1472577859	5.6557223404	4.91956070377	8.68630188256	5.43029372687	8.68861620662	8.42573552537	5.59274788337	5.81179699684	
-3.87312797596	2.62172205142	7.28134785042	3.19026746361	3.06254591405	3.80446714251	7.79777911398	4.35105825546	3.96663420848	4.68986165523	4.67176358018	3.90470454611	
-3.91546956864	2.57938050049	6.59827277763	3.61812092134	8.99999976834	7.00546683765	8.82135686085	7.00015125605	2.98583785455	6.80810408341	7.89393935666	4.02783307279	
-3.35952745883	3.13532257312	8.41346052252	5.11698671925	3.94420177262	4.46851498674	8.9999219141	4.97620247352	2.67286334508	5.07029997924	8.00194033417	5.56067213442	
-4.05919902781	2.43565099261	8.46832554718	5.51651697602	8.632518175	6.52319349842	8.57092405613	6.83617779315	6.56622980285	8.43383259415	6.91666574519	5.00523163802	
-2.7128783585	3.78197167599	8.81000058009	2.67591071824	3.90350823773	4.81769240953	8.96390706084	7.38793271939	2.48910171292	5.20214740994	5.60818861021	2.85131134577	
-3.15683410985	3.33801591748	7.96049831018	2.62275933444	1.01330222109	4.02855709003	8.99997411428	4.52657819816	4.90547746955	6.01776109524	4.70398008637	3.54786489335	
-3.8881196676	2.60673035481	8.35585506031	3.67933679149	0.00728835741612	3.3077186948	8.99990013652	3.58010805231	8.90328175871	5.92073416683	6.05362382379	8.99233984062	
-4.06197995155	2.43287007174	8.83519825645	6.15673985979	8.30805429539	6.2619475397	8.84189937471	6.77058443391	8.99999272362	7.1011290967	7.13446169363	8.98948771591	
0.949066052078	7.44391607477	8.99994094799	2.42914458254	2.46768673802	5.47829662923	8.99991351763	5.76421998742	7.20714208509	7.13229962389	8.95709320038	8.98810406329	
-2.99487579682	3.49997423354	7.53142638868	2.48018912489	2.08437426434	4.21394446701	8.99999996241	5.12578699763	8.85616972657	4.82366123307	4.9272518775	8.91592880295	
2.5050062032	8.9998562276	7.27726620133	2.42982317299	5.76849443179	6.19400658549	8.89695428468	6.52300514099	5.75768044378	7.34712189053	8.53956343551	6.90629041301	
-0.649783833597	5.8450661901	8.26805791631	2.74715772911	8.55416283598	7.5101518965	8.49360277136	8.26263387336	2.91155079388	8.17833797052	8.39527596412	3.08465722529	
-4.02897312923	2.46587687073	8.14217495293	4.55144160044	8.94112295243	6.73343164971	8.1912084822	7.19375417336	3.98020777625	7.17794839248	7.11290190887	3.87132603757	
2.45260695385	8.94745698192	7.49114984912	2.52566402492	5.36477872835	6.01929780506	8.99341512482	6.50850184511	4.45480637478	7.5941236017	6.74256658769	3.55941779176	
2.50227358093	8.99712360249	7.31562736672	2.42816054824	8.99999990147	7.74011141392	8.99999720052	8.35147285328	8.66702962584	8.86522398282	8.51923344622	8.27720986119	
2.46603914937	8.96088917293	8.57337593731	3.33605938488	5.44855824552	6.0545097902	8.57336375691	6.40884873652	3.21532849031	7.08432649129	8.02766922703	4.11483967249	
2.03275194609	8.52760196949	7.55467780683	2.42855553783	5.59347910184	6.11676279214	8.58306878669	6.39002735138	8.01474387804	8.62661800024	8.99999903687	8.34429333328	
-3.78488229091	2.70996773737	8.99999976875	3.01788638003	-0.99377284591	3.40790607292	8.99997179645	3.78452624356	8.91592013075	8.07858227428	4.33624465138	5.12975093226	
-3.91425944479	2.58059057765	8.97442263977	3.62523999865	0.193857984059	3.28328041402	8.97379168596	4.43767188125	8.99999953327	3.9136089909	3.87462877462	8.91718774274	
-3.78493905576	2.70991097602	5.94955067614	2.87951304058	2.45926687825	3.64696314627	8.95311735867	4.0395787005	8.99946616736	7.12410944772	4.52429128184	6.35581642378	
2.49048768684	8.98533771868	8.9999997661	2.5593183749	4.82936342722	5.81235287644	8.99672399227	7.6585358991	1.48224159432	6.05054848062	8.75760078349	4.14546233267	
2.49849808135	8.99334810833	8.54430535848	2.46754652715	8.97482305055	7.73025540543	8.4029758984	8.92842233673	2.99322710796	8.12097073347	8.99998597721	3.82841081155	
0.631902350077	7.12675237304	8.57125763008	2.42816754027	8.99999009633	7.74277913959	8.36484595125	8.96926698788	8.87746067534	8.31235591823	8.47816779206	8.9994409609	
-3.8417691206	2.65308090667	6.54704198035	2.85395150556	4.53478033621	4.48522077424	7.81058357299	4.75735358885	8.99954829398	8.95551725808	8.95921455284	8.95941401349	
-3.93160435544	2.5632456672	7.76630662303	3.37949961309	4.52942186729	4.43626074285	7.41414324415	5.09823135734	4.9841734934	6.34585914921	4.95170701598	3.54618979281	
-0.568040087978	5.92680993648	8.48777106148	2.70934349753	3.71903626095	5.51701156642	8.99999274927	6.18456499167	3.70240065677	6.7392940553	6.08751094077	3.00678596287	
-4.0370780727	2.45777195092	8.84134586061	6.11066702965	3.91672940339	4.09009842011	8.89176265434	4.65319244712	4.22986097276	4.62724781523	8.9999997551	8.55878134485	
-3.85294114559	2.64190887857	8.99990424456	3.58705815178	1.48120181894	3.39624103808	7.22874571899	3.93067257776	6.34358285229	6.60005275764	4.00644434832	3.70614286116	
-3.66933974245	2.82551028561	8.03780544578	2.78399629431	0.0304235967604	3.52369710153	8.99999495906	3.96465058381	5.56047174899	4.26496875813	5.45244315718	6.70411457503	
-2.41950168987	4.07534834051	7.95365052543	3.15087743963	3.24833932909	4.81400573211	8.99999821673	5.44122487193	3.13798056445	5.7385020369	5.52507850002	2.88072546285	
1.38093292745	7.87578294885	7.38998255281	2.42816249124	8.98339590329	7.73597432805	8.7391340088	8.15249564087	8.80268089878	8.98746539808	8.99999864251	8.77138254938	
-3.85875429628	2.63609572705	7.45757025085	3.36672255615	0.672144750008	3.34475356436	8.99682039658	3.61917926706	6.46968590319	5.48982785942	8.06397351013	8.9999999651	
-3.54126506083	2.95358496603	8.57731574603	2.67215621051	1.0064406105	3.65934064862	7.49363710081	3.95001657813	7.19488962459	6.54530413268	5.26420125273	5.86995517206	
-3.91201449493	2.58283553093	6.52018204059	3.37319103081	2.07705015489	3.45131847195	8.99991629375	3.97675897166	5.50489740216	4.46572745777	4.26872448872	5.26406284615	
2.49750868838	8.99235871173	8.41068890519	2.42815901914	8.99998312859	7.74383223166	8.25362584167	8.69642661619	8.89720892039	8.37817889906	8.52443790752	8.99963633649	
2.35778012047	8.85263014305	8.62099211808	3.03261668333	8.79018753943	7.64532864023	8.19055369856	8.12790800102	3.4162938599	8.82138142775	8.59808316048	3.14916404868	
-4.05134499949	2.44350500627	7.63475695617	4.04155711904	8.46689087278	6.01392574026	8.99998820884	8.25027320972	8.99999825725	7.41262525521	7.09840385053	8.64194524154	
-3.84856765698	2.64628236649	8.80215380069	3.55392544086	1.04259721448	3.36722834242	7.57905584407	3.70677306173	5.06903005401	5.16689256108	4.54660499914	4.40491091167	
-3.70854617291	2.78630385428	8.84763551483	2.86311876924	1.65307393771	3.54255571895	6.5164787274	3.81563366849	5.99372418892	5.81753067348	8.82667074941	8.95903269556	
-4.06192454795	2.43292547388	8.99937365015	6.44733198826	7.99557318026	5.9448654704	8.70799031534	6.51485970851	8.99164843858	8.51673612378	8.55717913828	8.98825980555	
-4.00626856428	2.48858146009	5.69446124771	3.34829197584	7.76755718518	5.97479176938	8.99999978967	6.34305444124	7.61644229725	7.3599191668	8.60925221266	8.82194380334	
-4.01496292229	2.47988707671	5.78928592368	3.417140115	8.99999318152	5.89688910006	8.99958164748	7.67892655374	7.49927893477	8.71350221154	8.68288540484	7.42482990958	
2.46163768818	8.9564877113	8.99999941124	2.84417515288	8.54687753773	7.52732186835	7.84214476328	8.22164465869	2.93063779987	8.248639364	8.39874389892	3.03691079091	
2.50512469728	8.99997472149	8.975617789	2.43512248267	2.76871528361	5.48380086017	8.975617789	6.0051475085	4.40895909135	6.08339721008	7.49552702263	5.77725731227	
2.45119129988	8.94604132177	8.92185974018	2.43300676612	3.61050314615	5.5299368067	8.50274226157	6.27628155895	7.68378922448	8.99999984603	5.9755572942	4.61551510003	
-3.974272673	2.52057735291	8.99998752413	3.51188165206	3.17353297693	3.79116393035	6.25480725827	4.32940215789	4.16586375064	4.35340471669	8.37590175096	8.1445292051	
-4.03834083213	2.45650915728	8.93387446648	5.63916005426	8.99988595433	7.21394246362	8.40308988057	6.68781134918	3.92615370556	6.64579992461	6.87629175916	4.11281077777	
2.49564219268	8.99049222941	8.99999989404	2.42820353222	6.58999272687	6.57585437754	8.99999973464	8.79005439713	7.59103995815	6.84508812334	7.9494239219	8.65154420463	
-3.26459935554	3.23025067293	8.99999877308	2.53860084263	1.54258723887	3.93878429577	8.99976138294	6.26908223137	8.99857147071	8.97573460174	4.21173918368	4.19074448686	
-3.69063795517	2.80421207333	8.99999995271	2.96193587608	-0.764728330787	3.50132022931	8.98609699059	3.96223248535	4.04848007429	4.51355149295	4.48350757608	3.97460458128	
2.42355893274	8.91840895644	8.48478747377	2.42815889123	8.99686516576	7.74251282376	8.48478747377	8.99988838118	8.96764579175	8.35674619007	8.41502565825	8.98209368415	
-0.400481747692	6.0943682771	8.99541277719	2.52316852261	2.64870642303	5.461709172	8.99999984792	5.86336134232	5.24856002389	7.79968507744	6.32393153932	3.72897489547	
2.48298352837	8.97783355149	8.99834675455	2.91740545938	7.6549031103	7.09243001014	7.841019596	7.68855395585	3.15870454913	7.99292871882	7.88926825164	3.01121254439	
2.49181456419	8.98666458749	8.47333170645	2.4281588632	8.99983894869	7.74421154457	8.47333170557	8.97825152378	8.88272228579	8.31350933915	8.474616663	8.99999939745	
-0.38299208326	6.11185793933	8.4373797375	2.73947982677	8.99653457125	7.73116249201	8.78403592611	8.95142791022	2.52167702848	8.21551668202	8.62466734009	2.88699609215	
-3.91461197193	2.58023805051	8.9963652446	4.66613253045	0.388306475047	3.28513884236	8.95902362796	3.59654396166	8.99999999961	4.85470306518	4.87810510249	8.97957045681	
2.45848976242	8.95333978448	8.99713965421	2.4345644897	2.7706551894	5.48383864789	8.7032438351	5.75675555265	6.45933571705	7.85145976289	8.60016350679	7.16420783255	
-4.0414660185	2.45338400447	6.98548376348	4.05204713872	8.90296388105	6.65589548544	8.62608735722	7.01071235805	4.56138920115	7.29039030755	7.34541647389	4.57258379598	
-4.03015987221	2.46469015016	8.99995436296	3.61437209782	8.92348287539	6.97062657232	6.06378701225	6.60634313963	7.26416662746	8.99380168477	6.94263275455	5.16917816371	
2.5011699444	8.99601996784	8.36138733302	2.42816268861	8.34808382753	7.42859165885	8.36138733148	8.41822413162	8.64509493493	7.99893828428	8.21579168654	8.81811675354	
-3.87470568605	2.62014416361	8.49144652025	2.8838157193	8.98184330764	7.06391255872	6.19587450618	6.92554411835	5.94496798096	6.76433329644	8.97766409927	8.11444497707	
-4.06189466085	2.43295535963	8.75541536445	6.24351712638	8.99999976875	7.21346018185	8.74172053153	6.24423650209	8.97633071746	8.99868892476	8.96710041337	8.90091717773	
2.38344991657	8.87829994042	7.80993453598	2.42815912796	8.9999902604	7.74257234558	8.84213565187	8.68544896473	8.99998686791	8.52246572347	8.39989176854	8.83358132337	
-3.26484444564	3.23000557809	8.9999999419	2.53749826581	-0.444109626872	3.91943685497	8.9999999419	4.30307512069	8.99999986362	5.13719934639	5.07470368807	8.8936726332	
-1.05443293868	5.44041709027	8.78618703966	2.46742988507	5.31894134742	5.95093108601	8.76541299514	7.65630038115	2.11957855693	6.19463372908	8.68633456412	4.56744782836	
-3.8582904714	2.63655955734	6.23623683849	3.14261485215	2.24048545849	3.53288472343	8.9998369285	4.00517962871	4.12155920565	4.18616364612	8.99990664049	8.89147061822	
-4.02662680485	2.46822321614	7.40401229813	4.17009745226	8.11776647407	6.1543579045	8.32955223694	6.73099561416	5.08517724631	7.8629506811	6.81614664771	3.9945416851	
0.89718108357	7.39203110825	8.92354558725	2.53165977515	3.6210558992	5.53017400629	8.99899444482	6.68588212992	2.28150098236	5.8163598367	8.86823550567	5.28954507909	
-0.806563867569	5.68828615871	8.99999654484	2.87189624458	4.11440224185	5.56980278599	8.99999654486	6.87681628001	2.65442740302	6.11218323348	6.20927617377	2.70768876901	
1.86204693443	8.35689695661	8.9972298198	2.5677029637	2.67166763153	5.4818842853	8.9972298198	5.82066001271	4.29572194167	7.03205573227	6.74761185313	3.96744647567	
-3.77514196155	2.71970806443	8.99857691173	3.19906299734	0.505068620916	3.42326623291	8.94042249937	5.02585878144	3.12787053064	3.8988689748	4.09955285676	3.28472283948	
-4.05274908403	2.44210093836	8.9580992844	6.60254203006	4.61987339292	4.41754229598	8.95809928441	4.72010761575	8.90986000528	7.87746627074	5.88091825136	6.86948041906	
2.42313970364	8.91798972866	8.9981742611	2.4320432781	3.51009621335	5.52002068404	8.11314601571	5.873472521	6.37320683068	7.56071807049	6.5821254775	5.35078263752	
-4.05721252743	2.43763749592	7.25616970957	4.54575625527	8.55857877383	6.6064870308	8.7950748453	6.66169554556	4.99844665504	6.73221241543	8.99784230414	7.22023692051	
2.48964124357	8.98449126673	8.22603280478	3.41241523299	6.15029486166	6.36831856175	8.84536994574	6.64508378618	4.72540032491	8.84723605263	8.72430118207	4.55863390816	
1.84327513508	8.33812515941	8.99998213876	2.72380304857	3.23212941474	5.50009433692	8.89146424736	6.10379840536	2.85564020758	6.09039735006	6.74566101248	3.46707227786	
-4.02925871468	2.46559130918	8.46530703608	3.94240654677	7.11454463366	5.63452234983	7.05563915472	6.26268189929	4.28626695886	6.52609386586	6.59053723148	4.30687877043	
-4.04322222809	2.45162778824	8.89679117962	3.86957931607	8.98511417418	7.11419951785	8.89679117962	8.99905238212	7.32052856667	8.99999972274	6.34752331773	4.6242209075	
2.47356150659	8.96841153199	8.27814482864	2.6806959172	6.94564895526	6.74700011201	8.25209682632	7.25231454734	4.48081695669	8.68198055979	7.42440233956	3.17940718841	
-3.40439675821	3.09045327009	8.99852981287	2.59459294225	1.00245840521	3.79094205256	7.60811505146	4.42768825049	4.70000884268	4.71755003993	4.48941854289	4.42804577816	
-4.06180318343	2.43304683706	8.39023258422	5.78020943946	8.99999976875	7.13364495551	8.64397587753	6.32442680191	8.98171673496	8.99544431401	8.96602559138	8.90847295376	
-4.02302443307	2.47182554317	8.99999999678	3.49352264215	8.99999976875	7.12006703071	6.12548706843	6.71597279036	8.8766485541	6.84796090411	6.99441922512	8.97928063242	
-3.47636935364	3.01848067821	7.65002413458	3.01187951158	3.08021755696	4.05485341508	8.03709876835	4.90472750612	2.95803385149	4.67668723056	4.79836221422	3.03587726392	
2.46706128505	8.96191130896	8.99997246996	3.32977493206	3.48451115085	5.51775466051	8.99983043042	5.84090445682	3.4881641196	6.78538890021	7.36941606188	4.02835967403	
-3.71345979721	2.78139023234	8.9772482984	3.02064108574	-0.643727541775	3.47883913542	8.99900535213	4.03716586527	3.74293170493	4.28135959988	4.40272978784	3.82047031447	
-3.85070122306	2.6441487998	8.99999999207	3.58961854905	-0.659538824823	3.34290508525	8.99999999207	3.61205750647	8.9976578113	8.9394453331	8.98561889559	8.99999980292	
-3.34880856984	3.1460414605	5.78114986513	2.52555942804	8.28650466573	6.50435949632	8.73621165573	6.97806727247	6.06078937019	8.40905643018	8.29063158622	5.89853288554	
-2.56467472126	3.93017530558	8.93365304452	3.66927538529	2.50684244218	4.61049638323	8.51491371423	4.8797574059	6.39005156678	8.75063682306	8.92527369463	6.52085687822	
-4.0409803227	2.45386970087	8.99999976875	3.75561578792	7.6173504271	5.83105062096	8.27609419948	8.51089796328	8.98569131796	8.54399041388	6.2683257367	6.66619507712	
-3.68316549889	2.81168452778	8.08531263577	2.99101147252	0.093206431425	3.51032489086	8.98437083116	3.86567351421	3.92856108301	4.48148415936	7.09319854639	6.49644389736	
2.37604827675	8.87089829957	8.91765594859	2.42964881781	3.80257886766	5.55389196381	8.705297858	6.64611187446	6.24066045109	6.96672869442	5.92835433373	5.15845451911	
0.348004777308	6.84285479863	7.45915964403	2.42817712313	8.99999940173	7.7391925157	8.66845138557	8.16436075783	8.9864320422	8.99429379872	8.99993548399	8.94824219337	
