0.274659969646	6.7695099942	8.98023020438	2.55289145496	5.36294813017	6.01601130426	7.30811319133	3.06869269187	6.87580945268	8.99999983749	7.78662544967	8.8364195471	
0.274647933497	6.76949795723	7.45488985309	2.65763023008	5.35143806475	6.01122033371	8.94055064667	2.81565199665	8.77294581268	8.99753544743	5.79886134363	8.99693612194	
0.275724651804	6.77057461894	7.99781215881	2.43083456236	8.99999976875	7.77169096023	8.99999766211	4.64301471477	8.3603660114	8.11831896979	4.44551316452	8.99999976874	
0.275725608666	6.77057563395	7.89950257715	2.42817882698	8.99977625832	7.74090511417	8.99999976875	8.92883370619	8.19609087867	8.1356020719	8.97786159807	8.99999976875	
0.272087863843	6.7669378897	8.99924172564	2.45704816638	3.04112593003	5.48732776354	8.99998005308	4.14841580762	3.48004494635	5.88730297041	4.95065962099	4.65124597347	
0.275524895809	6.77037491793	8.92416617465	2.72339950825	6.86876666465	6.70757866812	8.99860906875	2.74043042321	5.96427918648	8.26789534896	1.18902851891	4.66583407718	
0.272356386595	6.76720640962	8.93114714947	2.9469519212	3.55750155057	5.52057622039	8.92847229056	3.09831376139	2.71090678402	6.03025476097	4.05448515381	3.74670467491	
0.275507014445	6.77035703858	7.98235697723	2.73088982261	6.79873983267	6.67378910849	8.99898832664	2.72761457882	8.99999999985	8.61538122514	2.22069512591	7.41339393546	
0.275725554591	6.77057557747	8.86998207536	2.42817899272	8.99949825244	7.74077892223	7.50727219153	8.90769632064	8.99999976875	8.69930791732	8.99870296412	8.75978151016	
0.275065021289	6.7699150595	8.11717623954	2.59023286352	5.82927870269	6.2188911116	8.99999720362	2.93515131673	8.54025738946	6.66618776106	2.67083000663	8.90736486903	
0.27261493208	6.76746494889	8.99996811203	2.71074689363	3.83643222522	5.55517052061	8.09861698525	3.1535565711	3.89201480984	6.75399351793	7.17417448733	6.98802753472	
0.275717581952	6.77056765931	8.29772439416	3.66840591052	8.99999756301	8.17622955283	8.98010131242	2.53517327729	4.62830010592	8.9999997352	8.31339440926	8.99999976875	
0.275713682305	6.77056370471	8.99999808825	2.42822287994	8.58287390291	7.54086816394	8.99999808825	8.756081286	7.61601535679	8.99999977573	6.81019633758	6.44419807982	
0.272422608523	6.76727263211	8.96570639342	2.42873048004	3.63875082227	5.5291731232	8.99970235423	8.23337644542	5.83192795471	5.80931539433	8.70689423476	7.30267472603	
0.275707745249	6.77055776808	8.99357028743	3.16541829785	8.43222466872	7.46950420932	7.809403018	2.51603216119	8.92673864167	8.99999692895	3.82872633938	8.99999976876	
0.275561329088	6.77041135348	8.33492921688	2.42820871651	7.03026564199	6.78574737444	8.63061848349	8.17366984397	7.30205633277	7.2138254749	7.85274588121	7.70945255424	
0.271994971311	6.76684499545	8.99961409952	2.42931265443	2.58880695403	5.47639199832	8.99970690558	5.62975328611	6.06270112801	6.25937466474	8.98371510653	8.99999999833	
0.275720198532	6.77057022156	8.77771556087	2.68405552501	8.78625641976	7.63944658554	8.98314638601	2.8015962233	2.99767828728	7.93341111295	2.68714424875	4.33371986629	
0.272141537312	6.76699156066	8.99999975605	2.77307763662	3.18866867076	5.49377628134	8.95396679809	3.01716457008	2.94626073168	6.00981152838	4.9233060758	4.8786604256	
0.272004839011	6.76685486174	8.99980539667	2.42897501777	2.66299703451	5.47754098626	8.99875821761	8.79939833545	8.98429029548	8.92387334771	8.99999983195	6.17635149968	
0.274242394458	6.76909241898	8.76134865674	2.71450257102	5.00755888365	5.87451951289	8.79979031944	3.93052221465	1.78059638555	6.14216975299	5.94514401331	4.79301261465	
0.275197067907	6.77004709196	7.51714933678	2.63835019106	6.03486969791	6.31257422586	8.99992020618	2.88542456337	6.26290512824	8.91380947769	3.06565906443	4.29063338397	
0.273468280705	6.76831830425	8.83056651545	2.42856618992	4.46825999833	5.69377311411	8.54180412081	6.93287129219	6.02876339757	5.9704037542	8.8578066669	8.86187475804	
0.272517479538	6.76736750458	8.29029214781	2.61263384917	3.74194083533	5.5418000402	8.99449946102	5.23066303045	2.96854008464	6.107863653	7.99271374393	5.65531410633	
0.275725515233	6.77057553676	8.82708924124	3.12801487871	8.99811519684	7.74209264374	8.12081464707	2.54533080581	4.02225718892	8.396485041	7.45169381423	8.7683351327	
0.275697635367	6.77054765562	8.94517778488	3.34597863302	8.22390516215	7.36768611087	8.99739245697	2.49050159747	3.36394022162	7.6569476456	5.59388653685	7.42347659003	
0.274819000168	6.76966902279	8.98390908441	2.42863089674	5.52536728734	6.0848504954	8.99175620471	6.05071332243	8.44084782947	8.99665186534	4.22104101985	5.76236325715	
0.275725526514	6.77057554633	8.99999975535	2.76416059936	8.99994236277	7.73800877746	8.99180874536	2.96165768687	1.94328685003	8.04749378054	2.61474944944	3.19875474142	
0.273228846643	6.76807887318	7.74964269793	2.42864782373	4.30727390031	5.65024463579	8.99969073991	8.9171356886	8.98086219143	8.6381171047	8.99999932071	6.56361200097	
0.274356455702	6.76920647989	8.64354145502	2.86003422282	5.09720286937	5.90884350048	8.97338277219	2.84444171057	2.99327497761	6.414227021	2.30777259467	3.14791662217	
0.272007932925	6.76685795487	8.99999977133	2.42938622108	2.68405409957	5.4779026091	8.9999997645	8.85257843771	8.57617677418	8.99999977622	8.9998426013	5.66049437935	
0.271992031178	6.76684205403	8.99631782447	2.46665314761	2.56423908322	5.47605102558	8.999999451	3.51345743298	7.6855853007	8.05209530015	4.23922358494	6.13739674879	
0.272023546617	6.76687356983	8.99997645851	2.43183801779	2.77771223851	5.47972788801	8.99998101806	5.3336498264	6.48244064916	7.52817349679	5.3065979851	4.95360753044	
0.275722679297	6.77057270165	8.33537353022	2.42817937087	8.87818785901	7.68271470967	8.96825838389	8.92054995934	8.99999986976	8.54396292126	7.79536388742	8.56206498093	
0.27571684551	6.77056693516	8.9996909579	2.7235462284	8.99785710867	7.4536324306	8.9996866574	3.12602112893	1.28693159416	8.30533257751	8.99999976876	8.83540401541	
0.275352462124	6.77020248499	8.91646501149	3.00171732827	6.34485652739	6.45716440072	8.2229171574	2.99265010356	2.42856168139	6.84906204669	8.97047418482	8.74296909402	
0.275060947504	6.76991097059	8.89853460931	3.9237459856	5.82356822603	6.2163183973	8.8985346093	2.44238944465	8.88218246721	7.16590199532	2.99569383085	8.91044633018	
0.272242445283	6.76709246645	8.41296154699	2.42878211326	3.38982627948	5.50616116856	8.99734278987	8.83664136709	8.98444606445	8.31615259045	8.85316644085	6.71029429647	
0.275725517527	6.7705755412	8.99999976996	2.7483748685	8.99586188125	7.73897718261	8.77851471747	2.71881371319	3.38041367844	8.04420579138	2.65911924944	4.72382615035	
0.272953462446	6.76780348651	7.7930231182	2.42877246691	4.11252524294	5.60502074083	8.99633796804	8.38820307311	8.94454151402	8.88640851915	8.62772209926	6.32603355088	
0.273803434192	6.76865346079	8.99990303324	2.45998922048	4.69285883212	5.76306300183	7.36117075804	4.6374809888	5.93101317864	8.29802996621	7.64086739281	6.62753842086	
0.272001936972	6.76685195898	8.90832987374	2.4384531572	2.64251935807	5.47720490821	8.90832987374	4.09200043846	8.86872513785	8.65370877476	6.82758130693	8.65440668429	
0.275721782956	6.77057180647	8.52732425063	2.81169840431	8.84379459609	7.66701255064	8.99936231779	2.66325681906	3.95131355347	7.9898306119	2.79955924155	5.14984398307	
0.275694755542	6.77054477951	8.44852779124	3.07027620384	8.17142195303	7.34204685786	8.99992699958	8.99278168449	2.28619812136	7.77705172803	8.92465003319	2.80885683271	
0.275660028556	6.77051005085	8.96938663477	2.78979078115	7.71124680634	7.11766724975	8.96938663477	3.11984439776	1.54914578021	7.37333572192	3.32928832139	3.2881044388	
0.273553864868	6.76840388867	7.60753565934	2.42870701532	4.5252505519	5.71044866255	8.79944270982	7.56651890499	8.22749369615	8.35059751965	8.99912275553	7.26286167914	
0.272168674879	6.76701869701	8.99227520877	2.43082115733	3.25013981435	5.49707142122	8.24809720173	4.79932735914	8.93911198449	8.93481966125	8.05944747845	8.98732050098	
0.27202541791	6.76687544011	8.96729199181	2.65253437801	2.78793690441	5.47995046525	8.96729199182	2.82386291968	8.62846774808	6.8699557244	4.30031245496	8.98528601582	
0.27406616065	6.76891618947	8.99999549699	2.57865586506	4.87655530179	5.82629831801	7.79359749941	2.96266620242	8.9999950017	8.75635250097	2.8294705998	6.53592941215	
0.272162908641	6.76701293115	8.99738116704	2.65959632169	3.23764769372	5.49636957869	8.96701354196	2.8164808771	8.25168981765	8.99078544626	2.50453304201	5.15532145006	
0.272200495477	6.76705052098	8.99992755641	2.78415952722	3.31451913179	5.50096662331	8.99992756651	2.68144515107	8.73508926185	6.16748482967	2.75023472197	8.82593051268	
0.27216006809	6.76701009153	8.95626835311	2.42875139122	3.23134861218	5.49602206621	8.95626835311	8.00390447669	7.44921804337	5.84165778558	8.99966057086	8.98271662175	
0.275725604049	6.77057562814	8.99194166651	2.44221611705	8.99999976875	7.74172167707	8.79658346974	4.10627236457	4.07000539396	8.17881025512	2.86852104741	4.41832007409	
0.275352034199	6.77020205672	8.10248822378	2.43974361019	6.34383244273	6.45668133242	8.76582737951	4.22623764261	3.83333563823	6.78432383692	4.78298939703	5.08177507061	
0.272291397486	6.76714142168	8.81393706982	2.42878269737	3.46719196492	5.51229133452	8.79220598741	6.58063035649	6.27252490945	5.8806894054	8.72876851853	8.83252306481	
0.275718752201	6.77056877516	8.69504727067	2.46368650245	8.73751996495	7.61735619973	7.39790742998	3.53348660258	7.95441761337	8.99999976779	5.6693481562	8.99999977301	
0.275708648745	6.77055867143	8.99999974425	2.79170363672	8.45484796002	7.4775914504	8.92692222786	2.70135008616	2.3697341686	7.74379604253	5.63729744257	6.83464873865	
0.273438945699	6.7682889695	7.51524711205	2.43654151854	4.44871112645	5.68820210404	8.93096403581	4.47824403163	5.86320114645	7.33492642632	8.99999418418	8.98049193332	
0.27572561437	6.77057563664	8.79090160254	2.42863564333	8.99999976751	7.74066489616	8.79090160254	5.40934672631	8.47336040456	8.9999166096	3.90834765734	7.54523557078	
0.275578689874	6.77042870734	8.60339592163	2.42831405778	7.11868546123	6.82868837438	7.80717462334	6.02169106825	8.99999956346	8.20822240902	5.94410738566	8.14673546754	
0.275145349528	6.76999537235	8.97924596722	2.42830425366	5.94956470332	6.27345295042	7.12108704782	6.93926947503	8.99999948559	8.73725160354	8.8036044901	8.63551182229	
0.275606648919	6.77045667256	8.74730187072	2.99005548309	7.28172616795	6.9079992684	8.53606215412	2.56751398954	5.59496922313	7.23940277608	5.29569978142	8.91107608938	
0.275725536871	6.77057555945	8.99437450977	2.50484041366	8.99999976875	7.73663781703	8.99437450978	6.32943214986	1.76925639399	8.03042703822	6.10609172373	3.42304789916	
0.272004576149	6.76685459921	8.99806586583	2.63502709865	2.6612418845	5.47751158048	8.99806586653	2.92306601662	5.94498043368	7.9821352644	8.25509727264	8.99999977338	
0.272108828713	6.76695885178	8.94630133302	2.90775588559	3.10382157107	5.48983626266	8.90306040825	5.69554053952	5.88886979125	8.99999460755	8.64266968351	5.55188390212	
0.275725529547	6.77057555118	8.99999976054	2.81630323667	8.99998346966	7.7379969404	8.51299346561	2.65672239224	6.01838871476	8.07075736035	2.90662325288	7.3164971473	
0.274140921725	6.76899094784	8.99091026093	2.62826173031	4.93117315059	5.84610814116	7.89606888237	3.23763950856	2.86678898738	6.27209392976	8.95655140603	8.81767778173	
0.272164734177	6.76701475769	8.41250022874	2.44500383013	3.24161795147	5.49659081793	8.98680317907	3.86366311339	8.6415040031	6.46854794447	4.75987406238	8.92878213016	
0.274727827797	6.76957785129	8.8740654439	2.80957625941	5.42977717844	6.04406371026	8.9667056584	3.27102811037	1.80254862673	6.31310861067	3.30910339518	3.1047120215	
0.275277636283	6.77012766039	8.99398866757	2.62474174535	6.18364567396	6.38153688558	8.99641236537	3.07413499942	5.1664957888	8.49210621494	1.36878072291	3.29709178162	
0.274304384237	6.76915440757	8.6127026675	2.43130398463	5.0557223472	5.89283443237	8.45229470541	4.68859060734	6.31198543116	7.11278845422	3.97313021821	5.4406063008	
0.275714018525	6.77056404257	8.7983558607	2.8930737072	8.59277452731	7.54603028493	8.99800158989	2.61611411258	3.77471285609	7.87440787222	2.27029558153	4.66480284697	
0.272229355067	6.76707937884	8.99998952039	2.50780368821	3.36730514091	5.50453144073	8.35107242169	5.66349986478	3.90874081914	6.50867077972	6.51334021818	4.11623075579	
0.27572550447	6.77057552648	8.04319535004	2.43015990534	8.99999976872	7.74014872136	8.99992459297	4.77016767918	7.15182511245	8.06145543475	5.63921644293	8.99251793871	
0.275725515222	6.77057553989	8.99312233255	3.06917005492	8.99999189663	7.73424710528	8.72334562893	2.67075331514	2.45892078242	8.10190348603	2.66903556748	3.42863065391	
0.275629229152	6.77047788004	8.99995914711	2.68052088698	8.97804992308	8.57114632104	8.99995914719	8.9618581798	1.36454253051	7.20724898534	8.98975585936	3.0991530716	
0.275724976958	6.77057500268	8.95873206824	2.43367523159	8.97481739334	7.72249541108	7.99512945481	4.32901967435	8.25738499942	8.9653561907	3.51252407877	7.40832989174	
0.275725530991	6.77057555317	8.80632111089	2.44448259114	8.99999976875	7.73747417707	8.96992888219	5.61183430599	4.74424329423	8.94352302417	3.93516207307	3.87862944305	
0.275722197175	6.77057221953	8.99999216905	2.73996712868	8.85912861165	7.67375244881	8.99999978402	2.71872622757	8.19361119741	8.99999952714	1.10042323914	7.18099808103	
0.271998508546	6.76684853133	8.99917034881	2.428864772	2.61677310281	5.47680327334	8.99752973207	8.66593859991	8.96755571377	8.55614078368	8.99998738275	6.6135572626	
0.275433003351	6.77028302651	8.92468631798	2.54875854519	6.55443358387	6.55662463114	8.92468631263	7.42534088996	5.25661292165	8.99999998968	5.76316218964	3.0531456799	
0.275725520518	6.77057554076	8.99999977366	2.64231606756	8.99999981474	7.74018646551	8.21207445238	2.91879147487	2.68060957937	8.06027416904	5.19108545748	5.88248931614	
0.275725591326	6.77057561533	8.9459005742	2.91977930663	8.99999976875	7.74084921328	8.99999976875	2.60096217568	3.67944887883	8.05406623129	2.4070712276	4.8770517001	
0.2750520267	6.76990205175	8.17253767232	2.88268753677	5.81105172938	6.21068865308	8.99601531516	2.67773392411	3.16811341189	6.6046077204	3.19708577422	4.12937447503	
0.275337647057	6.77018767255	8.99999002914	2.55846564687	6.31076634663	6.44110295356	7.22973904266	3.01483462762	8.69941999071	8.01342849748	4.53962491128	8.91199700041	
0.275724872839	6.7705748959	8.9388685523	2.4282023236	8.96763224781	7.72581666106	8.99999976875	6.69228006027	8.1054166477	8.05120110535	5.72529429218	8.99999976875	
0.272752307453	6.76760233133	8.95397502157	2.44630690537	3.95588238721	5.57471223905	7.75766206152	4.03218980049	6.0640477736	7.61587466286	8.77721007265	8.99998211751	
0.273675601992	6.76852562675	8.91925863861	2.66752406016	4.60654589785	5.73532197577	8.91925863815	2.80190114261	8.78484458713	6.23840479067	1.94225880115	8.88930300074	
0.275725611579	6.77057563464	8.93563371199	2.42817868811	8.99999953089	7.7409539357	8.93563371199	8.96834182283	8.40439357999	8.11535247081	7.81682248468	8.9999445126	
0.272096062286	6.76694608455	8.96992479992	2.77039038285	3.0666049658	5.48830874745	8.99994249012	8.80726764059	4.76612367161	7.79074928612	8.98605003279	3.09221831518	
0.273242588032	6.76809261174	8.68301053293	2.90277375819	4.31665375083	5.652631355	8.81106423411	2.61037859609	5.87957405288	7.16249651676	2.25460231888	4.77691307269	
0.275725484013	6.77057550776	7.79609083163	2.7310811451	8.99796122904	7.7367945479	8.99999976875	2.72844851448	6.26202810073	8.99999976875	2.50635085749	5.5263952209	
0.272261360482	6.76711138274	8.84620016045	2.83991579673	3.42085762468	5.50851873272	8.84620016514	8.71990146149	4.36864190227	7.46860051027	8.99999991428	3.10525167763	
0.275725612236	6.77057563683	8.52167542344	2.45519883216	8.9999956773	7.74107427467	8.89393552463	3.64778999415	6.79252681557	8.10880996118	3.07720954594	7.49275833197	
0.272084301051	6.76693432436	8.98717099636	2.58353030011	3.02972834083	5.4869051983	8.70777387148	3.46320369384	6.38543735785	8.98596926945	4.0400862313	3.790876746	
0.273654732792	6.76850475704	8.77587503935	2.82855172811	4.59258265619	5.73096118621	8.77587503933	8.90908258226	2.2700127889	6.10810812381	8.99976591389	2.99769622532	
0.272108667281	6.76695868989	8.99999976721	2.90744683029	3.10339824864	5.48981821698	8.99928299221	2.9264323233	3.26738879664	6.24833297613	8.78764970759	8.74597757689	
0.275725548663	6.77057557005	8.96570507403	2.4281787587	8.99999969899	7.74308151454	8.96570507404	8.95403561684	7.04706611899	8.01932296411	8.97891657873	8.97306210497	
0.275723942189	6.77057396525	8.99956165275	2.83118161202	8.92860733714	7.7076360494	8.99999990865	2.89209019277	1.57241823837	7.9886104936	3.38140357847	3.62276077789	
0.272037677751	6.76688770048	8.98653852089	2.70730915537	2.8490421152	5.48138761814	8.9990262497	2.75432164431	6.58475213524	6.83891970471	3.5376296894	6.33533899896	
