1.00339505204	7.49677935225	8.76112566342	2.58525197169	8.98956282109	8.86213917514	4.10851898327	3.63487307361	2.77691040894	7.02823680753	8.17890584752	8.45844340378	
0.477443683821	7.10442796946	8.99310115694	2.71616009592	7.61290035559	5.54271945194	1.64749183532	2.99094156272	2.92950738011	8.99982675603	3.03000731812	4.45797783192	
0.272820580655	6.76767060465	6.93606163271	2.74170311986	4.01101275609	5.58476453749	6.89324031542	2.71796702493	-6.0	5.81015145454	-5.7765772404	8.98913573074	
0.275631520338	6.77048155165	2.894282253	2.77130850748	7.45667046247	6.99330247311	8.90040227432	2.69086397261	8.99782750024	8.63687383629	2.27039554322	7.74414833126	
0.272001185071	6.76685120708	7.63589117566	4.56708066933	2.63690155643	5.47711533613	8.99922788588	2.43194459469	4.13797996007	5.70244195409	-1.2622032215	8.99657697725	
-0.254511335695	6.28309243923	8.99962205827	2.95795123612	8.99999927521	6.70216596038	0.857747768265	2.35548689553	-6.0	8.98694290472	3.76812498496	6.93105097047	
0.271947065475	6.76679708733	8.55358276248	2.47221261752	1.67805691831	5.47085649553	7.95762855749	3.45031910816	-6.0	5.69617381689	-5.99145379638	8.74116279472	
0.275391392873	6.77024141975	6.69528278206	5.79513603264	6.44047565207	6.50239470681	8.99992859875	3.0422762657	-2.29900112899	6.72999075411	8.90402858096	8.4112474408	
0.275796766401	6.77064244055	3.95063954473	2.54322394803	7.89202698555	7.2041003515	8.97361141085	4.27307369494	-0.807091602279	7.44569950336	-2.11969581121	3.0892075669	
0.279150756158	6.77328136192	8.99517952178	2.5295489316	7.88468759265	6.39847601882	7.84260512119	8.99951266409	2.77461331122	8.425924338	3.8496308945	3.1097805594	
0.271940883525	6.76679090341	8.9496371844	2.44387353938	0.708539058197	5.47014951001	8.94963718454	3.89791036383	8.9999999534	8.55801870025	4.73258330595	7.03202585289	
0.275594529308	6.77042349615	1.25587252988	2.80967551504	8.99999121756	6.97526866242	8.98609406307	2.66117575374	7.93150736221	8.99037983505	0.811081229143	8.14591029054	
0.261583302049	6.74236017145	8.09760156082	2.84196807872	7.1619193719	6.00927249426	3.27721588658	2.90549064235	-5.73663118719	7.87564729068	3.89574157089	3.97597159259	
0.271941789415	6.76679181141	8.7976901928	2.91119259494	1.0529208169	5.47025252419	8.91928419257	3.59257006515	4.61717400497	7.66829013757	8.73849105479	7.79502673355	
0.275239593334	6.7700965451	8.83909992834	2.44680368335	6.20042276116	6.38891394161	4.4103400273	3.81825557786	3.03404382728	6.61876170492	-5.25879015778	5.38928918391	
-0.0478049869215	6.45542518156	4.99621510103	5.01337849491	6.18741145192	6.13566091117	8.99996366532	2.33525563208	-0.213905124895	6.58983741189	2.18089475001	4.43402819777	
0.275804855138	6.77066658128	7.90271245801	6.15824017715	8.77492742636	7.50197150376	6.27541031185	2.49693372431	-5.43087754636	8.02591596461	-5.80302865943	3.26384498156	
2.31919586368	8.81848817763	8.7391074855	7.77338178645	5.77452170553	6.35442158145	8.86161577831	2.44486390385	-5.9966705517	6.29284649163	-5.92711330575	8.97441491732	
0.271941055785	6.76679107741	8.99942530571	2.44358692131	0.790518366355	5.47016722592	8.99999989516	4.08030940274	0.84885783011	5.69561213631	-6.0	4.37950292126	
0.271956830526	6.76680685269	6.69851396287	2.85753263252	2.06355551831	5.47198129418	8.99999469028	2.63667022652	7.56497788115	8.72571112829	1.86635707869	4.60504811949	
0.271943469322	6.76679349101	7.58820030372	2.72986919012	1.35809281166	5.47044406715	8.7796590259	2.72975888174	4.80798440879	5.69583257043	-4.79025123045	8.59202442137	
0.27194031828	6.76679034014	8.99034814872	3.2536989548	0.0805905153999	5.47008440734	8.94792187613	2.49919716043	6.28615057116	5.74804847827	-6.0	7.17597007025	
0.271943475185	6.76679349663	8.27045323056	3.79330257881	1.36171266702	5.47044723302	8.99961262645	2.5721486951	-1.02340909989	5.69580081736	0.592436528134	3.05681470311	
0.271940236411	6.76679025812	8.99999985136	2.7859910852	-0.266723889249	5.47007337344	8.99999976845	2.68133125452	1.16529124772	5.69542850197	-5.99999442099	5.22071063724	
-0.223038200635	6.34510002195	2.4367075392	4.03126638163	8.99999937062	6.45731893001	8.19249263228	2.28911654219	5.67040176211	8.9273572777	-5.40729784891	8.9999987638	
0.272037340875	6.76688736274	8.77258766149	4.15834944668	2.84747235798	5.4813482945	8.84379093252	4.02827319313	4.8530683878	8.11323230742	-5.98719274421	2.44821370365	
0.328480127061	6.88586758946	4.84267302212	3.70348647714	5.96985388867	5.38772318042	7.69924905735	2.53795552041	1.6081589342	7.73029719638	2.15197091193	3.44272612696	
0.381521042582	6.8681578009	5.96720791096	4.72077476817	8.57242350487	6.47427706592	6.03152675635	2.58767045553	1.88898785259	8.93409282748	-0.838650402919	3.06940591028	
0.275597019423	6.77044704979	8.99794142243	8.85273339972	7.222191304	6.87902435773	8.99794142243	2.6904363567	4.14823873897	8.50432841384	1.68894665144	2.81308723225	
0.275725611652	6.77057563333	8.39700186018	8.92867813598	8.99999912005	7.74077730244	8.49651317551	2.42817869856	3.87024516372	8.01115491025	1.01134665036	8.98888011107	
2.50533575333	8.99749736978	8.97081906181	4.3988640192	8.99999930816	6.77626666637	8.9999997749	8.9999998957	-1.84943097757	8.99999281562	8.99719263363	2.74352047602	
2.50552902583	8.99996653608	8.9982664431	3.07470554177	8.42005698143	8.41625092772	4.14271947764	3.27496090408	-5.22359926486	6.78756705587	-0.339394851782	2.64471389655	
0.271945940969	6.7667959587	8.99998107425	2.43057371676	1.60179700761	5.47072918806	8.99999977159	4.90459493922	8.77442519263	8.92879904238	8.36249176461	8.99997487607	
0.275101827154	6.76995184709	4.0167551384	2.56901689252	5.88279197931	6.24307078387	8.99879189561	3.29037132282	-6.0	6.4695329222	6.23191403711	6.22598811242	
0.272049398488	6.76689941296	8.68457506663	2.77263360057	2.90133912416	5.48277536126	6.17378280178	2.70840802794	3.68413551054	5.85145613712	5.25257828356	6.63726143976	
0.275682466813	6.77053390005	2.3902277431	2.77312945335	8.31439000501	7.3603170441	8.99999912993	2.77528944458	3.6527852547	8.13210397326	5.43128901205	6.09200953449	
2.50708521032	9.0	8.88120345768	2.43656833319	6.59729055112	6.24923138111	9.0	9.0	-5.99715836054	7.15467225333	-3.95421918655	8.96787129152	
0.275272570686	6.77012259781	8.99154580416	2.6457400888	6.17361817161	6.37685994498	5.47228818517	4.81897209896	1.38284415623	6.61880743406	-5.9981547694	2.83731954215	
0.275605597384	6.77045577909	6.73671854931	6.50125199552	7.12678879082	6.83269182825	8.69457574834	2.42825737519	3.13738361667	7.06298974337	-2.74908481124	8.18803798217	
0.27523652326	6.77008655178	6.7609232388	2.42831568918	6.10499985147	6.34496990686	8.99960113776	6.296358601	0.382658184267	6.57179611346	-5.54560669323	8.38085869127	
0.275724878269	6.77057489187	8.99999976875	7.96150627229	8.96943286538	7.73166598951	8.99999976875	4.48038013801	-5.9389954154	7.98977444311	7.7639981334	5.71589198661	
0.275452251992	6.77030227408	8.94859232201	2.64123054552	6.61221862899	6.58422927691	8.99944454761	8.53891565803	4.50190135343	8.48381259846	8.55964399708	3.15128764031	
0.271942750267	6.76679277235	8.89272935441	3.05619030407	1.25387678938	5.47036312865	7.72173115623	2.54590384915	8.99173961074	8.9978339653	5.70952765298	8.85372407902	
0.275660740347	6.77051076964	6.82879106139	2.49981680912	7.71840474038	7.12126707589	5.9132297768	4.04346166099	4.27988747312	8.36011822077	1.43618578795	3.32274366797	
0.268360588375	6.76235982052	3.12175795477	2.52569755506	7.85900764974	6.03862469996	7.4686506307	3.09094326443	7.01141159754	8.88139147488	3.11263739425	7.39028116027	
0.275725610525	6.77057563255	2.20872316692	2.51879994221	8.99999981451	7.74078756329	8.99999977925	3.15325523725	1.16165463347	8.01114191533	-5.3827431656	8.9999969249	
0.275701549077	6.77055406126	8.44813123899	2.43559281597	8.92420900319	8.19261991073	6.50944301747	6.45768534823	-1.35673596307	7.48523830517	4.8506821518	4.21715968869	
0.275710115415	6.77056014097	4.9824262225	2.42862340103	8.48936263394	7.49607771217	8.66934924576	5.4205569639	-6.0	7.74698685003	4.46113556598	8.64084405784	
0.275725611643	6.77057563332	8.69484838653	2.42908762113	8.99999976876	7.74077794826	4.48262151727	5.21172408582	-6.0	8.01115148149	-5.16801304488	5.77963176194	
0.275594456973	6.77044565025	2.92253531242	2.65955269815	7.24100627678	6.88927514257	8.99343022441	2.81226222575	8.99989995694	8.15500715668	-0.631751681814	8.00514477096	
0.275725836471	6.77057598282	8.50134425549	2.42818567145	8.99999976875	7.77861617868	8.5013442555	8.99999773057	8.21121575509	8.99999976875	-1.54278008333	7.22735514882	
0.396199301889	6.90650378023	8.09617642947	2.50808791561	4.48226257073	5.48100678673	5.03693389801	2.83929414284	-5.96740683156	5.85106084326	-5.9896628674	3.90442391653	
0.275719148713	6.77056844771	8.99997655508	2.42918946012	8.92752375991	7.54653058142	3.92628236542	5.08208365376	6.97720816441	8.83539558918	6.37104515935	7.68150429271	
0.272157092272	6.7670282025	8.2475854238	2.54435123962	1.47235149687	5.47083012123	8.15280430104	3.06163238405	5.98109263765	6.04567529217	0.871052387732	5.89126963507	
0.275707881247	6.7705578915	8.99999976876	7.11060401799	8.43613092843	7.47081474642	8.99999976876	5.05883170648	2.03015791586	7.86508108975	8.5552407896	5.92575552561	
2.50271244887	8.99994689828	8.99999976875	2.46305809716	7.18839335375	6.64661236093	3.85210601619	4.13439060292	-6.0	7.34392562854	-5.65688421209	6.9623763533	
0.275721751859	6.77057134042	8.99979246891	6.75792333932	8.99995377336	7.56015766684	8.46152977872	5.34729978128	1.75782967466	8.27572136016	-4.55509289844	2.42872052085	
0.275243912551	6.77009393888	8.99999997217	4.19860837132	6.11874047611	6.35134252038	8.58508488126	6.35799441121	2.85684980526	7.13893500081	-6.0	2.43573971073	
0.795999444569	7.25928773905	7.23064529759	2.93095020267	8.25534720895	5.88298265214	8.99999961914	8.89616301562	-4.82070453916	8.99772079257	-5.88038081668	2.54797321092	
0.275725564855	6.77057558662	6.83489250899	2.43956448146	8.99795037375	7.73983135203	6.382889313	5.24045634441	-4.13487936128	8.01005390675	8.09106284467	6.89314940789	
-0.120430646891	6.49938141877	8.67224211596	7.04505754389	5.18239325328	5.4916266096	7.75732045774	2.19443656371	1.83145214847	6.21700442513	-5.72478033832	7.40282370526	
0.272631774879	6.76748337647	6.54532372686	4.4059747021	3.70954978894	5.53781573586	8.96885635514	2.48404902374	-4.10681476125	5.76317166909	4.25392489724	5.16899466265	
0.271891782382	6.76675513813	8.94380712606	2.54375306944	2.89037701741	5.4824285748	6.14378920744	3.15589989514	-1.46260912209	5.70781522139	3.84688133964	4.54466548694	
0.275725609218	6.77057563075	2.71772232189	2.49223083908	8.99999976833	7.74072465711	8.90290246138	3.59178903833	-6.0	8.01120478335	-6.0	3.59239109049	
0.27198645291	6.76683647522	8.99999991666	3.92838501504	2.51357957775	5.4754038146	7.25500605503	2.56891670121	6.3401853466	8.99999976859	8.42175823929	8.89396930474	
0.272072869093	6.76692289118	8.99968319407	2.43356135119	2.99110879781	5.48554501576	7.13120998919	4.40701559594	4.6799196101	5.74613944733	2.6291616784	5.75973856915	
0.275725605845	6.77057562729	8.6604903933	3.65193491562	8.9999949123	7.74097976531	3.02973635565	2.50142696342	-5.11210823256	8.01094476374	3.76722522389	4.73705353167	
0.27572561166	6.77057563334	8.48189422367	2.42817908568	8.99999977392	7.74077820041	8.48294306228	8.99999975969	4.72687620998	8.01125703293	-6.0	8.34013525406	
2.50056758686	8.99767997143	8.99999998243	8.43113390723	8.99986127564	8.99999999486	8.97120324508	2.73973866103	-1.27976530822	6.78273694328	8.99999999978	8.99996751542	
0.275683372291	6.77053339914	8.66591734598	2.42818560567	7.99285152628	7.25507270007	8.36078870208	8.54041924093	6.01038096378	7.49503159048	-0.761799558596	8.97139962043	
0.275725589252	6.77057561015	7.00714838155	7.81198695775	8.99999934171	7.74158407315	8.96645033258	2.62414700918	2.22802514581	8.09991566339	8.59492247383	8.83886315183	
0.27227587417	6.7671258958	8.84107870377	4.47449971956	3.44367549549	5.51033791557	6.95448633496	2.45852288184	0.999141438469	5.73660178621	7.77065226771	8.98270600225	
0.27571485797	6.77056489617	8.08647108926	2.42876814742	8.60799436354	7.57061356134	8.08647108926	7.98567478325	3.6199478354	7.79959237245	-6.0	5.29801657084	
0.275716739917	6.77056676222	8.06389980822	3.37579218337	8.67283657674	7.58479073044	4.44601504905	3.42628850158	-4.77266326136	7.84098836682	6.98713230216	6.09331002916	
0.27194421682	6.76679423841	7.47056870793	2.80245803583	1.44753751744	5.47053075807	8.81838987977	2.66762729407	8.99999976611	7.8754030926	2.35034983694	6.99406909732	
0.00636197493526	6.45915490703	2.54666869241	2.88968753731	8.94714959424	8.68227051783	8.99569050435	2.22973126606	2.31002394106	6.64542096389	0.353505538021	4.62656914685	
0.272057075167	6.76690649283	8.96011527059	3.25454733181	0.105773162438	5.47018775095	8.95386884802	2.49913637179	-4.75996263108	5.69548070226	-5.03639724434	8.94276114242	
0.275704676877	6.7705547016	7.12339741138	2.42819223732	8.36299084689	7.43518945112	8.2248019465	7.05192849289	6.95626878369	7.68702034669	-5.99546513328	8.90207687258	
2.29990536515	8.79389166577	7.87852554786	2.51131497602	1.22786921712	5.49330063323	8.99999999965	3.30648540576	-5.90944329982	5.71350439556	7.04210047272	8.99869922303	
0.201607936627	6.69319845881	8.58336911639	2.53538470851	5.36153855988	5.96327085001	4.15836420548	2.81862964893	-6.0	6.19522281017	-5.63341192076	3.40988689344	
0.275725521852	6.77057554368	5.56191871708	2.42827028977	8.99599256203	7.73893165711	8.50871412043	6.10354343476	3.24995491706	8.00900157069	4.2464979066	8.99999972482	
0.275724367911	6.77057438495	6.39234804295	7.39811895384	8.95248531192	7.71895839743	8.99999989203	2.43187570868	5.10122369432	8.68349420901	5.73287491642	7.8016987606	
0.275725022664	6.77057504669	7.91012869422	2.4282873085	8.97411364764	7.72887633976	8.96744744986	8.89864612165	-6.0	7.99723383481	-0.505008029065	6.03005968936	
-0.0613940523324	6.51028989389	5.48926368888	2.33837277143	5.35424296081	6.68411878211	8.37198931799	3.33892041181	1.27274691153	5.44687514008	2.11821763591	3.78200201345	
0.27572546458	6.77057548715	8.32715905721	2.77738511533	8.99388216161	7.74152263512	2.67968158045	2.68593502967	7.32257775447	8.99734803753	5.30883025499	8.99999976875	
0.275725610799	6.77057563239	7.43341651015	2.42817901182	8.99997302399	7.74072656523	8.99999976875	8.46860370631	-5.85126744684	8.01117619515	-6.0	8.8133375335	
0.272020245371	6.76687027023	7.44720352962	3.08596968333	2.75936597777	5.47934060014	7.79092422233	2.63630342264	6.23584061843	8.71545767558	-5.99910928128	3.22546920884	
0.275721596433	6.77057161858	8.40088767888	2.42817931377	8.8364221936	7.66309623998	8.63619181544	8.98634611609	6.45177967711	7.92695343628	6.78907945333	8.99860818877	
0.274242471138	6.769092495	8.50844002429	3.38481401112	5.00762795767	5.87454569755	8.00327219624	5.46410044786	4.59228779698	8.21609640362	-0.0982378143025	2.47974994076	
0.271978016075	6.76682803788	8.99999215738	2.43310774825	2.42419189256	5.47442528455	7.71834346664	4.43911446619	5.66708874282	5.80289174575	-6.0	6.23882154669	
0.746859514134	6.95008099771	8.99999999997	8.99999999997	8.02138308191	7.91466044785	8.99999999997	2.67329261155	-5.9981565217	6.90798439241	3.33477305534	3.63779036736	
0.275307674781	6.77015770123	8.79285643095	4.79468381612	6.24522298374	6.41032023938	5.39302536874	2.4302207011	-5.45415296819	6.63742998192	-5.98984192318	6.05177963896	
0.275354095917	6.77020412921	8.99756708141	2.42825239126	6.34868145561	6.45896824508	8.99756708138	8.66071494153	8.99999073043	8.78573165668	8.99062512544	7.40062949765	
0.271940256428	6.76679027841	8.99993769743	2.56701617619	-0.173717651148	5.47007552972	8.99999816954	2.99324649205	2.59483322137	5.6953932347	2.03174490353	8.37405763512	
0.289312272331	6.72663135836	8.98162398141	2.49685192486	8.99999695336	8.80507292948	8.99999933801	8.99999934716	-0.137969404272	7.25762194301	8.99964987876	4.38385496034	
0.27197017151	6.76682019206	8.51128080157	2.62656578965	2.32181825202	5.47352025457	8.65367055926	4.59080355356	2.96907987186	6.05013497626	6.11074862045	4.40663492901	
0.275725595315	6.77057561831	8.71382147863	2.42818177011	8.99999997614	7.74327692831	8.25235385566	8.99883659203	8.50058963811	8.99999978448	-3.82013509695	7.55597147993	
2.5052576823	8.99999755084	7.86323881469	9.0	9.0	6.77545834623	8.14693690646	2.43889272304	-1.820599798	9.0	-6.0	5.76540131835	
0.49979382171	7.13531363653	8.99985877576	6.1457806319	8.93571023386	8.93525596726	8.96805045362	4.89049523886	0.0593469642849	7.19375000189	0.382942239435	2.57974160474	
0.275725522593	6.77057554479	7.14121637377	2.42844817586	8.99999976875	7.73648074935	8.56475012092	7.74515731992	6.57546235119	8.9999997332	5.67709732515	5.6421181303	
