-1.33544600984	6.77054507324	8.99999983841	2.48620681559	8.99495112478	7.73916454255	8.99998192358	8.36254046368	3.75517611819	8.57065407231	8.67531018479	3.8160006294	
7.79437824317	8.47348905647	8.79379358674	2.42881930038	-1.28036586947	7.15086676688	8.79031555213	5.74391641625	8.74671222975	8.74431379227	8.78472216524	8.74328898694	
7.5216688545	8.33539406232	7.74688129774	2.42879154419	-0.379778146897	7.01953281344	8.99902267003	5.8030462731	8.84658118693	8.83637113271	6.63526123349	6.60163969023	
3.32575846573	6.80198106526	8.63351459201	3.27928975511	8.9930445956	7.77063113713	5.60283448356	8.40222248605	2.78910521888	8.47882069891	8.70790774369	2.97435840583	
8.91010954174	8.97419972821	8.99960291831	2.4807733274	1.27452379536	7.75982833588	8.99960291831	8.66805744951	1.57411354101	5.70651560145	7.58331032008	3.40707669129	
8.98519590991	8.96840968346	4.53179669122	2.6807735976	3.78649476215	7.91755119093	8.38535486003	5.821132085	5.89426856327	8.88671401175	8.88071973342	5.84444276294	
7.11513670075	8.13413804029	5.39248950604	2.42818532444	7.12302616964	8.18056958553	8.41323454032	8.99996395313	8.42178717487	8.99999975177	7.11786960726	6.4958254886	
2.89859560655	6.77941399455	8.99997264943	4.16460375238	1.76299667161	5.48362621469	8.99997264943	5.93286363781	5.74026115387	8.99997222399	6.18681450208	2.88327182511	
8.84037751047	8.96895603718	8.99769334119	2.54390906885	-1.34621341741	7.69523234049	8.99989902914	5.9826883776	6.31728706792	8.95644228098	6.11648881446	3.43350211108	
3.55414420021	6.8169906531	8.99996941498	2.48021775056	-0.568778882586	5.52020276207	8.99999976883	5.86689334769	3.85270086325	6.29322349102	8.6352892295	6.15093501397	
1.46823643812	6.7708785896	7.01358300796	2.52115534577	7.09316812016	6.81671158523	8.99999977154	8.16521181629	2.20931875496	7.0943481307	8.78731511475	3.85845417417	
3.99184811243	6.87800917691	8.88307921144	2.44414770041	-0.378160979298	5.58113182473	8.95328208818	6.24572973879	3.54674870221	5.85971062622	8.58422032339	6.22742682076	
8.96982904291	8.97206454624	8.96878382434	2.42880135142	-1.67179133391	7.82121664884	8.99998066467	5.74372615457	8.93994546846	8.91800021544	8.93978216363	8.91789582387	
7.47383597429	8.31130166559	8.99983988779	2.42945930756	-1.56159895498	6.99647386423	8.99991002262	5.87372211044	8.40256615046	8.9999905665	6.32935490384	5.68809888913	
7.37877136537	8.2644178678	4.77016344441	2.42813892353	8.38426763637	8.92962510916	8.3900390598	8.99999969554	8.85715139714	7.95201471146	8.13032640346	8.99163160564	
3.61150610134	6.82632011413	4.66655545495	2.69475034239	8.6648292006	7.6357392457	8.83403220059	8.31908323664	2.91053556268	8.2166587449	8.54527159759	3.19531689159	
-0.116207151033	6.76732886479	8.34837019668	2.4291261895	3.72102281952	5.53906008462	8.99628801702	5.91292875755	8.61991383631	8.77889592349	6.47950860149	6.27669492107	
8.48255959331	8.83125943395	8.94585232349	3.1759288119	1.39415686742	7.47683176806	8.94585232349	7.98337110315	0.344322129933	5.70267949725	8.75947491939	3.35728597402	
8.4848224207	8.83385729208	8.87117408494	2.42876226746	-0.937471515805	7.47607989836	8.60393451744	5.98273006507	8.66133859528	8.72252177582	6.1168116374	6.01179686222	
7.2990775274	8.22382842856	8.99421174711	6.58254353762	3.33724897381	6.94421339915	8.61671017292	6.19563308068	2.50266506565	6.07112119929	6.56370253894	2.95141479325	
8.94290867314	8.9697613817	8.90425576313	2.42876146643	-1.48638781673	7.79665876772	8.90425576314	5.76884819479	7.35039635928	7.28038552641	7.24994610249	7.27612533843	
8.8707725065	8.99680131075	8.99999361743	2.63690295491	5.58840168265	8.33855509519	3.71258604225	6.89848411922	2.88725883735	6.66191000446	7.04636024455	3.22787757796	
5.80779970978	7.50780736383	8.97975695084	2.79512389831	3.23613158026	6.23446233138	4.65846176461	5.84372642678	3.53010810271	6.63857962656	7.2002272219	4.04792410691	
4.26160575035	6.93872591165	8.79420928084	7.35948902203	8.98501629733	7.90075071656	8.78364211938	8.3244777742	3.377820219	8.99999974686	8.47975056092	2.81373951965	
7.87770030214	8.51614689006	8.99998973548	2.43069739926	-1.60544753126	7.19071875178	8.99990862643	5.83355810518	5.37289936482	6.42711337176	8.83596281513	7.73791721778	
8.38585447634	8.78230064941	6.68800760721	3.25388474687	6.56194279576	8.51754876236	7.07366976395	7.85471048665	4.21172188694	8.51200957027	6.88696185351	2.5428426043	
6.13011604658	7.65659519513	8.94797113273	2.73533680999	4.21711507417	6.51245230331	4.6106842709	6.70047222182	2.02434265163	5.93556972289	7.98703099014	4.03197234334	
7.25693139115	8.20264124609	8.77596284836	2.43028052826	1.24194566107	6.89216002273	8.77596284836	8.2246909561	7.96177466949	8.87210371763	5.74507778164	4.79091716407	
8.79644473207	8.99999976895	8.99975197849	2.42880371149	-1.57581109354	7.62035214103	8.87345604337	5.743656048	8.99746750827	8.97574231495	8.99808697404	8.97598078668	
2.89782452348	6.77938447439	8.99998553596	2.42892763083	-0.0268980428926	5.48265820168	8.99998552806	5.87889725765	8.67006903943	6.44228378132	6.7585789024	8.94253255719	
8.99999958824	8.97917766128	8.88077994303	4.22817732487	0.539355065786	7.84414961237	8.88077994303	5.94830745901	5.7358001961	8.99998596413	6.16822365151	2.86020609086	
5.35995020239	7.31476257858	7.96138270103	2.4467226944	8.11752364055	7.85724158777	5.48090008987	8.99999976847	2.74648976858	7.59528313848	8.99999976573	4.10737483685	
7.71824884197	8.4397397012	6.69479556625	3.73129168434	7.000486068	8.40785319827	6.98715796956	7.52077402963	2.3652808639	7.26481693205	7.98935753927	3.04598961012	
0.214732051279	6.7705387628	7.43707190341	2.42818520218	8.13940638579	7.32641192125	8.99323498787	7.9582794017	8.89533987715	8.10532902237	8.20034397364	8.94652334591	
-0.153991099978	6.76904235482	8.48261733067	2.48059271279	4.98430771135	5.86576772795	8.66049436254	6.55699550884	6.15633372102	8.8736284616	6.34312725979	3.58200095771	
5.46173164557	7.35546498671	8.90395927493	2.43325276074	2.5151374909	6.06245592316	8.09544198325	8.82406672978	3.92257980453	5.83125572681	6.34315143622	4.39064394084	
8.98242101964	8.99953231026	8.99998528623	2.42862122836	4.18503564739	7.95632203199	3.60439187751	6.08634502983	6.00357956683	6.31775065445	7.61175736195	7.25375470762	
-0.981084756639	6.77053215846	8.73865404005	2.51390542319	8.52837377065	7.51600789019	8.95667071369	8.14113828926	3.54919507196	8.2930891062	8.43530263315	3.64757704965	
8.9999999944	8.95400204834	8.92077795373	2.42836989544	1.78131285764	7.87033565916	8.85167017364	8.99999539868	8.93124998086	6.66333423646	5.7945234139	8.01860748904	
1.85390186937	6.77161641838	8.41646757053	4.80144462167	7.36927621971	6.95189939675	8.65562591558	7.46928110658	3.46621965987	8.25712378827	7.69010737538	2.85537174933	
-0.887830471964	6.7677925304	8.98838209224	2.42942395585	4.125853963	5.60782066098	8.98840234992	6.1087407998	5.43767044839	6.26112346569	7.27462800289	6.40734339425	
3.99288854211	6.87820108985	8.96340203164	2.43046855405	-1.01423888309	5.58131812068	8.99423381434	5.74526776995	6.82967455316	7.6587507114	8.78996101134	7.91705323162	
3.57563694544	6.81914593374	8.23456390659	2.42906057861	0.528931047866	5.52240634185	8.47333307722	5.74082213781	8.99744720842	8.67520499804	8.56843031696	8.84684093617	
8.36163264211	8.76678770323	8.97218905567	3.62790304911	0.0392669349189	7.42058467959	8.99867153776	6.25545475874	2.18339222424	5.88485635851	7.13890009257	3.39360435856	
6.71104107676	7.93362058656	8.99910423839	2.42978224756	2.86849468356	6.64115494554	4.49471566866	5.76776790431	6.6203933386	7.35075940432	7.92288543798	7.14868777717	
2.47687941146	6.77210315377	6.22767822427	2.65744817611	3.57484393623	5.52718935399	8.9690188284	5.99064972931	3.17071306323	6.26077889671	7.00687638405	3.87297896275	
8.42779724607	8.80194546859	6.98964596685	3.68591987815	2.37765372634	7.45512686705	8.2476197064	5.79869446011	4.76566870751	8.01775387956	6.71670090019	3.4207841104	
-1.26798241638	6.77052676078	8.9999997855	2.42889758474	8.41668550743	7.46187566862	8.92717072361	8.11354357236	5.55594826621	8.21515277424	8.35003172106	5.64699567694	
-1.39177761909	6.77046383796	8.99310215575	2.49869403187	7.5625307171	7.04503568715	8.99310216298	7.54173385229	4.13170087975	8.21178745122	7.8761386697	3.75222055044	
8.99999976876	8.93430762713	8.78576331904	2.45245763886	-1.2110192214	7.88895424308	8.76186819701	5.75972115516	5.39259987237	7.40058616478	7.50119131457	5.44937342421	
-0.574897056987	6.77054879731	8.25179353993	2.42818047317	8.99999976063	7.74187147037	8.73919424622	8.17445978652	8.84475622532	8.94498959044	8.95242781208	8.80836304923	
8.79478594556	8.99926053469	8.81559823758	2.43323850408	3.77664932471	7.69537427234	3.86167974605	5.8198099563	7.56109678604	8.94274808302	8.91056158335	7.48507869612	
5.4650725331	7.35687508748	6.68483919883	2.43228588972	2.12343231634	6.0607469849	8.8966668319	7.01907292274	3.49011625237	5.74208385382	7.16321756234	4.8674183899	
7.98380355008	8.57057977903	8.96238737452	2.42846275162	2.43991388578	7.24594426901	5.27840428891	6.11849231457	8.78635329216	6.16403009077	6.39023565096	8.96872725985	
8.20361134573	8.6849491863	8.99999739809	2.5247477093	-1.6037713279	7.34530560527	8.99999739809	5.7438023293	6.43096139118	8.99995040251	8.75243338733	6.13961277563	
7.06262873718	8.10852296039	6.55124615568	2.44976188763	8.87256904685	8.99993005042	5.54302646359	8.17022552474	4.25861324456	8.5832933851	8.99999999986	4.63148825524	
4.84596573852	7.11513464659	3.82530803279	2.42815646744	8.87923044771	8.02572831405	8.62839092334	8.30884573306	8.99999985416	8.59346024146	8.53243482242	8.89514284657	
-1.62369898927	6.770543179	8.99999984825	2.42817975557	8.99900244709	7.84354208373	8.99999998779	8.03161393116	8.99272331003	8.99999976875	8.99996448367	8.94886555843	
1.27295997301	6.77078463465	7.96497143881	3.7919248848	7.66846776378	7.09715733955	8.74912203318	7.69462433412	3.47141791051	8.39484154482	7.73783236123	2.77057719692	
8.96122825515	8.974888095	8.97134378505	2.42850638726	-0.289265260369	7.80981546962	7.81317755241	5.94227819121	7.90751369775	6.1993056018	7.03190902134	8.69628554652	
8.35922440669	8.76602065714	8.99733158425	2.42842595921	1.05363445801	7.41912546627	6.8546920137	6.35028039084	8.79289553376	6.03418953072	6.28088204369	8.99575646301	
2.06318549083	6.77226128495	8.52772783985	3.78662534285	6.93077791506	6.73940543912	8.96270303944	8.88507221713	2.14536890409	7.14262244246	7.50654551946	2.46546041877	
0.713321500337	6.76879950127	8.85673833938	2.42847693583	4.75557891529	5.78409092157	8.35697444356	7.40021583949	8.99805024161	7.19089892431	6.10446689497	7.86778664933	
5.08104398336	7.19995205057	8.98779731399	2.42914721127	-1.36341413878	5.90229887188	8.99999981471	5.87299885724	8.69783042095	8.9999997378	6.32616840854	5.98016749306	
-0.463755760907	6.76726022394	8.89886401144	2.54749519905	3.65378559788	5.53086502582	8.99999993344	5.94224334565	4.1198500038	6.86129708	6.49761097056	3.71233230572	
-0.156153002008	6.76700000088	8.99999497375	2.59755028074	3.25197095136	5.49715620404	8.99746383404	5.93054028048	3.26015386593	6.22524271256	8.99759728243	5.98867685484	
7.19033165157	8.1694527305	8.82959323461	2.4293500242	-1.14270457282	6.85977512743	8.99994739519	6.11755983613	7.45441330223	8.03101241366	5.98476694258	5.36433625013	
8.72504001001	8.95955739029	8.99993807168	4.12663247391	0.13404090432	7.58964990459	8.99989018362	5.88203943248	2.88400906322	6.27881337049	7.73238740568	4.29375147355	
7.42041434287	8.28435930594	8.72372155803	2.42849837141	1.23956366045	6.97109534678	8.90274787496	8.30146441646	3.52556707486	5.70098540086	8.99975978247	6.78050988692	
7.06081588446	8.10729697181	3.28253670134	2.42814412542	8.30270181946	8.72947541574	8.66102416975	7.74113207399	8.99853723824	8.99023975809	8.99994340087	8.96440929608	
3.83702497515	6.8520442917	8.99840503473	2.56276967944	0.119840815753	5.55522246482	8.99999995053	6.68420434436	2.72231402789	5.8785437727	6.37953946921	3.17947814624	
8.23281098139	8.70023424091	8.13953978072	2.42839561813	4.43687253646	7.57283370071	4.21274649581	6.01947624715	8.9999996255	7.30791098556	6.98627983993	8.63453689007	
6.93531656235	8.046651968	8.93429787235	2.42813903725	8.8417500258	8.90752768004	3.58863031286	8.61665011648	8.99995702402	8.43936713004	8.35428300332	8.8710441528	
7.35077293705	8.24983171868	8.9999997883	2.42872265724	3.71455734688	7.00458643499	3.75490406115	5.83606334017	7.22402246848	7.25116271896	7.43811830312	7.36714645401	
8.89579851541	8.97997931843	8.89019957291	2.42837212627	0.762524002009	7.73954930426	8.88460459274	7.98423813822	8.94327152974	5.99579611314	6.05411796715	8.95776189242	
-1.19627229578	6.77054534631	8.79547485552	2.42818016308	8.99999946543	7.74040547458	8.80218075582	8.16122174818	8.99999975466	8.99950750019	8.99999976875	8.95666056315	
-1.67572007265	6.77042696536	8.99999976874	2.42813280153	8.98446210499	8.57829597266	8.99796209747	7.22716782758	8.99939154926	8.85908400815	8.74154864896	8.83814440871	
0.448810981955	6.76689109458	8.953018884	2.43613658146	2.78770798412	5.47996108587	8.99999847682	6.20551757175	7.49455510459	8.99270927996	5.93626898921	4.39428323957	
6.86439671172	8.00845233264	8.99997328639	2.42878385673	0.932351163079	6.70308372287	8.99997328639	8.35534453957	8.77453944631	8.99873415723	5.74439942049	5.47637314032	
-0.387228132356	6.76827321157	8.5330013151	2.52984671723	4.45446495106	5.68980952363	8.71416732818	6.02544601907	4.37330418712	7.20082102517	7.00593627117	4.1345878509	
1.7811651109	6.76807854096	8.71409984905	2.42873563663	3.41177104369	5.50878557074	8.71409984905	7.61450611061	8.99999976674	6.0615465504	6.06435490713	8.95897654995	
0.893508444667	6.76914732131	6.66072913871	2.42874762082	4.97424921483	5.86213001791	8.96621174014	6.13364359584	8.56707364227	8.96906798108	8.57977370096	8.13394776421	
7.84781209293	8.58285637684	3.64327221883	2.42813376788	8.93997713803	8.99999976875	8.86893257068	8.98783501087	8.99999976876	8.7647906693	8.75574389598	8.9471129774	
3.07909151178	6.78914604997	8.99961233198	2.45624099056	8.3471865095	7.44667001444	4.55433529586	7.9871385815	4.92766022808	8.99076062379	8.0997334059	3.99280147326	
7.1602233076	8.15656266699	4.75144005468	2.42813984875	8.55285407707	8.89793586353	8.27284013368	8.95368920703	7.25211405983	7.84809723387	8.99999976842	8.36018500773	
7.70466226776	8.43002132362	8.77538983165	6.48530272517	7.84008166672	8.81439317004	7.50785374549	7.79724028023	2.93288059226	8.04265442944	7.98949708831	2.83589171426	
0.474594266641	6.77057616607	8.2608019273	2.42818546425	8.43860080702	7.47230616788	7.61532637296	7.81722559188	8.88873147447	8.96376522939	8.99999969889	8.88113435111	
7.62579486168	8.39008026988	3.85743448277	2.43080130801	8.29974413017	8.99999976046	8.63741188339	8.29847402174	5.85774250268	8.89371778975	7.85558154044	4.77577468829	
-1.74853872735	6.70495627101	8.99999976875	2.39519357496	5.92403664892	6.58604539337	8.99867711622	6.18513934983	8.97842202354	8.98859373839	7.29022659786	7.25710897056	
3.68080884713	6.83102369907	5.87676771049	2.42880368994	3.19913714798	5.55822343314	8.41455653279	6.05218943153	7.66084348932	6.07115711386	7.16907667555	8.71493145681	
8.89496692401	8.99999976875	8.40889926157	2.43051022097	0.889424665939	7.71871235864	8.99998970102	7.74305405782	7.89216677991	8.85452879703	5.74798904452	4.74179554856	
7.52983263827	8.33939935742	5.67983700846	2.42866542891	1.78549903888	7.02457618604	8.99999990902	5.90149763803	6.29454461982	6.22559758448	7.9893812436	8.0144966841	
6.91371820359	8.03337398257	6.24092718311	2.42903749766	4.27946100442	6.89830897936	8.99998938752	8.77234532055	3.31690938249	5.87722668793	7.85796086145	5.25381198945	
4.24845759363	6.93501798523	8.77931772983	7.38998260248	5.80510514497	6.37228457032	8.99927083579	6.83383613808	2.84001804993	6.98908069533	7.03325384195	2.84035964692	
7.29851263021	8.22351344958	8.91411540733	2.42837046051	3.22016220225	6.93697619022	7.45567157972	8.99857172582	8.75705839788	5.92501364486	6.20082963671	8.98904281508	
8.99999976875	8.98788102645	8.57772641781	2.42880983483	-0.848644597153	7.83544126497	8.57772641781	5.75363031804	8.99640329622	8.99996338773	7.37673554046	7.32934359701	
3.47988499204	6.81011811277	8.99987084011	3.03683232639	0.0349652779045	5.51335322632	8.99627221474	5.84965967856	3.09607890304	6.3490667543	8.51915794319	5.22233849143	
3.13896906092	6.78810502158	8.21874394053	2.43512608022	0.962164336227	5.49150319995	8.59116629895	5.89527935201	7.45822016087	8.87776738695	6.26147314542	4.79809432392	
0.0621567952365	6.77055344059	8.56259736122	2.42818035546	8.63924485747	7.56875874889	8.56139989542	8.7568763782	8.99177011892	8.24811901206	8.17292626545	8.87274578902	
7.70180802845	8.42640344741	8.33680730204	3.69203687569	1.88150255762	7.10763276027	8.97067452284	7.36368933449	2.29053490671	5.9280070482	6.16040022879	2.47909651245	
