-3.5446058589	2.95024416419	6.02012018552	-1.18019749867	-0.294679559684	1.7002544777	3.76316136597	2.17266499484	-0.278950778737	2.69578795874	2.65985108766	-0.358719219806	
-5.06884603111	1.42600399698	8.76138667505	0.242283856188	-2.12695350369	0.154090538858	1.17847142547	0.620650188551	-2.67166060481	0.816921988841	4.53876620991	1.00635202655	
2.50472736885	8.99999983798	-4.54015973152	-4.95621789945	1.66389122386	1.93490139736	8.99999800948	2.34750066205	8.9999885331	-0.566978071407	-0.525422315427	8.99983108947	
-5.99999695334	0.494852994014	-0.0964824851335	-3.84756328671	8.99999976875	7.21623040787	3.91347598602	2.65243386909	8.15448759543	6.27075513273	2.5585507412	4.39844945447	
-5.99470357977	0.500146446279	-0.178327003337	1.27776734374	0.294599449205	0.29139883747	8.81788917027	0.569115410267	-1.9809060206	2.38627323026	7.41477754768	3.00376673342	
-0.739236904052	5.75547672882	8.12343968444	8.99999976873	8.95193561685	7.09949538004	0.653242588711	-5.16662421334	-0.980747787513	5.19765769565	0.222243103027	-5.99999976861	
-2.13998338892	4.35457953981	5.21564553775	-5.99999951123	8.99999999666	8.47545061513	-5.99999981479	-1.05541957257	7.05378996184	7.72405346386	-0.0969574992991	-0.810850782069	
2.505286114	8.99999975685	-5.99417810139	3.90109076896	4.67829096126	-5.95192989531	7.31586549448	1.25516445085	-5.97902623121	8.97698692496	8.99984479825	-5.99999977042	
-5.9999997687	0.494850129731	-3.51727270834	-3.80347419853	8.22290781821	2.1848641478	8.99999937522	8.52836468122	-4.5972417086	6.51963072724	8.7614018746	-2.39930218085	
-2.07647968618	4.41822391482	-3.82464472971	-5.52841117728	1.95553959957	-0.0529081653451	-0.967608419616	-4.0511365032	-5.99999976943	0.334345668474	0.378177095415	-5.99999976857	
2.30536083713	8.80007233117	4.45508868945	7.14041951382	-5.25722683403	-5.99998409864	3.1261718436	-5.61213787233	-5.86130305707	-0.784913565658	0.351019076588	-4.76919084737	
-3.41081098694	3.08403801425	-5.99999975703	-2.25749869985	8.99411873684	8.68448512918	5.67247552347	-4.55643062792	-5.99997652296	-1.35505927145	-1.31158947827	-5.99996417082	
-5.37885933768	1.11599070093	-0.379303757997	-3.2259262922	0.641147847527	0.779653449078	5.14938820352	1.06162508737	8.99793221214	4.03469995693	2.67244821287	7.59184893097	
-2.32400335604	4.1707081484	-0.081188980307	4.44000723803	5.26217661339	3.5066982311	3.92345744241	-5.63798798165	0.612829728816	6.69433647493	0.12662583139	-5.99872783355	
-5.99999892896	0.49485107302	4.27218780857	-3.8475652336	8.43179191287	1.99087811268	-0.798129036257	6.96665784689	8.76689455124	8.99936195529	8.99999976895	8.72370071701	
-5.63830027272	0.856549770586	7.83078594054	-3.48580911753	2.35760650755	1.47676789205	-0.00662290440992	5.39493073076	-2.24578067809	1.72182938643	5.6965953471	1.68515371311	
-2.10461025105	4.39001273749	8.99997754024	7.45307191878	2.28651295204	-0.698550292504	0.459169183993	-1.80437734907	-0.0497378239012	7.26098231048	5.71610425673	-1.63856736648	
1.74558990652	8.24045764846	5.84313330197	8.99999988689	1.00233917962	-2.96014623337	3.7200652436	-2.27014696911	-5.99999920256	2.28833003534	3.0613312139	-5.27096941376	
-4.54895306972	1.94589695188	3.29874455464	-1.62690496473	-2.12501925581	0.657151402281	6.16912233942	1.51672118694	-2.77156989249	1.01143501006	4.83456946867	1.0077329906	
0.643586637676	7.13829881922	6.05138229309	-5.04867249061	3.5468476489	1.75804672798	-2.20161739005	3.89149650431	-5.53562836086	1.06470045014	8.99999976878	2.35581725379	
2.50529069098	8.99999951466	8.07166918233	-4.05537569368	7.07848296469	4.95877872202	-5.01700138264	2.43400361496	8.99942459672	8.9808823162	8.9918737984	8.96658060139	
-5.99999784548	0.494704178377	-5.99999892439	-3.0959443349	5.47096013336	2.45335102789	5.24694584404	-1.43527741603	1.65671256823	8.99999843121	1.38704213522	-5.99998946679	
-5.998934733	0.495879335641	8.99999806523	-5.99847086325	0.797504488889	8.99999843501	-5.99999842667	-5.99999799569	4.8618162734	8.13653132799	8.99998839179	5.68165843285	
-2.18284902192	4.31235456469	8.65491160941	-5.99998730719	8.99999351129	8.91137347667	-5.9999962883	1.9471556277	-2.07252650851	-1.5667313441	0.648263900121	0.0986623664947	
1.50195072997	7.99666363005	0.860119133476	-0.977801350678	8.99999976866	7.30300776638	4.43521167189	1.17437466191	-1.34005945682	4.68306223327	1.82146944258	-4.24548647855	
0.84610268825	7.34081701273	-5.999814338	-5.99882014772	8.99994603648	4.36390042867	5.68882385823	3.52813800024	4.05416488485	8.99993741235	3.16225167398	-1.82736775363	
-5.99999976837	0.494850311066	2.93502149864	-3.82644347559	5.90836049132	4.07159307068	6.62512027612	8.42748435994	0.288112167998	5.12400938465	2.35553559313	-2.52418582758	
-4.93874850176	1.55610152519	5.05674199802	-0.263462655755	-1.75300150433	0.300487049814	4.22335611401	0.69419219532	-2.29780944588	1.1323285249	3.30403941184	-0.169930136662	
1.29930057047	7.79405615976	4.00590451002	-0.88633064911	-0.585325967092	8.64388796529	5.13267367549	-5.99999736153	0.068847947677	3.34434035418	8.99997093098	5.68052608601	
2.50528568262	8.99999976871	1.10032949554	8.999999825	-3.7074444283	-5.12249872315	8.52509739598	-4.75521277962	-5.80276773191	-0.0603622505558	8.99999976877	3.213756625	
2.5048891452	8.99958062626	6.34776065279	5.21114971601	-0.778924495604	-1.08981647607	7.91995343962	2.5717123105	-3.1481205383	1.50899814816	-0.80387939567	-5.50483021488	
-5.96001510186	0.534838336359	-4.1566607029	-5.9974724802	8.99999383532	8.99999383541	-1.04490860511	-5.99999383514	-5.94906403328	8.60575709154	8.99999998022	-5.59863966437	
-5.99999883572	0.494851186319	8.93757747116	3.93925455616	8.2885561046	4.67805563869	7.09435673056	8.90730008894	0.368684207425	8.30075138723	4.12833744489	-3.84756129656	
-2.29078096823	4.20406906192	6.23051421991	-0.138319843727	6.17823958802	5.05332179824	5.04298970714	5.74086152036	8.95932764585	5.85504351935	5.87351886666	8.93397145162	
-5.99999980595	0.494718967886	-0.61816904548	7.81416652356	7.96290025237	7.29390765425	8.78179069742	-5.7765269203	-5.99968656109	-1.00122967193	6.87010546622	1.82768800135	
-1.60907042516	4.88563107806	0.151226940571	-5.99998844507	-1.08153617814	-1.13149827498	3.50941546297	2.91459135369	3.64452742078	0.875708444824	-1.56012069914	1.16548928199	
-5.99999973849	0.480462314517	1.33368582208	-5.95009305719	-5.98544218253	-2.90103653566	8.62637786906	6.0431969107	8.56447014857	-2.54193291954	-2.06471557125	8.99999996278	
0.0871939088702	6.58208796151	-5.99998537175	-5.99998537175	-4.28782407293	-5.99998675443	-0.826260126917	-5.91015304501	-2.83602828397	3.20239745879	5.11927464063	-0.962861094017	
-2.24678139695	4.24782598118	-5.94325317449	-4.50498409666	3.36191118415	-0.160937243115	8.12680979347	3.41569829736	8.99998880431	5.49047799426	4.8876789589	8.35345398586	
2.50528964038	8.9999985129	-3.41880805353	-1.08326030972	8.99999298967	-0.467282551183	8.62544622479	8.96143214266	-5.00542060735	8.82704049724	7.87627627411	-5.99994720629	
-5.99999976314	0.494850237652	-4.73090143073	-3.34318584541	6.85398748028	4.65632599222	8.99971447856	3.01378102369	-3.12504230103	3.33697471227	3.26755154965	-3.23829777105	
-0.673749916766	5.82096430427	2.17740533264	2.7779997513	3.2648099029	1.57183630916	8.4929285684	2.78957084045	-3.23404277494	2.78873215921	0.767120739299	-5.29941905158	
-5.84954690107	0.645303113144	8.10362651639	2.20171513458	5.87495775239	3.60592573479	1.79055656306	3.16561993601	-3.44680752736	3.33753897141	4.24747775738	-2.58070028091	
-5.99995149051	0.494898573936	1.20215814657	-3.84739175072	1.78972669067	1.01482863076	2.49623002625	1.52479792478	0.167574840323	1.64807521302	5.43336511862	3.90903317285	
-5.99998921637	0.494632723038	-5.34092614568	-5.57168993317	8.99999998392	6.25067423859	-2.18444777845	-5.99999143573	-3.03831908609	4.03669051117	1.16044508623	-5.95840971274	
-6.0	0.494711966811	-6.0	9.0	4.67430873739	-6.0	5.60690415439	-5.53644358882	-5.99999999321	8.99999999321	8.99999998124	-5.99999998124	
2.1901937121	8.68484454652	-1.38998979288	-3.10911181047	-2.03083564546	-5.99994045248	-4.88860903495	-5.995983333	0.705148067555	8.99991565732	6.10049596344	-2.23820715082	
-5.01091402424	1.48379671811	6.80530282379	1.4451011306	3.58659895512	1.83638192711	-4.4381581762	-4.12346412469	-3.83787900506	2.23837798774	7.71825553223	1.5981765274	
1.59189559925	8.08660997847	-5.99978420206	-0.904919101703	2.57106968448	-0.174017545112	3.17601004813	-5.96951222484	-5.66840654999	1.40241194317	7.35010814691	0.235458210118	
2.50530680863	8.9999959524	8.99999119574	8.93787191328	6.05718054223	3.83631752579	8.99999119574	4.48728495739	-3.65854564737	2.90125296551	1.43231310868	-5.17133413921	
2.5050024871	8.99999314269	8.9999976475	-5.99999367807	-5.9999976475	-2.95084689099	1.15779989208	6.31262583092	2.37919889403	7.71855068038	6.08580181162	0.702801085637	
-5.21091226076	1.28393775722	-1.79559895828	-1.01877294312	2.69686236464	1.86129772748	8.99997406981	2.26283267165	2.39614235272	7.55492671787	2.78262743595	-2.41998848662	
-3.26266217006	3.23205043831	3.21546573476	2.77919491095	-0.921232604322	-4.8766614483	-0.241597072203	-2.64563582848	-4.24922543279	4.03209750767	6.59129786877	-1.73386951651	
-5.87418373603	0.620666302464	8.99849903759	-3.71703285427	-5.48356050836	-0.675983531796	-1.51890989299	-0.406835011116	8.87235117446	8.47836263887	7.3139056943	7.66406266414	
2.50526941498	8.99999997224	8.99999708985	-2.63949476399	2.78288140404	2.33586730308	0.597975359796	5.88868609901	8.99998950985	8.99998951002	2.1863728286	2.14258855969	
-5.99999976855	0.494815997014	1.13245652768	-5.86362660397	-5.13393277924	-5.04513741261	-5.89820845163	-5.78540366666	-5.86451196943	-1.7710955132	8.99999976875	4.69562393573	
1.92964000623	8.42433417592	-5.99999976861	-5.99999976856	7.6483969178	5.80922694069	5.5663221216	0.609799381361	4.20472058798	0.428143282788	1.45492761461	5.18767884594	
-1.33484318568	5.15987076429	-2.98632208979	0.945063106407	7.65223442587	3.5234511984	4.54659723906	-2.05174858905	-0.602839421974	7.85164186458	8.99987955167	0.50167648603	
-2.17371664915	4.32097949509	5.52535795192	-5.99962197369	3.34428388349	-2.08318483647	-5.99997385799	4.15891928659	3.43746280724	8.9729984961	4.09539932605	-1.48477679126	
-5.09577697637	1.3990730393	-0.0453024288226	0.126233304851	6.47593577883	4.28516275532	8.44399023913	3.66734749396	-2.06836963141	4.4981167649	8.63697067786	2.02665275746	
-5.9999964943	0.494527398122	-1.16632394652	8.86496464758	4.76328614637	2.59163153275	8.99907786452	-5.65608020363	-5.99999300615	0.497289831945	0.541124887285	-5.99999754514	
-5.99998313917	0.495284562157	-3.85533970156	-5.99996991942	-1.61792272705	8.53344340488	8.86517675253	-5.938094846	5.72505163507	8.99999534809	4.06659638393	0.74811546764	
-1.53282048176	4.9617175188	4.56412729899	-5.99995850409	-5.55273561938	5.53041156249	1.74751926675	-5.56707312725	3.75577596857	7.03017911306	0.383705738529	-2.93438036246	
-5.99999964186	0.494850299292	-5.26636355441	-3.84756652412	8.9999997659	7.07654623247	8.99972819027	2.70846878817	5.091228126	2.73608916831	5.74610327319	8.05738948557	
-5.74665099875	0.748198891664	0.294040015652	-2.9984822954	8.92600607349	6.6579594191	8.97090189163	7.7356079818	-3.7845492849	3.16616533924	3.52742908853	-3.46712580358	
-5.25270870954	1.24214132474	2.00504742745	-3.10027591219	5.51464409267	3.02491428112	7.99172130676	8.79089442266	3.44726022482	3.71123621936	8.99999772961	8.6921901754	
2.41080644978	8.90654093203	6.9071729172	8.99999990255	7.42725285447	7.89435155653	4.94182879173	-4.41622833163	5.09351992459	8.99999881341	3.57464496114	-0.373703797098	
-0.865518160718	5.62916285313	7.75092664501	-5.9999987279	4.18440285565	8.99995696507	-3.14007829923	-1.00026696792	8.04372207402	0.39658435474	-2.67200201849	4.93120650812	
-1.30158237358	5.19312843219	-3.35092166573	2.13599611059	3.22748280852	1.22991670425	7.51844697406	-2.7666469063	0.555979163026	6.87942845375	5.60981993845	-0.757471450793	
0.76097486887	7.25568667628	8.72484846937	8.99999981501	0.277270742672	-1.25257788333	4.3160755889	-1.22496270712	-5.95491441626	-0.0733940632302	-0.0746530924885	-5.99999999832	
-5.99999976861	0.494850266555	6.16891097236	-3.84756796225	5.40999231784	3.25924321471	1.78366634705	7.15501428885	8.60258345092	2.84029159778	3.0765001431	8.79496053015	
2.50576488431	8.99998845544	7.2296696329	6.27982820013	-4.95160214495	-1.03593402984	8.99999769198	-0.76054233449	3.62935570184	6.90283685334	1.70082605864	-1.61779689327	
2.50532990563	8.9999997122	3.413237708	-0.850940903409	5.20592429601	3.73881528953	4.43037039334	3.36591432793	3.19030592714	8.98375775994	0.0973959779781	-5.73988230471	
-0.309331413699	6.18537389173	-4.02409209558	-5.27243999297	8.99631388687	7.3405380019	0.0942120436111	-3.79742509255	-4.46677090324	1.51508906315	5.29710048859	-0.728592714241	
-5.96275990568	0.531952346851	2.71054977874	-4.89038229361	8.77038991194	8.27027766477	-5.99999980506	-4.69473869508	-0.66857807763	4.16313516339	-0.999086990012	-5.87455470773	
-1.24979341996	5.24505660802	8.89483372723	1.95363057646	1.18785959601	3.9565601368	8.17023760497	5.5468601917	-0.351892150013	4.20313235379	8.98986319072	4.39100711958	
-4.94496827618	1.54988169269	2.09923538188	-2.18752399652	8.22030629437	5.95843679405	5.25049706106	5.00325125928	-3.80603770733	3.82152731204	8.00519742016	0.333803672155	
-5.99999976851	0.494850183273	-3.2723414593	-3.84756666202	8.49631608763	6.33699102685	7.07835617242	3.01702641089	7.92553127409	8.99996660457	2.94271939642	1.82445265216	
-5.99999386918	0.494687103207	-5.99999882562	-5.07707368178	-0.0879369904839	7.10637033725	8.92102019533	-5.99183476743	4.86622425078	8.1412381242	-2.64765689159	-5.96666031847	
-5.43755268418	1.05729734517	3.89784897531	-2.10474430826	-3.22549739008	-0.234477505342	3.81898297632	0.0346763607143	2.02864918107	5.27005857076	6.10318184446	2.81794086501	
-5.4454751687	1.0492377407	1.44136807792	8.99999910904	1.2901799808	-0.329699322232	6.73450075199	-5.99999910184	-5.99999285674	-0.0539624925975	8.99997732046	3.0101439241	
2.50523835789	8.99999938846	3.00327591395	8.99996272612	2.77065146073	0.582254991897	7.53592061995	-3.06815807419	-5.99999226869	0.514426155692	0.558289436961	-5.99998889944	
1.28230947694	7.77703855743	-3.0567152416	-5.99999860653	2.34616972899	-1.44434070815	3.89399873832	3.83204131504	1.0511098289	8.87195774219	1.8646961639	-5.99999385814	
-5.70663290955	0.78821711729	7.65391256744	-3.54977729115	-5.502255837	-0.508459231736	7.93631357052	7.35032680226	6.97891615947	5.68471094364	-0.239310247373	1.01106340047	
-1.27664386007	5.21820623325	4.59971848361	-0.216463333634	-3.32902075401	4.63454120192	4.12205662408	-5.82114127408	-1.86102044224	1.41414778383	-1.78212055527	-5.1011202755	
-5.9993433132	0.495506743847	-1.46023935681	-2.61607674795	-3.63254937711	-0.794199225461	8.99999993784	0.521607125729	2.26827722416	5.51537194764	-0.484176512662	-3.77510280829	
-4.51935815527	1.97548330026	7.91291004811	5.63214812262	8.99997754911	7.83571400789	8.48293579651	5.13157733802	-1.44776039986	4.08799673577	3.21791917321	-2.36167156848	
-3.56855966038	2.92629036263	8.66168171757	1.26518707088	1.83622491018	2.30866786379	2.48517225962	2.61334393284	4.57678434897	8.52591423457	3.69406063424	-0.298900818213	
2.50642642808	8.99999929342	-0.74903744614	4.43779559443	-0.433277154954	-2.94022233692	8.999999974	-0.474454003025	0.602145781043	7.44413130819	8.99999997563	2.11393932431	
2.50509778601	8.99999966165	0.915580846951	-5.99999998943	-5.91123457252	8.9957427967	8.99999998943	-5.78727124796	-5.95604191925	8.99999441344	8.99999441344	-5.99999441344	
-4.83895053461	1.6558807134	-1.34594120344	-2.68652315105	8.99995528736	7.55080729674	7.65415758497	3.64763709749	7.87129681518	3.43872240526	3.7215236288	8.11027180756	
-5.15680564077	1.33791295488	1.91036789348	8.99999976875	-0.0160000799098	-0.734087952916	7.60854938204	-5.55873646602	3.95259140465	8.99999989294	-0.908773894827	-5.99999976861	
-5.21877668763	1.27607333623	7.01482137348	-2.62542252675	-1.10521246755	0.178979535809	5.06800334876	6.62817522521	3.13164914295	6.40267081058	0.44826514092	-2.86658809402	
-3.61455539561	2.88029462788	6.97962918551	-1.11843982593	-4.07064197512	1.58357956487	6.4547009759	2.10266842796	-1.08260502116	2.1678376847	8.85704070387	5.56276642935	
-5.99999941413	0.494850632045	7.07230823331	-3.84749796491	5.56078679933	3.22840866225	-3.3281343793	3.12816989127	-0.00683587610054	3.13193393292	8.99999976879	5.81739843497	
-5.86941236442	0.625301998153	-5.99997154662	-5.99728737943	4.75183420118	1.83683816092	-2.11381631545	-5.99724713056	1.75762779983	8.99834201563	1.34291873721	-5.94162851717	
2.50527204812	8.99999994926	-4.86319799318	-0.395768675268	8.99992159743	8.99992159752	8.99999970077	-2.26320517397	-0.19507593356	4.14921265146	8.99999958457	4.61192734569	
-2.42098303694	4.0737306739	8.10292493866	-0.876574843223	4.23363430082	3.22544950472	-2.09575481085	1.09618283216	-3.23823572733	2.09825201904	-0.617374139482	-5.99764951914	
-5.93365909535	0.561190938178	3.37196651513	-3.53401309749	-1.47194339943	-0.430247664845	3.02785908057	2.09626292858	-5.34345335205	-0.199616485017	2.05468505124	-3.13298338359	
0.291099353544	6.78581004764	3.81486095708	-5.56937455997	-0.891917297723	-1.17846712115	3.02166833124	5.89675255383	4.62203657925	-0.937425124642	3.17010838083	8.68573447215	
