0.26381540185	6.75866542468	8.73018835961	2.71437143436	3.46366403496	5.58470890208	8.41340931905	5.51230136103	2.87705151839	5.59595975178	7.80358394042	5.0408441317	
0.275442671488	6.77029270043	8.99991371071	2.44858538782	6.63626839323	6.61588317379	8.99587384206	8.77170735146	2.10699972038	6.81154866133	8.86684729104	4.11846678992	
0.275502516515	6.77035254322	8.60815893206	2.42818969132	8.99999243721	8.8145662767	8.77685772023	8.34637308859	8.99928970642	7.349931101	7.22105269173	8.82657974382	
-0.641164743501	5.85368528159	8.99994148385	3.06445424366	-0.503144054801	4.56084528478	8.80474706396	2.88036494262	6.62850173088	4.23824885382	5.65073038986	7.99715169811	
0.271389359972	6.76623938592	8.79721920861	2.42842834474	6.8828042138	7.95271592232	8.7954805968	7.29847972402	6.93962562425	5.6922496372	7.78526638116	8.9888108076	
0.275133443831	6.7699834694	7.80517938015	2.42822466021	7.89408381603	8.1125942577	8.56039454984	6.922958808	8.99999997269	7.12413363235	7.1048397052	8.93687446992	
0.275533567883	6.77038359118	7.40885512204	2.70736853195	6.53187771087	6.41783415972	8.9996528467	7.01930297195	3.98434967319	8.17259896374	8.0969333677	3.86485250007	
-0.766348080686	5.72850194137	8.99994429745	2.78755134371	3.36132502696	6.39415182566	8.99994429745	5.3836304345	5.97577635248	2.68079630115	5.74885144536	8.99999992747	
0.27540681164	6.77025683376	8.99984513885	2.62015563686	8.99974587139	8.95914059547	7.73297867419	7.35739343948	5.00468188029	8.9226656412	6.99303669534	3.03122135426	
-0.572175766793	5.92267425601	8.40663178648	2.83483375515	5.99587865174	8.99880189117	7.22545869427	2.99845346727	7.97611847465	3.86007032886	4.88710235417	8.95931893224	
-0.617421605755	5.87742841694	8.97712357251	2.6395480453	5.85108646071	8.86106397695	8.64768590008	5.17940389245	3.04152247151	2.84871007808	8.84949490999	8.99847573432	
-0.573257227257	5.92159280347	8.98814164557	2.64341249414	0.482182204997	4.65529559204	8.40131588073	3.77705161584	8.99999969766	5.65708302263	3.01028416232	6.30936927341	
-0.643842133846	5.85100789274	8.81603918821	2.94332096618	1.20363781417	4.71881884072	7.57393215284	3.13558932313	6.05240554885	5.36329797723	3.19036824806	3.83564425316	
0.194151528408	6.68900154969	8.99399365903	2.44910538597	1.21776783072	5.39810450023	8.9939936492	4.56266523404	8.63314311407	8.99999966716	4.92685540796	4.51616728849	
-0.267456997258	6.22739302918	8.94043592048	2.93311672743	1.37031325509	5.02080582835	8.99999972916	4.56094632559	2.20862228478	3.40505041742	4.05609944954	2.81583974995	
-0.715505714569	5.77934430865	7.67284176843	3.42502250168	1.41122569274	4.76005971002	8.7217214281	2.82482665904	8.04158487268	3.82756521713	4.50984714227	8.68003522628	
-1.54550581683	4.52589400949	8.99999999473	1.60439122402	-5.99999999473	2.54711129022	8.99999999473	1.76139186237	9.0	6.69145287294	2.71910006974	4.84407440247	
0.275492833135	6.77034285769	8.99430220209	2.47638243613	8.99967258214	8.83132615689	8.99944275675	8.88982892538	1.765379809	6.92768184724	8.93965843294	3.73352482815	
0.275340708091	6.77019073002	8.29304652642	3.69925364921	8.96291315804	8.9999997613	8.99999967908	6.76082594664	4.73431547894	8.99667683191	8.99926465681	4.69307171116	
0.275408869014	6.77025889209	8.98517746448	4.16280273062	8.99043469564	8.94714337351	8.98517746502	7.05496350393	3.02838953573	7.48372177396	7.55418230939	3.055018497	
-0.161477593677	6.33337242717	8.99999087586	2.51876129665	-0.139512886646	5.03879940581	8.9771772705	3.48421454086	8.90880552165	6.66493420413	6.7975419601	8.99758171247	
0.235904104436	6.73075412959	7.80104493918	2.43229619102	6.98696275864	8.99922947131	8.29231536491	4.85291737601	6.50375222069	5.35383838181	6.98435288269	8.0904351579	
0.0462705667601	6.54112058931	8.1649718455	2.64652222989	3.10354490598	5.89598875624	8.12715532906	4.05728107931	3.78000009646	4.7651739673	4.54789502061	3.51888957237	
0.276064796354	6.77091481823	8.98044654434	2.42854268807	4.87697750222	5.4857181318	8.98046150265	8.12774471173	8.71832194082	8.99854448128	8.0579171638	7.73386304329	
0.0947145801996	6.58956460285	8.99893510905	2.49311414334	1.79048463258	5.34440082783	7.9977717811	4.15379653121	6.08975715013	6.58186995793	4.56176660749	4.02582223425	
-0.794186259143	5.70066376283	8.99939098849	2.83872292022	3.66400859225	6.69697189976	8.22090839824	4.55273314124	4.80510847369	2.77030931458	3.33093009968	5.32189768938	
0.27548418762	6.77033421072	8.99998188785	2.42820224768	8.99999982488	8.84631960534	8.9999998051	8.92957964428	8.97411484512	8.89881812295	6.9560289957	6.98749415054	
0.179749813001	6.67459983414	8.99999981213	2.6175622786	1.48539941252	5.39068048187	8.8445711187	4.5258475659	3.1758241449	4.73966736338	6.19739894964	4.58972416313	
-0.499901152628	5.99494886953	8.81310316438	2.64558733898	3.70886901925	6.70289029091	6.99589007586	3.37350461176	5.35003253074	3.40864084527	3.79196419443	5.68952431025	
0.127962889361	6.62281291215	8.00516344414	2.69265740267	2.00900024701	5.39184184867	8.99198875149	4.12577317131	4.42815448404	5.69681386851	7.37937709384	6.06688614312	
0.275245882548	6.77009590673	8.99766085531	4.06553848158	8.87013688962	8.99891186846	8.9976608553	7.0051282336	2.37017332564	6.8887302534	8.99754532721	4.43515682099	
-0.39869165794	6.09615836426	8.48998776963	3.48738452006	5.81035727272	8.77651977847	7.92933886216	3.1698995874	5.09914906137	5.49998062021	4.61650175638	4.17183862942	
0.27485481909	6.76970484235	7.05815564312	2.43462598086	8.55257812208	8.93286644525	8.99997572159	6.44733707282	6.76038958989	8.86451241933	7.54252566357	5.39457120085	
0.275741227785	6.77059125071	8.84836169613	2.42818179903	8.94019912835	7.29375714255	7.61198944309	8.88273131403	8.86428651566	8.86438853959	8.98647744264	8.94254383464	
-0.762600873658	5.73224915259	8.40484148816	2.91280469383	0.956313466344	4.56708248088	8.93250318542	4.01789094193	2.24346418083	2.70622108828	6.24983267582	5.74324419956	
0.275551381509	6.77040140666	8.9989365701	3.63620850479	6.33019042361	6.24778825161	8.88940988552	7.53866010059	2.15341161159	7.08735792364	8.10238453824	3.12460665605	
0.173716658203	6.66856667965	8.97960902286	2.43936867016	1.15209595397	5.37825102102	8.97960556061	4.49781082781	6.03187913964	4.94072052853	5.09430554503	6.14163259042	
-0.978294309006	5.51655571277	8.99542956603	4.24909917014	2.9569557838	6.00857101681	8.99542956603	3.89426471145	8.88423430836	5.22825642169	2.51331764913	6.12546396629	
-0.477240125448	6.01760989808	8.6041905725	2.93438603288	2.23830311802	5.34212737252	7.62168234605	3.39178261142	3.4463277727	3.64543094137	3.56844364306	3.32550890484	
-0.663275684404	5.83157433801	8.94104834836	2.8725546965	2.89951497976	5.93351974789	8.99992427386	5.23853313906	0.793428078345	2.79635140069	5.92808847271	3.88133358106	
0.106831550778	6.60168157322	7.95766162841	2.46220585915	1.79472428289	5.35302441587	8.99944335278	4.14071896883	4.59176308253	4.70978667036	8.73376691073	8.57191175769	
0.198367870052	6.69321789297	8.93585996627	2.74534938512	2.53563134853	5.49853532562	8.99999939538	5.43172598088	2.02032639034	4.46665687422	5.61983011169	3.12966805675	
-0.529881680252	5.96496834184	8.93051586387	5.04676822597	2.80962010784	5.8357286355	8.93051586387	2.992274957	8.84927541629	8.99493379709	8.96312517864	8.77363522678	
-0.800041430461	5.69480859473	8.9997702334	5.07671886796	1.47774792764	4.75822048507	8.99986552674	2.84656431025	8.99994711189	3.88894215004	3.28459035427	8.35176375102	
-0.695587869135	5.79926215437	8.94397553892	2.99405555103	1.86768551067	5.0378191488	7.07343877714	3.05734510655	4.18610491922	3.11395581194	5.14199244161	6.17030998019	
0.275132986822	6.76998300884	8.10608788539	2.42821311873	8.35905891112	8.57685294566	8.91961954955	7.58382026982	8.99624147839	6.98497895518	6.83505964688	8.8024905884	
0.275456573823	6.77030659578	7.09016519769	2.42822161255	8.99997951562	8.89008521484	8.94510630327	6.92106418677	8.99572406177	8.99960886853	8.3838289084	8.33611250144	
-0.77175929918	5.72309072769	8.99542906829	3.13780871398	0.891175093206	4.54419471371	7.86338320213	3.2721039123	3.08767356685	2.81497917969	8.75087884379	8.97974166064	
0.275096733006	6.76994675469	7.94707772184	2.42828070141	7.75381197456	7.99810543192	8.07413863137	6.55276218295	8.99868712932	8.98844509553	8.99999988292	8.96641033549	
0.217830638955	6.71268066204	8.99997262095	4.35750111812	4.66290679944	6.84522959927	8.96323446263	4.62750314808	3.70255434238	5.81179435416	5.70670321566	3.55363163074	
-0.861483642994	5.63336637892	8.54838676478	3.46581990272	5.43074339986	8.46728179761	8.45993805156	3.71008649834	2.97874630494	2.75441190415	3.21163065721	3.39213348826	
-0.145612315205	6.34923770802	8.84174673081	2.52127112075	0.0403251029937	5.05558179045	8.999999007	3.50933791521	7.35742954307	6.59256548135	8.15699211764	8.87802460355	
0.276053351651	6.77090337415	8.82785855163	2.4285023176	5.97052448475	5.52973689403	8.6787311987	8.72299500635	8.83698587782	8.55839476146	8.58394181849	8.81870136302	
2.5075628621	8.99999999942	8.99999999994	2.43673220303	8.99999999998	7.24490143673	7.49590029612	8.99999999996	8.99999998253	8.9999999872	8.99999997828	8.99999998253	
-0.368914444704	6.12593558055	8.84315731051	4.20735889944	1.35809779424	4.94545696813	8.99994037946	3.25249959932	3.43761355666	4.02372337064	8.97920951454	8.34926812557	
-0.82694944421	5.66790057817	8.99980320307	2.90598623008	2.26688633995	5.34890307777	8.36393958888	4.5798598054	4.00419943483	2.68545485129	3.50671516763	4.78162818224	
0.0711656705529	6.56601569186	8.99999625737	2.60097642858	0.947034708478	5.27832932797	8.99999625737	4.27184144881	2.93050911315	4.17549450601	7.83355365793	6.54473669967	
0.275495830937	6.77034585264	7.13088739123	2.42821453792	8.99903208525	8.82547106014	8.89531854599	6.9756724297	8.96325393096	8.93415501409	8.95916859137	8.9444358926	
0.268094083435	6.76294410668	8.95528313149	2.42973990626	3.48822239624	5.55403038083	7.79376748404	5.45762270802	8.97870498146	8.92658868112	8.99171474059	8.99999946629	
-0.140218438734	6.35463158724	8.99992527465	2.47286022954	1.12604583551	5.09321204512	8.99998710142	4.76400591456	4.22446604836	3.49929764687	8.3110566839	8.99239351813	
0.275726864141	6.77057688971	7.92557476343	2.54662603063	8.9446672676	7.66613504267	8.99999999231	8.8616009313	2.64473110069	8.17486293387	8.9999997415	3.42603633019	
0.27574233553	6.77059235854	7.50707680635	2.47993223563	8.84903152472	7.20887933902	8.99995257945	8.87136932312	3.853165099	8.99864602466	8.86469827868	3.67538577029	
-0.144971327999	6.34987869503	7.35251713694	2.50155157403	2.65866414738	5.64819833412	8.89711360976	3.9626649666	8.99866623487	8.56860361117	3.69959787914	4.08582893333	
-0.66870654011	5.82614348346	8.99894643017	2.87017984453	2.24562690786	5.33633318969	6.92421930939	3.16639959305	4.73360157319	3.44231137513	3.33310613014	4.5805647587	
0.274150438036	6.76900046293	8.17127044712	2.42855912817	6.06161380076	6.725306787	8.18622420598	6.46936251791	5.6738378338	6.39788192408	8.71412234488	7.94624668237	
-0.724205261035	5.77064476514	8.35203507805	3.00036929766	0.693779462186	4.54407491469	8.44913667507	3.15462697858	6.03625745527	4.84617005609	3.00574639165	4.15200222408	
-0.753567964514	5.74128206175	8.97545075097	3.09028370161	0.934588705594	4.56805832512	7.76784961995	3.22366702514	7.20084115123	6.31825627382	2.90860958887	3.7473628985	
0.275728672839	6.77057869463	8.23631929363	2.42820589278	7.59843766356	6.65613383846	7.86259435212	7.81713156255	8.94361448066	8.98610402539	8.9998199996	8.91349888134	
-0.699123728083	5.79572629483	8.99998013851	2.78525118444	5.97924485785	8.99999976875	8.98043389814	5.37852792228	8.06591404364	7.3280262778	2.7989683871	3.49302458442	
-0.773759807665	5.72109021519	8.99999690499	2.99416477164	5.97119511353	8.9999999235	8.99805094792	5.17919825365	0.929526267592	2.67341568286	5.55801852409	3.77029753939	
-0.541449032931	5.95340099054	6.84685415765	2.82045211309	2.17412115862	5.28756759341	8.95648625773	3.07356184739	4.37313679218	3.70242072607	4.56636233235	5.19324682953	
0.274656386955	6.76950640918	7.94470675261	2.4315383946	7.52146880843	7.99070448476	8.13010755083	6.37816022641	6.69670971431	8.42489943452	7.28612612047	5.51410480664	
0.274937402534	6.7697874283	8.999848871	3.14998951068	8.59442761623	8.93241016416	8.82025760178	7.53625438711	1.89204853652	6.50288069758	7.42187683314	2.76721310975	
0.275462700753	6.77031272815	8.99512019469	2.65336737883	8.99848497405	8.87927758681	8.99999977573	8.66507995015	1.24540527924	6.88007315781	8.99903095381	3.32053151099	
0.188743107273	6.68359313304	8.9417886755	2.47144245589	6.34957114666	8.67814158344	7.19655534216	4.5424511019	3.92756415498	4.86044944447	6.13763706612	5.1609202083	
-0.741020156517	5.75382986521	8.99761455775	5.41827896749	3.88870198488	6.91566594474	8.99761455766	2.75410617005	8.56580287249	5.05294267369	5.42168923113	8.89071786162	
-0.865054685903	5.62979533864	8.03867849234	3.23982795649	0.918148480267	4.48503180809	8.99999905417	3.43608624074	4.29348952862	2.95697819691	2.97510768163	4.26778744357	
0.27545168678	6.77030171594	8.99992378002	2.43358156076	8.99947366423	8.89692820373	8.9996308945	8.87263854089	2.6105187214	6.86008442334	8.99970299848	4.70630573598	
0.183718925847	6.67856894705	8.99999375971	2.45035287805	1.23443968511	5.38874761501	8.83893399483	4.4383869278	5.98157221357	6.27320505963	5.10641395505	4.77094954439	
0.218530655997	6.71338067973	8.54836975072	2.76766802228	4.56616993556	6.74785713549	8.39067341946	5.19380792725	2.20280770729	4.65103987347	8.99999998845	6.50793625408	
0.275672949326	6.7705229604	8.69859389653	2.42818004989	8.99788644333	8.28394000952	8.78880785334	8.97728813259	8.5627636863	7.61445141381	8.09530499637	8.99978569394	
-0.777367037655	5.71748298956	8.9997830626	3.10409125568	0.81567274198	4.52308583647	7.93339307757	3.32579176567	3.43134035244	2.91627365734	3.42303273568	3.8942678602	
-0.822349404703	5.67250062098	8.9999937412	3.48709197844	-0.310033208763	4.38534343761	8.99999993199	3.02164502579	8.90517727477	3.13447385897	3.24815156272	8.97502340913	
0.219390163617	6.7142401891	8.99669629962	2.4330355343	3.64254336025	5.94924739974	7.48209525533	4.9431719617	7.7173415369	4.81537019076	6.0074075173	8.865547287	
-0.881685577622	5.61316444436	8.81406844432	3.08460507466	5.19210325435	8.23021204035	8.05762495825	3.95309952404	7.74327038014	3.33805965106	2.69954003412	7.06091919386	
-0.330993180352	6.05191021263	8.99995261486	2.33542380793	6.33502111644	8.99999976875	5.84225754487	3.19797872847	5.37602153931	4.62379157831	4.91655477947	5.63150077378	
0.0339848586267	6.52883488209	7.99881740566	2.51499265929	1.94654014886	5.33244672441	8.69289795694	3.99493610648	3.78926818147	4.35777955357	8.89017814274	8.27783520476	
0.275768953533	6.77061897822	7.76655818159	2.42828225585	6.60934834606	6.04589373707	8.84908151398	7.95493202751	8.99931506667	8.7758429728	7.70825182891	7.88789235196	
0.274693110639	6.76954313937	8.95438146478	2.42823645941	8.45532905723	8.90810725868	8.77989088879	8.05737765624	6.3914911092	6.30539504263	8.95670338511	8.99896789948	
0.124286576168	6.6191366019	8.99685945625	2.45471886478	5.42960917796	7.96895205793	7.07727205542	4.28418974407	8.88183659517	8.85506840147	4.57189599774	4.55483262292	
0.275705111881	6.77055513499	8.54430313698	2.42819622783	8.99999977295	8.03234069188	8.41135571967	8.69924169551	6.51612660597	7.89222984216	8.43138966855	7.01145485267	
-0.561389082454	5.93346094243	8.84907485173	2.89054135773	1.77654990513	5.01401523067	8.80140615189	4.72659429901	1.27040760351	2.92068999992	5.27995796788	3.58584400247	
-0.764768255032	5.73008177202	8.99943957495	2.88953485217	1.25217429831	4.66457245662	8.94911927605	4.8507458147	1.39646434165	2.6843714387	6.13244656087	4.80070789671	
-0.673476430778	5.82137359221	8.99999988312	2.84591362067	2.25439168109	5.34352825502	8.91318096022	5.18225062936	0.859633355056	2.78472396588	6.48688158036	4.51795940042	
-0.58759113976	5.90725888599	8.91287718905	2.86306604671	-0.137678056012	4.61832233523	8.4941626624	2.9920933922	8.99994757534	4.02319602979	4.06325963591	8.99617961161	
2.50649373075	8.99999994661	8.99999978059	5.42011367554	5.97523273071	8.99999906725	8.99999978059	2.76036227555	7.42219911088	4.20395707773	5.80677828661	8.98213232847	
0.217107264532	6.71195728582	8.9999505912	2.49831297317	1.42819485457	5.42185496363	8.99998799231	4.71208548316	3.68016499469	5.0498419961	8.23859072624	6.82508215823	
0.275242441826	6.77009246806	8.99766268474	2.60134983185	5.70703892154	6.0499959763	8.98584309452	8.24331886655	1.33339822865	6.5512131906	8.99999976946	3.7383532419	
0.268892907863	6.76374293019	8.99985138913	2.98308203198	6.9567086868	8.22144208633	7.63708127152	5.59323720984	3.38336406589	6.35336438421	7.3018841328	4.288052247	
0.275047328127	6.76989735663	8.12165994603	2.42821860951	8.52670464736	8.80119173342	8.85185888929	7.4749331047	8.58517397076	6.67441588643	7.10645617233	8.97338270219	
