-3.98776791925	2.50708210539	8.77275746181	5.1570267061	2.50697177967	3.52537221146	8.12083867498	3.92228898186	8.99999868109	6.71548969689	4.39104511879	6.6317225236	
-3.9773173698	2.5175325401	8.99999981492	3.18037353373	8.99999976583	7.34125736378	5.51824323489	6.20068139868	8.80838969494	8.88279301363	8.99983798928	8.88158720309	
-4.05233209034	2.44251793153	6.84967678085	4.09157747083	8.89094190528	6.78254387618	8.76369750955	6.8343148182	8.00215975201	8.85542763904	6.92456998218	6.02747055128	
-3.84752711469	2.64732290862	8.98519542433	3.2863498281	-0.925519629284	3.34583004683	8.98519543848	3.61681134471	8.97808107593	6.23768836109	6.30197229133	8.99853342564	
-2.95374031922	3.54110970879	8.86712205614	2.47757563729	2.82703869786	4.345906738	6.54327880012	4.61807716389	8.99996098686	8.80161431433	6.78947785113	6.94399294008	
-4.05840972925	2.43644029418	8.24373415936	4.49835614337	8.96545508629	6.75089760898	7.86885772119	7.03291298676	7.87849092068	7.20337573561	7.20418168432	7.83546537771	
1.08780714259	7.58265716508	8.76773310816	2.46821242916	3.24050505534	5.50003050006	8.94880864793	6.19292386773	5.22220037706	7.4650205882	5.98754496282	3.70089317407	
-4.05929151322	2.43555850811	8.9653976205	4.62933401631	8.99999976875	7.02573552717	6.9233490302	6.43779476382	8.61113902547	8.63170005383	8.70911289525	8.64472599949	
-0.758891572048	5.7359584559	8.3393244947	2.42845587965	7.55556804513	7.02086846567	8.33188496878	7.98157313273	5.71406856451	7.36714130908	8.99996456529	7.30306025996	
-3.99237686897	2.50247315446	8.99999976862	6.47162127076	2.78101421789	3.62198492386	8.99999924121	3.89152702313	8.99999998598	8.60380009849	8.64763061548	8.99999891186	
-1.83451828398	4.66033174683	8.86269584623	2.46852465772	4.1248593436	5.34096410358	7.25549130427	5.63767771559	6.169477888	8.2136827917	6.84014979886	4.75211330651	
-2.21101790789	4.28383211654	8.95765064134	2.43433379297	8.53347429518	7.2011084968	6.56352769293	7.62333033063	8.64255848873	8.56683706872	8.41217125676	8.44406109199	
-3.85512150423	2.63972851907	8.99965180998	3.54446991663	-0.320213732319	3.33910501543	8.64848449583	3.64846762683	4.73397042196	4.63416647604	6.09324138755	6.14921375413	
-4.04162091809	2.4532291008	7.5717991637	4.61719218559	6.01398513073	5.10284150521	8.6329133501	5.70278393234	7.52322216591	8.99999976192	5.68369539803	4.1630862465	
-3.65903465395	2.83581537325	8.48728375857	2.76965469403	1.48162770908	3.57064500691	7.01475018061	3.84748192168	8.5855303937	5.72863048333	6.07477578423	8.88784413137	
-3.99380936752	2.50104066465	8.56213022015	4.58012286508	8.99999976875	7.12006348916	8.60311747353	7.66917957846	2.95198525966	6.52514018622	6.98552627764	3.36853379252	
-2.94626368619	3.54858617435	8.11922834163	2.46277049678	8.99999983768	7.07190792742	8.21057967698	8.99924947929	6.48378685965	7.46002908973	8.99999976875	7.97992499258	
-0.850683421933	5.64416660304	8.50686248655	2.49911099297	8.99999976875	7.71710759489	8.50523612531	8.99999976876	4.22347651259	8.99999976875	8.1266598144	3.30630499336	
-3.99046013807	2.50438988476	8.99991279872	6.43298207819	2.7436909909	3.60898297273	8.97366465196	3.87942341091	6.92605068047	6.51108711767	8.25505092778	8.62618284026	
-4.06012584748	2.43472417508	7.92612094771	4.7719366356	8.61308726026	6.51080716778	8.4626037466	6.923185423	8.89453518475	7.01580045393	7.16254068243	8.99744437273	
-4.06148949208	2.43336054267	8.74895174926	5.77719548866	8.99999976875	7.47707306702	8.74895171917	6.44773520626	5.27041428043	6.11733934701	8.9999953175	8.10922430814	
-3.78479284706	2.71005718011	7.42898543381	3.00682984486	0.561729015874	3.41464836975	8.9985071657	3.77186338406	5.5043792172	4.37642076538	7.82121842697	8.90534529483	
-4.06195278255	2.43289723835	8.82911806673	6.20904471959	8.99578005801	7.1201650102	8.65053858285	6.3503336532	8.99950655137	8.81692230593	7.74081457199	7.87954678457	
-1.15865362369	5.33619640468	8.46608063281	2.46146970386	8.91583951881	7.64881644147	8.5225438176	8.99829780118	3.16413695321	8.06293406498	8.68053471595	3.73790602931	
-3.98992531321	2.50492470485	8.8016954314	3.96787140919	4.75898099483	4.51718300884	7.25205429562	5.53179628265	7.62596611873	8.99058812446	4.87789382627	3.4694402638	
2.46522161734	8.96007163969	8.28756363476	2.4630180886	8.81099619917	7.65482936328	8.05830291915	8.24313527534	4.54394309872	8.95707662231	8.36300629346	3.90604121537	
-3.86571536027	2.62913466666	8.99059208739	3.08427712216	2.44668805987	3.58735783205	5.98723732979	3.95700250745	5.98608199999	5.2114183444	4.63583430362	5.36666637156	
1.69264845237	8.18749847464	8.99868555735	2.43526048134	2.4989568007	5.47939641836	8.96496161628	5.75206706446	6.39169066509	7.82928203467	8.99682935542	7.51540640027	
2.50506215208	8.99991217614	8.77936559981	2.74334670839	3.01256379564	5.4904896957	8.9979578178	5.76017079308	6.00047619497	8.99952689172	8.92373522226	5.88085294667	
2.45960672697	8.9544567423	8.87356680789	2.42815911913	8.9754788666	7.7332193555	7.9290400996	8.82082729403	8.79846682941	8.42460771149	8.38108537504	8.71111291833	
2.36882807276	8.86367810169	8.64930521511	2.42816218965	8.36314897227	7.43771737058	8.64930521511	8.99999980856	8.93675013355	7.99227159028	8.07017847888	8.97082546357	
1.52971685649	8.02456688046	8.56886076423	2.91638945389	8.55195894944	7.53011982564	8.24580282451	8.12423322125	3.79247171115	8.99999976875	8.17994253343	2.92858293952	
-4.06201791018	2.43283211329	8.99999976875	6.46040919534	8.99992730108	7.25913983256	8.99999976875	6.48431673	8.54869512745	6.85975320553	6.73756870639	8.38277759963	
-3.56174745792	2.93310256894	8.06322731031	3.00948367624	0.378609864345	3.63109392679	8.99987916587	4.00525871651	3.91246150601	4.86119083964	4.83621487142	3.84365396649	
-4.06200137539	2.43284864574	8.99993319705	6.74575685041	8.99999976882	7.06142015806	8.99999905669	6.39686293452	8.90927552452	8.92433817995	8.99453091597	8.93567161083	
-4.03394684391	2.46090318038	8.99999976876	3.63075784223	8.90424082189	6.7524261417	6.17679999783	6.90197657168	7.07147718337	7.25321099977	7.25513075133	7.02956538561	
-3.66499648232	2.82985355888	8.33917256773	2.65074156168	8.04988087716	6.28160442585	8.33917256774	8.99999996007	8.78094549691	8.99998141059	6.62229024422	6.3594228023	
-3.99525950034	2.49959052359	8.99999976875	4.05511969908	8.1994529412	6.05240186623	8.31007233395	8.60612345906	1.98723505117	6.64418437805	8.19655557314	3.49577467514	
-4.03337349045	2.46147653247	8.32067040692	3.6225199634	8.39114205036	6.30279839491	6.76763449225	6.758248558	8.15674679603	7.31539926455	7.30869462146	8.10621061146	
2.46305753067	8.95790755039	8.20197777512	2.42816056928	8.99999977059	7.74508051354	7.95370581255	8.18656251841	8.70454298019	8.84140446807	8.99999976866	8.8193069674	
2.50514976532	8.99999979049	8.99928572369	2.42892035605	2.55491638406	5.48022574943	8.99898963581	5.84816563014	8.32552957662	6.69481333499	6.74526949989	8.33215414268	
-3.77221865925	2.7226313704	8.99999969521	2.98888526725	-0.859727017468	3.42052243459	8.9999996952	3.93498464838	4.3471674218	4.12176082753	4.70154898946	4.88312400464	
1.49412136483	7.98897138701	8.73238296207	2.4281711473	8.12158088996	7.32027505441	7.55872421849	7.86836183571	8.56081220889	8.7457140604	8.01483223433	7.7860988433	
-3.62345033545	2.87139968964	8.9998428661	2.73841449752	-1.00718167129	3.56760038183	8.99997954527	3.8907458416	8.99996670288	5.03377745062	5.06235117747	8.98470885958	
2.50514673298	8.99999675484	8.99953336989	2.43212313235	2.76768499277	5.48377930868	8.99953336991	6.0549692804	7.8437141267	8.99999728835	6.05340241417	4.85328767003	
2.50494968195	8.9997997085	8.67419217159	2.42942830293	3.5077699836	5.51981511669	8.46983503422	5.90667375801	8.49574633325	8.94177731027	6.41473320672	5.92487063439	
-4.02033118567	2.47451914067	8.59442041003	3.46914083135	8.9999977112	7.98167444101	8.34525569425	7.69295977933	5.13444319249	5.47668026193	8.83951345042	8.45343472051	
2.50224183595	8.99709185937	8.93865709553	2.42816122329	8.63086846686	7.56650310405	7.42193481814	8.2009160048	8.93606521782	8.38563663499	8.44252874967	8.94912582089	
0.0801366830609	6.57498670512	8.33445806959	2.42819095594	8.99999842198	7.7402567382	8.629870277	8.99999905896	8.92881683804	8.94826237658	8.16545925856	8.10218214591	
-3.72085902904	2.77399099932	7.73945513333	2.90728521467	0.369705285925	3.47498682354	8.99961105982	3.93061941928	4.41225106099	4.40815464674	4.55904355479	4.51930839297	
-4.05347257867	2.44137744317	7.22576820413	4.15324526283	7.39188632351	5.75564201455	8.19295071357	6.10583793863	8.65034410097	8.39382015268	8.37419018926	8.58688258325	
2.50098238727	8.99583241135	8.99999749846	2.5197657685	2.78852511225	5.48422397524	8.90269585354	5.89134871015	5.77950199401	8.33717757552	6.32231246523	3.72080529306	
-4.04999583969	2.44485418191	8.64845946709	3.9941998363	8.9999999995	7.15843060043	6.80798521096	6.50792472581	8.01106923998	8.28039443777	6.75701537875	6.44387851014	
-0.196277733397	6.29857227856	7.81698713644	2.42821805003	8.99931826087	7.73650377973	8.9556515875	8.81135516266	8.83923098076	8.41178696333	8.41306885196	8.79668127898	
2.47005721185	8.96490723478	8.94162833469	2.65777850371	3.53550809709	5.52237759205	8.99165258978	6.49275291192	3.16998105249	6.26078454167	6.0976797727	2.96304470333	
2.44526598346	8.94011600986	8.30913951254	2.6583120295	8.23605844004	7.37568135368	8.99999976884	8.71532431576	2.62392975767	7.83610533767	8.18136034078	2.92535318736	
-3.83257548852	2.66227454857	8.99969257946	3.02544712312	4.39281455646	4.42217971745	8.99895766468	8.14795791445	-0.116597491216	4.65011476739	8.95959532374	4.14905150643	
2.50514991019	8.99999993221	8.99969982133	2.42917783318	2.50457057979	5.47960157709	8.94962786399	5.74923884742	8.99999983738	8.97902766962	8.98051754194	8.95765811939	
0.706235733434	7.20108576294	7.57035025238	2.5056851901	4.58551996976	5.73066726302	8.99997595793	6.12361370599	3.72113568852	6.57842813637	8.04278748707	5.14166345349	
-4.04222055004	2.45262946274	8.26105493879	5.53515932915	8.75643644795	6.64325541771	8.90378381262	6.94698175142	4.14503108061	7.06244380315	7.17771083406	4.21646614611	
0.900468760193	7.39531878429	8.70701046373	2.42892590434	2.82861127502	5.48415301556	8.99950422759	5.82616704124	8.57826102408	6.67258023365	7.09452091612	8.95637010553	
2.5041658391	8.99901586812	8.32842644704	2.42821304741	8.51335664639	7.51031225524	8.31482302557	8.42220076329	7.56563244778	8.99999976894	7.95909058326	6.48089174193	
-3.92910657964	2.56574344255	8.61795279778	4.73750633775	1.48665275159	3.32993378236	8.37032653848	3.6116119599	8.29928930989	5.18156608531	5.92608696526	8.99997859979	
2.4321799587	8.92702997294	7.38495012588	2.42816377139	8.99999976875	7.8135911767	8.99999998563	8.34729810097	7.40329348973	8.27439228947	8.99336020418	8.07841932354	
-1.20123593861	5.2936140913	8.378510166	2.42876518251	8.18876506822	7.29409830934	8.36315663515	8.41168834768	7.19674267717	7.6345488144	8.89574169796	8.41410399487	
-1.65362617563	4.84122385741	8.9997804832	2.48925555436	5.12124357523	5.76139305068	8.32197203142	7.39646744801	4.26936425344	6.97781283304	6.09934321786	3.34706307965	
-4.06132852425	2.43352149897	8.64973785071	5.79062810066	8.95009160289	6.72903291304	8.64973785071	6.93402626795	5.74929684667	7.22619399006	7.398612704	5.87788399055	
-4.06203989907	2.43281012349	8.99987419325	6.72459473837	8.99612124034	6.02663667716	8.99987419369	7.44875909103	8.96920542394	8.97663571496	8.99977893507	8.94852256228	
-2.99611609856	3.49873394082	6.87630062088	2.614861989	4.865545214	5.07717025417	8.09427333438	5.34820690529	6.52346726298	8.81264596625	8.82132906933	6.48831876116	
-3.89638811385	2.5984619095	8.99501333695	5.67651278511	1.5429647714	3.36541506167	8.99501416086	3.69518440887	4.67546906933	4.79289983749	4.80585137863	4.64458902887	
2.44976818733	8.94461820863	8.36090813781	2.42816608967	8.36744357417	7.43990397502	7.71251985387	7.77692149324	8.99870275507	8.99885558584	8.99999674629	8.95601232829	
-3.50960504679	2.98524498367	8.99989121881	2.62570387346	1.86166589357	3.74032370279	6.84212089847	4.5417704088	4.76763222623	4.15017633239	5.28908447808	5.86270880199	
2.40573752132	8.90058754566	8.77637104786	2.60920476389	3.91531408541	5.57135265285	8.27486781227	5.9901155148	3.88000983484	6.82243649438	6.54591924172	3.55966099799	
-3.76554574548	2.72930428419	8.99980532473	2.93917197992	2.00978624306	3.54966769571	6.18678562088	3.91165749285	5.15787581808	5.09599660009	4.65881610305	4.67686373742	
-3.20310639594	3.2917436305	8.97719232877	2.56699789366	-0.202789418383	3.97944172194	8.99993058318	4.43201385689	3.79404360578	4.66790405791	7.83451127984	6.91681925987	
-2.41755265492	4.07729737755	7.90118143783	2.44676388933	2.84693189207	4.75584234939	8.99998786469	5.74961492787	3.73216746417	5.07198232264	8.99999075234	7.61634432542	
-3.80832401128	2.68652601958	6.33628976145	2.84710585479	3.19139116589	3.8949237843	8.60933808721	4.59910934668	8.88606020247	7.90836499939	4.36377367043	5.29763730394	
2.50495480366	8.99980482713	8.63435685921	2.42896890955	8.96856541521	7.73074537286	8.35258994996	8.99991791653	6.11851453892	8.99998905716	8.13917451084	5.21386843393	
2.40244982587	8.89729984888	8.99797911029	2.48508776151	2.74039028254	5.48321939403	8.99976550503	5.97394773119	6.6357847146	8.99996239425	6.15127924097	3.74326997535	
-3.66048264709	2.83436738169	8.60974152841	2.73264404306	1.69419072519	3.58937772689	8.93074364161	6.11677410019	5.54544319814	4.12137796922	4.15879953099	5.53903319124	
-3.76781516043	2.7270348676	8.99938647522	2.95113430701	1.53148272248	3.47708901064	6.48530006475	3.79206592164	8.96345127379	8.2889260916	4.74600921983	5.3767028293	
-3.9734233932	2.52142667336	8.50691828793	3.76070681105	8.98926212242	6.94598796493	8.50691072272	8.5005350557	2.92721949689	6.70078223311	7.12273677178	3.30533672668	
-4.01943648933	2.47541349863	6.53793592737	3.47559746382	8.99999976875	7.2519662431	8.78023424301	6.79471619368	4.50200774326	6.36658963012	7.7508521523	5.84243012695	
-3.92234353013	2.57250649696	8.94556862179	3.92963588123	3.98477320061	4.1826818406	6.76926654124	4.79141062283	3.53746787095	4.98149549878	5.01780820121	3.52994899245	
0.0134579394951	6.50830796704	8.99712488774	2.61894801169	7.26424021231	6.89765284745	8.86825957727	8.81714378918	2.64969603863	7.33092469415	7.62985144835	2.90479122919	
-3.84443998798	2.65041004152	5.79085550313	2.83298208693	7.47239083781	5.90411334478	8.69457139071	6.42484224077	8.80840941766	7.18517529054	6.85854274632	8.43794536838	
-3.57161857856	2.92323145044	6.98217871848	2.83186672567	1.71331300078	3.66984998029	8.7942114114	4.19210640134	4.09085778811	4.85500743904	4.41797325965	3.60999203615	
-3.8442320431	2.65061798314	8.99999955906	3.16877667628	1.00456544573	3.36956458853	7.19803329728	3.86837701925	8.51362812494	5.29192997268	4.04699671766	7.22486328956	
-3.7893485313	2.70550149767	8.99987159376	3.00594087174	-0.954962374086	3.40349834551	8.99999814276	3.83958812412	7.65363451553	4.41929284653	4.47637237648	7.66688246471	
-3.8036503128	2.69119971325	8.96362019124	2.99261751599	-0.0865495129272	3.39073678981	8.83634002301	4.5341763737	7.16172010642	3.73042870467	4.66883037654	8.05629020811	
-3.97159684622	2.52325318279	8.30550507734	3.23029539441	6.8000757264	5.51509365562	8.99999858052	8.56431029988	1.54993201436	5.79067413566	8.52902106641	4.24444738712	
-3.91876657988	2.57608344942	8.93373207937	2.99814682528	4.80665474997	4.57672070107	8.86158665745	8.23122592652	2.10818456188	4.80671383004	8.70442562747	5.96206480082	
-3.27078805135	3.22406198063	6.28129393333	2.51807242258	3.75781312287	4.43926675186	8.61048697538	4.89637482768	4.85603528109	5.12051878003	8.99998991262	8.69167484755	
2.50514974536	8.99999976877	8.99490471059	2.42935178171	2.58012282091	5.480565362	8.99999976875	5.86923014621	5.91957082131	6.32565751597	8.99997945833	8.55006117483	
2.48063027067	8.97548029426	8.99999658456	2.90556319629	3.26527999242	5.50204453219	8.7175574672	5.77934629747	4.34272740761	7.47273830675	8.99998562529	5.8261431527	
-3.71090202899	2.7839480007	8.99996771748	3.26740545546	2.14020598713	3.61950864665	7.66758747664	5.1249670549	2.04934625306	3.89759649964	5.13906016004	3.24697834059	
2.45385117459	8.94870119666	8.90124988147	3.9597058016	8.28629518143	7.39964972205	8.69973466344	7.73204417683	3.77567253317	8.9999347586	8.99999976875	3.73190598971	
1.9424230266	8.43727304866	7.23926123809	2.4282216143	6.7601322298	6.65741246833	8.81979526711	6.93767465522	8.99569166824	8.93405492958	8.98219257266	8.99999770027	
2.44612170476	8.94097172386	8.66829861043	2.4281603313	8.99999976877	7.74282843164	7.46247384171	8.16390340107	8.9923385947	8.99790561109	8.99999822137	8.95059972249	
-3.92846498543	2.56638504128	8.29307351505	3.4876323567	3.5648905849	3.98728306078	8.99874604501	6.58591470292	2.86641203858	4.35058862218	4.83279575224	3.30478759992	
