1.27273300256	7.76643644588	1.59222350117	-5.99999929468	2.4057100207	2.8913089285	-0.024751285649	0.284823429479	2.08307347497	-1.64768198805	-1.89005432573	1.80271372228	
2.50529060549	8.99999910968	-3.03684664363	1.076808415	8.91681159496	-1.35639029831	8.76817742812	8.13197638443	-5.99999737239	8.68049939617	8.72433026313	-5.99999984625	
-1.92135465889	4.57338667595	3.11806697748	-5.99999976861	8.9999998974	8.83572199799	-3.79828547145	-1.31198335181	4.72930091583	8.99724108398	-1.68489047788	-5.99999960508	
2.50528410044	8.99999976918	8.65695176851	-3.63061835409	0.830642887739	-0.183676274449	-5.99999976861	0.506612423285	3.65833578385	8.99882790515	-0.615609802305	-5.99999668317	
-2.64053885633	3.85405767358	8.74638483068	8.60426423243	-2.50277811714	-5.97600269785	8.98594203179	5.80612134774	-5.83392414196	8.95293249065	8.83152339939	-5.99995976486	
-5.99999976952	0.494850260769	6.39033117976	8.07412873026	2.9686364243	1.58126755808	8.99940010845	1.90709139671	3.28940152908	8.99997860299	5.17478243493	-0.57962620556	
-2.40133599948	4.09335797945	3.14767249549	8.99857498626	3.66062107601	-3.03774123861	6.02364732559	0.0753846631172	-5.99996522416	5.02412250109	8.19628226083	-2.87166994946	
2.50513570241	8.99999901703	-0.169978424887	-5.99996873017	1.57902177449	8.30033453597	7.97891417078	0.291713473416	4.2093116853	-2.72375914151	1.14269441085	8.03191145578	
0.488669383842	6.9833315936	-1.24322071531	-4.0313705516	3.68829718962	-0.369454858449	8.94981844452	8.99999987873	-5.99999617661	2.68033694523	2.72409862726	-5.99995236348	
-5.99999976847	0.494850277324	0.76128682276	-3.84726959512	5.51870354997	3.18986844593	2.95085012195	3.09236157924	-0.565818410271	3.16747635424	8.99999976852	5.22287347988	
-5.98190169082	0.512948338963	1.49337597774	-0.872385815894	-5.05291908176	-0.783515263262	8.18596328801	-0.513558759539	-0.105496769101	3.160751344	2.26357014377	-1.04650954307	
2.50431842432	8.99922429499	-5.99999989761	-5.99999989761	8.99999989761	8.9999902876	8.91106343653	2.1150903193	-5.99999784016	8.9563051834	8.99999784016	-5.99999784016	
-5.97853770597	0.516312315214	-5.17970380446	-3.64639857648	8.77470684255	3.73100470095	8.88403951682	5.59855643282	-1.88181423958	7.02778539659	8.13632439924	-0.817106836955	
-4.42809003475	2.01642751625	-0.36415720832	-3.86180953549	8.41545637356	8.19649075632	3.82333265153	0.797742820238	-1.73347186851	1.23671523095	8.99999983881	5.98522588514	
-5.99999976861	0.494849792295	3.25349533336	0.394282156838	8.95542709792	7.52696011241	4.64573210213	2.13748708362	3.2493320573	8.9999977985	2.39654545768	-3.39794083826	
-3.25109592021	3.24372264188	4.34780885272	-4.67931135241	-2.3635005588	8.98969374121	3.12167371529	-5.99999092863	-1.83399513787	1.44156137085	7.20158452424	3.8818226191	
-2.0750749577	4.41971221048	8.92882021151	0.315165645305	1.12540767248	0.847043315747	6.90381022619	8.99999723568	-5.25366173944	-0.56806186976	-1.27065950789	-5.99998098578	
0.176000101595	6.67071362569	-1.06261301727	-4.61345114399	-0.162422904614	-0.330341921525	3.12967918528	0.0527313926034	6.39715278143	0.585727848563	2.53719711327	8.30473620688	
-5.99999999642	0.494692658795	-5.99999094809	-5.99999094788	-2.13616631828	-4.50468046565	0.849375414509	-3.57779707658	2.30536828399	8.99999261142	0.738508512991	-5.99999134559	
-5.99998620002	0.494863838041	4.60743358335	-3.15866102411	4.03556635688	2.05866718302	5.53497491408	8.48208865474	-3.97788890208	2.65253484458	2.92617275806	-3.74808254814	
-5.99983354798	0.494833671095	4.00871278725	5.16309652521	1.65743185635	-0.282427472319	0.654782812609	-5.35547104344	-1.54881156806	4.7169397795	5.20425275464	-1.10536390009	
-0.632047347772	5.86280265893	7.83157753	2.34484906938	8.99999999934	7.25474639114	8.56112710951	8.99722962581	0.564116060603	7.62699204708	8.99999976875	1.89329233199	
-2.71942365777	3.77542636281	5.28558501479	-0.390136933339	-2.59267199401	2.47874186902	8.99961349319	2.80804156357	1.95954493137	4.7450774625	3.66783847437	0.838474373222	
-5.73404131415	0.760808719223	3.27884948973	-3.58051012608	-0.507314661837	0.0657689756851	2.38428396676	1.87467991391	8.36166859941	2.42558986366	0.351654553973	6.24390172626	
-2.8689783821	3.62449830107	-5.38741772312	-5.99999944876	-5.14086887258	-2.93072489162	8.98559259202	0.594424698175	-0.436881405574	-2.69919729598	-0.185222360752	2.03266599785	
-0.553838950861	5.94082199163	8.99999860809	-5.99999592276	-2.49804839444	-2.15283987846	-0.783266851171	7.07580134549	2.72394940451	-1.9340842883	-0.223273347069	4.39097111096	
-0.998779959912	5.49578846579	4.79459396564	-4.66175024881	0.954713711134	-1.70259910654	-5.99999845874	-0.681920070946	-5.91393391335	1.07565023751	6.16262116677	-0.870808928922	
0.122659132531	6.61736739517	-1.90154824714	2.23648425168	4.24551504501	2.28630455412	5.1724310847	-3.80213280707	-4.62348740303	1.66163168945	1.43384913191	-4.89510548505	
0.691780084019	7.18649076146	7.50536893417	2.45721732441	7.53557213002	5.78017033273	-5.30780425876	-5.29996567005	-0.537620761536	5.54383624981	7.74116668498	1.61586890197	
2.50526447444	8.99999938524	7.72086146236	-0.270725008522	8.99999647416	8.74708425148	-5.51300144685	-4.0643614935	-5.99999341833	-1.41016020411	7.97880176881	3.34517802086	
-5.99999776781	0.494852288548	-3.37928868951	-3.84728262836	8.63034964549	6.45196659525	6.9270467116	2.77754352976	3.02706444496	6.34156592953	3.46486830059	0.106535297394	
0.370796005523	6.86551368459	0.756447028597	2.1540470138	8.99988660904	8.99988660916	8.87946444815	0.686129110826	-5.99999948361	-0.491408098643	3.84549541449	-1.70693301857	
-5.99999979473	0.494850266306	0.988024729358	-3.8406072215	3.16762655235	1.67273477953	2.52321884253	2.05086249283	1.87296164925	5.8913804729	3.10457762482	-0.957672735783	
-2.8613197247	3.63353029926	8.81200930315	-0.69666716643	-5.62521164943	2.33680449292	8.99017750462	3.74095781303	3.06506406176	4.58579821974	2.64346576502	1.07890003845	
-5.9999997686	0.49471462454	1.54324331712	1.34632356398	5.16587787338	3.60169317662	-0.172495168671	-5.20710640559	3.10958502225	8.99999972571	6.71519522638	0.78095950824	
-5.99832251978	0.374596859878	6.17741000443	-4.84656355527	7.7102006237	3.57643126148	-4.86609773515	3.60095645258	8.98461217973	4.92929836916	4.94504796232	8.99999976875	
2.33465861277	8.82954748476	8.8165376521	3.05400834689	-5.95796936172	1.26296733696	2.25430229666	-5.99999880458	1.24744891817	4.52263139361	-2.63005947642	-5.94910559102	
-4.83594409717	1.65872362565	8.50448368336	4.87600713077	0.229961870917	-1.71762295749	-4.12457269147	-5.34424573494	-5.99999758703	0.273504991859	8.9999997687	2.68266570994	
-2.40783273332	4.08702503222	0.301279638198	-5.99999126655	5.90138017561	5.0318237111	-1.13177954573	-0.757035730278	8.99998285822	6.33803072093	1.58672266347	4.20534395191	
2.50528312971	8.99999955291	-5.99999905286	-5.99997422469	-5.99999916186	-2.95052763868	8.41103691465	-1.43418212998	4.03082178679	-2.65556026169	-1.64910245958	4.99353263844	
2.50529730373	8.99999580469	8.99999973498	8.10249977822	1.15354294056	-0.613199072298	8.11858443475	3.98711724128	1.72827892871	7.82203626544	0.13758955131	-5.99999976861	
1.19374037492	7.68847786783	0.467335929952	-5.99855058335	2.31631005754	1.93232708269	8.94592665803	8.99999976876	-5.99999976832	-1.28184762627	-1.23807775952	-5.99999648829	
0.313600331994	6.80845122712	3.49963850619	-4.74549416883	-4.00043591926	7.87666609929	8.99998481231	-1.42783521248	2.17394798259	2.95901754911	5.20502412777	4.37610088215	
0.873525648707	7.36815405272	7.04043770997	3.43464785669	-2.49644620805	1.49376959718	8.99999162257	1.82002386316	-0.68880113745	2.63872752362	8.75014487451	5.37860245885	
2.50530046883	8.99999856694	-4.17917588081	1.94848346159	-0.0183254183599	-4.89860645394	6.7592398692	-1.28387784748	-3.11373640132	6.09280609905	3.45424028417	-5.79613797423	
-5.99999656013	0.494853454041	7.10447675442	-1.45708185934	7.4683687789	5.28332426434	1.75149442008	5.70223270967	-3.88674982306	2.94018741785	3.02589169959	-3.84487995112	
1.11741940715	7.61212213593	-1.25785159895	1.09779256774	0.85789875082	-0.865536613616	4.71986858298	-2.70808444672	2.94743793478	8.99693300926	2.59105997944	-3.50225649025	
-5.99218872483	0.502661355857	-2.34418116044	-3.8354973544	-2.96551380296	-0.764405555803	7.1622620077	-0.34341011681	4.43659402945	0.285952695911	0.342145076588	4.44895482966	
-3.66305280591	2.83153091864	7.98417929892	1.11513733907	0.799593675577	-2.99681771133	-5.99999234224	-2.13015059017	0.754964314807	8.87692647763	3.34720164209	-4.81854862181	
2.50528542704	8.99999990554	-4.01995183747	-5.99999976862	8.99629701379	7.36993659247	3.44925165873	0.259881115976	3.24496298616	2.11791659907	0.344896182512	1.42810768415	
-4.51094191344	1.98390811371	6.3343053139	-2.35415806411	-2.21528903918	0.693162838671	4.78990241992	3.77403389924	1.86987072815	0.919155840366	6.23299622981	7.13987954676	
-2.7681275257	3.72656575485	8.99835045696	-5.47741891576	-3.33671852729	-2.17970131839	-3.49624398123	3.02886521282	-5.97249466633	-1.95341693948	8.99964430178	4.93671092774	
-4.3047474031	2.19010262557	1.53379372956	-2.1523138699	6.2136556439	4.07850949378	5.6337909505	4.65916465011	4.45436411717	4.87155004885	4.96842315374	4.50740570535	
-2.15825967231	4.33645655733	8.06283271973	1.64031714812	5.25199237222	4.19912065551	-5.99995056523	-5.32033829465	2.82885306073	8.20910853536	7.9971319101	2.57304775405	
-5.99980772353	0.49504233887	-0.389083030463	-3.84735739314	2.85285943177	1.52525112157	4.17132428173	2.161326895	6.51902570714	2.40390880571	2.42688414648	6.49816948013	
-5.99999976861	0.494849981658	4.61023418003	-3.81356846579	7.47599072231	2.19162764208	0.606863242254	7.5191492576	-4.18360469401	5.77337695314	7.6448589012	-2.3559543468	
-5.99626931158	0.49858071578	6.99694570022	1.85167114256	4.64844540708	2.45234752568	2.24107370492	2.78656610173	-3.07443210103	3.51164957685	5.73526582279	-0.894647387218	
2.49711033246	8.99182126952	3.83097451969	-5.92366430833	8.33550161056	6.6260242045	1.71301006033	6.3813952401	-0.586145093024	1.33855269859	0.182265348667	-1.78626242892	
-5.9999936202	0.494856193405	0.173175991953	-3.44943614487	-5.73961030097	-0.801814007357	7.68111684263	-0.429947334232	5.61440713723	8.65609025308	0.143813696215	-2.94170057089	
-5.9998690717	0.439271258652	-2.66333854724	-5.34415835241	8.26392756368	8.99761751894	3.12318363946	-1.68297862621	8.99813776514	7.69262885773	0.663494358744	1.96000369571	
2.50493453534	8.99999036615	5.96757468282	-5.99999794425	-5.88573124949	-2.94821048091	6.4538583682	8.68765155642	1.24480707173	1.31185851507	-2.68144367824	-2.79177990262	
2.45417174867	8.94886618713	4.11409798117	-5.9999997686	5.79053442884	4.07486055494	-4.41554438319	0.618496463597	4.27289052024	0.192443865976	4.38739775846	8.42399795954	
1.8226263585	8.31751618983	8.94854644788	8.0558444556	-5.99999328369	-5.70227208182	0.284179270985	-5.91739482306	-5.99999836657	-1.92460034993	4.51276836854	0.394601955998	
-5.98767925939	0.507169381338	7.57063367139	-0.90017044234	8.99962241968	6.93685833717	0.682922844485	4.42060856168	-5.22048050169	2.56672932245	4.20142456694	-3.62962417252	
-5.51558653426	0.979263491636	8.8352108801	-3.25585553319	-5.92074135992	-0.31745018261	3.57483578615	3.26673100424	-5.99771098709	-0.0919229417008	8.88418678894	2.93456716975	
-4.12984045495	2.36500957076	8.93952134225	-1.97301307641	-2.35464114391	1.07011400236	3.08961891796	3.78151817064	1.21150844236	1.29713075668	4.87372658765	4.74427270293	
2.17816255482	8.67292129701	8.92460603523	5.23366343665	8.08969825238	2.08880710149	-5.99998883986	-3.10397139272	-4.74123936753	5.58543886645	4.49612975558	-5.87438952207	
2.50523141671	8.99999973418	-1.55479922556	-5.99998678623	7.2877847476	4.964095925	-5.97302848438	-5.99998678623	-5.9999995664	0.649514749178	7.96077805714	1.26747283147	
2.50526411411	8.99997315229	0.922787501254	-5.99999965578	4.56529319824	2.63657630909	0.452958866178	2.50871868864	7.09340281916	0.736375117829	0.476290879459	6.78948713029	
2.48693561364	8.98097085612	8.9264208471	-5.9999964008	5.98883424186	5.58816218454	-1.74764151387	6.78421631585	-5.99998147488	-1.26641757494	8.99998147487	4.22298849069	
-0.0424755747183	6.45237444311	5.55488826945	-5.99988894838	-5.99999242775	8.97975932918	6.81230137043	-3.40843693968	3.43630873225	6.62139956298	2.31171958652	-0.917202782646	
-5.99935769942	0.495331807927	6.06758857837	8.99999971877	4.9059094886	-5.69613312602	-5.50845923329	-4.63457167846	-5.9974367052	8.93027239524	8.97157211705	-5.99999971608	
0.0428762387302	6.53759495034	-5.99999025355	-2.00071277897	8.99935092172	8.99932696122	8.99998967651	-1.79499482125	4.65562578013	8.99999343974	5.14196615625	0.753721962977	
2.43699807746	8.93171092647	3.76872355214	-5.9970297062	-5.90753714319	-2.94648642961	0.594061544338	0.603110639555	8.99986214988	1.87498792968	-2.67668902483	4.40437610618	
2.50503404358	8.99972351633	5.13376045864	-1.53789638986	2.27793114615	0.383335129975	-5.15789540468	-3.38738331309	-5.99999976859	0.220649106606	7.94588202837	1.68142793346	
2.50528253082	8.99999976907	8.13439286649	-5.99589460771	8.99998559738	8.14995800951	0.815460960176	8.99999597951	-1.19018244922	-0.817487287638	8.99999976875	8.58347755092	
-5.99998914052	0.494706620181	1.30037987328	8.92197540826	8.81859986699	7.63527296255	7.2340071003	-5.99999997035	-5.48156526964	0.0287130356992	8.84561898884	3.29150601222	
2.50520120562	8.99999158988	-3.70056535407	2.81287110465	-3.44924644577	-4.27325203519	8.99999993171	-3.48512612435	-5.99999949142	-0.837242174593	-0.79313791446	-5.99997002828	
2.47932577649	8.97404025904	-5.99996816888	1.6920271854	-1.35184623099	-3.27268189366	6.81636412231	-5.75054723789	-0.343852643451	5.90290985748	0.290610621946	-5.99994842737	
-5.87131323425	0.623536794513	8.99963277579	-3.60830187697	-3.95649497336	-0.670670731543	1.55099827768	4.07722866373	6.05194245062	8.65738049337	-0.401506506382	-3.05077611554	
-5.99435984664	0.500490110588	-5.55786500451	-1.46649045524	8.78881565441	8.6553535237	4.75379721613	-5.99999389673	-5.99853725258	8.892576256	8.99763518247	-5.93732172737	
-5.99999961906	0.494726273282	8.9999989622	8.9999989622	-2.88050721223	-5.99999928892	-2.32372273956	-5.99999896058	1.55476469867	8.99998515933	8.93574546237	1.44670078626	
1.64539786747	8.14011186006	-1.68430233077	-3.06107467987	0.612088406665	-1.13044592492	3.21724027099	-0.459195887689	-4.97669657546	1.10322133485	3.8749389775	-2.24881358076	
-0.136247032989	6.35861145987	3.96522740169	-4.62772780816	2.95046639077	8.86994337849	5.75243994613	1.63001731413	5.65821468234	-1.35175435512	2.03367620557	8.99982457764	
-5.04615829433	1.4486909333	-1.23875800784	-2.89003434346	4.20893285735	2.66594774708	7.3172774053	3.71566062409	-0.801473957359	3.28251574311	3.52280560102	-0.605017919162	
-5.99999940573	0.494850659076	5.10564693621	-3.80489929058	1.30358836834	0.77749503887	0.922370858475	3.56313035481	-5.32392586574	1.01288660271	8.5365397814	2.1558957407	
-1.71286899526	4.78179308558	-5.99989759145	-5.92574502015	5.88711587092	4.24287855355	5.45850229772	0.232980644093	7.58167155659	0.613820784869	1.9580793215	8.8817726178	
-5.93345046705	0.561399550838	6.22945699548	5.65005797175	5.17871678631	2.95521641586	6.86806154638	2.87508090653	-3.00374308886	3.60852230701	8.11574703148	1.45965010558	
2.34592540251	8.84061247012	-1.09605444345	-5.34252003388	-0.565067291494	-2.44627956036	-4.67344175953	-5.34150741025	1.3774988978	7.58462364234	8.9917011363	2.74070388876	
-5.44359343033	1.05111967786	-5.89193099301	2.8720036231	8.99949029944	7.08251204292	8.39163904163	-5.25106790485	-2.93842663996	3.30448264764	0.661329820594	-5.62540690577	
-5.98030483792	0.514538966377	8.99864331402	-3.3995507681	-5.17339705354	7.01919467719	8.99907994608	2.40872974841	-3.41481099502	-0.138054998423	-0.303744055494	-3.62433523923	
-5.93613409374	0.558715941769	5.98192022918	-3.7837026673	7.32417949641	5.04572771878	0.86715679572	6.11535143001	-0.0443809652143	2.81669180357	6.68348463778	3.77858031249	
-5.99968305119	0.384264805851	1.25858759713	-4.31098661129	4.89387472057	2.33916277182	1.10722019542	2.53573995083	-0.882668730516	4.05919929777	4.68840067905	-0.256137616721	
2.50527005066	8.99999960128	3.64078233295	-0.507272598324	8.99999557095	8.7656626424	3.06399815662	0.650402989617	4.34146109033	8.91170934811	8.99999758121	4.38624213021	
2.50528535301	8.99999976869	2.11407253629	-0.198527936775	8.88764963371	7.27632241036	1.44850335377	-1.42332431496	2.96781515886	8.90530069828	-0.0186770089819	-5.99999982314	
-5.72299477887	0.771863510169	-4.93774911942	-5.60449056647	-5.96956633753	-3.82793995734	2.2948680754	-5.97590728339	-4.35532826948	5.96605646452	8.99996157309	-1.36520800563	
-5.99999976864	0.494850238513	7.22423138158	-3.84756061834	8.9972174069	1.92239477254	-3.69982171824	7.6508775696	2.5318120025	8.99998675556	8.64147363427	2.12946747306	
-0.0693257562347	6.42538796028	-1.54756720418	-2.23577607277	1.16853053846	-3.95225125721	0.613110788279	-0.373642194573	-1.87108648197	7.57568779328	3.84328456856	-5.64732675552	
-3.95498008342	2.53986990969	6.30242338932	3.29334368421	8.98106440962	6.74078625256	6.63495378941	5.08843137999	1.29712305871	7.85938786237	5.12135805235	-1.48473958621	
-4.49086997092	2.00398005551	7.12768921115	0.126285858085	-1.70993375341	0.724818007186	3.34554852305	1.11632008959	1.90524185587	5.18795196708	1.60401711371	-1.72252455943	
