-3.94412863083	2.55072139189	8.99492277204	4.39582698693	1.38259569764	3.30479692781	8.20925528146	4.09026982246	5.34583267199	3.68799822503	7.37973398417	8.99373685631	
-2.52778821896	3.96706181099	8.48918104021	2.44646145646	1.58889023827	4.61011625013	8.92112935037	5.14674289591	8.84381461833	5.66335869608	5.38620286849	8.52282722494	
-4.02673086778	2.46811912677	7.86493850787	3.53495303299	8.99999976875	7.08465359476	7.24554255459	6.69494687755	8.95732788779	7.01238536139	6.98919932344	8.89037518274	
2.37346841125	8.86831843995	8.82030227168	2.42817487582	7.53344450572	7.03299451383	8.82030227169	8.91699962062	8.99999996434	8.65230342008	7.33994995532	7.64381495193	
2.47724328644	8.97209330834	8.82069563891	2.42944528822	7.11875245714	6.83090408132	8.09965987753	7.98287858896	6.89016775026	8.99115355514	7.17279737276	5.02797999416	
-3.94126480895	2.55358521383	8.70675943683	4.66911767071	1.12035070859	3.28489572401	8.99438403606	4.07160077243	8.85744276688	3.92075296541	4.06591937453	8.95877759727	
2.3900639763	8.8849139988	8.89278042686	3.89428864356	8.3171279861	7.413826129	8.89283234139	7.99874597884	3.14006458003	8.43855311422	8.19690681875	2.85458668388	
2.44300384285	8.93785387131	7.52108085541	2.42824303446	8.14434927494	7.33112596256	8.78626851009	7.89644959425	7.58512584365	8.99999503376	7.97652616699	6.5178254506	
-3.78746995609	2.70738006965	8.20680864077	2.9766962399	0.464178232513	3.41067503903	8.99853528111	4.48627085249	5.8794849775	5.31719430946	3.76442149281	4.28288059321	
-3.91747342904	2.57737659382	8.99536745864	4.42135052571	0.782458515572	3.29109086006	8.40885298856	3.67835756414	6.50186688768	5.33665022796	4.21196862342	5.33335370125	
1.50988183483	8.00473185735	8.77244962694	2.85988978659	7.2976586467	6.91790393746	8.00279489031	7.49922940281	3.21170006032	7.83299932508	7.71819230346	3.05306150614	
-3.41665901458	3.07819101135	6.32216965082	2.53957306155	8.99997775371	7.01272931192	8.12306157496	7.0970204382	8.75500676897	8.7086677047	8.9798005092	8.98234041925	
2.50513498793	8.99998501121	8.97389645571	2.87167664055	3.24831106609	5.50107681131	8.99938357562	6.05295763679	3.33560729834	6.51585120538	6.27044689136	3.04637139294	
-3.98430075963	2.51054926455	8.69074079086	3.45835126934	3.52887784873	3.94049958099	8.62114655119	6.64603431678	2.06232373098	4.17119665234	6.4093775447	4.25667305845	
-3.87665852827	2.61819149439	8.99468917983	3.71595010359	-0.546423232805	3.31731756918	8.99468917983	3.61380744273	5.11339749687	4.75725963362	8.68763313144	8.99993941081	
-2.40957042574	4.08527960938	8.21173494217	3.25775830042	6.22179004778	5.99996944358	8.68865913781	7.06857634387	1.94350272181	6.33400190237	7.5463160845	3.11198535054	
-4.03571324306	2.45913678156	8.96700722015	5.92050836275	6.65701642273	5.41507988484	8.61457185696	6.10712722743	3.84433588437	6.07815595778	6.4660185037	4.18836686676	
-2.21227293016	4.28257710109	8.84199108755	2.77748807176	7.35226337944	6.63152950046	7.30515511296	7.29451196658	2.96898020879	7.32801856384	7.5422664309	3.13939653364	
-3.65690237878	2.83794764892	8.96185840609	2.83687230086	0.944047892408	3.54653343536	7.28234322557	4.00896376295	3.81748603032	4.21653240448	8.99981558016	8.55693763912	
-3.80600348725	2.68884653803	8.89638658789	3.22163748199	-0.591320897513	3.38728316798	8.99996688575	3.90023190915	5.78727631608	5.885203041	4.02882561036	3.88706730535	
-3.79330201364	2.70154801083	8.82748160201	3.57870585822	1.50516940606	3.45171603354	7.24893960974	3.75528870932	5.08738183248	5.63702574952	4.90680823599	4.31333274243	
-2.32480104411	4.17004899091	8.7988551326	2.8132900371	7.14539266235	6.48552349278	8.9998209397	8.84937516986	2.72249511138	7.04938865878	7.05016018135	2.67943507056	
-4.04543718308	2.4494128488	8.46637736146	3.85655755399	8.99997181007	6.81933451693	7.54211146036	7.53668885883	7.04419272705	7.87471184488	6.74193655171	5.86758603038	
-3.96886968903	2.52598033506	8.88461584793	3.47847055042	2.82182871669	3.65205273452	6.56217534207	4.34221660599	8.92831993419	4.35390735713	4.46479854913	8.99537954553	
2.29766043779	8.79251046338	8.99999898246	2.80135948272	5.66775199237	6.14930554931	7.85284344159	6.77404935597	2.93908699717	6.83315751984	7.09801903991	3.16011695814	
2.14366484489	8.63851486716	8.63606982298	2.42910956143	3.22178566263	5.49959245967	8.63606982298	5.76934328759	8.99991715543	8.9300212026	8.90512857149	8.93119292098	
-3.72539068246	2.76945934773	6.70597354108	3.03719899041	1.9550637895	3.57175470399	8.97886961525	4.2350732294	3.38666982569	4.19829379688	4.54122571586	3.68577016473	
2.44014378357	8.93499380811	8.9990627079	2.42893028485	2.52231898489	5.47980961065	8.99999259281	5.81675438285	8.90149672326	6.82005193013	6.91788167101	8.95549486587	
-4.00333497853	2.49151505481	7.47718537617	3.33110740826	6.67691621457	5.43762422505	7.47731718452	6.06680708938	8.49891674382	6.20580212118	6.47565885649	8.72494194358	
-2.10100726122	4.39384277472	8.92153749037	3.74092232364	8.88563024848	7.40345087942	8.92153749037	8.78845199962	2.07245081671	7.85753503693	8.44670535307	2.6177895536	
-3.79634516648	2.69850485895	8.99989544975	3.12834953556	0.807528251064	3.40850376297	7.47834936997	3.95303975417	8.93705085138	8.96936051854	4.00595257948	3.92981133402	
-4.05691129635	2.43793872918	8.03704609629	4.67840683629	5.46982244943	4.82950527815	8.67014631403	5.87322272019	6.55586606609	5.16703202218	6.56828032266	7.91328280087	
-4.05867184913	2.43617817488	8.50241891618	5.14014364879	5.82291258792	5.00098997198	8.443338471	5.83165632327	6.6009408574	6.64972810978	5.45722030639	5.36460150481	
2.50514974717	8.99999976875	8.99999985782	2.64042287774	2.70729471745	5.48259783405	8.99688162352	5.78527547783	4.31733529139	7.19667892076	7.13018489362	4.20700967885	
2.50503489413	8.99988492109	8.69620021552	2.4282213824	6.32867835577	6.45182503218	8.3314061945	7.68035832161	8.80167958237	6.9546953678	7.16720652842	8.97035918216	
-3.36175243704	3.1330975941	8.88679524576	2.5262698341	5.61182167073	5.25068511389	5.74975145331	5.67553339419	8.03591535671	6.22878680988	6.47472820545	8.23802518414	
2.46476933586	8.95961936108	8.99989546553	2.43475344028	2.71860763528	5.48280510543	8.87357740448	5.87864195048	4.86092479083	6.37273657766	7.18917202584	5.63352864236	
-3.92338785417	2.57146216944	8.99992396561	4.1904577672	0.94880114525	3.29199203941	8.1035605584	3.77395584942	7.22123248641	4.31340518539	4.20427115231	7.06826686999	
2.07970860898	8.57455863172	8.96731363758	2.43495329088	2.59745299326	5.48076786023	8.96731363807	5.82047910607	5.0449796413	6.53175162375	8.99998083752	7.4693772712	
-3.8251667358	2.66968310004	8.97825476098	5.41238401095	8.31983221792	6.38705676524	8.84626436145	7.54903620215	5.21353813918	8.99024664215	6.68132723165	2.86078245145	
2.41544327083	8.91029329375	8.51224603025	2.42815887936	8.99999991873	7.7438642188	8.45565693062	8.99999976883	8.97066426267	8.35371624156	8.42226292773	8.995379366	
-3.74004700702	2.75480301919	8.994559918	2.91401690303	-1.10978220302	3.4522762778	8.99990994628	3.72251445864	8.99999519807	6.74935817444	6.50180640348	8.70861185717	
-3.89626701067	2.59858302014	5.72529366799	3.03260615261	3.51266931354	3.9818414514	8.99998924038	4.42762459687	4.544010338	4.69436825515	6.44214742897	6.24795792271	
-3.96965895034	2.52519107264	8.87801059508	3.38832228839	3.37660222848	3.88113845711	5.967081646	4.15635371156	8.99997281408	8.64522557654	6.07272404704	6.38363970087	
0.529569648218	7.02441967303	8.83619708952	3.52911809573	4.42676754488	5.68344155166	8.96701046485	6.22153544204	2.6657207914	6.32208963285	7.07605246606	3.37585203062	
2.50453372463	8.99938374664	8.95398997141	2.90391554461	3.03104708096	5.49114996459	8.99274369154	5.78683522893	4.36722557336	7.48507769022	7.13482089221	3.97313718169	
-4.02658544309	2.46826457943	8.28042592207	3.53551091792	8.999998277	6.83650385145	6.7200684561	6.83258637162	6.07796440173	7.0929457381	8.8395788007	7.78077462851	
-3.77390355706	2.72094647014	7.37373459732	2.93894230764	0.879980798523	3.43217591997	8.99185704903	4.07857419528	6.12211048944	4.56119119131	4.04270217262	5.55978989782	
-3.5936804197	2.90116960721	8.98752684175	2.72794025121	1.68199679933	3.64713898085	6.4177980191	3.91636241116	7.92043705891	7.88178879162	8.95314871548	8.94796540364	
-3.31681574825	3.1780342833	8.70820784135	2.6566449117	3.76034467004	4.41406687857	6.17296278596	4.77492348037	3.74136080018	5.36404836387	7.97531193382	6.30879279898	
2.50514970696	8.99999972385	8.99999962767	2.42816116283	8.95127816076	7.72285690214	7.14214505688	8.14652475664	8.68275435022	8.86796384149	8.99987995291	8.77083891923	
2.5051495363	8.99999956687	7.35522688102	2.46746463052	7.71828374546	7.12334305799	8.99998272016	7.68680561799	3.56943420483	7.7006557676	8.99999836943	4.82494525606	
-3.50518510048	2.98966492518	8.9999984584	2.66957750313	0.813363425039	3.69053338994	7.3033171258	3.96068809971	6.51632609317	6.55467020242	8.99998068977	8.91780500437	
1.47950408761	7.97435411251	8.99997534115	2.42892988953	2.5248673837	5.47960058926	8.99997534115	5.8204075789	8.99367753171	6.82811279681	6.86340086805	8.98513400567	
0.296664152218	6.79151417563	8.82164145011	2.42878329665	3.59140042506	5.52423774296	8.88215843674	6.54629925514	5.83102340906	5.8372320471	8.00797431944	7.95793410764	
2.30287289554	8.79772292033	8.99994547812	2.68127568728	4.40760508433	5.67988228555	8.65155854918	6.90207111468	5.78255211545	8.90439976113	6.00098142114	2.83530221022	
-4.0617221136	2.43312790484	8.93923178375	5.86065065723	8.99999976748	7.33329574952	8.20881122374	6.15817409717	7.06897584063	7.19823259213	8.97295810012	8.7998723283	
-3.69074849428	2.80410153473	8.69610812419	3.0114633786	0.437790228897	3.50513718966	8.99956166625	4.82097942724	2.35309500466	3.79186434375	5.15053373947	3.66793282817	
2.50373466275	8.9985846852	8.97693934544	2.42872047515	3.51244979457	5.52023921944	8.97693934544	6.72148877592	8.8162545344	6.37965350383	5.9759425535	8.36871200749	
2.09574149948	8.59059152504	8.98480245626	2.42940373899	4.00067287094	5.58633714956	7.75490423517	5.9287586605	8.35836035872	8.91318100087	6.66710863949	6.06845640798	
2.46932119905	8.96417122337	8.34418495576	2.42816642318	8.14912003276	7.33238906221	7.95429527615	7.89116478143	8.29748474787	8.08343125644	8.4375367367	8.60775861157	
2.50458299743	8.99943302385	8.99932142186	2.42888994531	4.90867473896	5.84065669237	7.26988212092	6.1124516446	7.9642493547	8.55139970809	8.78785718456	8.15687521164	
-3.88031853785	2.61453148532	8.99087255014	3.51124574867	0.634017654639	3.32296463086	7.63405855293	3.62885836427	8.99999878324	4.94573545756	4.97857387013	8.98900561528	
1.05657623754	7.55142626161	8.9753814189	2.43064412925	3.72456210163	5.54271834628	7.90551509356	5.83621612771	6.05797862525	7.03792402194	8.95768873064	7.93391174433	
-4.01285832737	2.48199164988	8.48445096231	3.46934511209	8.97404977167	6.92136616189	6.55136556554	6.82326363028	4.6536926442	7.08581232288	7.27943037866	4.80346879469	
2.46109177535	8.95594179809	8.6311079415	2.42915372321	2.8495931475	5.48564607655	8.99992883388	5.76995011652	8.99993508452	8.97255696966	7.22673242318	7.21027894387	
-3.91945959198	2.57539043495	8.16505546074	3.13680245209	8.50978170468	6.40121068278	6.77854823981	7.11949223837	3.84596470888	7.16866830201	7.22670232902	3.86016718048	
-3.15171849564	3.34313153153	8.52215980692	2.5140917364	0.30363585987	4.02968962671	8.82071167748	4.30684595732	8.99999997778	8.50777257958	6.03846120399	6.48685703799	
-4.0317639481	2.46308607529	8.69277376864	3.91277962422	4.4623877637	4.35231961629	6.71144395058	4.80562622294	4.62314290646	5.04906156819	8.45529457004	7.98554433733	
-3.96008108249	2.53476893901	7.42253620129	3.60939828451	8.59857295405	6.47409834086	8.11940083731	7.26113418042	3.04490147297	6.84048191918	7.64462376559	3.80521166046	
-3.53541256468	2.95943746108	8.82634751335	5.28163514392	8.87099805829	6.5584088057	8.86120643025	7.92262804739	3.48591809407	8.20155261067	7.47403838757	2.71457227176	
1.42248195791	7.91733198347	8.99983264605	2.57218170739	2.89647222172	5.48659775939	8.99998869189	6.04163407625	3.01182069622	6.02916138099	8.99998458731	5.93881231997	
1.86040537271	8.3552553981	8.79088602448	2.89540057937	7.00871967204	6.77747693615	8.95805427933	8.2889024334	1.79206619062	7.06880608699	8.17977231065	2.85920085283	
-4.03710756982	2.45774245406	6.33740275272	3.79257002452	8.93092572545	6.70851289317	8.98872298311	6.96008852201	4.93014757413	7.36277151562	7.30763504551	4.83117953502	
-3.89076725832	2.6040827687	7.48754194399	3.29608159142	3.19523224549	3.8484447149	8.58956627198	5.33193412982	2.12547478245	4.10174431519	8.99999997232	6.97989887162	
-4.01963779836	2.47521221884	8.61787997396	4.18945647488	5.13347095416	4.6842953328	7.24382422381	5.32554332511	7.68784878853	8.99755636044	5.2060857429	3.85254661398	
-4.06162079446	2.43322922347	8.57627121084	6.30566425634	8.99999976875	7.125452037	8.98408410224	6.33331984759	8.19392390287	8.99996942303	8.79024991979	7.94037584087	
-4.06195649924	2.43289352252	8.82003018971	6.21968183413	8.99999976875	5.95745373238	8.82335510089	7.67036751594	7.6597103948	8.4691901778	8.13755147291	7.28423581116	
-3.69011972064	2.80473031929	8.88857991544	2.67355281966	5.02531839056	4.7995536787	8.9998962077	8.6448079664	2.30759660615	5.02944879812	8.85369289242	6.08800914675	
-3.65068346819	2.84416655708	8.99999993855	2.7718477839	-1.06377128946	3.54068574447	8.99945525036	3.82727035809	7.73005833559	5.19418690166	6.49944867051	8.99148852142	
2.47520831702	8.97005834479	8.99185873796	2.46511702313	6.2488723653	6.41432808297	7.20403790841	6.76944388212	4.20353286531	7.40872381186	8.95995095053	5.71092842837	
-4.01465121362	2.48019879867	8.74903791979	3.41324348111	8.99999976875	6.97843750501	6.09116703417	6.65261787185	8.90062665978	7.33473074087	7.4632651399	8.98534913082	
2.50514981976	8.99999984358	8.99856655329	2.52312794952	2.96080289908	5.48876953973	8.68294115404	5.83453310122	3.85529903001	6.50688978601	8.99999905384	6.30457671907	
-3.83985824528	2.65499178056	8.99633004071	3.01219166763	2.03355763774	3.49627724663	6.93534793869	4.66088667926	7.52424268778	6.18974227811	3.82631913359	5.11698797593	
-2.72362054835	3.77122948195	7.39775656829	2.44877377771	7.94553180351	6.69608016505	7.75358406556	7.1561384681	7.41312514498	8.56808502508	7.58103023411	6.38223878847	
-0.493757701376	6.0010923208	8.70980065025	2.90328587178	8.37999776885	7.43085744132	8.30585699772	8.26563209658	2.32171504488	7.86460331238	8.99999072634	3.41327086667	
2.5011718444	8.99602186802	8.99911049518	2.46567621201	2.86220507625	5.48596663359	8.70301046934	5.81680318441	4.34151771402	6.59414541091	8.59645253696	6.29999325153	
-2.36665437729	4.12819565011	8.75011240488	2.44273512774	1.27839851115	4.74266743729	8.96467717026	5.0119055064	8.97959014798	8.96186764486	8.99998015877	8.97387108006	
-3.46114666269	3.03370337328	8.39979246778	4.11086677452	7.52235018473	6.12410140775	8.39979246778	7.29108689759	2.42382651189	6.64264508091	7.01200445882	2.74935433579	
-2.21738997758	4.27746006201	8.9984083966	2.43856206984	5.29281216906	5.64130207872	8.99840821089	8.41388458454	4.68648476045	6.27082072689	6.13237957782	4.50421205201	
-4.04455717678	2.45029284651	6.8025031285	3.8629305984	8.92106876104	6.63132802434	8.52948908997	6.96292233745	5.21778302254	7.16275845099	8.82400249855	6.83519549848	
-4.02696701952	2.46788300291	6.86940782752	4.41541951182	4.01364656877	4.14093356434	8.94847621973	4.47929753246	5.15210096191	5.57996379043	5.49786538442	5.02617096322	
-3.23967349721	3.25517653535	5.91983523712	2.58182070462	3.99879858064	4.55836651573	8.99914870783	4.98171528098	6.71936993647	8.20061968417	5.35501821875	3.82993689221	
-3.96885920331	2.52599083745	8.45891450747	4.06156074957	8.89010923326	6.85177034238	7.79190050213	7.43171079497	2.63771335992	6.64884225957	7.72407965295	3.66911493626	
-3.91462269831	2.5802273249	8.99993051017	4.42480209811	0.178447405388	3.28278550103	8.99991179016	3.67482209332	6.27062573557	5.11865030108	4.20571917856	5.31386303093	
-3.83615804831	2.65869197577	7.03004911062	3.23150557297	1.58189256346	3.42260370968	8.99148174021	4.15343411312	8.91451567466	8.99998818419	3.87583474058	3.74653065667	
-3.84079831694	2.65405076081	8.84028531717	3.12673689866	8.99997276447	7.9354820998	8.8411960619	8.82336875376	0.270562080808	5.69855095818	8.99999976876	3.52815664386	
2.30905833605	8.80390835984	8.97585572152	3.67390789365	8.85730217535	7.67478302673	8.97585572152	8.66444268571	2.5456071806	8.28865514038	8.44572682798	2.65884728217	
-3.90294288128	2.59190714758	8.97051959892	2.97489849342	4.11574282584	4.25426702329	8.9908255148	8.0520423898	4.07538199059	4.48163054794	8.99998608136	8.54990596542	
-3.60721684779	2.88763318179	7.40453648866	2.72450642042	1.63292341302	3.63036320538	8.99338951742	4.88009976759	2.95663069683	3.91513502912	5.53195799605	4.52962209485	
