0.275563042909	6.77041306483	7.11006750527	2.42858640571	7.03870080417	6.78983203639	8.9424583787	7.07692823315	7.2913831146	8.82282406045	8.90315663882	7.32788411384	
0.275691980273	6.7705420033	8.9204273446	4.16957473732	8.12538683658	7.31881451335	8.93883736568	7.70038229265	3.17395111932	8.37310917679	8.99999976669	3.75701010804	
0.272136703146	6.76698672818	8.98052263655	2.75214053166	3.1769047085	5.49318959619	8.99999193157	6.11620913881	2.98718183021	6.18074597964	6.43539320242	3.19799745869	
0.272087283746	6.76693730715	8.99899787871	2.82119129797	3.03932151722	5.48726018734	8.99900634958	5.93299424949	5.2459116815	8.30505936485	6.23590618623	3.13292691495	
0.27255199124	6.76740201553	8.13572136316	2.43028565316	3.77649602445	5.54648260981	8.70557235204	5.84514147836	6.06962784	6.95957303137	8.97489555539	8.04111874861	
0.275685728139	6.77053575088	8.93017313322	2.42818529513	8.02726686835	7.27220602428	8.3259598432	8.78712849853	8.99758827931	8.13316525091	7.70884237282	8.52943384713	
0.271987286362	6.7668373119	8.99999967455	2.42932047163	2.52128780211	5.47549770132	8.99827834175	5.8188676349	8.78255880003	8.98115804506	6.54995427954	6.30752343981	
0.27226103979	6.7671110633	8.50168150944	2.63141708531	3.4203235134	5.50847704612	8.7977102181	5.78394110091	6.12356186726	8.99999362692	7.6363038265	4.71604047434	
0.272056575112	6.76690659974	8.6496163664	2.43299142576	2.93031621089	5.4836131843	8.99996879803	5.86741675452	4.98293325995	6.3462665258	8.5721145625	7.16494970507	
0.272308058624	6.7671580821	8.99997465468	2.50716933973	3.49153731397	5.51440004872	8.36390609626	6.03796866276	6.43608642081	8.96485981714	6.1374387015	3.56483372304	
0.275605322796	6.77045535009	7.93178487993	2.45163461813	7.27335468046	6.90396936548	8.99999976919	8.05365531103	5.13763536349	8.58099361977	7.25967444642	3.77248463885	
0.272935471584	6.7677854982	7.62196210303	2.42890482361	4.09914536336	5.60222054491	8.99820234657	5.8923044272	8.57998589191	8.4595659848	7.22262789503	7.29921621759	
0.272034582724	6.76688460488	8.99995789264	2.42941557363	2.83426946008	5.48102276186	8.98121998077	6.10912898526	8.61542026333	8.99999999999	6.00050202006	5.57209070315	
0.272130388052	6.76698041258	8.94583597377	2.71943078554	3.16120757755	5.49242764715	8.9984605896	6.09776569805	3.14297571226	6.26501202125	6.35463022155	3.18876232021	
0.27535938128	6.770209405	8.95499764736	3.63184799945	6.3612239027	6.46489238634	8.6765819273	7.10018305456	2.88073828416	7.25541454756	7.26753401005	2.84902621037	
0.271989001158	6.76683902722	8.99999976878	2.4289602948	2.5371983674	5.47569657376	8.99999886053	5.8366601217	7.56962319633	6.43893363566	7.8578564877	8.94471444393	
0.275724096779	6.77057412263	7.43250470455	2.48049749999	8.93502891358	7.71152667193	8.99998655135	8.37961596772	3.67471290144	8.45304264379	8.65661973122	3.8344584191	
0.275711213639	6.77056123378	8.99999976887	3.80260953395	8.51770935461	7.51035273492	8.99999976887	8.40886661752	3.06603180638	8.47359668818	8.05860789605	2.60721142697	
0.2757194936	6.77056950659	8.51218203943	2.42818004234	8.76426234104	7.62959136375	7.96741906251	8.39021203486	8.99999976876	8.37387657154	8.41738767532	8.99967929871	
0.272039822151	6.7668898444	8.99409063544	2.42918529293	2.858920156	5.48163809423	8.60504091671	5.75134831011	8.99998505787	8.96329083058	8.8910487404	8.88391138262	
0.271987480324	6.76683750572	8.99995363459	2.42895437886	2.52312120681	5.47552026037	8.99999975127	5.82271994965	8.61659813363	6.66942049192	6.9888955991	8.89224163304	
0.27545347667	6.7703035033	8.9092434724	2.63092699371	6.61592333308	6.58599828815	8.90924345805	8.42160495097	1.40990739374	6.82937356024	8.99999976557	3.53670204147	
0.271981657365	6.76683168028	8.99937528018	2.42898453257	2.46481796742	5.47484597141	8.99993021139	5.76441294667	8.99997345721	7.44513756735	7.29789971027	8.80890400893	
0.272031759065	6.76688178318	8.99961114281	2.49611845546	2.82038884263	5.4806902852	8.80314663593	5.85045786788	3.86019709544	6.39344415072	8.60130200668	6.02422336552	
0.272181686111	6.76703170992	8.99999646001	2.43104868292	3.27733470473	5.49865882638	8.42448765853	5.97623130496	7.54781091809	8.543198239	6.18846875277	5.14924983931	
0.271987357768	6.76683737985	8.99995889284	2.42899415825	2.5220648598	5.47550722776	8.93233070157	5.75397306444	8.91552207936	7.6349876975	7.76320576435	8.99990854833	
0.275282348044	6.77013237067	8.98720024613	2.4283019506	6.19305430687	6.38592496244	7.09043692065	6.66058454801	8.9983644104	8.98598992154	8.99898352209	8.96752642912	
0.272151988321	6.76700201217	8.40922664164	2.43172445853	3.21312511318	5.49504024952	8.97435610395	5.87406314498	7.46368971677	8.56659119488	6.41769507552	5.27096199817	
0.275725308104	6.77057532995	8.99999966298	4.30517966268	8.98670574729	7.73729254942	8.99993841038	8.14829271273	3.38669427169	8.99999976875	8.99998670087	3.3428496294	
0.275725605977	6.77057562749	8.75333626774	2.42817882665	8.99999679759	7.74009416531	8.06346708837	8.85264716131	8.99999976875	8.4851157501	8.35313554958	8.82418796552	
0.275670785589	6.77052081501	8.77233426562	2.42818780354	7.82987314898	7.17559268854	8.77233426562	8.97488115212	7.16108001339	7.43994306557	8.96643136098	8.64373675335	
0.275628142241	6.77047816388	8.02319844902	2.42820709587	7.43086135366	6.98073359549	8.02319844902	7.27243753794	8.99999976988	8.99652471866	8.99999976875	8.95964326073	
0.27199008975	6.76684011198	8.98189145946	2.5002086742	2.54717543032	5.47582487247	8.9999988595	5.75715219179	4.8259510608	7.28921758476	8.48298062041	5.97588251227	
0.275334993856	6.77018502106	7.43932299199	2.44101626151	6.30482178652	6.43830501351	8.95972950528	7.02867298324	4.10859265121	7.04347033479	7.7019383879	4.72322913461	
0.272022794477	6.76687281664	8.74178490674	2.42933529276	2.77366984504	5.47964122508	8.9774620181	5.78806025298	8.47294360575	8.68475201958	6.81734984425	6.56170982295	
0.2757011177	6.77055114009	8.27736905218	2.44221524446	8.28967302575	7.40013717779	8.02363390633	7.95244352785	5.08867892044	8.83596114476	8.09524224349	4.30412848119	
0.275712979968	6.77056300394	7.95871380122	2.62011900218	8.56447277269	7.53268036953	8.94740925409	8.52191643921	3.36090240415	8.39364241439	8.08795218401	3.01138059686	
0.271994939869	6.76684496449	8.99930973551	2.56771729911	2.58851010933	5.47638777422	8.99930973553	5.74714449815	6.29013899658	8.99995577922	8.24239006571	5.48874168798	
0.275714203694	6.77056422795	8.10914608097	2.42819436473	8.59826563093	7.54970963176	8.5258274036	8.45945509118	7.06875896043	8.17875790978	8.31811834932	7.16428784368	
0.275540937038	6.77039096565	8.81104509612	2.66537183818	6.93642391017	6.74029209646	8.99999970667	8.54592474195	3.99233505047	8.18516079266	7.05458950829	2.81793221384	
0.272475270748	6.76732529372	8.7821930427	3.10371795767	3.6976587116	5.53613754327	8.783015452	5.82713169889	5.76332906114	8.99304827667	7.12059226458	3.84704145397	
0.272586640679	6.76743666527	8.9719123434	2.42909084614	3.80991273986	5.5512366599	7.92907606419	5.93469363425	8.46099823577	8.61082762654	6.45895687723	6.26529588788	
0.272005785584	6.76685581034	8.98027211088	2.42900224825	2.66942792825	5.47764969095	8.91800386558	5.86517195651	8.99864307388	8.47750807184	6.37225773985	6.84956114644	
0.273359814386	6.76820983904	7.69977447688	2.66894609263	4.39581235602	5.67351722559	8.99526486057	5.95250835593	4.70150647869	7.80550310822	7.95621607995	4.80838787592	
0.271979751775	6.76682977381	8.99997746224	2.42921047519	2.44398890666	5.47462552358	8.99999943661	5.74424980185	8.99280049846	8.97336961832	8.99831623967	8.9739155256	
0.272414281975	6.76726430495	8.99999224195	2.61164079457	3.6290278159	5.52808404429	8.65102381845	6.34443901918	5.68310005911	8.54462223417	5.94313933392	3.03778558733	
0.275724525083	6.77057455455	8.99339957022	2.42831945773	8.95625492996	7.71422524267	7.18821130031	8.19944110016	6.51742921313	8.68982627179	8.99999976825	6.78377108277	
0.272054358877	6.76690438169	8.99871561546	2.67995426674	2.92149789815	5.48335280013	8.99871561546	5.95974205413	3.05512968388	6.16453405646	7.28409532683	4.13085936269	
0.272006106765	6.76685612884	8.79782579688	2.42912589821	2.67169540079	5.47768835731	8.99158675062	5.75841368573	8.95716527364	8.76654797671	7.34147056826	7.48825627385	
0.2757121533	6.77056217711	7.84612851444	2.42818109228	8.54202447146	7.52128059465	8.98122523922	8.62403652847	8.99999976875	8.27914295172	8.09292713002	8.76995235593	
0.27572562483	6.77057564427	8.99999892006	2.42818024382	8.99999976875	7.74412558173	7.12459623809	8.15634110223	8.99999975894	8.99996576802	8.99998848979	8.95617906967	
0.272529312803	6.76737933843	7.90354786396	2.43019660451	3.75392994363	5.54339813204	8.99128396721	5.8792870285	5.74218618169	6.63801869578	7.95287856926	7.01321445856	
0.272172094742	6.76702211841	8.36277261005	2.42920100161	3.25739572636	5.49748691098	8.99882523483	5.89642563723	6.13523428138	6.3839252952	7.16365396795	6.87113138679	
0.275722039511	6.77057206352	8.57544890107	2.61909217837	8.85365742052	7.67190199385	8.57545923996	8.91769136653	2.3086916641	8.03794481537	8.98752888188	3.21444415992	
0.275725428195	6.77057545296	8.39036072882	2.46144107089	8.99655819702	7.73639322027	8.4215335255	8.81473813201	4.49384454014	8.99331221375	8.19780871139	3.65450948177	
0.275665191863	6.77051521374	8.04968841685	2.42821155153	7.76625660922	7.14457090162	8.0553963299	7.50267888723	8.35530358335	8.97904374634	8.27913117722	7.61155944058	
0.27572485061	6.77057486903	8.99999950633	2.42818033425	8.97323634943	7.72598252981	7.12243900782	8.14563505633	8.99743508883	8.99976620595	8.99999998987	8.95384049708	
0.271988603138	6.76683862824	8.99973992134	2.42894953097	2.53358050059	5.47565072851	8.99948199696	5.83232215485	8.95545084008	6.804452953	6.72895649495	8.8361227767	
0.275725500676	6.77057551854	8.7804936858	2.42818007296	8.99999976875	7.74117202911	7.36833143647	8.1835927204	8.85210566564	8.85661835707	8.99623144839	8.94788730152	
0.271979996841	6.76683001904	8.99999739446	2.42915892385	2.44672036825	5.4746538527	8.99999979793	5.74702478051	8.00064309557	7.87296627814	8.91615221635	8.99999743516	
0.275430267125	6.77028029157	8.18661157192	2.5530094879	6.54651825984	6.55284344371	8.06527237425	6.89666924723	3.79780805208	7.61628907904	8.98274109745	5.12042851235	
0.274584241173	6.76943426621	7.41707388641	2.65208793589	5.29205053332	5.98670181224	8.99283948319	6.2672941248	4.45154116049	7.85054696556	8.99999242413	5.55715506479	
0.275725265099	6.77057528978	8.99999942042	2.4282624561	8.98470905589	7.73409496075	7.24065088455	8.26712195146	6.54008781675	8.5444868899	8.99999976875	6.95176910866	
0.275708702746	6.77055855549	7.44789318281	2.42817887544	8.99985349631	8.16121182501	8.61990925642	7.6823090599	8.60073299142	8.81654654255	8.99999976875	8.74036235209	
0.272018229077	6.7668682528	8.99999976875	2.58614095486	2.74783852093	5.47910497521	8.99999998837	5.88671233766	3.70924593321	6.53640048408	6.64878330091	3.77779716034	
0.271988188235	6.76683821135	8.99913939982	2.47893052381	2.5298422904	5.47560373244	8.99913939982	5.77770682723	6.25776012996	8.566398177	6.88921264446	4.53674300201	
0.275711287591	6.77056131269	7.3493425958	2.44594563521	8.51951249771	7.51180960182	8.99736143471	8.11258125476	3.93558368497	8.120945227	8.95671613553	4.72752305187	
0.272828023486	6.76767804776	8.56346711462	3.1540741782	4.0169023267	5.58587768141	8.99346490085	6.0380024698	2.80169355628	6.27604375346	8.96908267332	5.45090089009	
0.275705259352	6.77055528396	7.45994710001	2.43693588651	8.37594077145	7.44185390638	8.91472042572	8.07593847673	4.14118455714	7.99593264051	8.99699911172	5.09841947047	
0.2719798422	6.76682986429	8.99999017508	2.42930924494	2.44500122659	5.47463600238	8.99999017508	5.74515630956	8.29604432463	8.43730699431	8.62408860149	8.43899436596	
0.271988556519	6.76683858055	8.99950772122	2.43774787484	2.53319559501	5.47564586466	8.99999977023	5.82342933394	4.83085106284	6.48333332082	8.99999976354	7.30368592032	
0.272054002327	6.76690402586	8.9271329452	2.57017867802	2.92004956463	5.48331050289	8.91195646741	5.90976978634	3.745163742	6.53804743571	6.56003977373	3.72332449026	
0.272747263341	6.7675972879	8.10016017472	2.42882901644	3.95172077281	5.57398023623	8.96442938416	6.21762106414	8.83258859952	8.58241320398	6.08269239174	6.28903620405	
0.275725605974	6.77057562948	8.48313191604	2.42818009233	8.99999629022	7.74219899755	8.48313067656	8.99999976906	8.76311649683	8.94896549452	8.16602056645	7.93634000687	
0.275701200147	6.77055122449	8.18330996529	2.42820620568	8.29114379885	7.40064566738	8.21016288553	8.05988474785	6.66258435139	7.92495250728	8.99795322164	7.69175351109	
0.275725394931	6.77057541664	8.89428777713	2.42851151259	8.99102772519	7.73823264193	7.78022334272	8.70291467591	6.48220677042	8.99042680724	8.21927541026	5.66722379837	
0.27223633166	6.76708635594	8.44847751565	2.4294667421	3.37938930544	5.50539758213	8.83675938498	5.93388187288	5.65222915034	6.24756837612	8.31604734787	7.67687652803	
0.275196626045	6.77004665389	8.43259633705	2.42826562192	6.03409943708	6.31221821814	8.91140818266	7.8417400853	8.26792562423	7.01033914028	6.79942678587	8.01318170998	
0.271981908052	6.7668319313	8.99999967945	2.42915086727	2.46748056718	5.47487489812	8.9999487799	5.76752325313	8.99999977101	8.87461340027	7.02804231456	7.10959709239	
0.272061060403	6.76691108326	8.99943374517	2.42924385925	2.94782863045	5.48414474414	8.9821431236	6.22013688208	6.50687931269	6.79799707456	5.99203533137	5.65708598927	
0.272095600649	6.76694562421	8.99768760786	2.42886690009	3.06514430154	5.48825113916	8.99768760561	6.34752146222	5.8645180127	5.84292034242	8.98430022194	8.96206631496	
0.275725618407	6.77057564163	8.43939029242	2.42818409028	8.99999996802	7.74053200832	8.44971748133	8.92451162498	8.22822111693	8.96562681186	8.17799268728	7.3967554198	
0.272012211011	6.76686223395	8.99999977008	2.59194584481	2.71160456023	5.47840156527	8.9790461112	5.82442301597	3.64832638964	6.49512663384	8.9998136974	6.10918187623	
0.272321119998	6.76717114268	8.8213881497	2.89198776136	3.51001158003	5.51606051339	8.82185346189	5.94932490659	4.73610201664	7.86864575254	6.2978227463	3.12144742376	
0.275540015338	6.77039003784	8.58860392574	3.2725798559	6.93242932328	6.73837140371	8.58860393633	7.30280589073	3.57231788465	8.07968537173	7.39735312109	2.84615409754	
0.275300545539	6.77015056934	7.78648862637	2.75249377924	6.23028344365	6.40332919343	8.63816183121	6.70323089704	4.18278685462	8.12019526404	8.16602271912	4.18478276218	
0.275719225225	6.77056924865	8.87481043995	2.42818017518	8.75636994144	7.62468963249	7.55118204464	8.33361256986	8.88964667347	8.35058625607	8.50477086789	8.99999977167	
0.275724393099	6.77057441627	7.65833522558	2.42817959277	8.94743083652	7.71696298666	8.64873167256	8.31347513851	8.91810878151	8.57355352098	8.6698158641	8.97053954919	
0.275683058954	6.77053308919	8.64668385064	2.42818571205	7.98812067328	7.25278640984	8.84058515846	8.99853752506	7.42708632396	7.52914121458	8.86225344786	8.71636699825	
0.271984328672	6.76683435048	8.97613114963	2.4292078805	2.49276408947	5.47515825972	8.97613114942	5.74478024631	8.99976435189	8.9777458921	8.99982606504	8.97801291476	
0.271980755852	6.7668307779	8.98936881883	2.42931754297	2.4550977952	5.47474181845	8.9999978858	5.74452513288	8.77176650924	8.92344728083	8.81090470565	8.6153923398	
0.273649971672	6.76849999997	7.38735884951	2.42873719481	4.5893732316	5.72996400361	8.99951025893	6.02166112978	7.28649843072	7.26367022256	8.99979575388	8.97879236172	
0.275281109144	6.770131137	8.79063637205	2.42825224566	6.19055932325	6.38476056655	8.66033016504	8.03263301673	6.54205602106	6.63598602533	8.56563756857	8.42787600438	
0.275446679718	6.7702967049	8.05257354836	2.89318961238	6.59511199333	6.57604635847	8.82273457412	7.20530411652	2.51928190235	7.06188936692	8.91812738351	4.33168836111	
0.275706584264	6.77055660966	8.2796920774	2.42818235327	8.40709700768	7.45642017073	8.30959611057	8.31590261565	8.56305616931	8.06948636274	8.275323829	8.72506213359	
0.275580141221	6.77043016463	7.08644714346	2.43003223239	7.12633553928	6.83237574476	8.99998216681	7.15447686989	6.31429595678	8.5841656389	8.23660139545	5.92290010896	
0.272271157299	6.76712117985	8.45443509661	2.49926431512	3.43634084341	5.50974508366	8.71521001228	5.80109654467	5.13781492763	7.62439750015	7.21203010168	4.68161594005	
0.272069227334	6.76691924939	8.70630318481	2.42927052696	2.97814497923	5.48511227204	8.78069773211	5.75488309453	8.83208916876	8.9558821791	8.82747538886	8.65985077849	
0.275725617831	6.77057564008	8.46077075482	2.42818086792	8.99998623609	7.74016710092	8.46077069193	8.95729971029	7.20253436915	8.13039365432	8.99998767606	8.02829679304	
0.272032175671	6.76688219811	8.86054336114	2.44809532043	2.82245791845	5.48073921593	8.83521243129	5.79349916261	4.77346151895	6.72848680421	8.99998980194	7.00113293402	
