-0.847168906369	7.02248764005	9.0	2.6356179357	9.0	9.0	9.0	7.15813093124	9.0	9.0	9.0	8.99956814079	
7.01925419628	8.07607198061	6.05993132075	2.3428343226	6.20392969099	9.0	7.16389611282	6.80323220767	4.19799964483	5.46450704343	6.39493483357	5.0233254967	
6.33720547842	8.83835358848	8.99981684982	2.61273925897	8.76878557703	8.14130355387	4.45138051801	8.76677915473	2.80966270574	7.56907318729	8.3775337586	3.45214516453	
4.70303088866	7.61645044671	9.0	2.33859406431	-1.08689032791	5.14537769206	8.41932513106	5.66119844855	5.51939532954	6.2882757439	8.6244176223	7.8475635552	
8.34709017184	8.4463905817	8.99752839096	2.1653840371	0.857721686642	7.32422040807	7.8901528223	7.84968184358	3.82304013159	5.59265299201	5.98138207609	4.13293250729	
-2.08656823267	6.42979706337	9.0	2.16428786512	3.80568907263	5.44774385104	9.0	5.27812146854	9.0	8.0506910416	7.29145208488	8.34000895223	
5.54477231457	6.8409279345	4.83608994919	2.36242127691	2.44395946125	6.52080832728	9.0	5.81202732432	6.49803882405	9.0	5.40047970279	2.83952955457	
9.0	7.70441635924	4.00149742359	2.35967497503	2.95294772349	9.0	8.93076266069	5.36069401445	3.5684542391	5.58537298393	8.02601866258	6.20256327787	
4.43474032593	7.35686651168	8.04438288092	2.42307377826	8.04502673004	9.0	7.16071123642	8.8078041983	6.34681239332	5.98589472479	9.0	9.0	
7.06208389861	9.0	3.23366752797	2.24734182271	9.0	9.0	9.0	7.54304410158	6.64036130677	7.31086407759	8.99988190527	8.56783945498	
2.6326626961	6.68973494448	8.99538959705	2.5131503473	2.47862588271	5.76518073196	8.99998772551	7.90933774159	5.78350033846	8.92896810308	6.05998569405	2.69919636004	
8.94998607882	9.0	9.0	2.30167597314	6.22922455549	8.99946609891	3.7454587219	7.47392813234	8.77476083271	9.0	6.73883401629	6.27018872655	
4.57732209226	7.31384396886	9.0	2.54711822442	-1.69504080186	5.26021375598	9.0	5.38593022464	3.65101297532	6.56476176591	5.80514110589	3.06646601994	
9.0	9.0	9.0	4.35167917132	3.25453748621	8.26183591857	9.0	8.25491469291	0.599295386485	6.16872856583	8.9922709163	3.46823403891	
9.0	9.0	4.70210199752	2.36967614176	6.70106346542	8.89671016184	9.0	8.99984054443	4.76438531352	8.80521577513	6.93990918312	2.61654417932	
3.99682315457	6.56211101702	9.0	2.29132881114	1.60798606342	5.80275852229	5.87568379135	5.52730409168	7.66889349005	6.58111462127	5.51396611027	6.63129450006	
8.8006101495	8.79034375951	8.93111524885	2.80925387268	7.85526602917	8.76879889289	3.76809110238	8.53612383022	2.4877853981	8.3158834842	8.83877600667	2.98773580064	
8.39071855892	8.94968269624	6.84647538932	2.92514818367	2.09213479725	7.12737654063	9.0	6.97563092973	2.31900445293	5.91360810307	5.7802009933	2.47217961328	
6.17325278736	9.0	8.92541773341	3.25750983507	0.443009229659	5.36866001659	7.88946235922	5.42241820429	5.83844348992	9.0	8.80043657656	5.83563371745	
6.93272346351	9.0	8.97068089377	2.44027738813	-1.89035964442	5.86280260733	8.99993155572	5.53878261765	9.0	7.079442867	6.15359590982	8.14584523308	
0.920764518847	6.34843643691	8.83813810299	2.44762231936	1.65924613639	5.53908980867	9.0	5.80479365996	8.99745373033	8.99266109636	8.99981012303	8.99983659647	
7.53037219224	6.60180603141	8.34369085823	3.62345366388	0.591064591813	8.99620733453	9.0	5.86353716996	2.93509683867	6.03914924831	5.48075237019	2.52016744335	
6.43966226316	9.0	8.91129406389	2.32902558376	-0.726623433927	5.57734161039	8.61992412078	6.08490350027	8.43910674084	5.9348727254	5.7270045073	8.28094066035	
2.47710057741	6.99164594434	8.53359480556	2.63053755488	7.20372482922	7.63679692392	6.25791061609	6.82158678741	3.78077457324	6.96278238077	6.12397312451	3.14757178147	
6.81567747231	9.0	5.40276480841	2.44272769608	7.438924607	9.0	8.9159626162	7.92165479275	2.21202449009	5.83894510563	7.34086446315	3.53479544336	
4.22819050141	7.3287335731	8.25579059443	3.16336536074	3.70540711226	5.35328022879	8.90571476061	9.0	-0.117880792088	5.86682885901	8.56171818921	2.65478638649	
-1.64685646739	6.46939403382	9.0	2.19521149164	3.10389038619	5.16012709198	8.99988179704	5.29061999575	6.50273657576	6.69267926857	5.86667765217	5.7404662426	
1.89289100402	7.36814909243	8.61537221621	2.8040059123	8.9644089664	8.92214983345	9.0	9.0	1.2649661738	6.84031444265	8.51684147622	3.0783990945	
6.14420324785	8.97391737919	9.0	2.58248101775	1.36973211173	5.55869115949	8.99995272678	8.04324083543	3.95495965825	5.65314629663	9.0	7.28891444811	
8.74700280341	9.0	4.71002313408	3.09415743815	4.17058401268	7.93001563158	9.0	6.20215227428	1.99671590586	5.54634164313	6.04515388029	2.5240044625	
1.67606997706	6.36376442216	8.93629111601	2.27622746147	3.02197624213	5.33127576327	6.23892102763	5.67545322364	3.84000942381	5.5456483384	8.15709405742	6.45848850634	
2.75112875582	6.47495961299	8.88936425764	2.20387400582	4.02420862479	5.55239636502	7.81116062971	8.91567243216	3.34379831982	5.81743128115	5.63343334035	3.07276042425	
-2.51367125988	6.55678766466	9.0	2.26050795677	9.0	8.99763967643	8.99995698149	6.23339056993	7.59811162536	7.88751854604	8.98167109911	8.9990795311	
9.0	8.93201908597	5.82631869536	2.26945953619	4.27585377639	7.68469458288	9.0	9.0	6.52929472764	9.0	6.36893986998	3.65659370647	
8.9972208655	7.49639611611	8.94772823981	2.18058890906	2.82114796573	9.0	3.4734677472	5.19721200601	6.74987469339	7.93196862555	6.31563310734	5.21785203075	
9.0	9.0	2.57758024088	2.23873056309	5.37487326963	9.0	9.0	5.36655379591	6.72314106523	6.12617581401	8.29998506231	9.0	
-1.58843398334	6.28142968378	9.0	2.23985394971	3.42868063231	5.51706538287	8.99620036668	5.42828350933	6.54267278613	8.50297269791	5.9368625611	4.06453542573	
9.0	7.72585235393	8.95572763762	2.37918464589	-0.73607744358	9.0	9.0	6.93716219102	9.0	9.0	6.5748299355	6.32779021578	
7.97254427085	6.81789182987	6.24008266476	2.17073795605	1.772084331	9.0	8.00544973874	5.73927880402	5.39927056194	5.66818756038	9.0	8.73713174428	
4.14054863915	6.53364543712	9.0	8.37896816387	8.48016964675	8.61998875592	8.75235553246	6.55808836296	4.70831160601	9.0	7.31192358671	3.06051704705	
6.25456924005	9.0	9.0	2.70237421235	-1.05544819661	5.31766652206	8.87210485877	5.69906103337	3.12813373433	6.03948916287	6.38877840451	3.63509258726	
6.23586555049	8.99970405465	5.88269893554	4.88189630842	7.96975441443	9.0	9.0	5.91116787044	3.80255129373	7.1787576329	8.85379446239	5.42709788718	
-1.40872259656	6.4399038648	9.0	2.19675884932	3.96458348032	5.68047864061	8.64007831318	5.59874242179	5.42605795004	5.582293507	8.77633438762	8.65023699333	
8.9219913047	8.94189184205	7.70645932341	3.66079655753	0.506816676698	7.42456349733	8.57123505391	5.30732329461	2.98474444945	6.10700137763	8.99395043088	5.94246389142	
0.959396568017	7.07366605847	8.94262883782	2.51181798769	6.36371469369	5.48948846284	7.62504416467	8.63589366202	7.95967609109	8.9157250885	8.90258057512	7.71795311758	
4.42607766394	6.78339666121	9.0	2.48583184778	5.81721732348	7.52611072191	3.76260719322	6.00371084497	9.0	8.99001880455	8.05468350763	7.85759566434	
-1.40189367732	6.53741123436	8.56176029328	2.43243929438	4.08161148539	5.49343306486	9.0	5.5227230441	6.51219484929	9.0	5.75249771375	3.29880708094	
6.37135133927	9.0	6.95060528049	2.267211281	2.20400280997	5.13938917555	9.0	7.83768247975	4.82469485109	5.62495113506	5.89905094238	5.14648515725	
2.74360225326	9.0	9.0	2.4423572473	9.0	9.0	9.0	9.0	6.78729506408	9.0	6.83261812162	4.57630823841	
8.99780307487	9.0	9.0	8.98427285713	8.05442044921	9.0	8.99507591545	7.69562656781	3.40784878727	9.0	9.0	3.63609844728	
9.0	8.9896209851	8.97948273875	2.51278448231	-0.856892598958	8.15130171898	9.0	6.11662237657	9.0	9.0	9.0	9.0	
6.15649385883	8.98876093352	9.0	2.31722894895	1.666421094	5.20910462118	9.0	9.0	1.69154382975	5.44539450179	8.93642488117	5.05745759761	
6.63939278221	9.0	9.0	2.68287217641	2.25091288086	5.91449782068	9.0	9.0	9.0	6.55077888681	6.46054326519	8.87062164796	
6.94486539369	9.0	8.99976049462	2.28785781794	1.93995574963	5.86049184387	8.64342114073	8.99957609806	0.198887011673	5.43365236442	9.0	3.96767792887	
9.0	9.0	5.24697596481	2.55153165219	8.21376903484	9.0	7.60627395543	9.0	3.45276648727	9.0	8.99999882994	3.45437423058	
0.6424739686	6.37423677539	8.89658242851	2.27313270201	0.958796970798	5.11295479882	9.0	5.36962842541	8.45160946514	6.3410274599	5.64784773168	7.88552201196	
7.57651265511	6.71570261557	7.94149913896	6.39953571154	3.61313766527	9.0	9.0	5.52237916706	5.72691016482	8.99574937885	7.53809718954	4.37782056802	
-0.419258384607	6.52867982091	8.9989748788	2.26424212503	7.00752769385	5.17942337487	7.80710602443	9.0	7.10834595719	9.0	9.0	7.08768919585	
0.71098435892	6.37740387495	6.50382615256	2.8385237931	5.11371129897	5.95483713286	9.0	5.73353308774	2.58178077181	6.13629177926	9.0	5.61922614209	
8.96347816467	7.87794144066	9.0	4.14109742339	3.44658772235	8.87341822719	8.99989036831	9.0	-1.17199320784	5.58284604094	9.0	2.56938865937	
8.98966771852	7.67718076084	9.0	2.2393125676	4.14591894218	9.0	4.09526778482	7.18188359943	6.18293073804	8.94988109136	6.15916100561	3.16043253817	
2.13895184456	6.35942994511	4.70151513534	2.20343263346	8.67895613609	8.98967238397	8.99745457817	6.63755984605	5.94321679623	6.8456393195	7.90516689251	7.02054168901	
9.0	8.56107072145	8.99999997835	9.0	5.53484931997	9.0	9.0	5.65833346224	5.25218555827	8.83559399168	8.99997699086	5.57668066037	
-0.72099038794	6.88543054619	9.0	2.62432126813	7.92197457093	8.95948295451	9.0	6.3606998144	7.96059184664	9.0	8.75001803248	7.5759642165	
6.24364706878	7.01639431821	7.0531152735	2.80114211773	5.84610125367	8.87094527173	6.38552298292	6.56188945787	2.69256939683	6.0005622039	6.51167114562	3.1062872011	
7.02126761342	8.64648315976	4.86907790062	2.22999659855	3.05791332422	5.82636867387	7.90904789594	5.8894737585	7.68435791368	6.33706112562	5.83814043058	7.18897528942	
8.34055911803	7.12731468439	9.0	3.4877490236	3.08668496899	9.0	8.36448190167	9.0	0.310571104952	5.49350165654	8.0045000116	2.58020869232	
8.65017385249	8.04964043485	9.0	4.85220070036	0.110356259352	8.26853984978	8.99747156897	5.29394062986	3.47858963696	6.41384298983	5.6656692066	2.82260635465	
7.09810650998	9.0	5.33863457653	2.15536884088	4.47725501775	6.05776700061	9.0	8.37604740724	9.0	6.59777640075	5.66346490477	8.11253866795	
0.916898977129	6.33928278958	8.42871252443	4.12926387956	8.99851817238	7.1253097325	8.53076400062	9.0	2.47361269943	9.0	8.99644231648	2.4800701247	
-0.426713675207	6.56344676217	9.0	2.25208343842	4.43640234821	5.48471933547	9.0	7.39887002528	4.79595102164	6.39883703418	8.21505976548	6.55061718671	
3.99461828835	6.79731386941	5.82315097443	3.03843485176	9.0	8.95531384248	7.16974331776	6.62985829436	3.31887438075	7.63758648106	7.35330291755	3.28001800362	
9.0	7.84184449578	8.91009797831	2.18843953922	4.13909331942	8.90434107076	2.7694702684	5.63597926404	6.1667249429	5.9865162551	8.77787165725	8.93116438979	
3.31262325544	9.0	8.99497286375	2.49312527359	8.33441320004	8.70210983475	6.97806581296	7.12609282949	2.96559863203	6.57465403864	8.92874840993	5.27037331564	
7.76164167715	6.67141029391	4.87103174204	2.4768424697	6.01853382101	9.0	8.82736343841	9.0	1.3780503005	7.32857245917	9.0	3.10299419176	
8.94456020615	9.0	8.42145179751	2.1970537932	-1.29520335166	7.69575920964	9.0	6.00129408102	5.93088722548	6.07567335878	8.51180255295	8.0894830292	
4.48713211497	6.71522301673	8.74267730412	2.33561227491	7.2145434769	9.0	7.04599279536	8.99998232453	0.976382599903	5.51136955159	8.71491818606	4.25198045253	
8.74834073789	8.99965083357	9.0	2.48216712153	-0.851783838908	7.92970286954	9.0	6.2802842513	9.0	9.0	9.0	8.70771145356	
8.44410898506	9.0	9.0	2.51299747526	1.36839731401	7.60755857236	9.0	8.38696910634	8.81020408086	8.99724307433	5.58310654576	5.52949303621	
0.108703235571	6.4790633991	7.2513289324	2.42868959276	3.80463267182	5.52751462304	9.0	5.37957443494	3.78259390427	6.61559507555	5.82457376892	3.17074872434	
8.5294897462	9.0	9.0	9.0	5.99340900017	8.49502595957	9.0	5.7521661577	5.42717837987	9.0	7.55587305014	4.04647829404	
2.09163926163	6.73213218584	8.99904651779	2.36803854036	6.4584073029	8.05744502402	8.26348150161	8.40340602047	7.5322862492	9.0	5.6496249878	4.20272796557	
1.35690639134	7.23363691986	9.0	2.49881111278	9.0	9.0	8.50318159729	9.0	6.54819149947	7.90965411856	7.08409009136	5.55927715911	
-1.71098453639	6.4883655452	9.0	2.38556892271	7.47480894317	5.81673797501	9.0	9.0	9.0	8.9177168845	9.0	8.94349791267	
2.78821383895	6.54440375896	4.80390300125	2.17666344039	9.0	8.9955523633	8.87761877632	7.46467688991	6.54917657727	6.79320899793	9.0	8.79847251421	
3.28759436534	8.99961220501	8.99750354917	2.43886351131	8.45718722366	9.0	9.0	9.0	7.06379261308	6.28487688006	8.26181177081	9.0	
1.24705783769	6.44238013419	9.0	2.21886504774	4.04906332364	5.3471576147	5.43550672986	5.40765242816	4.70811385535	6.40343242803	7.70913749812	6.12212919269	
2.65538232506	6.477594217	8.85739835979	2.67649309813	0.0199398663735	5.4314366222	8.77428466555	5.48924778056	4.21522253184	7.13944263255	6.97648350851	3.85348902449	
9.0	9.0	3.47946333418	2.28622645655	8.41153100026	8.92500561151	8.53806796361	9.0	8.99996769627	9.0	9.0	8.85894657016	
2.79401995725	6.92336750397	9.0	2.472293086	1.36164786214	5.54237366481	8.48997849836	6.4548566944	3.52221778115	6.52524522209	6.40680580179	3.48298544314	
3.27651278619	6.80654195333	9.0	2.59295661146	9.0	9.0	4.54786687797	6.94028831759	9.0	9.0	9.0	9.0	
4.8471049529	6.85065239696	8.19726929414	3.41126848403	8.43772059732	9.0	5.51804699586	7.18167857446	4.35599202745	8.59154189182	6.49732739012	2.50318162621	
2.8000848454	7.09766710041	8.99975023243	4.16855627644	6.13680519357	6.56103679618	9.0	8.85552615998	1.48436713771	6.26308663158	7.50891024615	2.44803319038	
8.25451011883	9.0	8.99614822447	7.60258372957	9.0	8.99090980234	8.52545969473	8.94088051628	2.01892296913	8.36862917224	8.97972685111	2.64468409436	
5.42675040927	7.35962209666	8.99400469214	7.17243431116	0.691053392032	5.89229027095	9.0	2.43181937206	8.99999988315	7.46800292019	5.54132891973	8.94060955946	
4.93316993179	7.0949188511	8.69284316695	2.23101825813	2.49798600397	5.66400411647	6.18101819149	6.87174333651	5.3538155124	5.49719379333	6.42811101118	6.54605709936	
1.05386627738	7.14580683377	9.0	2.83249182726	4.65674415002	5.84530582837	7.65685229816	6.32085186155	2.06986985912	5.73986168061	8.75583575235	5.07407906185	
7.55948818111	6.56132634927	8.99603519796	2.32463907657	2.01344457404	9.0	5.6015845061	5.9328429011	8.98160036436	5.69976831494	5.61334088606	9.0	
8.99849207525	7.54570425166	8.99969252891	2.20748266256	-2.46377019616	8.99885875828	9.0	5.55511412641	5.97541817688	6.22784234099	7.86828611761	7.44854642412	
4.16285330224	6.74397773	9.0	2.21759242959	2.07952049281	5.35981733206	7.71311065836	8.33522253643	0.192376392412	5.34088147983	8.69417731082	3.65334611875	
