2.50528083574	9.0	9.0	2.45497601019	4.85368942358	5.82665970932	9.0	7.77627521239	-6.0	6.05496492548	8.99993769836	5.13891170564	
0.368137864706	6.76345959114	3.6157369175	2.71115608208	5.16603795406	5.77606846789	9.0	2.67263621054	-6.0	5.9194536673	1.85518952882	5.28147060318	
2.50505605753	9.0	7.3218448253	2.66480764052	1.69805445559	5.48657660022	8.99912114618	3.0715920248	6.34109134227	8.84448141569	-3.56484251299	3.20899818205	
0.743946290704	7.23666706188	8.80040163464	2.8616324804	0.608919923598	5.88553461903	8.9936412896	2.97356239323	-2.91358470873	5.70113093781	2.21603256734	3.5028391529	
-0.162757483692	6.51858879659	8.91473002988	8.14168543216	7.9265119644	5.94425262259	6.77113316245	2.46562899951	0.574833866774	9.0	-2.10747083588	9.0	
0.421882720799	7.03010058879	5.55589417067	4.00229719075	7.3346021284	5.28819243705	6.22179036115	2.82134251716	-5.26647628273	9.0	-1.9018397672	2.62700154179	
0.15783915517	6.53503475921	8.99164632995	2.29250751675	0.458147704371	5.3584452728	8.78266917353	3.80833307222	-5.99938112212	5.48852831057	2.38342171035	4.47541682747	
0.84130237646	7.3084608722	9.0	4.24460195489	1.99964138195	5.28471220847	7.82085480678	2.54961847451	-4.61111911349	5.96188192613	-6.0	3.86864161017	
0.868465996163	7.37095834999	6.78682087505	2.53441499114	2.65062492462	5.49569618451	8.70266821871	3.3619198464	7.29363515376	6.76241413437	6.29480943026	9.0	
2.50532346586	9.0	8.98757807419	8.66247879699	9.0	6.77620290137	6.75689321453	2.51007254206	-5.86561751723	9.0	-5.99356011383	3.26023807789	
-0.357871662092	6.21879788366	7.94791601699	7.04159330065	8.58479921954	6.25115349502	7.22209299351	3.60215525222	-4.01836091916	9.0	9.0	7.66906656284	
2.50534315574	9.0	5.72908215472	2.44114909678	5.04087556205	5.89641734645	9.0	4.63671073141	-1.54036384916	6.12128260843	-3.99933265284	8.99715717871	
0.813495252655	7.28978327263	4.27077771446	4.57657047982	7.36357205223	5.62489816181	7.82162071327	2.54000778136	-1.54440531745	8.94433787374	-4.30593978132	9.0	
0.336288716472	6.63542248507	8.74680687226	8.99969056648	7.01844431901	5.7636748797	7.78719622537	2.35253120176	-5.9575529121	7.89253575041	0.849515521231	8.24949429132	
-0.0485038228993	6.42263122747	0.200949895546	2.777103828	8.99683422992	6.46452055157	9.0	2.30715858145	-5.46120085852	8.99333351959	-6.0	8.9140770053	
0.0650639650937	6.52551015144	7.27064667957	3.92340175894	8.93922773371	6.41260645648	3.3359949126	2.42449067433	-6.0	9.0	-0.686800419353	9.0	
0.413638373757	7.06290137726	9.0	2.68830771225	2.99896410755	5.75316480522	9.0	5.62621223756	6.03306525161	6.04908662307	-5.20125337707	9.0	
0.643412096913	7.24016595304	8.81530192253	5.62547401094	8.98985106239	8.99135951913	6.15750911654	2.49523260342	-1.06202112279	6.81939400251	4.2706250916	8.9542997485	
0.231103153879	6.68670340017	7.3012426387	2.62608026335	0.774515497501	5.19979486327	8.9880585545	2.53076974013	-6.0	5.14153798852	-5.6822799269	3.77876387724	
0.86644444992	7.35027656129	9.0	7.1483027074	7.95899546069	5.80131716536	5.17174742161	2.52587450739	-6.0	9.0	-2.79035745853	5.99519019729	
2.50536784824	9.0	8.99881206849	3.36703863447	0.44322510908	5.48461446882	9.0	2.79476459271	3.38637434516	6.40115201968	9.0	9.0	
0.0594401672568	6.69962386387	2.45667472074	4.21189951714	7.59454254924	5.66321701483	9.0	2.34734628957	2.85755646392	8.97452778522	-2.71305784552	4.64806649033	
0.27161743459	6.8436643684	3.89201201126	2.5334486973	8.46747144328	9.0	9.0	2.75747479774	-2.66093056335	6.145892492	0.451366177052	9.0	
0.305729331308	6.68309777952	8.6166602763	2.70067311894	1.50739844082	5.18574724244	7.16942217865	2.6116269023	-5.4994885909	5.66700142784	-1.67582756673	5.48991316574	
2.50526625955	9.0	4.88831957664	4.613728651	8.99984291094	9.0	9.0	2.47866881893	-5.97497586988	6.78354371536	7.94455842187	9.0	
0.977246551855	7.39094357845	7.098852964	3.3085586716	6.94350456006	6.85278707401	5.52943604914	2.67516207279	-5.97539639794	7.18352574402	2.80497461485	7.74570367038	
-0.193978318754	6.30964011218	0.229649629163	2.63423478983	8.99909493255	6.44769928985	8.91484091736	2.37628549263	-3.50622700271	8.9681508996	-2.64348718145	5.47378193492	
-0.360234638809	6.23092669668	8.24841529992	4.78579736559	4.20657957536	5.52729045317	6.93285988177	2.21557717247	3.96474083093	5.72392090746	-5.22218565703	4.64328176572	
0.119846055674	6.43563045251	9.0	4.45125462813	0.483003883909	5.06627429003	9.0	2.26828451751	4.80605804237	6.72477810599	-5.7423161583	3.52781605216	
0.726642177486	7.32217370353	8.17594486858	6.3786141638	9.0	6.98992803631	5.7701242336	2.65940634747	-4.71943068178	9.0	-6.0	6.37602061749	
0.226173340439	6.80816126005	9.0	2.37868841855	5.32480472848	5.67450877242	8.95430226078	8.27841744237	-5.14546071268	7.02198563035	0.24867871606	9.0	
0.471745723781	6.70955967485	8.99263564422	2.47875648575	9.0	9.0	8.99995874752	9.0	5.37085159968	8.86340642126	-2.69948603609	3.02680433011	
-0.0733061866221	6.47223706503	8.99999584264	2.52027125426	8.94470691968	7.04377825255	0.798980795499	2.41319956319	4.48014176102	8.63189073443	-0.247605465284	4.9796718032	
1.0142540361	7.42497456177	7.62836915436	3.96904197425	8.34928056089	9.0	6.29735505523	2.61662740156	-5.50558513649	6.39030323056	3.37821935978	9.0	
0.329208382862	6.68640035413	7.34875507493	6.42141392364	8.31166113278	6.09291393593	9.0	5.37178658772	-1.54886620026	8.70467598251	-5.98642406577	2.18992042678	
0.712000358479	6.93205796239	8.99992309137	2.48874330782	0.151860213444	5.52942270231	8.81031365045	3.37387070499	1.2696193875	5.63182334735	1.57993627565	3.33882500907	
0.355407203186	6.63472173407	9.0	5.1277459982	9.0	9.0	5.09799366767	2.37035507794	9.0	8.82403795221	4.01635802287	8.67986808776	
-0.0829620522335	6.32547192244	6.73760805003	2.27281174041	2.90407443765	5.35389947799	8.19326327545	3.45895557932	-2.48642786543	5.8490207549	-2.66623181996	6.35274424149	
2.50191818189	8.99692780279	5.28906961385	2.47579746158	6.08550323584	6.25954718105	7.69249111125	3.53562581533	8.59051260007	8.95902896243	-0.982453792505	6.29108872894	
0.49497037482	7.00140201602	6.05954463339	4.6521678296	7.51990910173	7.70609319364	7.98374724525	2.40729190732	2.38356205401	6.29636337906	-5.13626008133	4.89913759322	
-0.140918005264	6.48934534241	3.52446251867	2.66545093754	7.46266020538	5.26263396159	8.12901171381	4.3477774209	-3.77686774032	9.0	0.736612429722	2.50074634131	
0.291374402082	6.61134385528	9.0	3.01280467918	-0.895235192969	5.15531397386	9.0	2.47931477782	-5.88926350525	5.58246237982	-1.05567575807	2.86737393248	
0.456119851519	6.94402609097	8.65757484872	2.49496302078	6.9980787149	8.68009493904	9.0	6.76871870144	8.79556888792	9.0	-1.27223027806	5.3727444505	
0.0707254074634	6.70011528715	4.58249778302	2.40729653547	6.95163579751	8.39802971129	8.95648515892	2.80812221015	-4.64949771181	5.45738060241	5.60171997501	9.0	
0.0907541144832	6.80860885723	3.54988097255	4.53286570383	9.0	6.53628301354	7.85681233182	2.30740101418	4.75168846109	9.0	-6.0	7.40701617009	
2.50377150738	8.99852606646	8.7602751516	3.37559914232	9.0	8.96912680129	4.47453467828	3.09463159292	-4.64896256827	6.8141325	5.26874467771	4.79460792088	
0.362412684191	6.89558023731	8.99110197603	3.76843256347	1.37425271215	6.06416848348	8.97781761297	2.59341523005	7.06919376423	8.99775630035	2.91845696668	4.50635476333	
2.50542056352	9.0	8.58201039805	2.76171889424	8.50787717426	6.58374274671	1.76873978508	2.71757113866	8.98703213283	9.0	-6.0	9.0	
0.779593676021	7.12133323403	4.83866332336	2.87689251623	7.79306725929	8.63643586066	8.04226010393	2.635430941	-2.12710580752	6.16382471933	1.26976639554	8.89351153642	
-0.00947204099631	6.54499931234	9.0	2.24372587728	3.73719711571	5.4303027684	8.80867840768	6.99332214945	-2.19550111875	6.04810318283	-5.99999999998	4.86547953407	
0.175189878519	6.72817118053	8.05911785905	2.57505015638	-0.254294331637	5.04670824652	8.99984710547	2.46980722078	-5.87836554887	5.37548615002	-5.90083080645	9.0	
0.349703800269	6.77758625956	5.78683002312	2.65108879943	3.10112562355	5.20629932604	8.91242416463	3.20811177763	7.92192119278	8.23447761003	-2.96824649617	5.33372155761	
0.772611623359	7.12789688496	8.86065585977	2.94062671454	6.95084800353	5.41475196717	5.77052183648	6.47999976668	-1.39360309927	8.52296027938	2.02368042787	2.60158762019	
-0.0887112958967	6.50337807154	7.42440971379	2.66078325092	9.0	8.67120055075	6.76568069862	4.9400667916	-0.264736851013	7.1291172418	-4.78301797766	3.06154654925	
0.215442742817	6.75298064028	5.41201423655	2.57817547826	4.3469678225	5.39393982847	9.0	3.97200759329	1.0785854712	6.52821045988	7.92846323905	7.93666178398	
0.937619406244	7.38131231392	8.00922108033	2.65891467427	4.36053237167	5.88790779585	5.71775423676	2.86246853555	6.89977346459	8.91790608429	0.569551001965	3.78703920408	
2.50393597645	9.0	7.23163212471	2.43787967543	4.89996670956	5.84367099509	8.94227160609	5.99490336759	8.96271592484	9.0	8.96265289764	8.9991306	
-0.0526665398765	6.48551011892	7.61306868021	5.65394612449	3.96783694592	5.63547301166	8.99715635976	2.32491754627	-4.80759276493	5.40814362916	-5.61871168374	3.24011358609	
-0.0149677138348	6.50614658603	5.06223106266	3.4752811443	4.61632611794	6.12488466694	9.0	2.26000808448	-6.0	5.29303506745	-1.90741614816	9.0	
0.525032870807	6.98411690767	9.0	4.11963670297	0.825835422186	5.18949207659	8.99486460249	2.86620868768	-3.94705937213	5.51735271622	3.53795752901	3.19820688209	
0.39401891194	6.95684636033	8.9889122984	2.45691821272	6.15445688216	7.49465148128	9.0	7.15322161088	-1.89799148779	5.82239384751	-0.305683060513	6.73528827101	
-0.201061602729	6.34331027575	4.0507947488	2.44020039864	9.0	6.84105149886	6.50919626295	3.58037436916	-0.822401089373	9.0	1.72244103792	3.87860725913	
0.0797145069783	6.72563786109	9.0	6.9422583047	3.94857885603	5.57912207755	8.9332809261	2.30977224645	-5.31402384722	5.75975649437	-1.90233940429	9.0	
0.350139518395	6.70269413116	3.66647973417	2.71234689024	4.78677740519	5.17533473816	8.72289622439	2.56585824717	8.63496686738	6.71304577075	-5.77574034464	8.92641616754	
0.426232719223	6.7090193485	1.15448672832	2.33599247308	7.57595780521	5.34965978947	9.0	3.493996848	5.82933405356	8.99313044565	-4.81211000005	6.3084638514	
0.260303271347	6.70649352639	8.99998499317	3.79374302158	1.41542081743	5.09966813946	9.0	3.7488245069	-1.25354037419	5.23659999311	-0.74121924332	2.20234489438	
0.134670130838	6.64134112075	5.39046638818	2.370082763	7.09237727198	5.25912012578	8.85104822835	6.87582069675	0.596407136634	8.99297816847	3.21608319599	8.99653636437	
0.271757172154	6.88578740271	8.92248772396	9.0	8.99342990386	7.6980427987	8.38996594312	2.54249116246	-5.76778488955	8.40149483975	-5.27352644644	8.99930014292	
-0.073400992252	6.37849260707	1.30408302217	2.43752141425	7.7709423432	5.54970551846	9.0	3.434342417	3.61649867091	8.98402009287	-5.99982473066	8.91824700858	
0.156834326257	6.72108200185	8.12633939589	6.59837735533	4.02326847958	5.23669648155	8.95134831477	2.43971341386	-5.46335116251	6.34798727627	-5.77971808431	3.24841481377	
-0.0749574603208	6.40957368321	9.0	2.26240682471	-0.842946720437	4.97549066887	9.0	3.11759223709	-5.53692110192	5.25690225112	-5.61952255365	9.0	
0.708505340095	7.1387863683	8.88169031985	8.7969362751	9.0	8.94792968921	8.9432201708	2.45203497067	-1.41984003954	7.14095260639	0.971343884333	4.87853900659	
0.548802371412	6.84594486026	6.83824208317	8.59059554612	7.69345528453	5.86309747891	9.0	2.58238052354	-3.80268556067	9.0	-0.00126829086857	9.0	
0.0390603891949	6.66388302352	0.912713726683	2.63462802204	9.0	6.43776847458	8.49367945226	2.46283324988	-6.0	8.98259594529	7.6642391423	9.0	
-0.261177568055	6.40007452034	7.73355094093	8.00827169903	8.85480830494	6.73073228671	7.55141680404	2.36752207254	-3.92846667994	8.88515010751	2.24970595304	9.0	
2.49475314445	8.98824882966	9.0	2.71803403174	6.20696842949	6.39265008743	3.45484136468	2.75704496063	2.40732811903	6.63116858781	-2.20050985039	8.37642514015	
0.647916325611	7.09935226995	9.0	8.89752313815	9.0	7.23232771808	7.62611311109	2.66751353346	-3.31336063227	9.0	-6.0	9.0	
0.46037256747	6.76213702422	1.90060588303	3.35714684244	8.05730984912	6.34002278572	8.91428971973	2.61515156789	-1.9883985474	8.7794320688	-2.12491770217	4.3685463587	
2.50425305251	9.0	9.0	2.44181676969	8.94843904615	8.69370111922	8.98454456083	8.99919635053	9.0	7.51166070473	9.0	8.99997200176	
0.47820203612	6.90878474139	3.56328843281	2.35688576746	8.18286155887	7.87543806539	8.96919112725	3.61025608003	-6.0	6.80876334735	8.73447506204	9.0	
0.253819695462	6.60943505238	8.99983389346	2.6857172951	-0.535921757943	5.47897206089	8.99891164799	2.69802364178	-5.39931471971	6.03444995133	5.23047889767	8.99976558837	
0.356843946396	6.77220527213	1.2116753478	2.54542891944	7.93235508004	6.1250135848	9.0	2.88000648167	-1.48934568159	8.78123997889	3.25001339518	5.98317699331	
0.611396563394	6.96888086993	2.24571697742	2.69755971884	8.99998089517	7.06236396679	9.0	3.90818650039	3.76123191299	8.99999971065	-5.19063314188	8.53100301152	
0.868850182499	7.40083416735	9.0	2.80225423575	-0.370720068351	5.35784329688	9.0	2.70690950031	7.97349743492	5.70797693413	-3.00034934045	9.0	
0.292857708407	6.9482243762	8.99986032178	2.54779483056	6.19379645953	5.57235839848	9.0	8.99999593563	8.96525490191	8.54193882494	-4.3349564221	8.35115420112	
2.50505999785	9.0	9.0	2.43938199036	9.0	8.77216828056	8.90450961404	8.89676346795	-2.07899212859	7.00428372307	8.55199116958	8.58984294246	
-0.105246331734	6.54736053853	2.24087936764	2.68836488253	6.35052596917	5.32021271288	8.99885895045	2.53435498248	-6.0	7.60297408953	3.09226708109	8.4515543378	
0.0313308171026	6.42710266121	9.0	2.17848992846	8.55352685958	5.98886899103	6.25075417209	9.0	3.76185822858	8.94862090029	9.0	8.92134885794	
-0.150754337408	6.35778966787	5.87305095398	5.55012780474	8.99060992656	7.19181549265	6.8594783404	2.22400888107	9.0	8.72579764935	-6.0	8.79167974002	
2.50545853163	9.0	7.92895156687	2.58694110118	0.965481635737	5.48448015954	9.0	3.02751171655	-5.58446922326	5.71008639573	-4.1682852058	3.95571539524	
2.50494229295	9.0	8.87050603062	2.44465888018	8.62660912931	6.74259359322	6.90547325997	8.41951221811	-5.89489594353	8.66186820543	-5.13683032518	4.48483531992	
-0.192693933311	6.39906731075	1.48793708571	3.06559142712	7.6231871223	5.75422541505	9.0	2.50947500495	6.43037542642	8.70883548185	-3.32141198572	6.80959673441	
0.330059904337	6.78853756718	9.0	8.13956754905	4.41051860356	5.177155157	9.0	2.40659996455	0.779085338439	5.99620138872	-0.744824455835	2.67850763576	
2.50333794271	9.0	9.0	9.0	9.0	6.93757838403	9.0	4.26444539717	-6.0	8.83728728604	-5.99999920601	2.44650555434	
0.371856856627	6.6453473568	8.79611433038	9.0	8.98319553596	9.0	8.95134948192	2.34973751495	0.296730333198	6.65814739462	-5.96498252159	7.47732966061	
0.347604425328	6.89590459049	9.0	6.68740347801	6.7332962334	7.67359321901	8.56996206474	3.0200350297	5.15926213736	8.7297140421	5.30630511569	5.12417515545	
-0.229882477533	6.37269341384	5.44870166861	2.68771548173	7.75421995799	5.32116057955	4.07187682773	2.36820364827	-3.40858632665	8.99906864191	-3.14332830636	3.81499916638	
0.161817229051	6.82608429962	8.66990586061	8.97816090749	9.0	6.60545128755	8.92597880189	4.24481599741	-6.0	9.0	2.09388147054	2.36513254255	
0.777026102384	7.26445468148	9.0	4.46385317841	8.06354780042	5.77639205536	8.99769176642	8.91092110613	-6.0	8.9859308224	3.61206075663	2.3990018474	
0.189305001238	6.58385042053	5.89728820676	4.57710456157	5.72257820622	7.05822402178	8.97331649803	2.35987199787	9.0	5.99433970037	-6.0	8.55630311112	
