0.862584376261	7.40890161564	9.0	2.52682018505	3.361609752	5.46616558101	8.99559854972	9.0	8.81000686532	6.21489592169	9.0	9.0	
0.0375777816219	6.62252113394	9.0	2.2820071058	7.37336671276	5.3003693234	9.0	3.02768384204	9.0	9.0	1.18037000348	9.0	
-0.34110545489	6.34400843018	8.99296431138	2.35398488555	2.43463599581	5.39095080156	8.95106721744	5.60194425216	8.98585294159	8.9570924665	8.99717524535	8.9977033505	
0.0344313904305	6.43590507527	8.47872307468	2.25531001643	4.70777179593	5.23814934924	9.0	5.29066786929	7.65707451513	6.47958195339	4.38179321962	8.20605573765	
2.50499185257	9.0	8.774161446	4.02746671397	7.42550742474	7.04731935463	9.0	2.45276222536	5.40001296131	7.76247533113	6.53056831297	8.99999046516	
-0.0940290447407	6.51229556879	8.83148672163	2.54995291739	8.69658487892	8.9555040122	8.96227084684	2.40086306274	2.90526884082	6.36209824919	6.71441737042	9.0	
2.41700104485	8.91128171033	9.0	2.45080985622	8.99801893801	6.78567882144	9.0	4.6647985798	2.58424814029	9.0	4.62726860543	4.46705266674	
-0.171488470744	6.29965280755	8.99999546951	2.43588819743	2.78116421573	5.2619811857	8.73411107393	3.68849718497	3.11739832093	5.66249553501	3.90407123626	3.72919381106	
2.48521166113	8.97753746688	9.0	2.48232080299	3.20801829621	5.49516908983	9.0	4.82290554196	2.84067043987	5.8254295903	7.87818879865	6.46662260116	
-0.153266457942	6.27344952722	8.07384815757	2.27332914731	4.21157325331	5.47699822474	8.20066233385	8.88287689879	3.97902026398	5.99966411755	9.0	4.0753258715	
2.50511960229	9.0	8.62814881892	3.41451117021	8.57302743483	7.43238370604	8.97282273524	2.51789991033	4.71880245097	9.0	2.12475330944	3.8130453965	
0.0794693353362	6.50443979741	7.78096163345	2.26370661646	3.67594670977	5.10567717486	9.0	2.98597956338	2.47312481038	5.63512278666	5.12265530133	5.30125647773	
2.50002347707	8.9934832135	9.0	2.48789352307	3.77229217821	5.55161689805	9.0	3.38171170508	5.17991489407	6.01891777452	2.71530925417	5.3897575314	
2.50272858548	8.99839603918	9.0	2.5153889084	8.88615329886	8.99949550788	8.87288178039	3.23122916556	8.99999999706	8.56011717903	1.51732976679	7.12963094091	
1.01603769211	7.49784551155	8.99726613744	3.07493816263	4.80406080832	5.8552150583	8.9967847413	8.51548018501	2.01465011239	6.197206348	8.6463574939	3.01267539514	
0.344398975643	6.68234173609	8.84308122184	3.32114260342	3.25508320768	5.27283232911	8.79797700144	3.04356681823	2.61254242366	5.78317353149	4.17787387989	3.57822657378	
-0.328639923334	6.31753093048	8.78719986158	2.99335634037	6.92025655371	7.56024395787	7.9129997079	2.39534849591	8.99650395387	8.92232403103	5.22479708125	9.0	
0.21418800459	6.54007945054	8.5246866534	2.2460353673	8.99986511422	7.68694153521	7.23522220295	9.0	4.21134897939	9.0	8.91712447373	3.25883165395	
0.296146668314	6.70294353821	8.70999895229	2.29595018008	2.21058987326	5.27605418593	9.0	3.14506220736	4.78954517756	5.84478441392	7.09390944723	8.31994373926	
0.0587616920316	6.49661144316	9.0	2.32327684055	1.63515146414	5.44079285364	9.0	3.15362056253	9.0	8.66040132138	4.62404822769	7.03747035338	
0.214434827722	6.68600241825	8.96680860165	2.41143993359	5.17405943874	5.43108300641	9.0	3.00727767589	6.29758033995	9.0	1.16309922383	4.05748348743	
0.260926163916	6.77211227261	7.73492430218	2.37809500617	7.75160213648	8.93479545966	8.99574756265	5.43773326239	3.7701782727	5.66646702224	8.92956074782	8.06299258563	
0.0694481363088	6.62616661625	9.0	2.38300667906	6.61099954999	5.22913357033	8.84176898393	2.94385930758	6.02752608813	8.43889841448	4.32083085759	8.97763806628	
-0.138779061488	6.30967006881	9.0	2.29075491528	1.58439073466	5.10393490141	8.99991808409	3.07497988066	5.10671889875	6.93977223261	4.14921114985	4.68185079913	
0.877611400158	7.24671852539	8.99999857027	3.85112500142	7.67470960043	6.48046297938	8.81566710179	2.69482141784	3.63739077718	8.99860396962	2.6857277277	2.9891936722	
-0.225971208506	6.41644842127	8.49781866439	2.28558256475	2.87039059915	5.46302876956	9.0	4.68856732359	9.0	9.0	8.01463954631	9.0	
-0.211970305029	6.40248890936	9.0	2.24243414134	6.62210440804	6.15053130434	9.0	3.62909088302	2.17705911564	6.90961937919	2.9300801661	3.72997624719	
-0.179767976499	6.41100842625	8.81000725199	2.30872973698	8.99962923249	9.0	6.75902621474	6.44149603953	8.99873825598	8.99962195448	9.0	9.0	
0.0267993947023	6.47396947152	8.83849213405	2.74636360994	7.28010472194	7.92810296972	8.63605278724	2.34236361846	2.64639271885	5.78951201642	7.23540434833	8.99694971065	
2.50514278944	9.0	9.0	2.47833587491	8.27805240745	7.94057684076	8.8544552347	3.80890688171	2.05535010647	7.12026958665	9.0	9.0	
0.813037590103	7.33144074276	8.98447242317	2.54504747303	3.78196176284	5.72783600419	8.99990246212	3.23479624814	8.77849982384	9.0	2.87358478134	6.01227673746	
-0.00117051624847	6.53911768209	9.0	2.28597597605	7.71987381305	6.06916719035	7.00910261524	5.90188500216	8.97753197197	9.0	5.76382837232	8.59727025587	
0.505585190126	6.97725545469	8.27856748532	2.99167945584	3.29448709894	5.16977243097	8.99999020499	2.50564425981	4.32613293887	6.83978989344	4.5724980248	5.33488127313	
0.262489920873	6.70629577611	9.0	3.81897315584	7.51381539223	9.0	9.0	6.06375671998	3.81914866861	7.15744524615	9.0	5.52729278904	
2.50501775455	9.0	7.66249081387	2.95474226402	8.26088820311	7.98684502891	9.0	3.11326109022	4.70088322428	9.0	3.7696014272	3.49899334513	
-0.0817517656461	6.4790359476	7.97569031629	2.22489736556	3.39609265165	5.09857208807	9.0	3.54586686332	2.93928150031	5.49562311214	9.0	9.0	
-0.18687821407	6.3548997013	8.9871608579	2.18351796006	2.26074600772	5.07297484173	9.0	8.99988279821	8.97739950862	5.63966502138	8.53543559501	9.0	
0.260212570317	6.6526028527	7.55744300716	2.28844139964	3.15125058117	5.37079070879	8.99997730619	7.62233426831	7.54768963813	8.99980932072	8.99002656003	5.42792184095	
2.50466724514	9.0	8.99991518594	2.44083092523	2.8384316388	5.49887288597	9.0	8.19274698693	8.19054820375	6.05645725201	9.0	8.99980823583	
-0.214001460439	6.31624564185	9.0	2.35305058074	8.23718476532	8.99155084059	8.47464111234	8.54793062556	6.28129118857	6.1738170223	8.96822025036	7.88708992486	
0.873976945206	7.37454859901	9.0	2.64484222861	4.03415877444	5.5365449424	8.85645914065	3.22068234239	3.6344467691	6.7702984181	2.59762675429	3.11319205647	
-0.296208680114	6.22118246095	9.0	2.28990891946	1.85997316125	5.14199521651	8.97659040125	3.26694159504	3.67769398538	6.009800002	9.0	9.0	
2.50534366054	9.0	7.06367436782	2.43897084975	9.0	8.82367390817	9.0	6.93401629308	9.0	9.0	8.97245526599	9.0	
0.743881921919	7.30527195594	8.90425226618	2.57742804956	8.9672514605	7.65301137804	8.92960798213	7.56148584524	6.17118620393	8.11647725927	8.64501618699	8.79618717702	
-0.145235205332	6.31458418678	9.0	2.40396877194	3.43977648014	5.42970183322	8.99836525336	6.70623014083	1.10337689293	5.41612971637	9.0	4.91212567767	
-0.210543331997	6.3066224232	8.89474708845	2.29775458299	3.93780876292	5.44203930512	7.60637092693	5.910929831	4.67520293086	6.33629212923	9.0	7.20287098148	
-0.0497418147937	6.4662822893	9.0	2.52926679353	2.25959315489	4.98176217174	8.51052555863	2.5663349288	3.66820414836	6.03337718955	3.41869113631	3.93579647763	
0.130154721778	6.57185785889	8.95571971951	2.96660734677	2.96530930284	5.12958952506	8.8042098758	2.45699664762	3.02965131944	5.49648150733	3.75375849363	4.83980269458	
0.377250244671	6.88614463729	8.90127405463	3.39608163961	6.26827547454	7.68154766233	8.42852453044	2.39376067997	4.67555012943	6.93073812916	2.50118782193	3.50198569293	
-0.304298565962	6.35256455108	7.17440586773	2.64891497932	8.85493319888	8.768915136	9.0	2.51557458135	9.0	9.0	4.68812336671	8.76559449899	
-0.312836547091	6.43151942746	9.0	2.36450698985	5.72850936852	5.73127865355	8.16031007771	3.24073402029	6.14350670371	6.80159482195	5.15029904719	8.93429398376	
0.810303085473	7.22340182016	9.0	2.68876218481	9.0	9.0	9.0	2.9021232559	8.97337829332	7.41717261485	1.09840995992	8.51994686587	
2.50542832904	9.0	9.0	4.24006590081	9.0	9.0	8.86711023845	2.44603262988	8.39023167443	9.0	5.26869216369	9.0	
1.01638624387	7.47924750639	8.64587353868	2.59914476489	8.99830823147	8.5871557108	8.9171653508	3.20204119367	4.86636143395	7.21692000882	5.97476048491	8.99858073892	
-0.0432113097315	6.63893279279	8.99824337763	2.88265802961	9.0	9.0	8.06349166002	3.31638490197	4.75078907068	9.0	2.9700332016	2.66644950419	
2.46861239704	8.96239274747	8.72414578152	2.51640078809	3.72213472709	5.55669117943	9.0	3.25171896822	7.56345916151	8.24714552055	2.58744186693	5.18496300406	
-0.185309597579	6.42239672913	8.22716597286	2.15201553922	9.0	6.88211736373	9.0	7.33935410776	9.0	9.0	6.11566283484	9.0	
-0.126974027285	6.40716060262	7.89668405936	2.27426035007	4.03411778261	5.72181788201	9.0	6.3474280412	4.10808822634	5.40852292081	7.04818151002	5.55089576775	
0.178014803871	6.62553375833	8.07521718439	2.44788958574	9.0	9.0	9.0	8.87799486829	4.99433023266	8.97621604873	8.17931231761	3.12740840139	
-0.166754135346	6.34053089625	8.99905346765	2.40072147611	2.19619375357	5.00507334267	9.0	6.15180822962	2.89536517816	5.80562634977	5.82103369338	2.75449684375	
2.50521688082	8.99967116897	8.99990495421	2.89772779018	9.0	6.78907253851	8.99999997154	2.9235685742	1.4500160463	9.0	9.0	9.0	
0.133175420092	6.50914586095	8.43073558919	2.25560172945	2.25235052755	5.0295464778	9.0	3.81009992727	7.18520545635	6.94191159993	3.80060413481	5.96269035828	
0.314444240647	6.75363199576	9.0	3.39498246476	3.06561815105	5.29154350275	9.0	2.3159288864	9.0	9.0	5.5544802207	8.91871862073	
0.427746043095	6.81574311467	6.69721198569	2.34708658388	6.26809831962	7.06775315783	8.99903202387	3.76243698611	9.0	9.0	5.04213655275	7.02574882684	
-0.0969760614871	6.28314856545	8.999794688	3.50057093936	5.84586174218	5.82732170836	9.0	4.56739688534	4.38944708788	8.96517046016	3.66179932716	2.34731947848	
-0.240287756907	6.2445496354	8.9276204949	2.17528164657	5.55317744407	6.07347030915	8.91853956468	8.99392162119	9.0	9.0	6.64737274793	5.96505855928	
-0.218280917926	6.27524066874	8.98790086155	2.91129181006	3.42676162257	5.49399154436	9.0	2.48292674703	8.88414115457	6.05265542684	2.43720100487	9.0	
0.0576512871424	6.48361191877	8.55020925477	3.12328149722	9.0	6.46307390753	9.0	2.31726596762	2.18047216143	9.0	1.94679351065	2.99350817032	
-0.326597055195	6.29819262386	8.99901409382	2.3893746294	9.0	9.0	9.0	5.42987273359	7.30614037409	8.53473594524	3.58006970586	5.52879242761	
0.279565121272	6.78853707787	8.81240070273	2.46541504349	2.32350864354	5.02315978163	8.90152246929	2.57756800419	5.10009973872	5.65792044671	4.37032221973	6.8579603923	
-0.119277305951	6.57880685445	8.99997387971	2.44753094133	2.62868663974	5.50757285949	8.78915379825	5.66109607746	8.42258668875	8.29374728776	9.0	9.0	
2.50515985178	9.0	8.93631224947	3.75963627193	4.83100328155	5.81627034571	9.0	8.99968295362	4.6441114373	8.2350144371	9.0	2.76113007438	
0.955838134428	7.37969191916	8.99870371287	2.67857377467	4.15498507773	5.6076192261	9.0	3.40927674522	7.17399629884	6.36452971439	2.89863911398	7.45009501363	
0.0222552296749	6.32838501403	8.99997359357	2.72472233237	3.16589392814	5.39857609415	8.99943498057	2.48184756933	5.877777546	5.71178229954	2.82613753614	6.9077367381	
0.178353875732	6.60556852837	8.81761303889	2.68336829146	2.48661329061	4.99100176515	9.0	2.43880778944	5.69278279191	5.7147848161	5.49585431624	8.99982173324	
-0.185672309027	6.29588578076	8.98802436813	2.43995774718	4.00690802285	5.59907904028	8.97991344844	2.92431047739	1.40782530323	5.39001161516	5.30455874166	5.58897736226	
2.50523465598	9.0	9.0	2.43982672603	2.52693747016	5.4905468567	8.99899241511	5.48668983959	7.64499265171	6.79350396457	7.87929163215	9.0	
0.228216198463	6.63015924878	7.29839689549	2.65949624678	8.12042139051	8.99999999794	8.70968693734	3.91094765123	2.78469587626	6.03641706416	8.06996858999	6.79194469879	
-0.271251242095	6.25284088178	8.56032825774	2.16015847394	4.51232676332	5.42009667983	7.42754725915	9.0	9.0	9.0	9.0	6.07818321607	
0.0887397397928	6.53131951715	8.86791720963	2.50175792307	3.48604324288	5.15131781312	8.34591531641	2.90507051052	2.48305716371	5.842080521	9.0	9.0	
-0.235098105091	6.32743428174	9.0	2.19006299111	3.06109223871	5.16299526136	7.52633139305	4.77409246503	8.71207089783	7.80081408098	7.51508715309	9.0	
2.50346300385	8.99747153949	9.0	2.43753860606	8.60443351158	6.71272325242	7.59996910129	8.94496269327	8.72471112448	8.99574646517	9.0	8.99999947392	
0.964848720579	7.36630932425	9.0	2.54029534304	7.35495693021	8.36496484114	7.38662711333	3.48525668023	3.62355658715	6.26164135573	8.66216680611	8.6344447017	
0.483546562808	6.88793626585	8.82340550345	2.4121026281	2.47635584748	5.1911318129	8.99422918212	2.93236621452	2.50498369868	5.5605707889	8.99420312365	9.0	
-0.0831778803721	6.52102336088	9.0	2.32551629016	7.18113517948	8.13813889079	7.29619055932	3.1412047276	2.59432720871	5.68936729114	9.0	8.9165271823	
0.791696788898	7.07286401262	9.0	2.61560529892	2.3855818476	5.65652876086	8.99894401971	3.6111864441	7.03424776543	9.0	9.0	9.0	
0.110091123992	6.55745386126	8.74803732795	2.53769811874	4.01551948413	5.38365702997	9.0	2.49897709194	2.48047244249	5.54991943221	1.48022829677	2.98631851704	
0.42255782492	6.9163439033	8.98431009106	3.07625035019	6.26191686374	7.77167870993	8.88045239652	2.55115802948	8.99992022921	5.91036078736	1.90951703216	8.96739485491	
2.50526983361	8.99999152719	9.0	4.35373609191	9.0	8.13996324381	9.0	2.4444690588	9.0	9.0	3.77775807347	9.0	
0.00811067195709	6.48573118505	8.97071808825	2.63909957002	5.44086850482	5.09944532661	9.0	7.36593532994	2.95951296572	7.79353177827	5.91169841786	2.58264152833	
-0.239314684244	6.22049948779	9.0	2.44732259242	4.17111992946	5.36299265849	8.87421147631	2.74182310623	1.21047559711	5.71105345912	8.64064037646	8.89217951294	
0.628515272964	7.12933221012	9.0	2.60961021796	6.11169954011	7.07684960362	7.7276708808	4.37531244719	2.05955464246	5.79364224712	7.42561962562	5.7520939186	
2.50436531513	8.99888806205	9.0	2.70359155051	3.902876198	5.57694433274	8.58470285123	9.0	5.97276618251	8.99694682103	8.57390544637	2.91765148323	
0.786284029436	7.13571232277	9.0	3.4866338462	8.83685223011	7.46777512987	9.0	3.17667927816	3.08493999006	9.0	2.84864824694	2.89572832079	
-0.0888073355373	6.40734856132	8.81392102331	2.19782299733	2.04547048013	5.08598916363	9.0	8.67135487293	8.452717929	5.96793971658	8.80715870236	8.33689576828	
-0.210538880729	6.35210238231	8.99983888697	2.49771302864	9.0	9.0	9.0	5.82941524357	1.88102085381	6.48800213944	4.26905036234	2.4162723605	
0.914360142917	7.40317111116	8.98411164701	2.86097124307	5.37404277223	6.24093845617	8.83194932218	2.67779893882	2.8580315252	6.16949412165	7.8440296767	9.0	
0.364657605288	7.03204625334	8.39088526523	2.62272363337	8.48675515069	9.0	9.0	9.0	9.0	7.13899228583	8.99887917275	9.0	
0.47635478771	6.98662448463	8.99133126453	2.32443262466	7.29756804046	5.53146198672	8.8689746532	3.50210367557	9.0	8.91685229751	1.83427648667	9.0	
0.172305487217	6.6853819316	8.89532640974	2.71018562461	3.87270903553	5.61693755612	8.85859365342	2.83542157744	2.22969188097	5.65626680048	5.201942903	5.13360515315	
