-0.353657777799	6.26921838147	8.91941389527	2.34447774338	9.0	8.9665592361	7.21408874715	4.0965607787	7.23529403507	9.0	4.88720598544	5.80992758489	
-0.234455311264	6.35749628003	8.81036751478	2.43536026367	4.85235561526	5.82483058887	8.87371151451	2.94760944882	2.84662790962	5.99611396253	1.45847866489	2.70555856244	
-0.241283218607	6.26669647352	8.90147295891	2.27799508844	8.95806002778	8.99997048981	7.74573413995	8.81792203938	9.0	7.63724448619	8.08345519847	8.19693815634	
0.504164723901	6.86929148789	8.24454999363	2.4791203072	3.77713780633	5.29368605399	8.57179601168	2.80206671246	3.73560459143	6.29749729343	2.35164958492	3.11889796045	
0.110171182231	6.60935868342	9.0	2.70696775323	9.0	6.5436074495	8.87016540046	9.0	1.19124152974	9.0	9.0	3.12906668572	
0.471071977271	6.99421347104	8.74848224373	3.29611954217	9.0	9.0	8.97145741528	9.0	3.44886196201	8.14101583548	8.95365674423	2.91057561536	
0.46958148278	7.09666381202	8.89782988662	2.37633495146	6.0458475233	5.51789440001	7.93352832785	3.73267553107	6.41030172071	7.54067489974	5.95292634777	9.0	
1.01524623227	7.50374408099	9.0	2.6765062539	3.53918738046	5.97814172931	8.86418573392	4.29967873924	7.14492094069	8.75776246301	9.0	9.0	
0.183466113312	6.55593220229	8.63803302576	2.82561257162	5.06854241449	5.81044548166	8.10819404012	2.42103478913	2.29054462967	5.92519284633	3.03945312174	3.45067330029	
0.320962693028	6.96760836256	8.72171951438	2.9665672569	6.04436536957	6.17164364757	8.73356877142	2.95355178415	5.66018905397	7.49638720088	3.51967576863	5.95636586183	
-0.29496490087	6.30054559313	8.62133204109	2.4454223228	3.97410084498	5.29530942939	9.0	5.52300814083	5.36851000386	8.56655082527	4.29922353667	2.50042263545	
0.747758214461	7.19602046601	8.99421086612	2.53781196865	7.37912822059	5.43848812867	8.98138718169	6.25234995657	3.37380464794	9.0	4.8186225244	3.48377545239	
-0.22817075551	6.248604425	8.96252206299	2.24625029918	2.48911170893	5.31990131983	9.0	8.60923688189	3.30113793709	5.57985084756	8.63499069305	3.9084246934	
-0.192849624408	6.30057865525	6.93466289527	2.37617223964	4.44619720007	5.59494816512	9.0	3.36860530914	3.38470481257	6.0880501926	8.51886000211	8.07377701228	
-0.136470271959	6.40728148556	8.50796893201	2.22299218148	2.49304776226	5.06578078487	9.0	9.0	8.76759678281	6.86229151542	9.0	7.79169394815	
-0.288686013185	6.29640767893	9.0	2.38210376568	4.933120688	6.06198724483	8.52236310956	7.71149432084	6.6556762701	5.95474897477	9.0	9.0	
2.50403999077	9.0	8.92698746708	2.55756185779	6.6420308595	6.97882358609	8.15146253774	3.03968330537	6.03570511483	6.67921344608	2.77885602547	6.43858158045	
0.234267936427	6.5483265383	7.20605300832	2.51654901107	9.0	8.34341535546	8.51477563769	7.35794785359	3.35484240106	8.07869478178	8.05541048145	3.2201588769	
0.0267596289592	6.35571747226	8.97120924427	2.70900296054	3.38978833448	5.18583315243	9.0	2.94772846592	1.94315730297	5.6640919324	2.56115335312	2.76552412709	
0.0948284405728	6.5654696455	8.9525549499	2.30490148569	2.12382047867	5.27146988797	9.0	4.66448471763	4.77688549973	6.10801387808	4.61216586405	4.4131345923	
-0.032089310214	6.42438444026	7.38581196742	2.17656319607	4.3248291969	5.20640775256	8.56546981196	9.0	9.0	6.93482543279	9.0	8.21813045456	
0.228448344163	6.66338659521	8.99974756827	2.18792173675	1.55515397533	4.98121864525	8.90362013273	3.52373088432	6.48168052472	6.21582930168	6.76406168468	9.0	
0.911328773061	7.37981032702	9.0	4.22665351851	7.93221722524	7.6413284942	8.98763975274	2.53473790115	9.0	9.0	4.4312101261	9.0	
0.057830783708	6.58248416108	7.95406894015	2.85701837502	4.731216967	6.24311459738	8.97979862774	2.93984434857	5.64276659542	8.75363128226	3.43536107837	3.03952907307	
0.39126084055	6.68754443333	9.0	2.43343982836	4.47279378148	5.61128693857	8.70511181574	2.71175108298	8.24675063116	7.85156100562	0.769118757445	5.96986566412	
0.473740923693	6.98132600053	8.96694748288	2.61824100907	7.15904774348	6.95058993671	9.0	4.393151838	8.97509526742	7.27199202501	2.88457768161	9.0	
1.04020821162	7.47921746556	8.47347879421	2.55928331747	3.71993647612	5.74145000069	8.89903630163	4.05872061328	6.24839392068	6.42325843675	7.25416817859	8.9999904417	
-0.119902480835	6.37913469085	8.57889893295	2.42339405642	7.03081360612	8.3678828764	8.99999998241	3.73901666334	6.4268119188	5.82351157369	2.82642759319	6.64996695613	
0.00656769366643	6.4664494499	9.0	2.52108421107	2.37284793545	4.9304264342	8.928615748	9.0	4.31625313185	7.14682225496	8.44792143663	2.64861743268	
0.997813960967	7.48265314959	9.0	3.86891958972	8.6062019852	9.0	8.45489336599	2.52501690081	8.97962843141	9.0	5.13290051638	8.99977727196	
0.568617175924	7.04735719745	8.41562635448	2.50029272784	4.67767451952	5.21141244427	7.90458033736	3.40815469741	3.69065899945	7.21788357195	4.77331161982	4.37275622807	
-0.219793097546	6.33386208312	8.9726040149	2.84532365403	3.17921542076	5.24901275972	8.88070007875	2.32733359929	3.40909765057	5.51028293516	2.16499439348	3.85011690505	
0.168377776109	6.63799932974	8.75910764712	2.33852696341	6.33303508614	5.89353520739	8.98152248832	7.0747599726	3.17457542945	7.30369659798	5.0530433324	3.00357173091	
0.857631544856	7.2884840709	8.29277617437	2.96938353596	8.99428675384	9.0	8.98955625924	2.65886173405	2.18498699454	6.72242942397	3.21301205592	3.62171331223	
2.5047504874	9.0	8.65542234234	2.51060775257	4.1275096136	5.62268075244	9.0	4.59239212347	2.76887332137	5.96004170989	4.53020508917	3.55639567259	
-0.00142517740986	6.52078786665	8.8957129623	2.25811618313	8.36856821064	7.64832213195	9.0	4.66379397664	2.00705715872	7.31993084426	4.71717818616	4.2942336843	
1.01005126853	7.48159753049	8.97201639707	2.59053511537	8.03073548845	7.13707638708	9.0	4.7737330537	3.31481467448	7.78376443632	8.77113393646	8.94397898429	
0.626217645835	6.975133902	8.19733788131	2.36579253865	3.73454743069	5.25263068568	8.49517179606	3.77857698633	5.91373726053	7.36528524136	6.0024121952	6.85938370555	
2.50359704773	9.0	8.93143228605	2.9957908646	4.24855985314	5.64834834768	9.0	2.69313995051	2.76521345429	6.00097056964	2.86302419005	3.62861907228	
0.845237135198	7.22568994862	8.98487259075	2.71119259968	4.86948883878	5.93792139032	9.0	2.96662778738	1.32075556015	5.84336031891	3.44872113879	3.45538191056	
0.72569504176	7.27092057129	8.99285116085	2.52230123904	5.65292934156	5.62782284649	9.0	7.04688104061	5.88716519058	6.87008291795	7.38244969379	7.87948212959	
-0.126243354735	6.35914673772	7.40638147832	2.88735149751	5.84251786926	6.71772851583	9.0	2.39116190136	8.32725716554	6.81479383469	4.03137907816	9.0	
0.27335210344	6.81536121663	8.51559529458	2.58339341697	5.63445569676	5.64804768232	9.0	8.97126876456	3.22540367876	7.75092127788	8.9999673162	3.59500454158	
-0.0591061977596	6.28501132228	8.99458920988	2.27374297343	8.36443225711	6.3651049606	9.0	3.21819469826	3.21444052499	8.6962497344	1.2976656459	3.61919233731	
2.50509794549	9.0	8.64061947708	2.67367326308	8.94156453579	6.72460297459	9.0	3.09376713415	1.74807982889	9.0	9.0	9.0	
0.900315405614	7.20629768702	8.99979754989	2.45252360097	2.44283060412	5.42117373846	8.97300379986	9.0	4.43515756521	6.71413561558	8.90868460769	3.5441290295	
0.113825107301	6.68738628447	8.96797841311	2.67583919349	4.13290061148	5.10533011153	8.7777920136	2.60911832491	3.3811121526	6.25523040837	3.54697494795	5.12058084647	
2.50529587491	8.99990061442	8.99936926925	2.67728422048	8.89906326566	8.48151161748	8.50650158532	2.95703717738	2.18691972305	7.21767615712	4.49368191387	4.9125844175	
-0.0768840049402	6.48320729677	9.0	3.88954076406	4.70651966492	5.63049792371	8.95337367236	2.27497125754	6.02366349405	5.94257911923	2.39185059426	6.54899986865	
2.50562563996	9.0	9.0	2.45290600659	5.38594930383	6.04053267629	8.93818654917	9.0	6.68735172732	9.0	7.27147325484	3.95063063648	
-0.149764735084	6.32999500158	8.92202591738	2.43885109414	2.08469391789	5.06406755867	9.0	9.0	2.98449667392	5.93115422625	8.99999225126	2.75994592811	
0.944780348974	7.35843502586	9.0	2.97821629017	3.6298865733	5.58049495859	9.0	8.78282898262	5.63479817392	9.0	9.0	3.19799084672	
-0.242922927475	6.40635598505	8.86942763933	2.66219577604	4.35717063235	5.50057859868	8.93868836629	2.44656349802	1.70989580367	5.6709070333	8.43341120985	9.0	
0.163146596344	6.43974166415	9.0	2.31287583845	3.82197532865	5.38875412586	8.99541452542	5.93269976826	8.84329684334	9.0	3.95359180926	5.35614544849	
-0.142507676276	6.36847135976	9.0	2.73265506337	8.37378996473	9.0	9.0	2.6147247468	5.63536116055	9.0	0.690384190515	2.59020071253	
0.650882338941	7.01216050876	9.0	3.34199158248	8.5922740722	9.0	7.77729130269	2.53061650985	6.30138678895	7.80153040666	2.84140441402	5.37171513542	
-0.065681459465	6.54921954434	9.0	2.50884989201	5.62266589402	6.82128962765	7.59999423975	2.86782306378	9.0	7.25059298339	4.11866864107	9.0	
-0.118606082376	6.38138007881	8.54800018661	2.16803780826	1.86791079729	4.98800487579	9.0	6.11148314491	8.91853780991	7.17906526532	6.77502476825	7.80564460307	
0.932519258227	7.39706524092	9.0	4.32379907448	9.0	9.0	9.0	2.84923019032	4.75514271315	8.71335131449	8.83451994075	9.0	
0.370776441715	6.73194314563	8.684632798	2.38704022895	3.90846794193	5.17304801357	8.90464750798	3.02478095862	2.03891761425	5.73347162009	7.94845614004	8.60591311286	
0.267028514973	6.57099892425	8.92879614608	3.19003129312	9.0	8.05776445346	8.95174096656	3.08050546603	1.80546014918	7.47336426919	2.15563151727	2.52115084375	
1.02047170033	7.41115888369	9.0	3.54548724183	3.86414533424	5.77568960857	8.96341122259	6.48130172553	5.70082294097	8.89575929409	7.72507750739	3.86663086582	
0.152806621344	6.60723143756	9.0	2.76911014816	5.75567769068	6.56473028385	8.54532759129	2.795342139	1.09281323575	5.73216488472	3.21360075147	2.95462652253	
-0.248415618326	6.2018371183	9.0	3.66797766261	9.0	9.0	8.39507448279	7.21778822399	4.7244523338	9.0	7.07514519411	2.534515885	
0.364224580763	6.99565782267	8.40041751777	2.6750781045	9.0	8.85144685804	8.80707365558	9.0	8.93330996112	8.78197123207	8.99977517141	7.76874922769	
0.724500220057	7.15279368034	9.0	2.4006154227	3.48741664529	5.84094349842	9.0	4.05833243631	4.09936075418	5.5787932353	5.64827651683	6.62129412624	
-0.149718046793	6.35114579433	7.60142712197	2.57078541305	8.82300408855	9.0	8.91888545089	8.98305823588	5.19281069163	9.0	8.28133377231	2.50140418646	
-0.302772777922	6.26173243649	9.0	2.30892479229	3.57983358853	5.26332119213	8.9820585331	2.89160241048	2.856251678	5.49097580712	2.02586830804	3.63839317778	
0.550132790461	6.99984764128	9.0	2.6818663594	3.11660297595	5.65191392642	8.95158923089	3.79211887327	9.0	8.8935545356	3.87654189381	6.05701041865	
2.506115397	9.0	8.85945428953	3.18235017416	9.0	9.0	8.91560943846	6.00978846854	2.24228220129	6.96561699747	5.66732515177	2.68829498014	
0.80124373372	7.25644894528	7.92729177152	2.38691670035	4.14896520016	5.38894225462	8.99165499954	9.0	8.38409929184	9.0	8.81724322076	5.61013108028	
1.01748255121	7.37493907572	8.99985481179	2.50032203361	2.63612953503	5.63747002554	9.0	4.9316110595	8.37123618291	7.80828065874	6.78959315095	8.25923182292	
-0.208980362328	6.3993646729	9.0	2.27351719443	3.57626392399	5.43538422329	8.85252886454	3.00533084698	3.80502149446	5.75623249854	3.14037186102	4.8850008416	
-0.199838014799	6.25399643838	9.0	2.21098197693	1.87338647716	5.1121480911	8.99992365838	3.56179945577	3.54982913643	5.51288480477	5.7911277799	6.02439185555	
-0.0782374133891	6.36105524012	9.0	2.85361120209	5.17270668559	5.29600184489	8.33957518521	2.26512483527	7.45544165389	7.46586930453	1.22375387729	6.4999495977	
-0.149034480171	6.4325659523	9.0	3.88929957236	4.56400493699	5.79602901905	9.0	2.65435747881	4.77624826893	7.98136562153	8.21267231511	8.16661259332	
-0.171653552268	6.38098525962	8.99999707073	3.29078624757	5.22087296035	5.66889242091	8.9988001681	2.77249697181	2.2867124616	6.49807930285	3.01239802064	3.25378341689	
2.36591370059	8.85899087375	9.0	3.50995395562	5.00702650442	5.89714708512	9.0	9.0	2.39440604835	6.36341052926	8.98071734277	2.7741790262	
2.49172712471	8.98636258734	9.0	2.89912911403	8.96635447876	9.0	8.59207446888	7.45171192865	3.27357634682	7.48832335243	6.51969752987	2.67304564083	
0.396240955513	6.90269778507	9.0	2.54965706285	3.44392281713	6.23810822281	9.0	8.36108393824	9.0	8.99994615664	8.99993107093	6.48883405481	
0.216893563611	6.8975179621	8.99999999928	2.63825641212	4.03397590198	5.74432391477	8.97506963511	9.0	4.14121739254	6.19987772186	9.0	4.45943962981	
0.0336223246593	6.48695943305	8.89540363973	2.37157216835	2.23005638382	5.00700601064	8.91862286913	3.33512956463	2.33402729652	5.47762684287	3.89177349242	3.28607787318	
0.480684906108	6.89102272656	8.43083663135	2.78746877794	3.91271384621	5.62155645372	8.87998552738	2.69116764159	2.28165613363	5.5232166241	3.10475229294	3.21456159571	
0.55916689046	6.83984876617	9.0	3.08204703016	9.0	7.11074059467	9.0	4.22938384605	2.91471519273	9.0	2.56508674836	2.57502407705	
-0.268066798516	6.28900965665	8.97104836307	2.86836051417	3.0824100885	5.48921886651	9.0	9.0	3.6979416699	6.88260906455	8.98637173638	2.75087147413	
-0.243398617103	6.2117756558	7.12020093237	2.27296940103	3.84495637926	5.37584548388	9.0	4.14491253294	5.48631486929	7.48192074266	7.70346029575	7.1053425484	
-0.191293097431	6.27867146843	8.56581748641	2.45156904063	3.42032351891	5.28393860385	8.63771077823	2.76127660625	2.85358725393	5.42109534947	7.09505432241	7.80635322077	
0.345615845499	6.97739459102	9.0	3.88501694522	9.0	9.0	9.0	7.65244445455	4.61930864484	9.0	8.99182544946	3.95713165608	
0.830904742882	7.25600455164	8.83055861605	2.40114709263	3.06717171931	5.27587377849	8.64370916585	3.1990729122	4.67213721356	5.69169969985	7.00348361468	8.86661898908	
0.997318762697	7.37708112554	9.0	4.00723929986	7.52882922596	7.57480372986	9.0	2.77717420026	2.39800143934	6.88771101413	9.0	8.9505215933	
0.00989618668442	6.53880838216	8.76698883671	2.39977048799	4.85197303831	6.03245579692	7.66847011285	2.61876152529	3.84870321232	5.79191279231	2.63713214224	4.09253787212	
2.50526547547	8.99999535847	8.6482090907	3.32696230028	9.0	9.0	8.48226636493	2.49926222109	9.0	8.04572269866	2.86390480467	8.28285148338	
-0.145844987885	6.28466861463	8.97826865693	2.39438925853	2.43114611972	5.10756783374	8.99914419689	3.03013997624	2.32595967444	5.62521314037	3.39207658199	3.26631506116	
0.924172384822	7.28801487005	8.84719991515	2.5711364132	3.61995761347	5.69038867344	8.2052327603	8.19090176599	8.92558848616	8.71445875705	8.99984271526	6.716071405	
2.50258354242	9.0	9.0	2.51333399084	3.29115364311	5.50575457704	8.98997125479	3.428707419	4.1935180045	6.36303692421	2.99609442052	3.81154788735	
2.5052796087	9.0	7.70430690687	3.08554319074	9.0	8.56370787968	9.0	2.8303512918	4.65764627649	9.0	7.46844997114	7.51120529298	
0.175107050129	6.57655931592	9.0	2.23836440121	1.2001509234	4.98840586267	9.0	5.49752316063	8.96552227147	8.74838671467	8.99999629974	8.99037851725	
0.0535709010922	6.57930103128	9.0	2.92752846494	7.09083181609	5.29687830684	9.0	4.73987120875	1.59106825836	9.0	4.88619481408	2.78174395517	
2.50555706379	9.0	8.52292680723	2.92816434666	8.99275049782	9.0	9.0	2.83969292601	5.05332897111	8.84201586586	1.91910604761	3.03915207063	
1.01174991419	7.50050609594	9.0	2.89538322531	7.95605506176	7.13713594509	9.0	2.77318921511	3.02899948035	7.68360514592	5.35743728462	7.02050121409	
