4.76327541434	6.66436413313	7.10111447728	4.36303157108	1.5046787175	5.82753017832	9.0	5.11556625224	5.06846446949	8.09341100047	7.21893173946	4.3930347254	
2.9926718158	6.56635924969	7.39802194125	2.61663176262	3.47108120599	5.35544617377	8.9866541114	7.94149039946	-0.36160114195	5.2629920513	9.0	3.47381766235	
7.64514615169	7.62064628598	8.15029707115	2.39790369698	2.97504682146	7.6695385719	6.43973065405	7.10847915521	0.820898590329	5.20333949182	8.17460240932	3.92499205533	
8.99993480323	8.99999140908	9.0	9.0	4.19145591548	9.0	8.50121714258	2.44377265108	9.0	9.0	7.14807535261	9.0	
8.90273627743	9.0	3.53493694501	2.34739058671	3.37397641266	7.77828557072	9.0	5.36819734527	9.0	9.0	5.73114004984	5.70433822803	
9.0	8.37387372648	9.0	2.59941202189	-0.808733757471	8.98472696301	9.0	5.90781367322	8.99988353012	6.8910454251	6.92569589553	9.0	
1.98998164716	6.62177852346	7.05312757384	2.36294921661	2.8769687735	5.0446653258	8.07973865044	5.74096470832	8.03881235	7.12784365025	8.10305335598	9.0	
1.16125683244	9.0	8.87074712174	2.4515105393	8.75382019082	7.66276270318	8.97475480158	8.34563948574	4.60806485681	8.54200703918	8.27516305426	4.29634674922	
6.88515161986	8.31870026542	8.92867868265	2.19104821168	-1.98066957633	6.41083807556	8.99991955076	5.53787855913	8.41156688667	6.63956471383	5.95082524289	7.75425362805	
5.34325419331	6.89150452347	8.88208572015	2.24362802852	0.779379338967	6.09811737907	5.83988268973	5.2500618491	9.0	8.46173091459	5.55610013016	6.23894795458	
3.51244885098	6.80668271201	8.9218895754	3.14801438469	1.94849549188	5.45501357166	6.95794345318	5.48755902996	3.43784740844	6.28968891475	5.39496988067	2.77998722514	
4.27686741535	6.88217059105	7.09854634466	3.10220298749	5.23605983674	6.92516179363	8.55655123453	7.8584469551	0.468786986909	5.37895638411	7.58239917913	2.71104892084	
8.62181201715	7.66157860092	8.9985298376	3.57272780766	1.2783976442	8.38523240976	7.01237294013	6.00029780446	2.74839844453	6.36625759052	7.55995267648	3.80493805742	
7.93098418935	6.8645368141	9.0	2.29234375879	0.970217860599	8.9955916955	6.71458490298	6.29964018159	9.0	6.67977642566	6.93516262911	9.0	
8.78816717952	8.78310996222	9.0	2.38423327704	5.08117953724	9.0	6.59772930234	9.0	6.4107951704	5.35912411466	7.4500401652	8.40579686249	
1.54719523579	6.27419276552	6.00413285748	2.25536520138	8.78049346359	7.08799614168	8.49330573133	9.0	8.75860231149	8.99106283009	9.0	8.60989450663	
9.0	8.27730265816	9.0	2.71471068073	-1.03091539377	8.70013499662	9.0	5.98713226668	6.47535708703	9.0	9.0	6.55562421816	
7.48626055384	6.47733046749	9.0	5.35784200451	1.49807808463	9.0	8.98699110945	5.85295798242	2.84079481707	6.08591666761	5.98249100101	2.76978755942	
4.76181207262	6.38138547003	8.97917443125	2.45358771748	5.49462375337	7.25250989137	3.16501362292	5.98050180592	5.8125173375	9.0	6.12753666218	3.01305661614	
8.16598106128	9.0	8.29956063618	2.53675375818	3.04544168163	7.43741279028	8.88233067259	9.0	9.0	9.0	5.94678149935	6.04351817202	
2.32720810764	6.61950482126	8.14433153409	2.32296955603	4.82007347452	6.09057886492	9.0	9.0	2.67507078853	5.39454390929	6.51612242491	3.74109240171	
1.98818530263	6.39360302585	9.0	2.31924283186	8.79714621981	8.0370273749	4.6179698796	7.19321185673	7.85937014497	8.38627045725	9.0	8.76348679678	
3.14013562881	6.81493217135	8.99800605603	2.31806976754	-0.182941066922	5.44726493157	8.52280631136	5.54305452625	6.91535735361	5.58081917072	6.22005195636	7.57371384735	
9.0	9.0	8.92932987648	8.29839675575	8.76290603383	8.99448292452	9.0	9.0	2.48035146303	9.0	9.0	2.58751307224	
6.47626807688	6.51092477289	8.73152935804	2.36180059173	-1.73797880494	7.92447818045	9.0	5.38261246528	6.7886324202	7.79416695935	9.0	8.08844959983	
7.14477508296	9.0	8.92692146134	2.42683366628	0.370975964995	5.60886284383	9.0	8.0929671727	6.08013544991	8.97644239991	5.38228932632	2.47347339694	
2.4289329213	6.50571846813	8.91623929242	2.27897092921	2.4326678457	5.3012009898	9.0	8.36041670304	7.098823856	5.8067369854	7.89955231251	9.0	
7.40413259726	9.0	3.36349195342	2.59744444292	7.47281856039	7.15712837464	9.0	8.37744987946	3.85600312845	9.0	8.99655041709	3.40083235152	
6.46482035829	8.81846315643	3.0330923632	2.4469775985	5.84915762937	7.09246871607	9.0	5.51742890417	8.77546100913	9.0	8.99115096335	9.0	
9.0	9.0	8.99849371458	2.60001814696	4.47332286271	7.57272892525	3.81326373949	6.93855770115	5.33879215133	9.0	6.51268959103	2.71847710006	
0.183046322926	6.955914596	9.0	2.89285241568	3.37025246635	5.18330087729	8.87276117129	6.12534337337	5.66493270558	8.98019831538	5.82307530373	2.57228606868	
8.30916729189	9.0	9.0	4.05362261328	3.30296623007	7.20219929324	9.0	8.99857975689	1.3338783441	5.39544995261	6.22923400259	2.25884563216	
5.95251326128	6.54958430101	8.99923547312	2.306480626	0.258867598061	7.27912292781	8.64173127312	7.39806730034	9.0	6.15109640259	5.29718245014	8.15084932085	
7.09151598044	6.63410675328	8.94948124897	2.40289430743	2.52659721059	8.63309509621	8.22156702805	8.82199592013	9.0	6.53632598637	5.96336637071	8.46630161861	
8.31943710019	8.84806099356	8.48800454165	2.51575268297	1.81640271815	7.32337287518	6.55067979783	6.38165816587	4.41684249182	5.63101916524	6.99720702942	5.69718448531	
3.0793399551	6.79690237334	9.0	2.34910520034	-0.536220521645	5.28452224704	9.0	5.9469216491	3.67734082717	5.47261347113	6.35045119208	4.39152172783	
2.62347025879	6.6734425658	6.14097240427	2.28526410224	7.26557275466	8.92881046549	8.52058703091	6.37359177907	8.99993710288	5.73527902309	5.79919832215	8.98339980359	
2.53113505298	6.44976064461	9.0	5.88887865193	2.42437932289	5.07478381884	9.0	5.20607816223	5.22377583814	8.2456809444	9.0	6.06910593533	
-2.56470407465	6.38542071949	8.85894416952	2.20751496127	9.0	9.0	8.9537963886	6.40614215646	8.99998809202	9.0	9.0	9.0	
8.99999549688	7.59848864975	9.0	2.38631489821	-1.88434810941	8.99587694006	8.60959820085	5.44448318659	4.65712676224	6.7028678578	5.58344942856	3.57272275541	
2.387885968	6.53561932989	9.0	2.40057619646	3.18263496373	5.47531044497	9.0	9.0	4.86451833242	6.06401052712	8.96022392635	7.44807726203	
3.59346422246	6.76218197625	5.15522344517	2.33423543864	7.04797445866	7.18667519466	7.70950824943	7.08417613208	9.0	7.70864621536	7.86122723823	9.0	
5.52989620986	8.17317072494	9.0	2.51314332379	-0.368324358305	5.53719164628	8.99826201978	6.73566073939	9.0	6.75475274749	6.87882075227	8.84268402848	
6.90974489218	8.76637377239	8.98396076389	3.14794060079	1.90504025107	5.60057918909	9.0	9.0	-0.63950396673	5.72227089802	9.0	2.59320188502	
-0.104377384828	7.22053142347	9.0	2.69504659859	9.0	7.61254099808	9.0	9.0	9.0	9.0	9.0	9.0	
3.52022307596	6.85163460116	8.98534842775	2.61192622818	1.41943136636	5.76690915992	8.83927793256	7.11996702982	4.22297749222	7.34184915835	6.23363621272	3.0987126869	
9.0	7.8963859128	8.93495032277	2.46725945873	-0.959666077343	9.0	9.0	6.32489156798	9.0	8.8288543969	9.0	8.99997592602	
1.03180951455	6.24992227626	8.75376360619	2.19216179269	9.0	9.0	5.46471947432	6.5024072782	9.0	9.0	9.0	8.97599962497	
-1.22396796882	6.28613700236	8.71756451827	2.3633467085	3.95402885539	5.28902409588	8.81323443159	5.97881965723	3.33177809039	5.92080810352	6.20407770673	3.63270636678	
3.79145902034	6.76784741977	9.0	2.82415952055	3.33495735514	5.76325126119	8.56696788223	9.0	2.63027637186	5.70793201997	5.91169915302	2.95379618612	
9.0	7.85894939016	8.93473704896	3.10536158972	3.76116819877	8.99999997254	6.42749037837	7.71734965547	0.758087152836	5.92221319428	7.91579060815	3.01403136681	
1.87158834239	6.88725364953	9.0	2.75597522145	8.08199975173	9.0	9.0	9.0	0.772105786584	6.36408097247	8.96377613187	3.39174226275	
7.25182451451	6.70796381534	6.36992729532	2.92634676933	2.24116447615	9.0	9.0	5.89142943344	5.79799851792	8.99634608581	8.96273983448	5.73781137738	
5.56906727168	7.26705089025	8.99345376979	2.30143478632	-2.01321185795	5.91923519685	8.89317573358	5.67531846604	4.31356669863	7.28306666891	6.83882607063	3.8206797582	
9.0	9.0	6.73368459032	6.10137110491	3.89134713202	8.02530285737	9.0	5.21871858771	5.95043531338	9.0	7.83226332818	4.9070426967	
-2.22301928124	6.37642040269	9.0	2.19663999285	7.20208817878	8.36033187551	9.0	5.65553126312	5.85167360957	6.4236262909	6.48236709606	5.98346917592	
5.3070023963	6.60079898844	8.82824620778	2.25335064466	0.993123154607	6.43716057433	7.22714089461	6.6934847267	7.41099595379	8.44677257687	5.91077500375	4.89244647374	
4.33458536964	7.18277587161	5.29148166547	2.25701490705	5.18288679269	5.1963109546	8.98551354215	8.8986499247	7.86434216099	7.86669487034	6.87243064418	6.80936306706	
-1.06679809968	6.41906451466	9.0	2.21228378122	8.96281694833	8.62290707669	8.98148128986	8.40338431473	9.0	9.0	7.02518307777	6.96414183883	
0.431126103441	6.66176584423	8.30921689599	2.62638582429	3.34336686073	5.40624966499	9.0	6.22091540433	6.18736630339	9.0	5.85866034734	2.82134259825	
7.20143608187	9.0	6.79793553374	2.35620565758	8.66945631802	9.0	5.09575942661	6.86936229614	8.77291691752	9.0	9.0	9.0	
6.0340585733	8.41444860632	6.3069028852	2.44227661806	7.13376584951	7.85564135798	6.08723026748	6.47387845017	4.5461871767	6.64082746482	7.78601451883	5.56932332827	
4.01766599098	6.49513749091	9.0	2.19136766029	3.85216048102	5.93078322801	3.46396586502	5.41761203577	9.0	9.0	5.94115912708	5.9462989828	
5.55277798943	8.22576577971	9.0	3.54679874806	4.12748789532	5.60849953825	6.73868479283	7.83959078197	0.138712907099	5.48009309526	8.99748190901	3.47785941005	
9.0	8.45210964079	7.78386119109	3.57746629241	4.7792562321	9.0	7.36394299232	7.58113334911	0.839053841946	5.44090952098	6.78889086912	2.30070028004	
-0.486513253407	6.60627471005	8.56300748187	2.65808401326	6.69683565838	8.17231131037	8.96955819249	6.01157850479	5.49325879946	8.38114284279	8.91490816709	5.90195069565	
3.03821254936	6.30125940583	8.91971219161	5.38162678872	9.0	9.0	9.0	9.0	4.3401930024	8.92830273523	6.94727506701	2.28852720285	
9.0	9.0	9.0	2.74916396495	3.17369642506	7.72637953391	4.9640190068	6.44739797249	5.36634410116	9.0	8.97633614518	5.13036632067	
9.0	8.11927514033	9.0	2.55621026433	3.1091148348	9.0	4.40899770879	5.45020719391	8.99953273175	9.0	7.1014107922	7.36231395656	
7.23315476572	6.46351423298	6.29358926681	2.37269485886	0.817762198049	8.4807593696	8.95307107534	5.79710663702	3.35354286231	6.04431078086	6.88341121995	4.01656903465	
6.67947260956	6.42345300075	9.0	2.26486802206	1.90254796759	8.01023774236	8.008943739	8.66675849798	8.9995700265	5.95584188895	6.06196048158	8.9921112791	
-2.61685140336	6.33398115324	9.0	2.19457715199	8.46307050843	8.99269082688	9.0	6.03243257212	4.49748080101	6.74166244379	6.61578645523	4.39495305893	
2.21751596813	6.57185113055	9.0	2.18786902625	8.89274900093	9.0	4.5544378639	6.53215802673	8.88443098128	6.91358731914	6.51721684714	8.60024470702	
8.97232181636	8.3707937065	8.82295060381	2.70846363049	2.94777200582	8.66134120764	7.98066992539	8.52607588998	3.27325576999	6.32246972366	5.9561004281	3.20179609993	
3.46929363344	6.70169479496	8.96311311345	2.40152213654	7.83490459078	8.5697059928	6.84696383713	9.0	4.52123309863	6.25833154383	7.23773028043	5.73916727731	
8.98111737924	8.08351499726	9.0	2.51166961102	-0.718598752235	9.0	9.0	6.30522929876	9.0	9.0	8.99963859069	9.0	
6.36860246477	6.8570272698	8.82472832452	2.49336290049	6.17368357489	8.99970142	3.8944972596	6.44039759612	6.40934030919	9.0	5.58506179904	3.30263366384	
8.29813514872	8.99609592207	3.60111680423	2.41058742442	5.94962976915	8.99979017702	8.99020678191	5.99364227679	9.0	5.94620868597	5.71485749248	8.98924490397	
-0.903708117404	6.44620016051	8.56887212294	2.56132800139	7.08433341641	8.09407154126	8.86051653055	6.12782924725	5.61082480382	9.0	7.46134947077	4.02550621798	
8.86827192033	9.0	9.0	2.23232180625	5.57470031153	8.99254360869	3.40506124319	6.23246473749	7.56655746223	8.24531448586	5.33829838549	4.84046707395	
-1.86019656091	6.49292161854	9.0	2.2937058934	8.384166333	9.0	9.0	6.35690316317	6.57672437942	6.58130551814	6.38142162105	6.3283472882	
3.17429388388	6.66230527733	9.0	6.33197843378	7.47949768917	5.96703312633	8.56300811833	8.93818983877	1.93963337778	8.21682303314	8.52719717485	2.45099144494	
3.69362444333	6.50924902407	8.90921190774	2.77001172355	-1.16992086913	5.19092260915	8.68325911327	5.39354906037	3.68813469286	6.74647681362	8.80163977898	5.73838929838	
7.13743886861	9.0	5.48640408643	2.276394826	1.35165813321	5.77772999721	9.0	5.40160130735	6.46800404406	6.32172501523	8.54640205546	9.0	
2.86546625276	6.61183047181	8.61751321354	2.2349396434	-0.568230777233	5.21141040407	8.98236837756	5.54268085463	4.28602824546	5.33340473433	8.99976886109	7.98305132083	
7.26067140708	7.30018826561	8.99995829527	2.54858260649	5.56902344176	8.99249272927	3.70721826275	6.14420957593	7.08755100998	7.95588141917	6.33420910156	5.62004179272	
8.83752126521	7.95538626535	8.99600737321	2.62374544467	-0.548302000691	9.0	8.91270856046	6.28216417601	9.0	7.66451369747	7.59553260786	9.0	
7.39830609827	9.0	9.0	9.0	8.1558909412	8.90902718742	8.99963049839	6.33047675576	4.71057637068	8.94946545589	8.64502684197	4.61385357068	
8.9899816818	8.14221525705	6.97988272126	2.58709019683	3.91546382284	9.0	9.0	8.98647349256	3.47404267911	6.21596005282	8.65846715594	5.63759139466	
8.34383294083	9.0	3.57676719742	2.43572899523	9.0	9.0	9.0	9.0	9.0	9.0	9.0	9.0	
2.48878111365	6.43788634269	7.68385716866	2.24356370852	0.177235979243	4.9878826663	9.0	5.3584666023	5.40780702024	6.63140666014	6.05233935344	4.88079951679	
-0.723523946369	6.3818107306	7.90521263425	2.18542614588	8.84372043084	8.99328110377	9.0	7.30234147218	7.40436561096	6.4696026499	8.2087433677	9.0	
1.50491482524	6.75856199471	8.6687125202	2.51853466073	4.3702131143	5.1762754539	8.59938830112	8.49394635839	1.71076331597	6.0754157401	7.24252293647	2.64387895626	
7.73148672609	6.93008618627	8.99817888477	2.50860845007	-2.13522415414	8.42200353396	9.0	5.38850703739	3.06597841307	5.69249857762	7.09144389873	4.52974138775	
2.93189533057	7.28765402398	5.42655236016	2.44657950638	8.99954965343	7.08992858281	8.95713881833	9.0	8.85689910323	9.0	9.0	9.0	
2.66407790603	6.98437135259	8.22552800705	2.36362521147	5.20451964033	6.7054316972	5.90068286747	5.53310338884	8.85247272503	6.12362716253	6.1719796511	9.0	
-1.82980222313	6.50020039777	9.0	2.18000829738	7.85567214669	8.79607080146	8.56709513946	5.80450823912	6.76522888472	9.0	9.0	6.6704071824	
8.30401297054	7.12988387271	9.0	3.06902896386	-1.28131961471	8.99999996846	9.0	5.41655454483	6.23686082563	9.0	5.386189605	2.7516713361	
-2.85067702598	2.64452020641	8.99980606208	7.94437966009	8.99894631458	8.99426104636	8.95357260421	4.21568424158	8.93369849093	3.46429964157	3.57191930062	8.99952846302	
0.293119475174	6.53723469393	8.99994936971	2.29206014771	3.10813643769	5.14959550253	7.17997288773	5.20938745888	8.95899534873	7.63766532031	7.62921312419	9.0	
