6.8429821394	9.0	8.99731681655	2.28321786406	-2.46758856469	5.44503727135	8.99619473808	5.30030822751	3.41900904574	5.80990405687	8.99776311003	6.72120605833	
6.80893328231	9.0	4.32854750457	2.55961245676	9.0	8.23647321185	9.0	9.0	3.28382387937	8.10610240747	8.34107521164	3.68867922122	
5.9938797362	8.89255479326	6.92881200056	2.29554129862	1.3673837838	5.18912289331	9.0	6.62449468489	3.29430155685	5.52040366056	6.21162358695	3.95055637688	
8.90371826301	8.99451411263	8.99974739047	2.85930345929	-0.790577292546	7.78038113226	9.0	6.12630285537	6.15774628633	9.0	5.72873764922	2.89703989119	
0.403230861515	6.79165259546	8.9999301827	2.31453719324	5.93739568386	5.1758923946	8.23986698863	9.0	8.83380370844	8.86128479535	7.37910726557	7.37242242554	
-2.17563314118	6.66576025068	9.0	2.41752024792	9.0	8.49171723395	9.0	7.01195922108	3.805299449	7.58294672018	9.0	5.23958900144	
3.21867637743	6.78273798129	9.0	2.86428084917	2.2532483152	5.51712622925	7.45316724811	6.55288410451	5.31094316587	9.0	9.0	5.09069539042	
7.67141879651	6.53324264003	8.98868812705	2.40790797288	-1.80144614311	9.0	9.0	5.52245973392	6.72266344335	8.50943527625	9.0	7.2940632027	
3.55523685974	7.13286044976	7.84307591588	4.46934498587	9.0	8.75270733133	9.0	8.74108537847	1.45197799169	7.47963802099	9.0	3.01994099569	
1.90415038321	6.64527728661	8.71538888917	2.81067325446	7.74134279066	8.66745637461	8.95094091682	8.99979851774	-0.277796507116	5.67613207346	8.86977586788	2.68936956826	
1.31441767775	6.57423647846	7.52223482688	2.35987841791	2.64423258161	5.14401041139	8.45472494861	5.49350053643	3.01917320495	5.83456865397	7.72522510525	5.13104309524	
2.62187676174	6.52448511233	8.29400635644	2.31713676102	9.0	8.74773197561	4.73382872922	6.72138236279	8.99999621476	8.87395857842	8.53206815986	8.8476179028	
8.9958203871	8.29862538235	8.9885914873	2.31650399973	0.581090924463	8.68598177604	9.0	7.88995340558	2.31768610059	5.46475340478	8.82308438308	5.60816610213	
2.90770086235	6.64563509337	8.7736578923	2.27225256251	7.24747723965	7.25206421654	4.25148000899	6.63963949236	5.26078243446	9.0	6.8785633474	3.20830644058	
-0.025452340751	6.74836295817	6.67394251548	2.18306799699	8.80080771091	9.0	9.0	6.25477273031	9.0	9.0	9.0	8.90606611895	
8.66864750325	9.0	9.0	2.60986649942	7.00976922781	7.65012099834	3.84225141926	9.0	8.9394030153	8.98456404321	9.0	8.9487728481	
8.99999323842	8.25487020285	6.70774965443	2.48991116	1.14076168561	9.0	8.99877473388	5.70200251682	9.0	8.99997115271	8.89207538266	8.99999035629	
6.36868155556	8.99989871553	8.65810453141	5.53814455705	8.99921444752	9.0	8.69332000626	8.88030142748	0.946666155221	6.86696290397	8.99704066873	2.85234273732	
9.0	9.0	8.9928248318	4.97794963865	5.16799938344	8.99989503575	9.0	8.99607082394	3.04466566317	6.22810989121	5.94607726632	2.46463367327	
3.66256641702	6.47442479376	8.99994229553	2.22560401349	1.79403178148	5.18430960267	8.17456186878	8.53506860882	4.51142013432	6.62536483299	5.61287791048	3.34542659248	
3.24186897838	6.35250089751	8.2794728613	2.16470157857	-0.668465510318	5.34421174622	9.0	5.76565902865	8.94326416123	8.54877405649	5.79713329448	6.10467348571	
2.80542809072	6.921357735	5.48415011901	2.50256845284	8.97585847205	8.74501172044	8.78173152221	7.74038667413	8.98607952055	9.0	8.99995331073	8.60762296861	
7.29733443759	8.93989896319	9.0	2.57827185279	0.937021430197	6.52888795065	9.0	7.94556977114	6.58069203701	9.0	6.06180409686	3.71552264611	
2.54674265145	6.75065566764	7.754880928	3.88159937393	8.01763775682	8.742841059	8.96434692379	7.55968654554	1.25123725445	5.86168465301	6.82768136352	2.31572600846	
8.99880317085	8.20635899441	3.65015306555	2.35954341725	4.22981419971	8.9992707675	8.9970262724	5.92710103075	3.47802713082	6.05232381804	5.43343502042	3.01740006855	
6.78999022672	8.99936388889	8.73064320498	2.1716677854	-2.40368701582	5.41269603459	9.0	5.27815774081	9.0	9.0	9.0	8.96694729775	
2.28428295992	6.62258090854	8.92887645247	2.65222125486	4.83989309607	6.42205082445	5.76662972681	5.65720479501	2.68018015403	5.6809538105	6.56339555333	3.71526334891	
3.66736221925	6.55673923396	8.88202515446	2.25372506896	3.29509588875	5.64395344996	5.30969514867	6.44558479288	5.43963897297	5.32296919002	8.96082578991	8.999920514	
8.1049236989	8.60171264637	8.99181269238	4.41876052957	0.109383018432	7.17623321577	9.0	5.72680129413	2.21492248098	5.74037509811	9.0	5.53893222257	
6.46043456483	8.052506974	8.36719040737	2.27017534264	2.0050722895	6.28237099297	8.83322893832	9.0	2.97576161161	5.60037395062	8.77215366436	5.87952869838	
6.22519055264	8.94374685797	8.82067707722	2.34622365253	3.07387990459	5.47259723942	5.1092382184	6.10496590849	3.37037133289	5.62014575074	6.13932523874	3.8615581523	
0.0660760046674	6.36921835478	8.67660650567	2.19358035426	9.0	9.0	9.0	9.0	9.0	6.71816742275	6.90398826224	9.0	
8.98499279444	7.74596577347	4.67866836721	2.37489096737	2.81825622752	9.0	8.97082797828	5.9601862295	9.0	9.0	9.0	9.0	
8.10930763375	7.24318508302	9.0	2.32054130546	5.77646329388	8.96104713547	4.89433215563	9.0	0.645715732947	6.52491592459	9.0	3.01115091671	
6.76879458329	9.0	9.0	5.87178805223	1.9324902188	5.33204780459	8.6229322166	5.88118190677	5.25241845039	8.74810479166	6.63954106805	3.03903898039	
7.70400637868	8.95806920975	6.57694616997	2.2565492599	1.00612991336	6.43116622102	8.75909137577	5.9951520144	2.86628912621	5.41631917662	5.94493832605	3.56282012343	
9.0	7.90541653326	9.0	2.24305035736	-0.547378665556	9.0	9.0	7.11432829878	6.69717466451	5.35195109276	7.7436465928	9.0	
9.0	8.93400156685	3.69674106542	2.37559457502	7.66999974102	9.0	9.0	8.75729588813	7.76129333501	7.66383977601	8.73710075618	9.0	
9.0	8.80558180526	7.06077496671	2.64111385537	2.16670337467	7.80669622238	8.41652279837	7.06838203783	1.96109089584	5.27617189544	5.72325616165	2.40460751355	
3.1059504091	7.20423534993	8.82742983036	2.66783721758	4.08429068955	5.60932933133	8.67072034722	9.0	0.769631582875	5.67213648146	8.02285036207	2.82567878325	
0.438457311641	6.81131626971	7.52503371372	2.3119679838	3.92882442881	5.57475064473	9.0	5.97081622889	2.4981929057	5.57567100834	7.68220829295	4.54240721107	
9.0	9.0	9.0	2.30790288094	5.37716232337	9.0	2.95115607185	5.66758855125	3.55342501585	6.06294717249	5.70664599188	3.27959219347	
3.83069981847	6.89117562332	8.96438009967	2.63785802458	2.89767073624	5.64724014571	7.94026802124	8.11535527369	5.61309018291	9.0	5.93413288901	2.56632484443	
9.0	8.00697230063	9.0	2.5725174197	4.26079348697	9.0	5.56409511226	8.05439125335	9.0	8.89823420073	5.97738954022	5.84252091716	
7.34398530421	8.8733201134	3.78982749105	2.56081070222	8.90763149642	9.0	9.0	8.19826994412	9.0	8.55606088028	8.6490748587	9.0	
1.59061134141	9.0	8.99975564234	2.45028894739	4.85668145165	5.88899158155	8.9954250762	6.79697112314	3.06224711337	6.06123018529	7.55022322185	4.50993114657	
0.641296972463	9.0	8.98213979462	2.44311922487	6.20551069253	6.46913399192	8.99080081721	6.60525339286	6.81922749714	9.0	8.64456010766	6.42182633112	
4.21010635012	6.75120591201	8.79352609725	2.23232361113	2.96933687909	5.63926007988	6.89158452108	7.96585023715	2.44442459918	5.93782054372	7.15930482138	3.58856711755	
-0.814307175453	6.46156739894	8.50378968352	2.13828503981	3.28327085866	5.23160948534	8.82628499656	5.74945266781	7.6288352243	7.62571297884	8.54496193263	8.34222796182	
9.0	8.9830735887	8.96480958176	3.72046789665	5.01687329309	9.0	8.04602275298	9.0	-0.818598714873	5.44956283773	9.0	2.74695868619	
5.00814264225	6.43428838969	8.44463305048	2.36741940859	3.6354820627	6.73943001029	4.6008001228	5.91965137741	6.68396441201	7.52208282787	8.65089500634	7.709036319	
-0.685330078538	6.41370879221	8.86305620509	2.4538537826	3.25165402997	5.17920654781	9.0	6.08251252679	2.6147691579	5.80677664321	5.89057120834	2.84316768109	
7.92224025258	6.70639650544	6.81286104117	2.34646010878	0.758283286548	8.98829928915	8.99232726664	6.18454183506	3.3924384451	5.50730906178	6.58633243263	4.60387316383	
2.40984613552	6.70218875434	6.01607366862	2.2716772244	7.46793668605	8.7835909581	8.25938174797	6.1081326129	2.85735158666	5.69674705566	6.26235148058	3.33819650245	
5.04642869728	7.18270836809	8.96263523115	2.56875225681	-0.153240377965	5.58018923282	7.88593203702	6.11228884088	2.62492711733	5.56063263297	5.43255151099	2.51675454226	
-2.25665360274	6.36654658233	9.0	2.21900041069	6.15248462113	7.44103406013	8.99584070919	5.62392778979	6.13752581052	6.01846298184	8.92817006753	8.98845542932	
7.70876040435	6.60487802467	8.98279609211	2.2975625116	3.49911843729	8.99852343855	7.11416453864	9.0	6.4201146821	9.0	5.47965976153	2.98298995631	
7.26710352302	9.0	8.7909623973	2.26867085581	1.47357733322	5.90301277215	8.99663605921	9.0	1.99408203084	5.18644740457	6.39349441397	3.22096799512	
9.0	8.04590258708	9.0	2.65304489709	-0.595738583578	9.0	9.0	6.41435610518	9.0	9.0	9.0	8.80204655302	
4.901027045	7.30512863746	5.23415708339	2.67144674952	9.0	8.28912002514	8.54742273203	8.94478473507	9.0	8.42926071487	8.27987159252	9.0	
1.68730946429	6.37867665878	7.9844598004	2.18292920206	1.01392743808	5.2824125078	9.0	5.56094435117	4.52845035948	5.71635758953	5.80726524858	4.66133772986	
-0.0636198660738	6.3419260199	9.0	2.16409727417	9.0	9.0	8.9288200715	9.0	8.61870916671	7.40361749363	6.39218505656	7.70496071422	
0.587221899604	9.0	8.98599839815	2.43913462288	9.0	9.0	9.0	6.83306169039	8.24903968091	8.99999115779	8.99807038274	8.2033232492	
9.0	8.30030380727	8.99093683498	2.66233247076	0.0326535887584	9.0	8.4130789037	6.12151442139	9.0	9.0	9.0	9.0	
3.82263936545	6.84456804188	5.69620919449	2.50805142559	3.64481156299	5.8412147843	8.96951772136	6.54253100195	5.52195797717	5.85188232776	8.976537883	8.69520727467	
8.56176998566	8.99684314488	8.99826266728	4.84302572443	5.72538394191	9.0	8.93382741954	9.0	-1.13989779604	5.38753673125	9.0	2.6310002457	
6.3890839052	6.58539600137	4.90875636773	2.29395710015	5.20097178851	8.95785951952	9.0	7.31850974568	8.97537590191	5.67976561317	5.72147591904	9.0	
5.73350729679	8.14971819971	9.0	2.33840052365	-1.04596423556	5.68537733907	8.99997345447	6.14268516266	4.34049133988	6.57635151106	5.30863482531	3.21192595692	
-0.687630023289	7.16463248662	9.0	2.55032764529	9.0	9.0	8.96843585355	7.29073731118	9.0	8.81099324995	8.94687903165	9.0	
1.00944057627	6.69069156523	9.0	2.44207762758	8.04733418127	9.0	9.0	8.49986737533	6.66498671784	5.77131952577	7.9790228601	9.0	
9.0	8.16107295658	9.0	2.21150809851	1.42332569496	8.61812414074	8.81697892492	9.0	9.0	5.55256260424	5.73917946215	9.0	
2.38405011992	6.68838838288	5.06180017548	2.39160525459	8.2373460938	8.98284229082	8.93135759182	6.1463105612	5.74874331922	9.0	8.90894050126	5.81081126443	
4.85914578913	7.32615169871	9.0	2.3185297166	1.47118404341	5.42531234246	5.54942806581	5.39971593361	8.99999599714	5.85033145482	5.72178843182	9.0	
9.0	9.0	4.20993588147	2.36453771567	3.69557190877	7.98706360929	8.54188380999	5.65288968993	9.0	7.74063394692	5.43973946272	6.88953875017	
6.65294631409	9.0	9.0	2.1762569289	-2.16996026453	5.34236948059	9.0	5.70436514064	8.65250841326	5.83153932037	5.72227830929	8.50399495897	
2.3120800348	6.88800384268	9.0	2.32806364146	1.87566038199	5.1828242471	9.0	7.62363987513	6.44314904941	8.63137826273	5.985175209	3.49070623667	
-0.380420703376	6.8931321302	8.89086345926	2.35467160788	9.0	7.85952125382	9.0	9.0	4.37283904477	8.96908392445	7.62336004177	3.24006854344	
2.26637302074	7.23573050743	9.0	2.91664120249	3.78391828892	5.66843412246	7.38020775184	6.39266656542	2.65201130839	6.31966735781	7.977929384	4.1493802874	
4.59850025233	7.01004887517	9.0	3.3951660285	2.76183740316	5.68850722962	8.88451518731	8.99854043167	4.57341957735	8.24716896887	6.52828487998	2.52264702412	
8.98302538342	9.0	7.77700441064	3.31357842251	2.15664900543	7.43978135619	9.0	7.86522654028	1.7418663827	5.33870225306	5.93261868091	2.24828252156	
9.0	9.0	8.99628091466	2.49398953667	-1.27709434068	8.04256621109	8.99875672465	5.80349850574	6.81245960805	6.50316475327	6.45344167568	6.64883412183	
2.21835424638	6.32766795335	8.78294189624	2.25836590346	-0.371486157205	5.00394584219	9.0	5.72777139038	2.91796591561	5.62482654947	6.46735487497	3.74053372438	
2.89970034381	6.76865660479	8.90751342986	2.61490317763	1.78427892613	5.10668450964	6.84246987837	5.59734629985	3.91635104778	6.73154463342	6.59569367252	3.66829007311	
2.26841366201	6.56892395429	8.99982235111	2.34997385531	2.07436223345	5.11981877548	9.0	7.94432193701	5.63198215066	5.75602167363	9.0	8.99279031562	
0.874115807196	6.30781688417	7.38787797931	2.3901009617	6.87494066816	6.93111424494	7.7273114847	6.95941965072	2.70719895301	6.72420697519	6.97586273221	3.02723915433	
1.23194273382	6.67780603736	8.98496425647	2.32993315388	6.84447701731	8.23076879739	6.60791006924	6.05167945305	8.99156174672	8.84127598307	5.4033012875	5.7262154247	
6.46620044707	9.0	3.53789232897	2.26232008321	8.01737498917	6.07576121936	8.55336827674	9.0	9.0	9.0	9.0	9.0	
9.0	9.0	9.0	5.8285968429	1.5446666883	7.47875789707	9.0	6.04477638533	1.59652699198	5.37760945879	9.0	5.13940915876	
2.51564511872	6.51846766994	4.28124646342	2.17319825079	5.28817696189	5.35596245122	8.95574382738	6.7775036026	8.34013968735	8.15295754934	8.91832012298	8.99967849116	
7.61052630642	8.91306828891	2.51225342615	2.31087899522	6.06386915967	8.1658321154	9.0	5.48545620865	6.18582928958	6.37058292324	9.0	9.0	
7.51630243577	7.62124293583	5.18757453826	2.78109590463	4.92971321927	7.91424515888	7.65534037672	6.66950801769	3.1964520064	6.95934009388	6.02815229961	2.36514447719	
2.61563468604	6.82203348437	5.76145536222	2.84321074545	5.52839834474	6.43702338321	9.0	6.68575669697	4.13121938798	7.79370627005	6.56730863114	2.74937918232	
1.8554695811	6.41441660755	5.86821419846	2.2459470634	4.30335999569	5.78473753136	9.0	6.19025224335	6.24529965936	6.13189237717	8.94189423109	9.0	
0.88523904657	6.67862083987	8.4770733721	2.27928418565	2.85170413988	5.65860865288	8.36452377746	5.56903406473	8.96772703996	8.96611697947	9.0	9.0	
7.58591582609	9.0	5.52710746539	2.17907765499	0.949151555049	6.18660341334	8.77200825057	5.09562811803	8.40280731995	8.1908849474	7.75855234376	8.09611722702	
-2.23550107149	6.47752216889	9.0	2.22384026012	7.72483075181	9.0	8.99534608677	5.45560696536	5.95229375015	7.41807730549	5.86051438903	4.47913783411	
7.47005020298	9.0	8.99842483272	5.28223223038	1.98326742273	6.22251677755	9.0	6.58045517533	2.87087905119	6.22371631996	5.37561517411	2.24029323858	
8.50318159834	7.26557883485	8.51406850594	2.21757506088	-0.256012471294	8.66410368016	8.99824033538	7.34233503091	5.19083484186	5.75122716862	8.88050281147	8.20569348406	
-1.85209427489	6.50398505211	9.0	2.19546187939	9.0	7.25882865255	8.99959301913	8.94116319533	9.0	9.0	9.0	8.71546252504	
6.26094358642	9.0	8.99999762537	2.26070536752	9.0	9.0	4.34080412132	8.0927309089	6.75862988692	6.71120132049	8.99999935841	8.87697688282	
