4.87883608344	6.94065193238	8.97560018518	8.71999487138	7.96105651187	9.0	8.99920829947	5.97275665357	3.12960939537	6.83064609337	8.99999915488	5.23138017376	
-0.650162106274	6.39851816988	8.9098303152	2.17818200165	3.42502797674	5.10556506556	7.98335348249	5.63315623562	5.76694034078	5.81874107598	9.0	9.0	
4.51491957302	7.00183080676	3.15438623669	2.29582802831	9.0	8.0274403826	9.0	7.96376987403	4.94846440539	9.0	7.60942976402	3.70358809482	
9.0	9.0	9.0	2.57163908954	1.57308980824	7.73102208253	9.0	9.0	-0.731215934528	5.43506731714	9.0	2.81281244338	
4.55650169709	6.99972625429	8.99997882188	2.18706613621	-1.96235993364	5.35426876702	9.0	5.71980510909	9.0	5.75233202005	5.51940821029	8.75782028084	
7.04354693705	9.0	7.95036483995	2.37791215833	-1.05951005149	5.94310062283	8.89698618059	5.0700010918	8.84949245885	9.0	8.2544811927	8.34139681824	
-1.12525235415	6.91682131572	8.96074000686	2.30060663115	8.42479077383	9.0	9.0	6.93901728153	9.0	8.70047656275	6.27134958493	6.3519873241	
6.00909332582	8.08009459654	9.0	2.21266473015	7.75628914046	9.0	2.51405738207	5.64491966484	8.89971465491	9.0	9.0	9.0	
7.766781199	8.94512646542	3.76577831494	2.32882075513	3.13524015005	6.451653259	9.0	5.6155719645	9.0	8.99884700183	8.97899540261	9.0	
7.11463029875	7.11440987654	7.22613295199	2.46525906201	5.47508968707	9.0	4.97935810226	5.93936129369	2.4766621113	5.76649063273	6.20292813477	3.01035389806	
1.81124977624	6.57778286165	8.56750708594	2.40158659351	1.70020868298	5.15495035807	8.18356267289	5.72657641164	2.71569283109	5.80835551835	6.9370560639	3.8668104717	
2.70992581114	7.00835983398	8.16613888878	2.79720194246	1.86770415711	5.90539482307	8.99261427809	5.91254304926	6.10929479443	9.0	8.33474432433	5.27328913432	
2.12189252117	6.6485425371	5.36648572505	2.27852539773	5.26797575048	6.47921597414	8.47339482422	5.50364292886	4.554752177	6.16725360691	7.61570039366	6.05563524756	
3.06163172222	6.50579251224	7.86829978871	2.40524394193	0.669635956886	5.4198350709	8.8621652546	5.73260707839	2.66054709196	5.51633198537	5.60485549564	2.90503629096	
6.9034724214	6.69168151615	8.59249522597	2.26398910164	-1.25286088753	8.33566008994	8.95406678493	5.57153361023	5.59503693327	7.61458146909	7.88214841232	5.8129188757	
9.0	9.0	9.0	7.9221666377	5.80903584918	9.0	9.0	6.55902653622	5.42817566181	9.0	5.65452051687	2.25525167133	
7.92655312017	9.0	9.0	9.0	8.09277892415	8.90995047651	9.0	6.89389425929	4.30641778799	9.0	9.0	4.37172328606	
7.48287056488	8.8153419153	9.0	2.35106461755	0.997471192777	6.59397123563	9.0	8.44039702841	9.0	7.406376653	6.18989002433	7.48484673093	
7.71004321338	8.29012455637	9.0	2.19176073434	2.6118424828	7.07582557591	4.21668224515	5.60561185549	8.3243251476	6.14716386334	5.60269563512	7.94318178434	
6.50584708195	6.9639226451	8.99878029136	7.7316128382	8.58523725681	9.0	9.0	8.9927685679	2.77367484124	8.99869004815	9.0	2.70407347686	
2.88155562878	6.26973898754	4.44791826454	2.30240046379	7.96623274714	8.9998889335	8.99973571108	6.47977267548	5.25974245181	5.91603165906	9.0	8.1651439406	
9.0	9.0	9.0	2.43100849814	1.5843443096	7.83038760865	9.0	9.0	9.0	9.0	9.0	9.0	
7.05738118526	8.94885805119	7.55263864805	2.73513540764	3.48201380739	5.87582131609	8.21929558833	8.37382302253	1.62428014271	5.46246353717	6.04093719515	2.38498463519	
-0.634305020939	7.07131160595	9.0	2.6104632573	4.70851465697	5.56757466537	9.0	6.53400230968	9.0	9.0	9.0	9.0	
9.0	7.41096065977	5.53650876012	2.32739132328	1.08805635091	9.0	9.0	5.5304391573	9.0	9.0	9.0	9.0	
5.28301817355	7.90140487626	9.0	2.3701911363	-1.52512790229	5.3680924615	8.83743250648	5.42380595146	9.0	9.0	8.76364831612	9.0	
8.71361825539	9.0	2.91268634726	2.2637401841	9.0	8.95559825569	9.0	8.99654256015	8.84422947289	9.0	9.0	9.0	
5.66900524065	7.19295004989	5.21728821114	2.66547403111	6.72274205896	9.0	7.53634557465	5.91670348392	7.51392987537	8.90254005463	7.42073724929	6.04464119675	
8.3929023112	9.0	8.5998865564	2.60575189914	-0.711692901363	7.37694234546	9.0	5.88390321541	2.60401633397	5.7425310265	7.17820030614	4.3437904253	
1.46353213689	6.52981375122	9.0	2.5290224874	8.27837593846	8.99690041231	6.88214121256	7.25890030608	1.54939818755	5.86151636226	6.9145435396	2.69560153479	
7.9711840546	7.13304137333	3.88368637553	2.52280454948	7.15802968467	9.0	8.98727134694	8.99993501045	9.0	9.0	9.0	8.79976913725	
-0.496435645227	6.57380607474	9.0	2.90021206538	3.05871510441	5.14898567161	8.79115029359	5.41170284405	3.1339984634	6.06764616532	9.0	6.07335387392	
9.0	8.3554909102	9.0	4.31072714177	4.30335588586	9.0	8.78001118233	9.0	5.96846363926	9.0	5.26833130933	2.38226069029	
5.89027356589	7.25073546885	7.28524033934	2.17760816777	1.94151737132	6.21843437292	6.28167347337	5.50716324754	5.77452759917	5.88833789659	7.43601905969	7.30789653527	
5.83454959147	7.87068469601	8.68376063765	2.36784044243	-1.23761867801	6.02060342676	8.63004205979	5.32974195222	7.63098337604	7.10451430714	6.43608667382	7.00475191318	
2.40595994587	6.82624910247	6.43657871814	2.560864694	8.88025426221	9.0	7.98400217864	7.07027692054	9.0	9.0	8.39048004399	8.44736769782	
3.10996560458	6.84069210374	8.71605591816	2.57657726978	4.93131853457	5.50094484143	5.23431847403	6.73336350288	8.77401161842	8.99901146968	8.79317439583	8.50876689665	
7.2803994674	8.99128437533	9.0	2.29651960459	-1.42429278436	6.19649339916	9.0	6.19987782165	9.0	9.0	9.0	8.72454543874	
1.7948292374	6.66038669958	9.0	2.27146303916	9.0	9.0	5.10489354612	6.71410046836	9.0	8.10217751839	8.01228377051	8.99935073095	
4.43799124359	6.37966762987	7.59990190834	2.3000652556	2.8024338839	5.93632378743	8.20780783648	8.23599776432	0.537892490068	5.4412001872	8.73458237369	3.71617549736	
3.80586911085	6.35030847422	6.88691972146	2.63903883305	0.885859047435	5.65767970315	8.99999999485	5.61125626474	3.15992201735	6.11650933238	5.72041312629	2.76377973282	
3.43663861553	6.7983595994	6.0306443142	3.01277444683	7.26054378409	8.72520426651	8.98900888013	6.93774264206	1.14765461668	5.55785289227	7.75856433338	3.42298474717	
6.60216658422	6.84016858757	7.78756096232	2.27503368145	0.814088984875	7.57709786147	9.0	7.16701747626	1.85682329414	5.24965928419	6.46758697312	3.14033632731	
1.96719653397	6.62794994593	8.98946759318	2.33608748227	5.3412621142	6.84819300724	9.0	8.99920101922	5.39932309123	5.48298181556	9.0	9.0	
5.13927115657	6.47780798307	8.93120597933	3.50529981543	6.84203239122	9.0	5.54572956491	7.087798571	1.21469647013	5.79827145461	7.24395008429	2.75376416188	
4.79647479725	6.69869098622	9.0	2.29498650347	5.5018556222	7.72737448686	3.64961913645	5.96561430391	5.44609414269	5.514934119	8.89026269409	8.74836768854	
5.77843093599	6.9163914271	7.49960833987	4.42791832565	6.35530894953	9.0	9.0	7.85386059768	0.902158878062	5.85226952405	7.27490591271	2.50089212604	
3.48892527888	6.42190610164	8.94390689841	2.23391932967	1.6059070296	5.11853603168	9.0	9.0	9.0	5.9913596731	6.06467958195	9.0	
3.80363027608	6.45647179451	3.77306923281	2.28815546879	3.95907153363	5.41180759815	8.98557311619	5.99246089336	2.78175361895	5.92744208902	7.92805271866	4.84893838077	
4.91188304891	6.88218741895	6.17865523349	2.23167433791	8.99998026753	8.63616196448	6.95285771897	8.97988958151	6.06659475107	7.74093350115	7.52476004833	5.98923505879	
4.10135537073	7.30950087702	8.92476695863	2.40825896646	-0.68609992544	5.50167589977	8.62899283455	5.55007075844	9.0	9.0	8.99138131319	9.0	
8.19992119293	9.0	7.69563165188	2.89308561399	5.28239044247	8.19542540975	4.94969833523	5.64846678636	5.54452082233	8.54061192186	5.43669709765	2.62607202127	
4.49520880903	7.22033262502	7.13211681861	5.44209246148	4.24667849895	5.89493884904	8.41118492757	5.31125631193	3.03642596686	6.22287573016	6.67370778874	3.7099029311	
2.96437279974	6.29676590212	9.0	2.34406752741	1.13086533649	5.21801047319	9.0	7.93524254156	1.21034366375	5.52682256745	8.98502517016	4.73686538565	
2.18459280357	7.16385218377	7.68031057096	2.55436486201	2.65881453849	5.67071849471	9.0	5.72548473461	5.91975344377	7.93055926604	5.49440986492	3.65437751221	
5.69973413305	8.26640396564	4.78103695434	2.52336629767	8.08745811764	9.0	8.99967338781	7.44502519621	2.39235672068	6.20790221921	6.88053518382	3.2437034442	
4.442653271	7.23818889519	8.93371591587	2.20416221201	0.00365318641763	5.1468790041	8.21152518536	6.66448060686	3.87057000238	5.61877420683	5.56333268751	3.83348260019	
8.34737311185	8.99964058715	9.0	5.24267303769	0.375073154804	6.90209106166	9.0	5.39857820549	3.35901198912	6.34115731283	6.62602799392	3.50532230192	
3.03082963502	6.46383735801	9.0	2.22993703336	1.00395983167	5.13746647442	6.72680615385	5.60773323335	8.85971937387	5.59093688654	5.72201084587	8.99994165424	
7.19859798475	9.0	9.0	2.25643302967	-0.845868456663	6.12373970195	9.0	6.64720465678	9.0	8.28458033179	5.28057411618	6.15381464683	
7.46081238058	8.14261092929	8.96640948961	2.31039532687	6.17186026912	9.0	4.17992803475	6.95503688117	8.59098266382	8.99887061052	5.45426207046	5.21793970735	
4.35403970492	7.60740175877	7.31245653735	2.60711929445	8.09000860537	9.0	8.17029020884	8.38450986486	2.32852037752	6.02692998241	7.1574213964	3.42516097763	
1.80353740919	6.43870649269	6.25709626473	2.20494898132	3.29377873772	5.16769850263	9.0	6.24822377659	2.74986322804	5.50046379056	5.90414861241	3.14327626503	
1.3166319461	6.49037819777	8.99979063826	2.32816491354	0.503096761151	5.01475009336	9.0	5.67482493387	3.14942459331	5.9040563091	5.64739510195	2.92127438168	
8.55873693956	7.5655218215	5.05545761239	2.59769625489	4.07158967592	8.82115638415	8.0926659775	6.37830986309	3.78372667474	6.29550906836	7.21436856463	4.88919564899	
3.93534038623	6.69242386335	9.0	2.21748257496	3.16549240199	5.52649695578	3.89217833541	5.24417522923	6.72314453188	6.52218900957	8.81197068657	8.99396205872	
1.85005481322	6.3834418396	8.99666146442	3.28610110858	6.47886699165	7.8734755779	8.99999703702	8.45386518449	2.48106033298	5.84987072741	5.6948467905	2.29573005205	
8.15627872277	8.10316693869	7.69540815638	2.79450444402	-0.476944191206	7.74673501118	9.0	5.4381787863	3.06472966729	5.97064030458	5.66809918716	2.93635250835	
6.92822502169	9.0	9.0	3.09245341679	9.0	9.0	5.51623211392	9.0	4.50652115681	9.0	7.01664168308	2.75104453154	
6.06080403288	7.27191462611	7.98843911315	3.23659712836	5.3376450819	7.37775598296	5.83277044836	7.17959220812	2.16895789177	6.03302709585	6.85839877305	2.67461690262	
9.0	8.97277310497	5.77415336727	2.39038947021	1.29000006384	7.94074556766	9.0	5.47941451473	9.0	9.0	8.75973971801	8.78433374362	
9.0	8.99989157605	8.99998015794	2.53245929917	8.40597511871	9.0	3.5769659669	9.0	9.0	9.0	8.70002855774	9.0	
6.21458085763	9.0	8.21936314454	2.44213547042	8.56081998013	9.0	6.84862988491	9.0	9.0	6.5629192141	6.44209415671	8.9824640498	
2.42094504667	6.52987951826	8.3883575236	2.88857204039	3.23121720475	5.93162565136	8.99945742362	7.41996341296	4.39601694819	7.56192107696	5.71409209264	2.41847554932	
-1.18627545753	6.33815736798	9.0	2.55933571013	8.16264461506	9.0	8.70019177615	6.45669354868	2.12288594425	6.14828533843	8.79314134093	4.88094410034	
6.42049047438	8.97262479057	9.0	2.18905696527	0.682211433165	5.18608469243	5.90545198222	5.33295341182	9.0	9.0	8.97289958886	8.99962586326	
6.14503534643	6.92340895017	8.99912752955	2.21368605086	-2.69933745431	6.76271811138	8.99993534136	5.31002100605	8.96301845213	8.75373389942	8.43826464931	8.69428535297	
7.66728401603	8.99069682084	9.0	3.48580097027	6.63445532686	8.99239936349	6.12604582491	7.54560746049	1.86036180923	5.65084026844	6.09768734677	2.49676122574	
4.36290652701	6.76909645586	8.03801240771	3.61871027307	6.43338897553	8.47757416041	9.0	8.65558866049	4.10088617827	7.20674472668	5.52568196711	2.37759497485	
2.01424064343	6.52769722241	8.97245550198	5.60337692708	6.82082161951	5.45716736488	9.0	9.0	2.94577123948	8.99999854113	8.9999072923	2.69231036751	
7.68976761766	7.34871247377	8.98901340287	1.47208478623	-5.98821269096	6.7907553022	9.0	3.79239334801	5.353112625	6.17911771215	9.0	8.44766601752	
7.94212980514	7.35051486873	6.44230177955	2.28386037349	-0.094877661394	8.12469196845	8.97219780217	5.24178728206	8.646546394	6.4337012407	6.7599517339	8.9955058247	
8.96292578057	9.0	9.0	2.41637284525	-1.11694591515	7.64424423471	8.71294796765	6.39316249459	9.0	8.66873553678	9.0	8.9997692048	
2.03827565273	6.39781036206	8.99208519217	2.16145404715	-0.810416279923	5.10811806641	8.97510176943	5.20910264735	8.64260613005	6.709065059	6.53531097095	8.52175563219	
9.0	8.98932659311	7.87836365883	2.23801419432	0.777132710492	7.41688787578	6.76466714167	5.46992952423	3.41363090267	6.02322199478	8.28113770343	5.72735796153	
7.78102867912	6.86265468183	8.98175800172	2.27765532866	-0.750656136626	8.99366836698	7.76610898367	5.33007176456	9.0	6.41793539787	6.38366230943	9.0	
6.23806093161	9.0	9.0	2.80848213803	2.08476517034	5.69346312372	9.0	8.58227448241	6.08965260539	9.0	6.16190820184	3.07338381069	
0.0160842540579	6.48300891523	8.35098089089	3.14280663153	8.78304031851	7.30802441873	8.99999233613	8.94225764607	2.7416889819	8.98186511611	9.0	2.66473800961	
6.75419183632	6.5447248055	8.72606987699	2.42669787045	0.529497054169	8.04606277755	6.91315735184	5.48952203909	6.81867460867	8.36666546277	7.54709985223	6.11397681357	
7.33774893117	6.69349376493	9.0	2.541977515	1.59781652172	9.0	9.0	8.38943277872	2.14535212222	5.71680828788	6.53875050863	3.03181559835	
4.04181698487	6.85382579812	4.6451919542	2.25685511816	2.30097239197	5.28559497354	9.0	5.23945941429	6.22683443187	5.80566928268	8.38375803346	9.0	
0.518042707511	6.54721038032	8.23881255637	2.16799594051	2.73195009214	5.28662241915	8.90152199597	6.00174532461	7.48743836107	5.79830077139	6.02394556844	7.81863848927	
1.32351808534	6.37818051898	8.79462844083	2.17727322389	6.57547513955	7.71159177766	8.85725601745	9.0	9.0	5.82713744234	5.8209445456	9.0	
8.99994763153	7.90152003038	6.62617614011	2.45492147998	1.49186482549	8.90219176369	9.0	6.77327067713	2.1443236322	5.64347531659	8.99341540757	5.26731173854	
4.9065479503	7.28650810437	8.9583443501	2.41746167514	2.5920587973	5.58920455916	4.67481400032	5.60420309693	6.6233478197	5.65876691307	7.806394047	8.62831835284	
0.509526984121	6.24841537916	9.0	2.4359894993	6.95008393119	7.42563390604	8.9863523343	9.0	4.58339975526	7.83321929399	6.00424098029	2.80613242184	
3.29324202781	8.9822813072	8.95818380063	2.44038460695	9.0	9.0	8.47291417904	9.0	8.79325885159	7.45395518895	6.93586591696	8.2315058699	
9.0	9.0	8.99928559279	4.06323266105	2.94255033244	7.58811614391	9.0	8.99997502758	-0.836319392525	5.56430346694	9.0	2.66896292339	
-0.370082384668	6.96184027443	8.22753675281	2.40736943096	6.68698178333	8.37877099935	9.0	5.49654882611	8.91126210396	6.88443905026	6.95461692353	9.0	
9.0	8.42764835279	7.17335360455	2.2348695226	4.04269970348	8.17632105102	7.62243571097	8.69172310357	6.22352228883	6.05020666907	8.99491397252	9.0	
