-3.83729652987	2.70725604664	8.12566383214	2.83914268604	1.63137101634	4.14650288858	7.71995734874	3.58565199927	8.99993859298	6.51457588974	5.28060193582	7.76956254652	
-4.25379675611	2.50345595822	6.74596536867	3.19464309682	7.42305696813	7.87767321045	8.59366066752	4.53307933603	8.90443298205	6.8167491679	4.44431991696	6.5740577288	
2.70800053882	8.97925760746	8.89115228421	2.4510155852	8.28224242103	6.49400826737	7.428710515	8.95171995178	6.45903254325	8.89140385437	9.0	6.83089312433	
-4.26242148989	2.28768351253	8.48740444424	3.52667019015	4.06737425707	3.95597818085	8.93146917769	7.33621718756	9.0	8.99150693755	4.69337520047	4.32899247283	
-4.3489085018	2.31200865669	8.99999970192	4.31826973437	0.436898896855	3.01653569499	8.97739730763	4.0885964059	3.81787029406	3.62370844548	3.65241706536	3.89250054334	
2.36617544338	8.99178280814	8.9990455869	2.61686202026	8.84253610505	7.68887115604	8.25894459928	9.0	8.99959236481	8.7296757244	8.99220714323	9.0	
2.45385644672	8.9679592931	8.14294339098	3.4946105633	8.75603813682	8.10632935286	8.67476646249	6.96926051875	4.18273477375	8.98309999516	7.40096053876	2.94431925773	
1.98842391325	8.4595128598	8.49350062305	2.69163008014	4.220441189	5.09279104441	8.88484670945	7.11071874584	3.42721630881	7.23449494927	6.55927428193	2.55600407838	
-2.5181802967	3.78618326391	8.98535599044	5.39532714037	8.99475426079	8.99972905135	8.89575238225	5.72046950684	3.84913343183	7.12136706016	5.64639941122	2.61678068007	
-4.14407532718	2.36700047065	8.74540427338	2.85315999793	2.85169161155	3.71319769598	5.87213269085	4.24054424295	3.90921587268	3.62542983248	5.16085937192	5.32293360654	
0.190947898997	6.70302470359	7.56246315446	2.33359445115	4.6963261513	6.15613552098	8.39447311443	5.36089062304	4.69143750767	6.41432880693	8.64101868832	6.88967714532	
-2.9914058236	3.43131943517	8.47838158483	2.23519610571	0.996305787303	3.83800026803	8.18562729949	4.94976948869	8.91938942856	5.09942784189	5.12204727461	8.79364879049	
2.57831622979	9.0	9.0	2.28036191315	3.59289300399	5.01796812886	9.0	7.68424475541	7.03708199529	9.0	5.82202133192	3.67805318399	
-4.1237668852	2.47024748104	9.0	5.28238972807	7.07552290459	3.13874790127	8.36884985307	8.98941789739	4.00884053172	8.99046062784	9.0	4.26542750415	
-3.82510672799	2.43257050716	9.0	5.6039738947	9.0	8.65028384605	7.78424981258	4.8559070205	9.0	8.98512915881	8.98332323253	9.0	
-4.02225457399	2.66324741845	8.33907419756	3.40861513186	0.155385972915	3.21229369817	9.0	4.02553154164	9.0	9.0	8.8138881771	8.64348374119	
1.55216224972	7.89132219417	8.96669423793	2.75854872331	5.38586621349	5.49209713478	8.77195578663	8.35526467038	0.676186944049	6.43108492971	9.0	3.12187565326	
-3.94939064124	2.5245061006	8.94981091856	3.00106652874	0.448482164443	3.39020428481	8.95215013045	5.11365680588	4.74243274161	3.29059563114	3.39781871739	4.97617820707	
-4.40058310227	2.17526493498	9.0	5.21748137066	8.92117874129	8.75730894723	9.0	6.0266951433	4.26058262175	4.18306503286	8.90466981562	9.0	
-4.08637206741	2.48623969713	5.93603261327	3.59594040787	4.07954383999	5.31479134937	9.0	3.17642870009	8.67265985276	8.95417113126	8.89160929075	8.74228091121	
0.610934779163	7.04998660464	8.99991477674	2.43073231297	9.0	9.0	9.0	9.0	7.358516966	7.13484997213	9.0	9.0	
0.900392556777	7.45050077922	9.0	2.39645607859	9.0	9.0	6.97712999149	6.72803345771	6.50492296522	7.38411265311	8.23460255726	7.47811240439	
2.58686647371	9.0	7.72122804013	2.29654592532	7.00245760284	8.35285222747	9.0	6.34871634366	9.0	8.94998236906	5.33922928443	5.45379310275	
-3.31219782888	2.99689834596	9.0	2.61770685879	9.0	5.69790039494	5.88747597508	9.0	9.0	9.0	9.0	9.0	
-4.30017903407	2.30611581713	8.13130118492	3.61369505027	7.68026581679	8.99738155425	7.87183129203	4.16568587318	4.5746909484	3.38151097302	4.32502072854	5.58127925662	
2.43183014167	9.0	8.75029123169	2.46026171591	4.46905529958	5.84716527508	9.0	7.15510144246	2.40709858361	5.62185917697	6.85518558147	3.56006927934	
-4.13153824113	2.34434971145	8.98509860414	3.9601307274	0.620783138855	2.87824151791	9.0	4.91460329501	8.97689371222	8.53744903747	3.08615245673	3.61562696828	
-3.44454522964	2.98786588989	8.93781357992	2.60733400024	1.08850260806	3.89486822624	9.0	5.65982504851	4.70966867428	4.22150725104	3.96742269861	4.35236170261	
-3.85527725688	2.56717529881	8.25047175836	5.06524752728	1.54252080929	3.45471263645	8.80765622697	3.234354727	7.5038071178	6.51826701175	3.72951366338	4.95606507094	
-3.05454197065	3.43055377826	7.30024798818	2.48532181941	3.77704063552	5.17216363443	9.0	5.55137008948	3.32099793885	4.11514018579	8.03887666576	7.39890496665	
-3.43386264141	3.02226932789	6.56570489754	2.22543947153	9.0	9.0	7.51163072745	5.23165226377	9.0	6.6136155666	6.86398430865	9.0	
-3.8772434234	2.62213974527	8.823127672	3.41079686457	3.20103487	4.43145369451	6.5655902649	3.89931510817	5.80258838548	6.50028942982	3.49407616575	2.97150496332	
2.07057523564	8.67091923132	8.97675814847	2.27887933111	3.9600600525	5.27696986542	7.09685692575	5.4521400201	3.96580729061	6.67721799125	7.30832419682	4.7714218897	
-4.00902208591	2.47401763874	8.76626928261	2.58856605584	8.74472932766	7.34254444081	5.14775147165	6.00608589789	9.0	8.95088161343	6.8479778095	6.92106312838	
2.43542245075	9.0	9.0	2.45923540684	3.31196987481	5.83042100931	8.99889171721	6.29112908489	9.0	9.0	8.87086337374	8.48334140077	
-3.79963644273	2.49925345298	8.99305670658	3.0649763524	4.56699970621	3.92207644204	8.99978965327	9.0	3.80703557368	4.94287187943	6.01489297257	4.89157377135	
-2.15975392347	4.21803083099	7.90665436515	2.5071451209	2.86330596459	4.8919768	9.0	5.64506293334	1.97379632365	4.87856290669	5.66962913869	2.83815162996	
-4.26293082786	2.29102873017	8.09828720235	3.51764397275	4.00303225234	5.05850448768	8.8604288356	5.48474188331	1.61497611232	3.31951835954	4.7446225869	3.08956528259	
2.23515156531	8.68329129735	9.0	3.19380006652	9.0	9.0	9.0	8.03916180936	1.74753583431	6.6361504503	7.63767494546	2.46650606152	
0.544225766114	7.19722131906	9.0	2.65408795041	4.27999052551	5.37771210614	9.0	7.23159653025	1.93738679982	5.81768059416	6.49298664402	2.66262528213	
-4.17240471718	2.42391947745	8.8371462365	3.49800794652	0.335881023075	3.31131328879	8.24422690021	3.7496513662	8.8917576027	9.0	6.40974254344	6.02563650272	
1.75407791933	8.11425029548	9.0	2.88103683929	2.41901109688	5.07805239462	9.0	5.8852255067	3.61253584197	6.89831646789	6.04553732604	2.77538104972	
2.57183682044	9.0	7.79531876678	2.15370856111	2.88545270568	5.13205030962	8.80814910641	5.50467914066	4.85901793358	5.74499732991	7.53333517972	6.6244702416	
-4.34309469787	2.31465856358	8.04667215294	3.71703285316	2.11601135088	3.57264158579	7.51085724527	3.41294011597	6.00799276721	5.04922301829	4.63945958153	5.61648751224	
0.11105466648	6.64503615266	8.82908913788	2.73914020971	3.51243278927	5.43735806387	8.4838060487	5.56880183197	2.6535158928	5.77343694382	5.85366725179	3.02442116856	
-4.30160026917	2.2992646191	9.0	3.59024886925	0.484994857612	3.026958269	9.0	4.97095919469	2.08604694346	3.34334394418	4.68043699473	3.38110370369	
-4.09549052822	2.55357680768	9.0	3.13781696884	4.65947648642	5.94880245643	6.47281365261	4.0671893842	6.19608990719	6.83699955349	3.63855874195	3.01909019243	
2.55094466501	9.0	8.61991906341	2.30243265029	2.93478622064	5.0713338433	8.97271151844	6.51258553705	2.82656074842	5.8969521076	8.09001839876	4.80972576693	
2.08108985454	8.55118667883	8.98357632272	4.10446360341	8.83029468245	9.0	8.96478795749	6.71597169109	2.44924159067	6.8580046099	6.63623434377	2.49970916971	
-1.81019102247	4.5672889478	8.96400581902	2.31753576541	9.0	9.0	8.8799855586	8.8003237849	1.00133791265	6.13889437169	8.97560646041	3.94065521952	
-4.25815163472	2.35321889903	9.0	3.29303173961	4.52521395899	5.14728055409	7.99636296457	6.08068746055	0.479381366231	3.73296478528	8.60446358598	5.46063226033	
1.54084119656	7.86838313802	9.0	2.58001212747	5.79351019778	5.55981675859	9.0	9.0	0.685435226168	6.7357093572	9.0	2.99550080623	
2.28010277704	9.0	9.0	3.15528888134	4.87824148674	6.44693081423	9.0	6.24851399113	3.79860011258	6.97220389426	5.9606299536	2.6947613441	
-4.05771246957	2.51161649056	5.98542012941	3.04565941962	3.10628168338	3.15039568027	9.0	5.08576605215	4.59336490775	5.76869779928	5.84309926171	4.38093461048	
2.46087495834	9.0	9.0	2.19208869578	2.81948488212	5.10430360928	8.50131286567	6.24824943644	2.47823786296	5.34663368207	7.56205576727	4.56168308539	
-4.11596291796	2.44534417418	8.99364844968	3.60160115991	7.9218898065	8.34225649271	6.47301948914	4.45486927569	9.0	4.94491191572	4.45170445935	8.75644903756	
-6.0	1.44635536839	7.79909759331	3.7452658476	2.62889842523	3.21606529942	8.99533267803	4.70266653247	2.18394676484	2.99618559366	4.17761767198	3.33738186344	
-4.19823248906	2.3528560324	8.83564641813	4.33175967427	1.2347386027	3.40107617115	9.0	4.44117813045	3.18148340307	3.27653694601	3.90175169469	3.77249264271	
-4.42245175017	2.19178435583	8.65914542031	3.88452467186	9.0	9.0	7.61824794909	5.42717170283	9.0	4.53755275098	4.45981098245	9.0	
-0.974399627976	5.5597512211	9.0	4.14081738682	9.0	7.35818627112	8.99882325315	8.45274147356	3.09136949842	9.0	8.65700824305	2.77818618348	
-4.15956584542	2.45180723148	9.0	6.28468977129	6.00940348222	5.94475430083	9.0	4.70625833882	7.1960387303	6.42092364912	6.25062617781	7.16842833399	
2.42756165395	9.0	8.98363368578	2.52675229239	3.16869930253	5.82278142913	9.0	5.94806150634	8.9999996298	9.0	5.94899787534	5.7608548777	
2.47835280465	8.96568588032	8.23691292504	2.47820623287	4.079125926	6.30792963671	8.8607173982	5.61061265578	4.35060906081	6.56192779966	6.81014797978	4.55573511496	
-3.98172259729	2.53533953932	5.76276661601	2.65841094748	5.33018721992	3.71621749339	8.61710351397	6.54628937893	3.06743645198	6.48657052471	6.66571426476	3.27238563987	
-2.50150881065	3.92728259269	9.0	2.56606849014	8.4286699133	9.0	6.40774446044	5.44954308154	9.0	8.45554688048	8.52046899868	9.0	
-2.51150342963	3.95653334833	8.55305336549	2.31425721676	0.731968312828	4.38784085203	8.9989177543	4.9031319585	6.07606355005	5.14841114424	8.33092405961	9.0	
-3.94922910005	2.58801885242	8.98824629937	5.16665295283	0.787804812383	2.99828126781	9.0	3.74304637165	2.79667964411	3.62011536134	7.79097504232	7.02284966004	
-4.39701206348	2.31764607492	8.99817085525	6.5027798619	8.97242109788	9.0	9.0	4.52368993193	8.5482708971	8.67037174865	4.52240922943	4.37987193102	
-4.18002488335	2.35299344327	7.72037055793	3.33978084694	2.0332357221	3.51617030809	9.0	5.01299407571	6.82292523886	7.26426879121	3.53723432933	3.20785455123	
-4.40395170847	2.25593294718	7.87375278011	3.09919563689	8.15859694764	8.63627727378	6.60386516591	3.96009982409	9.0	4.52412064201	4.59259555043	9.0	
-3.46301164637	2.88380809857	9.0	2.94670607455	-1.13779758398	3.65398129947	8.9861257808	3.67220239897	5.17751836899	4.89243125308	4.09964741555	4.31149960769	
-3.34941940976	3.16853991673	7.47447391757	2.55346596538	2.82768343269	4.71821385512	9.0	5.05340231219	8.3004987884	9.0	3.82196506779	3.29412631252	
-4.30750269177	2.19005621137	7.77300121323	3.96869158466	9.0	6.08769708972	9.0	9.0	4.7720315236	6.98110849255	9.0	6.65585703718	
-3.79700855657	2.59337606216	9.0	6.64764255459	9.0	8.98339085304	9.0	4.77897417705	5.409556399	5.35463737686	9.0	9.0	
-3.59828014576	2.74366421663	8.89845562551	6.42508383792	7.38218539241	8.6242413997	8.87883328919	3.4575493493	8.1307289336	8.54910136486	7.64245706076	7.36331099384	
2.40827080241	8.77784248216	8.4688409928	2.30055925697	2.43197267332	5.3721763827	9.0	5.48757329501	5.88456685886	5.84795122695	5.7638493187	5.81384633046	
2.48234995774	9.0	8.94713587334	2.72782052111	2.201891869	5.4162989474	8.99972588036	5.15080694392	5.84496871773	8.54473850276	7.43033051555	4.74767314735	
2.47394971339	8.88247035888	8.8641819277	2.30533239914	3.57901089822	5.40194001001	8.99425032876	7.08974206996	3.80734528726	5.58777835984	8.01243747778	5.90720002537	
-3.90952678324	2.70759844997	4.92752458394	2.36449745288	8.91521852095	6.69538756248	8.98935169658	6.92815433386	8.42414296579	8.95680556256	8.99968259627	8.27623193461	
2.04737988883	8.60128606721	8.67979362534	2.22482705511	8.98949202899	9.0	7.63058027691	7.3000975905	7.01088479064	9.0	7.07282700536	4.81177510268	
2.42015921543	9.0	9.0	2.55625105606	3.0786499636	5.83000544417	8.99638864576	5.7303231124	7.41334517603	9.0	6.77072202982	5.44232331014	
-3.95601845298	2.40769706679	8.99966114053	2.7964308894	5.09413810422	5.62136123799	5.71353502146	4.61138684819	4.48498837039	4.1180758776	5.5035087464	5.82367360096	
-3.16820148227	3.229561216	5.81572934875	2.37374739724	2.2719579495	3.7064570432	9.0	4.23691441916	9.0	8.87737003215	8.66980651355	8.98633539655	
-4.03233270183	2.53628043155	6.98038352909	3.93890134364	8.20127972465	8.38115200624	9.0	5.04444965846	8.99890654553	9.0	4.12095710843	4.16164596561	
-3.03968568392	3.41586823897	8.55676337266	2.36119864077	8.99953862764	9.0	8.73622134836	8.37395203867	8.25675095372	8.63355974091	5.65477254911	5.0161139652	
-4.05408588698	2.30820326707	9.0	4.12086590636	8.60665390967	9.0	8.68141125368	6.64663704425	3.42201882844	3.78917615051	8.83062769375	8.29001064328	
-4.15535360443	2.48454563138	8.83318412812	4.13689816389	2.04710856012	3.63339895489	8.77755319613	4.9770774465	6.72035614559	3.44139767274	4.84951593934	7.82909414028	
-4.00860805486	2.61837509122	8.99992761923	2.61717742824	-0.0386106853897	3.26867190563	8.99944401629	5.23132503314	7.35776319274	6.31341593508	3.3749391869	4.33249282417	
-2.97699266923	3.26896098833	9.0	3.07946521331	5.21704619079	4.88656837551	9.0	8.72844421386	-0.603428005295	5.50632243911	8.96556681008	2.87512844488	
2.39902812853	8.82470999283	8.84395560858	2.40394889476	3.18057142977	5.77377595543	8.44683263882	5.49142729231	5.71685832004	5.65319339432	8.80380036917	8.98353310281	
2.15972986716	8.59191562866	8.99998641767	2.18439973722	1.37513910786	4.95147307168	9.0	5.52864617985	6.86678067615	6.6785766514	8.8148751575	9.0	
-2.55265301129	3.73540817973	9.0	2.30682147912	8.85789072015	9.0	9.0	8.99477218956	1.50128862307	5.74499566688	9.0	4.57709895579	
-4.09231164683	2.33499203652	8.9999931746	7.21106642745	8.90836709661	9.0	9.0	3.91177768004	9.0	9.0	4.87895358883	5.13519372636	
1.61257262563	7.9560744197	8.49626925484	2.51323876931	3.55390188317	5.25162158671	8.80200574464	6.41001889828	4.24211967653	6.52614853343	5.66317910298	3.49027587305	
-1.27104026969	5.26721581315	9.0	2.34517520846	5.06698313085	5.02035016103	8.98795144419	8.96719547968	1.54753849863	6.7431527885	9.0	3.68256634289	
2.36279686006	9.0	9.0	2.33875502379	2.13875982556	5.47652865202	9.0	5.30924366508	9.0	9.0	9.0	8.98566600806	
-3.93805451655	2.57633574399	8.98112849705	3.83189043671	2.49374195836	3.8699010303	7.56061620909	4.24060201563	3.40080023255	3.99136916106	3.78594292554	3.38870635292	
-3.82478168562	2.51520637059	9.0	3.31924840103	-1.35452542011	3.28849635448	8.7526683786	3.15488685353	6.97215064716	4.4011261279	6.27927914153	9.0	
-4.0230660032	2.42425352657	8.20083771934	3.43425144712	0.0382421785253	3.14020963226	8.46158719485	3.40672045891	5.05447237098	5.07715933589	3.47689972047	3.46347142181	
-3.73300048189	2.59815204113	7.54370775218	2.57892663111	-0.0645761548078	3.29193717875	8.99999373412	3.86929795573	8.74990651841	3.6963516227	3.86848560566	9.0	
