0.728627131813	7.31139810256	8.96236632351	2.33231822037	5.04655153656	5.30312083489	8.99497986419	8.54870046417	2.83106511643	6.72022016228	7.46886183312	3.49932324502	
2.73750049266	9.0	9.0	2.30786992161	8.99870013059	9.0	6.42634050104	6.65381673519	9.0	9.0	9.0	9.0	
2.54725569806	9.0	8.80889145229	2.22678137907	1.424008252	4.99479768849	8.99937568555	5.30826737293	5.34201332279	6.6398541896	9.0	7.69411439187	
-3.80994826752	2.84090183699	8.09270410859	2.98333724945	2.85361435689	3.59738456599	6.97525775203	4.14460670437	7.83917673059	8.97593198142	8.84779058154	7.93768770503	
-3.14107279028	3.2703651437	6.28438213093	2.59915255479	1.76752460748	3.65341065386	9.0	4.16569899329	7.92744185436	9.0	6.7959992879	5.53804238574	
0.715730751051	7.2132132148	8.64068159967	2.53527731604	7.57419638048	9.0	7.75376939469	5.63924494907	5.29766772463	8.01306548382	5.51786213498	2.84450042528	
-4.32819417328	2.43673674462	8.99681951886	5.76478056107	9.0	8.4367726592	8.11924762245	4.75265226635	9.0	9.0	7.22162775672	7.38339189249	
2.3623214077	8.9883748202	8.96196323969	2.3165482595	4.87372932411	5.57900225675	7.24246839273	6.19174305935	5.68825044846	6.31684094212	6.3718634837	5.82243236724	
2.55914379181	9.0	8.88063875963	2.16227056194	9.0	9.0	9.0	9.0	1.80981242558	6.47481157635	8.85154016861	4.26353738391	
-4.0779212215	2.3545901445	9.0	6.75750999159	9.0	4.58848117013	9.0	9.0	9.0	9.0	9.0	9.0	
2.52516609875	9.0	8.96912338394	2.25305130022	1.66066465599	5.02969250075	9.0	5.44598317331	7.49081223431	5.9168724778	6.65868568712	8.44166021251	
-3.06633035833	3.27576268562	9.0	2.3504217207	8.95457029574	9.0	8.79864676383	8.98092737166	0.482220600765	5.19528028159	8.69775082323	3.75050998538	
-3.93742960287	2.5586761298	8.05686728933	3.04629173145	8.54678793137	9.0	9.0	6.7060603637	1.35964665431	4.06617300021	5.14415127404	2.51797697522	
-4.23820438483	2.28233313758	8.70080992393	3.05646829403	8.41715893296	9.0	5.52401073893	3.78733807686	8.99812869383	6.30932361384	4.33393238931	7.04456753578	
-4.26370159181	2.32042112871	7.60566431258	3.38031920928	0.985382196877	3.00129333656	9.0	4.35313826414	2.55771697344	3.34766880572	5.9000596727	4.96852700128	
-2.01546761085	4.52965839817	9.0	2.90545036297	3.9637802189	5.74216018459	7.55429441429	4.9365429651	3.63357115203	6.3084968884	6.48393386162	4.00435252129	
2.60417416475	8.95480850354	8.9997711709	2.35638832273	2.88429560159	5.14799151506	8.05909063119	5.71869267046	4.32443375088	7.07307628166	5.91000834512	3.11351016263	
2.65685363412	9.0	6.6021269039	2.32314802518	7.84854621184	9.0	9.0	5.54755501928	8.87006105573	9.0	6.67404020058	6.57102549919	
0.669688807032	7.15286134805	9.0	2.32057357195	2.24412244695	5.00186506118	9.0	6.03303747044	2.52905880604	5.55664449133	5.92059878384	3.02559537418	
-2.69681226545	3.84838825452	8.27812036316	2.30538315974	2.50065669494	4.3641679589	8.65057531386	6.04728752964	8.77330674545	6.50264112751	5.11887971969	6.99872756024	
-4.03736388062	2.47178015758	8.68075419462	2.74257319713	0.094184996029	2.92772110143	7.64555410635	4.01476546901	7.55593458139	3.61772290982	5.13036807908	8.99249751002	
-3.86742737282	2.56573646384	5.37893422439	2.57855632004	7.98145031402	8.9588875451	8.88138266739	3.92358963136	4.2807501588	4.07158770839	3.96350162827	4.16077024734	
2.4704814528	8.81065907867	6.6195740689	2.39762107758	9.0	9.0	8.99492238974	6.47256649903	7.69421528871	7.60971248995	8.39724277997	8.51756457313	
-3.96791706344	2.54739775058	9.0	6.27917284459	9.0	8.82413629091	9.0	5.26743429854	9.0	9.0	8.98670912151	8.72534249016	
-3.79451753627	2.55935846167	9.0	3.23929707674	-0.739060032542	3.31301641733	9.0	3.81415915606	5.32552762529	4.02651257842	3.82778451014	5.38979957543	
-3.98900185052	2.46163339193	5.97922682911	3.07031440829	1.93950357538	3.55212323938	9.0	3.44922992609	4.14297717422	4.17696075868	3.42824415313	3.60698666662	
-4.03510959936	2.63049724689	8.51520355887	3.37639867499	2.40212804083	4.00093077158	7.83613112757	4.39088295373	3.44412010768	4.46145299475	4.04305160627	2.96421577187	
-3.56359600575	2.68131437931	9.0	6.35940243944	7.75190212182	5.90951511074	8.38451668695	6.34291553671	3.57549872541	7.26981238938	8.99999809635	5.36882349705	
2.40057962769	9.0	9.0	2.55389344081	8.32733822211	8.99516914737	8.54882456715	7.33006951889	3.27383888516	6.1320049406	6.59927657023	3.8868705603	
-4.24628538436	2.39558803291	8.86912545713	5.43790187805	6.60380401208	3.03950446036	9.0	9.0	8.1343332205	8.29020049241	9.0	9.0	
-3.42515247719	2.89096976672	8.41165184095	2.63929692888	1.38635798054	3.48072046937	8.89435401035	5.93727519475	0.536789938878	3.77873159896	7.87555549466	4.78053761707	
-4.21011702963	2.32841946996	8.21184830591	5.32736901224	5.76321557714	6.99631110921	8.59708220567	3.36739085576	9.0	9.0	7.29073609909	7.24395615246	
2.63001680521	9.0	7.67517916095	2.39686333961	3.49857819193	5.53155503524	8.99999864083	5.54314835864	9.0	6.02101851152	5.7453713125	8.81162568829	
2.38755336169	8.8229298179	9.0	2.17140635478	4.24716018157	5.31161105393	6.81382508308	5.80587150533	7.1781633157	6.76624368393	8.59924940724	9.0	
-0.924244323661	5.33604945353	9.0	3.59465194036	8.7749313133	9.0	8.14581177465	6.91359458953	5.00740040796	8.98481675506	7.55352203009	3.29027675526	
2.46674387547	9.0	8.23240340033	2.20073688571	2.3904553688	5.12166689952	8.97646231343	5.30786483067	9.0	8.97001747934	5.59498125164	5.80819894923	
-2.11260086913	4.26700167837	8.90585885265	2.28189035453	2.5584927245	4.78227049198	7.36628790385	5.01440056039	9.0	9.0	4.81771315749	4.92819360004	
-2.94435246904	3.38932148007	6.67240103395	2.45822647095	2.52894119717	4.56608853628	8.99855128771	4.65719742951	3.41964551219	4.35230468205	5.15469647386	4.13300225433	
-4.10167916721	2.34590145616	8.9997354976	3.99130554075	1.81961277353	3.4915000055	7.96266777767	4.59857821514	4.12353682875	3.10064832728	3.97747074218	4.92763707853	
-3.65725958393	2.74657829385	6.10512178675	2.51632021429	9.0	9.0	8.28975712777	4.96197880022	4.82538724884	4.89522826823	8.83629758559	8.957476873	
-3.06911066015	3.48530968175	9.0	2.37265541585	2.50088639774	4.22856814764	6.4696652234	4.46523471279	8.62435070169	9.0	4.16055905577	3.90649237186	
0.334794021544	6.85385800723	9.0	2.41859311867	4.23149148464	5.16177598953	8.73378950386	7.55621365007	6.2609244315	6.49584558236	8.30994428715	7.98457467675	
-4.04224056202	2.48343287459	8.9982372619	4.70015179182	0.67785336458	3.04771508455	8.95998366548	4.00581084114	3.21898527799	3.78520837788	3.69717346063	3.16141617074	
-4.15204608505	2.41957977392	8.97117782765	5.48851302657	1.13592997314	3.14270130771	8.99846450093	3.55264498664	2.77232741589	3.42567681243	4.42041948769	3.87745794401	
2.47417375739	9.0	8.73650949024	3.15507648914	7.06506975931	5.79229889769	8.99975086249	8.96355819713	1.84432689697	8.1012519308	8.99967466763	2.79238535925	
-4.11331636071	2.56867406117	9.0	4.03071463532	1.87826166229	3.86088366178	7.66948304012	3.73728901716	7.74622519114	8.24455320309	7.18745296038	6.60107240515	
-0.618475588086	5.82744024222	8.86972178992	2.20323912684	1.89220138858	5.05500319699	8.71322291657	5.43467493274	5.45521847033	7.50111876013	5.50755008949	3.52436430252	
2.37636363228	8.99988679851	9.0	2.21560153558	9.0	9.0	9.0	9.0	9.0	9.0	6.96053475337	6.67812283085	
-3.74798496086	2.55850951836	8.97088453826	3.27102242585	1.90965481594	3.81341214812	9.0	6.15151412264	3.30499162877	3.9136838899	3.85267936887	3.17132289481	
-4.26994569584	2.41228355694	7.19661429029	3.03170904585	0.881360669292	3.35927836842	8.93579221329	3.60210332523	6.36209055358	4.84647636346	5.14748701752	6.6516534222	
0.530452010946	7.06284183089	8.48876449387	2.48400397296	2.88051803691	5.6512819002	9.0	5.19686745929	8.09290343233	9.0	9.0	8.33708073899	
2.52851174258	9.0	9.0	3.06503503416	2.65876374157	5.04278623786	9.0	5.78779445452	2.59723806671	6.00835705662	9.0	5.6522323952	
2.60362546121	8.99996286081	7.90290835976	2.19653730946	8.37671258203	9.0	8.27478128708	6.64067323141	3.13768582354	5.88038910394	8.92033642853	6.25530315277	
2.25297416687	9.0	9.0	3.64190012838	9.0	7.32778467984	9.0	9.0	2.66034344489	9.0	8.99954093229	2.72483300485	
-2.01768367433	4.45524416395	8.99830382415	2.22574133998	7.84476169895	7.95586355124	9.0	8.82237858801	9.0	6.15097764458	6.11856817243	9.0	
-4.02331006023	2.47591814611	7.97397895111	2.68895512331	0.146586147882	3.25583394886	9.0	4.31287147451	2.77753446213	3.33018976789	4.10703959538	3.64267232484	
2.58362950213	8.98959433827	9.0	2.30336773368	3.59135154593	5.15059831394	8.9796833822	7.50140106652	2.2200504623	5.57972830756	6.33947072032	2.79927009789	
-4.22687564314	2.42010085757	5.71317362077	3.02340361931	9.0	9.0	9.0	4.54023598034	9.0	5.6259875247	4.59880279244	8.25090542968	
-4.01945245946	2.51532761426	9.0	3.61141952263	6.58918799435	3.14706969827	7.02924082321	9.0	3.34635510658	9.0	8.78981660924	3.12848287797	
1.3067392212	7.72343649997	8.63519145821	2.52544764655	2.09809563883	5.11110258572	8.99522213617	5.39656298803	2.75743552479	5.63793941071	6.84249252017	3.99928168063	
-2.44230256579	4.18772831066	9.0	2.20918666136	7.64411067737	6.83244286212	7.53472687618	8.15195742673	2.16496036892	6.93255291453	8.98559036759	4.17123192881	
-3.94245409408	2.43550368848	8.13823359212	3.05713143034	-0.823335589336	2.98875882541	9.0	3.52701620238	3.96070217376	3.42921804693	4.51415619594	5.10653990936	
-4.22731317622	2.45538757796	9.0	3.6846454791	3.51022667057	4.41955595235	6.65366358832	3.9100297752	5.13928176151	3.9781285938	5.75857934787	6.89705996616	
-2.69184371952	3.93155842668	9.0	2.21251307299	9.0	9.0	8.99898942065	9.0	9.0	9.0	6.10680713699	5.96390742591	
-3.74471140259	2.87362331727	7.07410726163	3.20939868582	7.08172665669	8.31462273149	9.0	4.59968524726	2.65193889785	3.82934529814	9.0	7.8928189735	
-3.94154979751	2.6029626172	8.83729323402	2.71080691058	1.82371168392	3.15605890277	5.90569454738	3.88293627953	5.2644408731	5.86012212141	8.06267896636	7.36617584673	
-3.90031773521	2.71408048419	9.0	3.03935020486	9.0	6.68010571839	6.49947762522	7.92352806008	8.89329071772	9.0	7.74333729615	7.49137674494	
2.68683605113	9.0	6.91673477529	2.54443121427	9.0	9.0	9.0	6.88908234373	9.0	9.0	8.99448710414	9.0	
2.25499318051	8.86948442821	8.89010292885	2.37584041684	6.15190377599	6.54866001155	8.37009321731	7.48096615533	5.63245172588	7.37315819222	6.31393657169	4.46656314401	
0.458518065498	6.95436417562	9.0	2.34089471528	1.6671089396	5.07156329558	8.9709337863	5.4592843709	5.10669079222	7.5683764986	5.51897958926	3.11432994374	
-4.18675144295	2.38755866457	9.0	2.69228634002	5.42970483419	3.40081972476	7.60643494818	9.0	1.7427745031	6.34910973266	8.33461614815	3.79746610747	
-1.69077511802	4.74310297749	8.5269712573	2.3608455582	2.51478385538	5.1620016607	8.50906889335	5.40675710922	3.3786750964	5.56974599746	7.31482265656	4.91067822936	
-3.86636250578	2.5971908839	9.0	3.44225852224	7.46758991871	9.0	6.30500054201	3.50943290965	6.74497732214	3.91844556211	3.55789748084	6.5137956658	
-3.95785603953	2.77373049795	8.48747048098	2.70801359493	8.94264992374	7.06095739861	7.60343582417	8.05514976875	5.30376085581	7.44785296569	6.59257998385	4.58011319979	
-4.0825079635	2.55372372314	8.99921487508	3.57704932112	-0.414181232541	3.12844949336	9.0	4.18165236992	4.12859553642	3.65920804988	8.840926766	9.0	
-4.20714888426	2.36544843205	7.78801225868	2.64103636709	4.21328008682	3.46571233736	6.45658454803	5.48969213246	4.95472697626	6.22684112217	6.05120915819	4.66027759371	
1.98263482071	8.32759234946	8.85869867415	2.40406535776	8.07780822459	9.0	8.24777544229	7.16426106582	1.51443703913	5.64974048088	8.97088254425	4.83889554174	
2.57610387762	9.0	7.43970336553	2.45807001459	7.11328615702	8.57759872622	8.88541700847	5.57691013901	4.04131279801	6.78101694014	5.87322646732	3.17134550963	
2.67829612026	9.0	9.0	2.4268902726	5.65735422634	6.65611681094	7.09010238733	5.8689020557	8.90286231049	8.21857887885	7.99277911327	8.922995904	
0.918968367405	7.39967746516	8.99999864785	2.22647740927	1.62337670311	5.10166890412	9.0	5.51225896355	4.0020381508	6.25267527624	5.55096040706	3.31989430601	
-3.10844221663	3.31626050279	6.2955261102	2.55763611664	5.78114703237	7.39497321646	8.9994471238	4.35893435532	3.48764943297	4.26834990799	4.96684694377	4.17398518926	
2.59529393376	9.0	9.0	2.23920150848	5.16817372213	5.38316983455	9.0	9.0	2.27247819878	6.4146116875	8.42927341679	4.15216801237	
1.0891835514	7.55544975958	9.0	2.26142850266	2.92047568765	5.26408035438	8.9948052681	6.55214163587	3.36965526093	5.18690205045	8.22696485825	6.49302733811	
-3.38260443549	2.91470957754	8.4132964074	2.41097131963	5.55200360383	4.85802915151	5.9613953202	6.04303116924	6.66303172331	6.06775102476	8.36613800735	9.0	
-3.77841400312	2.76831085944	9.0	2.47245701327	8.82609578971	9.0	7.90429039738	7.3762809927	9.0	9.0	4.30439850088	4.50468859899	
-3.50452327756	3.11842098503	8.96509513081	2.3617912401	2.0767911461	3.89937794692	6.60086473069	4.53973260637	6.32063379652	5.92009670653	5.2222483757	5.47743744909	
-3.36545073401	3.06726512718	9.0	6.22504403689	9.0	9.0	9.0	4.83124564462	6.50256720099	9.0	4.95910749883	2.80687559105	
-3.24395900713	3.16043911857	8.62985199367	2.80946746395	8.70895385114	8.54081665578	8.86916037466	7.94305953752	2.4173343938	5.19353322362	6.12722249114	3.46434990083	
-4.43763121616	2.2498038103	9.0	6.61384290207	9.0	8.99973817534	9.0	4.54354059464	8.81537159369	9.0	4.84028420602	4.49214222461	
-3.01219501623	3.48219770446	9.0	2.80878994559	1.47175842344	4.33820906606	8.15968060412	4.65533264458	3.9655110628	5.56750585869	4.23728072863	2.63128347863	
2.51684930686	8.99979573568	8.97244720674	2.46065615892	6.98363061153	8.28620433456	7.10463552817	5.5968726006	8.99233782936	9.0	9.0	8.93863442363	
2.36668182449	8.9241880093	9.0	2.26500676566	6.50911235774	7.85394997912	7.87995311714	6.27383824419	7.42387401703	6.18944628969	5.74393961557	6.99451139996	
-4.0858660865	2.52448278027	8.23378578777	2.94220516456	-0.17848866615	3.4087626423	8.99994971375	3.65449436263	9.0	7.90186941775	3.13938508567	4.46080733186	
0.21268749141	6.62187636532	8.05623208137	2.56333499365	6.45118383941	7.01886342324	7.67612790864	5.94653685334	4.56907957525	7.88362708028	6.69367648917	3.40483214138	
1.56731091461	8.13219766574	8.33588157756	2.56205652574	6.72015937098	5.62837500861	9.0	8.94295982361	9.0	8.99979508434	8.99998880354	9.0	
-4.0311262419	2.32815207215	9.0	6.49296954723	7.88243673868	3.54882041374	8.78718037028	9.0	7.7390076493	9.0	8.73146631784	7.5257107373	
2.54848278432	9.0	8.99849688943	2.37083457476	3.42485329498	5.10579375342	8.58403988955	6.79219104996	1.21774572367	5.38945056969	7.89197559982	3.70499650749	
-4.04496275974	2.48516007912	5.16307781569	2.76674785443	4.14377206507	4.37206957699	8.86120434245	4.24927839308	4.92102970479	4.67521678482	5.33723095875	5.5164585539	
-3.69857361785	2.61977633319	7.56269305866	4.79217851458	6.49040971232	3.30786359277	9.0	8.3451984114	5.78879217679	9.0	9.0	5.76386463826	
-3.92381356431	2.48360307234	8.83249505519	3.16454575566	2.49433701345	3.95630007651	5.71298085038	3.09866901449	8.52323389296	7.22604084025	5.1117799841	6.61401940862	
