-4.05882357543	2.48433824271	6.35704527128	1.18292544016	-2.01752533983	0.764776197609	6.5936193485	2.16448291708	-1.83654933015	1.41215560006	0.826244968728	-2.41593275865	
-6.0	0.494710431488	-5.73453300599	0.459160896881	8.99205275905	8.74955836658	6.74698212239	-6.0	-6.0	-1.42109314608	9.0	4.37730514486	
-1.16632533394	5.32653538465	9.0	3.53910212768	-6.0	-2.96733454603	9.0	4.63174953067	-6.0	-2.42856941057	-2.39018928643	-6.0	
-4.9234055017	1.57175604147	-6.0	3.22287703733	-2.27014029088	-3.30201751383	9.0	-5.98710195349	2.63925761596	7.99821467902	7.16305329987	1.76023911122	
-5.99797668415	0.483936707231	5.18379340144	-6.0	2.44722008052	0.619945893599	-5.98265385048	0.24521244514	1.17199779923	1.12866308446	9.0	9.0	
-2.17247069789	4.32240252314	7.50054609623	0.477405426221	-0.0763247365128	-0.558643131593	-2.60399294438	-1.8940287547	-1.88414171449	2.93027562208	-1.14100987593	-6.0	
-0.759849171568	5.73482056247	9.0	4.93158426129	1.8508771072	0.69951296083	0.662544761513	-0.91341427948	-2.31030430585	3.16817869114	7.57189187416	2.04955192335	
2.50516788731	9.0	3.61091421829	-4.54111555723	-6.0	1.89853553641	1.67506866596	-4.86819778264	-5.90001041333	-2.62678296942	-2.53433038912	-5.8500997899	
-5.44708737723	1.04761668849	7.51664313801	1.13385996755	-4.76506394589	-4.50148631412	-3.58019397488	-4.2568887768	4.68461303724	8.8099881706	4.43917998332	0.270312700546	
-5.75160813357	0.801897642212	9.0	4.69929685126	-6.0	0.308950495157	9.0	0.101537351436	-2.90403563787	0.492663918876	3.15352172244	-0.24284591361	
2.50516173409	9.0	-6.0	9.0	5.72913815418	-4.94483561674	5.14439633895	-6.0	-6.0	9.0	9.0	-5.99851244496	
-6.0	0.494704225178	0.863096692281	-5.93279524978	-6.0	-6.0	-6.0	-6.0	-5.88355318549	-1.52933416084	5.53272099412	1.13482092795	
0.760431673609	7.30891495737	8.45869974474	-4.82373967172	7.82071278405	8.72127901723	2.84030594145	8.35808516096	3.12849592048	-1.28872813159	4.27220520387	8.67693421612	
2.03875010067	8.53355198074	3.99885359907	-6.0	6.11782094078	0.660499786897	-1.79132348087	6.86910007526	6.85448085848	8.25831778639	3.82739452068	2.3796098897	
-5.99839567645	0.35065864253	2.90643244322	-0.603166915054	-6.0	-1.39032681893	7.12192727552	-0.504129612457	5.5036605367	9.0	9.0	5.31025591839	
2.50548681141	9.0	8.71288981262	-6.0	-1.69230335223	8.95957122505	2.60394602353	-0.131367589926	6.0746308199	9.0	-2.94040825829	-5.90838956048	
2.38028868371	8.87473607784	-5.69747670404	-2.43672332025	-6.0	-6.0	4.42508221266	-5.63072916038	-6.0	-1.63317969923	-1.58856799729	-6.0	
1.78021806301	8.27483933522	4.59231632525	-3.19866331591	-6.0	-0.164468908786	9.0	4.15982826442	-5.65940115148	0.0618820085897	9.0	3.23486010576	
-6.0	0.493167135267	8.143761182	0.486680003997	1.82902548109	9.0	9.0	2.69151697549	-0.0536124288922	3.21965074024	-0.536709764942	-3.85419001687	
2.46930112015	8.9784605465	9.0	-5.96658509691	1.81617244711	1.76004047579	-3.76999673522	4.44294355388	-5.99852171091	-1.5629885769	6.51965920348	2.04088178297	
-5.98626516472	0.492742147691	0.863493759896	-6.0	-3.12933113099	-2.38242012732	8.97773756663	8.31316377214	9.0	6.99106423023	-2.22396055566	-0.25635122926	
-6.0	0.357287973226	6.17177370455	-4.56957731792	-2.99681344598	-1.4859026786	-1.44432153193	1.11748745684	-5.03068672344	-1.15097889863	2.45266657899	-1.433834429	
2.50570475682	8.9999881961	4.18797551348	-5.99998830154	9.0	-1.62520949579	-5.99142330565	8.03041855503	-5.94701419373	9.0	8.99951871786	-6.0	
-1.03571743272	5.45748320649	4.78173773361	3.54576049702	3.70772316123	3.94556423221	6.50226786116	0.70774382259	-2.09562254738	2.02161938776	-1.83589691152	-6.0	
1.52651703669	8.02139885332	4.25178266335	5.53804131462	-1.69892828344	-4.74092912756	-0.959682938156	-6.0	-5.78824371068	1.57923459985	7.0738142025	-0.337356788166	
2.50529059419	9.0	4.4937797758	9.0	8.99903819491	9.0	5.30291139657	-6.0	4.6565874242	9.0	3.12032494748	-1.26692698417	
-4.41858435074	2.14299685185	7.91409524749	5.66787331183	6.44425462845	5.16036158994	6.74765833779	3.22292785954	-1.52771525733	4.18686273501	3.2244523822	-2.35417882239	
-6.0	0.494665716391	-6.0	-3.6235891289	9.0	8.17562469525	2.50672662902	-5.8410487977	1.50334958977	6.65623672246	-0.803381051976	-6.0	
2.42929192024	8.92234040864	4.67046473656	-6.0	3.75292139048	4.32904840603	-5.51629429496	-2.21670493775	-1.1051264473	1.87757859908	9.0	5.97464911598	
-0.110631356813	6.3842380456	9.0	8.25547390787	0.0513774179461	9.0	9.0	-6.0	-4.31335824254	-1.03805135394	6.52574124795	3.20659159409	
-6.0	0.481022428884	9.0	2.18213676624	5.25614537061	5.47769218496	1.61175869476	1.4271495797	-2.4737844011	1.66475496457	-1.73537018353	-5.92017003064	
0.34656756841	6.84148808378	5.41958918262	-5.99593466529	-4.18059641179	-2.78521031765	5.7761195064	9.0	6.09159344322	-2.35214812001	-2.10156572727	6.2985500928	
-5.99876054031	0.385753519381	6.92366947413	-5.02190709949	9.0	4.49542901395	-5.99932413453	3.75673588377	3.38011194469	9.0	9.0	3.37327334005	
-5.83116744832	0.65448634832	8.98277241115	1.8186990132	-6.0	-2.95044699783	2.74631172926	0.0742460198115	-4.97623351317	-1.65860915046	-2.6382062402	-6.0	
-2.04260164644	4.45157551407	6.85649178679	-5.18870850588	-1.57936826066	-1.37719403629	-6.0	-0.952441358636	5.85749062452	4.53780488047	6.83494244988	8.11088679528	
-2.12738254778	4.36725905162	9.0	-6.0	1.49263073044	9.0	-0.24412042369	0.452920842056	3.97070234196	-2.72434831112	2.34891674108	9.0	
-5.54842415851	0.908345469357	9.0	-3.69581506187	1.1176011395	1.50735444557	-5.50450441988	-0.143775107511	9.0	8.99902524081	8.7741817731	9.0	
-5.83326865524	0.664784417633	5.66805968229	3.01857742352	2.75265765876	2.53891767827	-1.80683543802	-5.74429399964	-1.9688312267	2.58197865846	0.721184068086	-3.87114427348	
-1.74856906494	4.74614370334	7.50375072308	9.0	7.82911732799	6.63633018915	1.1123720492	-5.9868479837	-6.0	-0.480307880542	-0.436502857365	-6.0	
1.85685276538	8.35179755344	4.07349448863	2.43946388704	-5.98763570842	-4.98134356688	1.4100839884	-4.75909411654	0.692341832362	4.27837102128	3.1502621545	-0.477136884851	
-1.3840787881	5.11076878154	4.97996889408	3.88764649662	1.78100864487	1.64191790286	6.29120058746	0.726430126663	-6.0	-0.402264453043	7.85069474788	2.20931537905	
-1.43711282747	5.05844873434	-5.93329587792	-1.01568704704	-2.22292987573	-3.29358443499	8.99809522784	-1.64487023698	0.950908361991	6.38287648751	9.0	3.52059826687	
2.50515729116	9.0	9.0	-2.84383805343	-6.0	5.38722124588	0.339032423182	-6.0	-5.2835036996	-2.00781494592	-2.68011454773	-6.0	
-5.99953106401	0.494905793061	-0.601908913312	4.97019169547	0.964450492533	0.840269269165	7.80666921067	-4.43712057285	-4.46872681588	-0.00416180634417	1.47627245795	-3.03170737139	
-1.9208771843	4.57432925738	-1.09733435862	4.55595733827	-6.0	-6.0	6.5505156424	-5.89876198741	4.10693792714	8.4645161068	-1.58300958024	-5.9845154897	
-5.72684740624	0.761702923456	2.506287211	-6.0	0.142899059834	0.904626688166	3.88242344278	4.83329934804	1.54787091578	-2.35431837354	4.27184679512	8.13587653517	
-5.78138947275	0.713209473706	-0.804443608853	7.39997555444	9.0	9.0	9.0	-6.0	4.65548127738	9.0	-1.60951590844	-5.99791114765	
-6.0	0.494699024216	9.0	0.375496402638	-6.0	-6.0	0.347435469711	2.17621045306	-2.18199265109	9.0	7.36239043065	-3.86343663037	
-1.95434093577	4.54068180031	5.78399677829	-6.0	-3.89385374854	9.0	5.23545008698	-2.66989599773	-1.15850729553	-0.990361724434	2.60307554569	2.38986019164	
-3.57806003189	3.06259689922	6.16446430366	4.78180914677	7.64137202366	3.11698523362	8.64909856929	7.41213579153	-0.0432880475142	9.0	8.13152501877	-0.729096839182	
-2.17247516249	4.32305228681	4.88069945335	8.37404144494	2.49404814491	2.85089932328	4.64846252066	-6.0	4.99192617377	9.0	-1.17816196738	-5.22778760611	
-5.99824404843	0.48041058716	-5.91280456587	0.110950567918	8.27419159553	9.0	9.0	-4.52781842946	5.317067102	9.0	9.0	5.27628034904	
2.50893601317	9.0	4.70551890478	8.99975647496	8.20878164104	9.0	6.02771662331	-5.85368236255	1.50223900101	5.13475873061	5.65945492977	1.98994443463	
2.49733569208	9.0	8.58401642076	-6.0	1.16388129759	1.80365609409	1.07573847013	8.21527338125	1.62291458752	-1.77104212247	-2.03197310941	1.33417554997	
1.97329091986	8.46820998854	0.268276367034	-4.02211450784	-1.69675610365	-0.665843969687	3.14598697102	-0.390541994169	7.23425699766	6.69259398663	1.74687393234	2.24480204429	
-6.0	0.494847360323	2.4307695698	-6.0	9.0	6.68389429915	-6.0	-2.04899803174	-6.0	6.86216686287	8.45540386063	-4.45059913905	
-5.28282795714	1.25480448596	1.13739348734	2.14888075466	2.24406734337	1.33773376556	9.0	1.99896261203	-2.26391411404	3.04452383484	6.2118161572	0.709212070319	
2.50527031818	9.0	-2.51847807146	-0.20798435669	2.67126894465	1.39377341915	8.99975291242	1.17099921542	3.39569738555	9.0	0.712509986406	-4.93564496342	
1.73950948346	8.2343867913	0.184280053697	-6.0	4.48182486251	3.38926148451	1.92072229758	2.40232004201	6.69071230325	-0.550350436855	0.626517458052	7.82283404537	
-1.4026108818	5.09233730693	0.728746464945	-6.0	-6.0	-5.7847144899	-5.71675223981	-6.0	-0.242446894976	3.90818844211	4.77322538706	0.579982065103	
-6.0	0.641649369264	2.33128148545	-3.4412471984	-5.94749228262	-0.300734450921	6.98908869493	0.226460618939	9.0	1.59298245051	1.7600381624	8.99254403163	
2.50560895046	9.0	-0.625459510601	-3.51720178776	1.40718471734	-0.0540532142904	3.72844143268	1.28583104263	3.21345710192	9.0	-0.0921518230464	-5.92238495866	
2.2823664825	8.77726785954	3.40779406494	1.98755316883	1.08018803612	1.21756287644	1.44601018881	-4.06788864075	0.392451073056	4.60557700517	7.33671268956	3.08057124035	
2.47787792382	8.97256494367	3.98373203319	0.196327874427	0.954244418491	3.26481607829	8.94986205097	3.63106093656	9.0	4.49210184085	4.53608055588	9.0	
2.2845783438	8.77936237723	-2.44522332823	3.5283634299	-1.06823748139	-2.04568055957	8.43279685153	-3.35918045361	0.985484579885	6.29067508319	8.99648762207	3.64750879471	
0.940884496814	7.43653671283	7.04175487498	-2.39380852069	0.0176829532432	1.07126752018	2.13750776479	3.71925080029	2.59082481127	3.08582276764	1.18619145714	0.654925505796	
-6.0	0.481792711194	5.11079127073	-5.93819371745	1.19708306496	0.728371721501	-5.80518644272	-1.06885735745	4.06330691761	2.14632249813	0.886668110204	2.75111655768	
-1.80328849565	4.69153423118	-5.99948829014	-5.99936489029	0.113601540604	7.45251782293	8.1349268323	-6.0	-5.99766585807	-2.72296384764	-2.68133443879	-5.9997925856	
2.16585476919	8.66058018094	9.0	9.0	-6.0	-6.0	0.795900435237	-6.0	-6.0	-1.64584086347	9.0	4.6022845301	
1.12658172649	7.62133301152	6.98965251196	-6.0	9.0	4.45315590562	-2.83967195509	7.90101437637	-0.476559414672	2.89798989292	4.16219536302	0.743849959731	
-4.76933671007	1.702521973	9.0	1.82622514924	-5.67708755834	-3.69495339202	-1.66886911095	-3.263745343	-6.0	-2.60308124692	-2.5565051967	-6.0	
1.13890188379	7.6336788241	3.03321725878	-5.92338492224	-5.00631768421	-2.84536680072	8.99985036566	9.0	-0.397369307609	-2.6189679913	6.82288366302	9.0	
2.120943118	8.61566884168	6.81852249619	7.32127496582	8.83729565725	-1.79362006572	-6.0	-2.66775295015	-5.9629736537	8.99354374394	9.0	-6.0	
-5.96888398223	0.51996681714	3.7798909624	4.71917850206	1.09149382135	0.0506525160121	7.31758005975	0.614833147061	-0.289643039778	5.06518625341	-0.129352979834	-5.50389317733	
-5.99998746483	0.494878271634	0.682911967818	-6.0	-5.78275907281	9.0	9.0	-5.89576023766	-6.0	5.56786368361	5.61167416852	-6.0	
-0.340197513037	6.15451904657	9.0	9.0	8.88451648789	4.83435296495	9.0	6.25441030915	-6.0	3.91911606853	5.57628252466	-4.38665325096	
-0.83030732903	5.66456841219	9.0	-0.940353268017	1.91717482711	1.64883518825	5.58954981176	9.0	4.0445042902	8.66528158902	2.67861112515	-1.98655700086	
-1.18789667922	5.30683492431	-5.90788379593	-4.8412387438	1.10061995869	0.741637528365	8.99246400217	1.48898831904	4.19618839705	-0.127980308087	1.62078448033	5.901185209	
-3.6723549984	2.81832053736	9.0	2.20984901784	-0.656656866505	1.18836749361	2.91344409916	0.9896213893	0.675189097362	3.77232342821	6.54152653681	3.47830702345	
-4.97131918099	1.50971578482	9.0	2.35778068239	-4.47305272715	-4.61184054584	-6.0	-6.0	-6.0	-1.51462846226	3.41076458139	-1.12074667073	
2.50536850377	9.0	9.0	-6.0	-5.52415118552	4.4038374618	9.0	7.27643793733	5.3089404742	-2.72436807872	0.978550098608	8.96784571796	
2.20264182898	8.69749263317	8.404971029	9.0	3.91127357497	9.0	6.47929273851	-6.0	-6.0	8.95548133935	9.0	-6.0	
-5.99961827924	0.495297763145	9.0	5.76195700132	-0.919463045211	-2.09896243399	0.591494192735	-1.78746867604	1.94644629296	7.45415618727	0.697730411664	-4.85284080372	
-6.0	0.481483577666	9.0	1.60042004604	-6.0	-2.95190302026	8.05762260107	5.626738535	1.52294908818	4.79778441779	-2.68135078114	-6.0	
-5.67242980168	0.685318867013	6.85246751314	-4.10744230557	-1.25253053947	-0.304448302142	-3.78686821059	-0.436923463749	4.03764071244	1.3667279232	3.96793951444	6.70759876196	
-3.46896200261	3.13417033165	5.25677127569	-1.47612508958	8.48443455324	3.28754771977	3.82623000439	8.91516238247	5.78313619027	8.99443145987	8.97408130125	5.64523028735	
-5.90082978204	0.591536625911	9.0	-3.72045376414	0.354965054817	9.0	5.59999011508	2.88146887232	-6.0	-0.489807398901	8.4778458709	2.9247986402	
-0.741184530597	5.75351641235	-6.0	-4.07364790281	8.9821322347	-0.101108137982	-6.0	-5.63883865014	-4.40897202298	9.0	7.45283594286	-6.0	
-5.99998550117	0.491781411401	7.00303317755	-4.30288765593	8.9978762937	-1.49605704303	-5.99536506102	8.99220913811	-6.0	8.99584737602	9.0	-6.0	
1.77728506583	8.27204118237	6.05641417959	-6.0	-6.0	-2.94943844776	-0.701211379539	1.50886609686	3.62261052455	-2.72426103551	2.5405129122	8.84341134858	
-6.0	0.487689089396	-1.83343476834	-6.0	9.0	9.0	8.88139315672	6.25909942716	5.0279198845	9.0	-1.85085998221	-5.86796768782	
-2.26648714909	4.22821693504	-1.95686607332	-3.11337369507	8.76157846294	4.50338319478	0.54509914951	-0.835954967732	-1.16176349284	7.42211237167	4.28657332652	-4.34110748926	
-6.0	0.479511902362	5.15584563911	-6.0	7.11586219234	6.83776458572	-6.0	-1.34906111321	9.0	3.2869808395	3.32602112047	9.0	
0.0351827677634	6.52989537263	-6.0	-6.0	9.0	5.10968059472	-1.26406877965	-4.1694878369	-1.55207811288	6.66393703331	7.40486475412	-0.854989957147	
-6.0	0.49480179866	1.42292206202	-6.0	-1.84582798315	8.29480262512	4.20028191347	-5.31327634138	-6.0	-2.72497535021	4.4232246698	1.10442766521	
-0.960917196156	5.53505343372	8.01808184004	5.60184473618	4.42719721679	4.70457483033	-1.34068771682	-6.0	1.58244969363	5.66514339791	1.92388434055	-2.20175099078	
-4.68393185589	1.80899270894	2.68389222055	-5.77118296885	-2.94081900785	8.42971954206	7.25836839967	-2.45066145149	5.92840484746	0.440418311686	1.14366991984	6.58703320276	
-1.6550473834	4.83976144072	9.0	-2.43255074358	4.49447823531	4.74666348042	-6.0	-1.61540546956	-2.87847882051	1.22667712369	0.279405541208	-3.8695893508	
2.50219220735	9.0	-0.761493139083	-4.36435891475	-6.0	-1.32577075272	6.95861596937	-0.898543308278	9.0	5.56380218496	-0.529982799716	2.84625481164	
-5.17127037537	1.48300895141	5.38668076933	-2.74723140634	2.87789358143	2.23944247267	2.53089640367	4.11083265422	4.98714634364	2.37604435748	2.94016120817	5.83123547507	
