-0.80681095391	5.93877044468	9.0	3.3222654639	2.03377114406	5.49522887513	8.00291021321	3.14770081763	9.0	9.0	3.32785120437	3.2467233133	
2.49063582131	8.98710683299	8.83414667039	2.44372423206	6.51619482017	9.0	8.02365881771	5.13039740937	6.52899378781	4.20704137454	6.08424361683	8.36534795422	
2.5064729636	9.0	9.0	3.15786547072	3.61694775632	5.65686245535	8.18616147514	5.1943338083	4.38139425564	7.00345853171	9.0	6.33481530547	
-0.249884371945	6.2404074194	8.90870949112	2.47945402715	3.29346796313	5.4580486755	7.07153559339	4.44639301066	4.77903950715	6.82158701232	7.39709958495	5.47336283177	
0.333608091579	6.82640748015	9.0	4.35626156475	9.0	8.90972606991	8.98548095469	6.75565177154	4.91625409022	8.99796162465	6.55259043281	2.74011426887	
-1.23761471324	5.39176960082	8.961135058	4.19500454964	1.4058123423	4.78338515914	8.69191406315	2.99847905951	2.27397596051	2.63493102061	5.38330978171	5.25234766437	
2.03492894696	8.52521793216	8.11657494555	4.10601820733	1.73700275179	4.94452956665	9.0	3.00917914924	3.38588877566	3.12543373984	3.85100752435	4.07333352431	
-0.509139895997	5.91284727247	8.56086239217	2.70212935986	1.22441684547	4.96961649786	7.41085515742	2.85416568921	4.1195548883	3.51202503547	3.78623099771	4.34761990352	
-0.0228681920085	6.24173934513	9.0	2.95950860516	4.27712294353	7.03935666925	8.99051005939	5.64277950258	1.28734475212	3.04949543313	4.37461858663	2.6815402152	
2.5053380907	9.0	8.93156116802	4.60506800727	1.51926777227	4.88601268304	8.77128926198	2.91964647714	9.0	9.0	9.0	8.98760068742	
0.565426205105	7.09001725578	8.93471871843	2.51961973303	3.54968119305	6.20463300333	9.0	5.75582143692	8.38249283722	8.93219287213	3.90374588128	3.61143413144	
2.48879474068	9.0	9.0	2.87234830357	6.08235538148	9.0	9.0	5.40298130528	0.547453284772	3.19962965279	9.0	6.30320675877	
-0.358579150123	6.20336139292	8.38150064278	2.8862457112	1.25837201417	4.46669683994	7.98840813653	3.32482143442	4.6621811752	2.76021754414	3.67904967637	5.59986157365	
-1.00703451117	5.4337985365	8.12429390168	3.93266157059	1.73582763251	4.60354599799	9.0	3.42989101471	8.39557314383	6.75708535703	2.58227382516	4.18936765618	
-0.777894916898	5.76646098183	8.99540125556	2.56969778495	1.49744007504	4.86661895067	8.97659632169	5.02384225809	2.34538456792	2.52115804583	8.92758785607	9.0	
-1.05879689929	5.41963243908	8.98886662664	2.56417250235	1.31252004603	4.53709230932	6.56600980172	3.12928931494	4.35362480346	3.20213305922	3.8445675735	4.79900949001	
2.5042787572	9.0	7.11962950606	2.44748329282	9.0	9.0	8.96519647693	6.84141280842	6.5438437573	9.0	8.28039637104	5.77624043028	
-0.831066736094	5.61066973923	9.0	3.52403052335	1.51810081247	4.8048473043	7.38568873418	3.11070479988	8.65079272003	7.25651790562	3.18850243717	4.21274141637	
0.906367907882	7.22397239512	9.0	2.40605096913	7.34724447559	7.40528828827	9.0	8.89517069837	9.0	9.0	6.552945487	6.61839089896	
-1.037755391	5.37361284909	9.0	2.8381403132	0.840261879934	4.01161969431	7.42004679968	3.69187304276	2.61592267384	2.46488297931	3.55396836999	3.73141219735	
-0.73189149745	5.80484635211	8.8791215604	3.26731207184	2.31703244046	5.33828050486	8.07674632048	3.78418785	5.77249819859	6.08516615307	2.82947748439	2.41997331223	
-1.17410541998	5.31128263495	8.01520198009	4.56156125714	6.19984623454	8.89812392365	8.99720062554	3.01812756302	5.68888361371	2.54454031966	3.08037058411	6.10916880184	
2.49139572362	8.98776055532	8.57234239334	3.48124634716	8.91438083955	7.20289467831	8.99495347751	8.99986905609	2.83671394524	9.0	8.98029839556	2.77294223873	
-0.586883113815	5.89265112617	8.83442532071	2.75005222453	-1.34879323252	4.19196013513	9.0	2.97104579683	8.77977161849	6.75489199248	4.53924114087	6.33330607947	
-1.14392892932	5.26202483558	8.43829555894	3.57687322321	0.195942915848	3.98907278917	9.0	3.43213287094	3.56575566932	3.04858188226	2.58224135146	2.9570875779	
-0.137322690712	6.36767214565	8.21610586809	2.64417728713	2.81779211814	5.63700409929	7.08910787478	2.94151453187	6.61129196807	3.43214025801	4.15058199765	7.48895660489	
-1.22602951289	5.26000009839	8.01627860632	2.96128726206	6.17238243111	8.91214569145	8.99994394642	4.51683915413	1.91032518777	2.42907350032	3.59216479093	3.00120071642	
2.4865359784	8.98290415094	8.99828659734	2.93562921289	4.40591209759	7.27878521454	7.48500604172	3.87745403393	2.54915496106	3.69091697618	5.73345651057	4.54851365125	
-1.17885495911	5.20256970803	8.94748842964	3.04302693279	0.664603585987	4.03679402722	9.0	4.93173555547	2.34958269065	2.28438601971	8.99820140228	8.99802349936	
0.476962320046	6.90932560928	6.53201220201	2.37626916439	8.88056094425	9.0	9.0	6.15312684508	5.8357073802	7.83125301857	8.14912332365	6.31012885767	
-1.02612420048	5.64024732407	8.4966461724	4.21570007953	2.6313070302	5.63747672367	8.84146790301	3.25729906232	9.0	3.26635551956	3.47011441716	8.99157076479	
-0.892752092653	5.67022862354	8.99650953581	3.41492076901	0.376872705121	3.86708266365	8.1887347723	3.47364744059	9.0	6.20899246026	2.63149468549	5.27344704144	
-0.350217296159	6.08773460494	8.11931217949	2.48739723002	6.07448771086	9.0	8.36174635341	4.28001055813	3.02695307914	3.76701854785	8.99859121215	8.37235667337	
-0.922450980981	5.40098783885	9.0	3.30568403206	-1.13346520584	4.02006125804	9.0	2.8740427425	7.43579705406	2.5703399606	4.14993084914	9.0	
0.803738187556	7.38799522634	8.96852386937	2.42114571498	8.99999374405	9.0	9.0	8.60140473384	5.77520908224	6.76271941883	9.0	8.03600590687	
-1.33050280528	5.31374619249	7.3866820678	3.14554854853	6.16895387172	9.0	8.70184739498	3.19861686259	4.13064543655	3.73082239453	2.74906041786	3.13344791818	
-0.50066175479	5.83212459283	8.9994442601	2.92452718134	1.65774997446	4.83716411115	6.53042109138	2.9546082311	8.64115358507	5.62689582783	6.24118937077	9.0	
-0.542846292078	5.89156907281	9.0	2.54334589168	0.261723004767	4.68972459515	8.59921179266	3.85567285313	1.76319609982	3.14948291328	9.0	7.58706271882	
-1.19966324894	5.4878186021	7.64381344039	3.47186429716	1.18411450494	4.42836826242	9.0	2.83843131114	8.99677463228	5.94094736929	2.79805572554	6.01966561745	
-1.27351735165	5.25265017415	7.57365387675	2.97365798299	5.97419697347	9.0	9.0	3.64988626375	7.58616487525	7.16239664401	2.5439988271	3.03517159368	
-0.134323492667	6.33465246838	9.0	2.79908064969	6.74035423084	8.99372164232	8.19963322986	5.3375337993	0.973980811922	3.77360389914	5.56693973346	2.7730180244	
-0.276994942342	6.24105297777	8.96819365683	2.47247947267	1.45111880525	4.52204096298	8.3134625374	4.96621265342	3.26820265948	2.81702834101	3.82227886305	4.21395349895	
-1.39892419941	5.31711485994	8.51724531563	3.23704460437	0.282245674257	4.40359673208	8.87373901712	3.00088684247	4.57549705779	3.32587095183	3.07967005257	4.29920026095	
-0.474592302044	5.94366190736	9.0	2.848710565	-0.744940102109	4.16859364728	8.83141340727	3.29049918657	2.18615571184	2.85098871449	4.57678857921	3.97375347959	
2.49820489574	8.99317772601	7.65699740392	2.46430389899	7.85750505055	6.24621455454	8.99141443285	9.0	4.01439174461	8.93182669679	8.99996330165	4.0370302801	
-1.36270727861	5.17551533045	8.31140646978	4.00452352068	1.48920622546	4.65206821553	8.96067066775	3.26432476305	2.45813378557	2.49303375512	3.03004193459	3.07923654338	
-1.23333524947	5.28309558839	8.28232146373	3.29920426626	0.669148315876	4.11970431002	7.9391341824	2.68398085134	8.58575722293	3.20536805659	3.76710529166	9.0	
2.39776140432	8.89267156736	8.45456312609	2.81779417125	3.72558521232	6.74454852923	8.41159624954	4.23345505107	2.94834196623	3.02417598617	3.37083884033	3.25102677676	
2.47994725923	8.97501490502	7.50418176749	3.44339786613	1.78223432239	4.9526390368	9.0	3.09381332554	3.6611747139	2.81477598088	8.06823516711	8.87123239331	
-0.791079627388	5.74622358917	8.88765493122	2.7406885818	0.0178397925208	4.38684159602	8.57364962944	3.4467478606	7.49331565907	5.68324613205	3.16775687076	4.93576127903	
-0.915650813391	5.6209367712	8.69143471033	2.72222750099	1.35873379882	4.57960921837	6.69550378492	2.56303366294	6.94094602435	6.14417454772	4.81919824664	5.7242570258	
-0.619192551393	5.73649285436	8.84319966186	3.59324994856	-0.433097980218	4.29564282856	9.0	2.6874397955	7.08723078557	6.49810507554	5.63216919036	6.3187088969	
-0.979756153849	5.43103982589	8.70396207482	4.30799699678	2.15550285702	5.05968259732	8.15626622698	2.86949237661	9.0	8.66010913012	3.29172650663	3.68287184887	
0.415608910665	6.74800636626	6.91865160977	2.41401344002	6.15658580459	5.54056362708	9.0	7.6072887721	4.59372695513	7.64803877871	8.04772098231	4.89894322659	
0.788635314288	7.23548929916	7.75310384744	2.375006078	9.0	9.0	8.75848568004	7.34030622605	6.0500852299	9.0	6.45458120047	3.5734617971	
0.361101395482	6.83965237485	9.0	2.79305397204	0.655733458585	4.83328423698	8.52530789249	3.78896634618	3.16642901475	3.67752777227	3.58752091287	3.06685107717	
-1.21382553915	5.21458773599	7.75223177254	2.84085702381	1.83783773291	4.75831916243	8.22905841964	3.48390530027	2.1136205748	2.51228859876	5.04939010159	4.64677109203	
0.503527987081	6.88799879919	9.0	2.51541712268	5.98730968548	9.0	8.45265213446	5.09890382578	6.99478739322	4.01494471598	3.55422159134	6.66628364348	
-0.221974426118	6.18418781209	8.9998662645	2.55834996895	2.35237911135	5.1020361559	8.85790857242	5.95942491186	0.31889145066	3.59971934063	9.0	5.5269170393	
0.333938454184	6.88960587283	8.99967576306	2.52632909481	9.0	8.03793467698	8.40070707248	8.99990055371	8.99802771612	8.75700491599	9.0	9.0	
-0.757311394126	5.83651855456	8.44398189913	3.84766513383	4.36965201605	7.58444046314	8.52473738998	2.87192599671	9.0	8.97298709029	3.07103636197	3.38683179133	
-1.38053116858	5.07389710806	9.0	2.99661218314	1.40325136147	4.51555362131	8.48633825585	4.65820923841	2.43540466447	2.23080645965	4.52478017266	4.69920100423	
-0.643660823896	5.90294066241	7.05201907136	2.43059824545	6.05361437152	8.9998745438	8.20970856402	2.98965672424	4.26651591665	4.40738292801	9.0	8.83936699881	
-0.975947476129	5.48005807841	7.7357320118	3.16456262606	0.560266460907	3.90983265545	8.82105880603	3.22926012009	6.72879647399	5.9190369845	2.51981799692	3.37468616308	
0.542503328538	7.11714033625	8.98381596018	2.71911223876	7.71525303014	6.66601962331	7.48280267708	8.00265034926	3.40486260884	8.78134466713	8.95823532641	3.59846886199	
0.498776802992	6.94038461535	9.0	2.44075345988	1.56686023165	4.96756741368	8.89726252917	5.29065216432	3.74668528057	3.41263805825	8.49009129463	8.81476739522	
-1.40188063736	5.14430404012	9.0	3.6976676351	2.14774659277	5.62292892348	8.39975215187	3.34739850085	6.08258803812	2.34095029362	5.30177297263	9.0	
2.5057795343	8.99971116243	9.0	2.43914695002	5.45918891177	6.95173450918	8.29913989726	6.57334402284	8.96629299056	8.98125577103	5.34317187209	5.28356406298	
0.0993754868385	6.6939755829	8.99453402754	2.3679639328	2.9672022295	5.74589179838	8.51880942324	5.28249301508	9.0	9.0	8.76723910473	9.0	
-1.02181042301	5.33632434259	7.79392750511	2.96573748974	1.50735641399	4.44922914791	8.58883221721	3.97583107264	4.56743816773	2.4214306842	7.11409621411	9.0	
-0.568519701468	5.83321458238	6.00449699989	2.63286808799	6.35024521908	9.0	8.92072423822	3.12814057274	7.88767455551	4.52428674024	5.86548495504	9.0	
-1.02038802614	5.41418778621	7.24517768087	2.87460514108	2.39686025228	5.24255159571	8.77971208413	3.58100627807	2.70362400022	2.95510003706	3.18383153417	2.78446612893	
-0.849615056263	5.6547117343	8.9961124457	3.37430772923	5.28036606375	8.94434538649	9.0	4.12283729749	4.11826679165	2.52717378138	5.59410482867	7.06251995513	
-0.965917418807	5.58181803921	8.85613874935	3.53689383026	0.0895678441997	3.95844740538	8.99641276416	3.57851704511	4.19148650146	3.46357550431	2.4876019975	3.23926197608	
2.50416358258	9.0	9.0	3.90814445311	0.634569844973	4.39571971533	9.0	3.53342886152	2.62762675667	2.58339352618	8.99973162166	9.0	
-1.2756947116	5.20842712618	8.08390690631	4.5054200745	6.27840368526	9.0	8.99979044873	3.03050288817	9.0	4.25291666934	2.29363687478	7.14294791223	
-0.0832001216869	6.38799935785	8.98049740234	2.17481958826	4.60820475221	4.97718743072	8.99202886075	8.67546950332	5.50187075462	9.0	9.0	5.47539531567	
2.38103074982	8.8772535633	8.98589499687	3.56155341799	2.89850618773	5.72198114349	8.15826130067	3.96297385026	5.96904905722	7.38612100697	5.46603218671	4.00999699307	
2.50680478351	8.9995537461	8.31352456469	3.86708498587	1.30232663274	4.62177002947	8.92056977154	3.25426959258	3.29518166287	2.64270245017	5.6703369354	6.28147099752	
0.436603172388	6.63521783919	9.0	4.66139406096	9.0	9.0	9.0	6.88073375905	4.58687966362	9.0	8.77099130739	4.28576757208	
-0.912143854556	5.55247449538	8.23188558885	3.11830357471	1.71076120703	4.66713296253	7.88756124008	3.19598521324	2.30587552412	2.81637108226	3.24375398731	2.86880888828	
-0.271766317333	6.19664738606	8.99534354124	3.27500496192	0.977897181306	4.28732159658	7.50167790039	3.07675357054	3.79910059221	3.74134926834	3.01043253714	3.11304506908	
-0.925580773702	5.48429666116	9.0	3.16502303495	-0.475573901724	4.26423036995	9.0	3.459341962	9.0	9.0	2.6058586674	2.66184409755	
0.568692725789	7.05745594608	9.0	2.55902803264	1.89152796627	5.16236207372	7.36093346518	3.73471944145	9.0	8.30663595447	3.89912098885	4.61364900359	
1.26802489712	7.75056991914	8.99604935987	2.65313095726	0.972999279264	4.6675339386	8.96008458267	4.80924162327	8.99986900323	3.38445349273	2.98033776932	8.59066516256	
0.927067326476	7.26513532116	9.0	2.46448692981	9.0	8.99978770019	6.89674637478	6.79417169525	3.61953430758	7.11885538607	7.62713742003	4.14625838149	
-0.681616169009	5.69992140013	6.7934589708	2.60479204792	3.22188292713	5.99609709506	8.96403798794	3.70702347532	3.95407046756	4.39540540584	3.28423606304	2.77007653934	
0.91643620711	7.24012644394	9.0	2.65239748432	8.875743512	8.48239315503	8.86321838787	9.0	4.56536156788	8.78811511594	7.68104074057	3.38835948058	
2.43060925769	8.92547065477	9.0	3.02108589687	6.06880095705	9.0	9.0	5.24930669084	1.59727409187	3.31624525601	4.46722178613	2.71301184031	
-0.671912094351	5.91105575483	8.32271664281	3.04087957363	1.62416467067	4.55821352999	9.0	4.33828170546	6.80955124308	6.64063664589	2.55181987322	2.95172376505	
2.50602378947	9.0	8.82871790909	2.86742261543	1.62370919336	4.93075188183	7.69933300938	3.55771239188	2.57377895241	3.02911200665	5.85544931424	5.35856439866	
-0.0885145970892	6.46967597438	8.40445244509	2.48886327851	6.86081480084	5.49944061733	8.77346974933	9.0	2.89557144987	8.98759287395	9.0	2.9359499058	
-0.999116281952	5.46922532095	9.0	4.35422626506	5.86372286411	9.0	9.0	3.51313195195	2.24713392751	2.59926467499	3.12411790719	3.06999740721	
-1.20805646546	5.32300444529	9.0	2.903518605	0.546585616867	4.00991595816	8.83638013273	4.57388734575	0.678553663158	2.33898007287	8.98420346313	7.38260912053	
2.47954706425	8.97374616289	8.99981588688	2.44576624841	6.49647252785	8.8204081336	7.71869059741	5.15252362553	3.90323231972	4.43968966956	9.0	8.42208055461	
-0.55632957288	5.93631388702	8.9016730405	5.17235848843	5.73462664338	9.0	8.97879181432	2.57115313823	3.9126353345	3.17502028389	3.78087484769	4.66054713848	
2.50783399988	9.0	7.99921219485	3.56674177018	1.35958553318	4.71826080819	9.0	3.27999376619	2.83109883363	2.92350585996	3.73510634464	3.60166142087	
-0.154552921092	6.42020562497	9.0	2.38324449596	6.56225276235	5.74729141533	8.55793395861	9.0	3.78822710467	8.61052750032	9.0	4.29281837457	
-0.666698565373	5.89218838521	9.0	2.74638891639	5.74834720205	8.64540698985	8.15591866214	4.76589061343	8.88246975907	2.83524032612	2.94260726997	9.0	
-0.92988328666	5.53195595456	7.3951068087	4.10119105481	3.17437627903	5.87748714167	8.99999999996	2.76111970894	8.95752653316	4.32037887804	4.28643415481	8.99999957374	
