-1.27809697591	5.29084380365	9.0	5.26164878766	5.28519168437	2.13682257068	9.0	9.0	9.0	9.0	9.0	9.0	
0.978673828679	7.33231838032	8.95034758971	2.51947551911	5.98616516096	8.98156573521	9.0	5.83289715698	9.0	9.0	8.66790202047	8.57024691038	
0.536523539761	6.9129430546	8.994159863	3.33413785071	8.12450578471	7.45754139332	8.55439494278	8.33391885122	1.69203413831	7.40331635645	9.0	3.06079960879	
1.95955754737	8.43627482207	8.27297302177	2.82500604137	0.110264309941	2.64374912612	8.9999919575	5.13379461205	5.23212007179	5.17437498341	8.98026882428	8.99853963098	
-0.586052108174	5.88331419794	8.97173975257	3.27689738243	0.944615952766	3.02273952672	8.88023156498	5.86301303395	2.90118505818	5.60796425198	5.53975116309	2.82707872175	
-0.218388802556	6.39633886137	9.0	2.24947177401	1.61470095004	4.94822065795	8.99266182164	5.40360066022	8.86195779557	9.0	9.0	9.0	
0.0210646140822	6.41606650173	6.65942087772	2.34910391573	6.90694394492	7.02981668913	9.0	6.3874668439	8.02630178335	9.0	6.93683392171	6.19454738134	
0.867556680031	7.22855568417	8.87267042658	2.4982047724	9.0	8.91043904694	8.9647887146	8.88969838269	1.49244258718	6.93248280665	9.0	3.49116583858	
-0.363071298972	5.90586353548	8.69743975677	3.72760380065	1.12945445157	2.59113639629	7.94834326325	4.7321372858	8.99203010297	8.76684592731	6.17644258398	6.55140847084	
0.595626227442	7.03273658984	8.02823455245	2.58433745217	0.919678921242	3.36568326781	9.0	5.21453669588	7.71808403803	6.57692890484	7.42406189124	8.64750317087	
2.47124047304	8.96503236939	8.96291284763	2.46315295678	1.88082450621	4.66736776375	8.99998391068	5.91929441455	4.756863815	6.67846077764	6.42215467325	4.45498518157	
-0.00392083526492	6.64503330689	7.10357270684	2.29718774044	4.32658899123	5.75477575701	9.0	5.4025821939	4.69866280423	6.39607313997	6.15887604688	4.58210489274	
-0.996183931604	5.55827535618	8.76395676928	3.06403691224	-0.246765662123	2.34948007319	8.48914868767	4.81025777975	3.90698063624	4.94924849275	4.59820317845	3.504223568	
-0.180445559385	6.34638907595	9.0	2.45676240201	4.72522052186	7.05827644193	8.4979473392	6.06469029867	3.93302981714	6.52241491634	6.73520104221	3.89175000289	
2.50498534224	9.0	8.99993746809	2.89906140824	4.82161247142	7.34135104077	8.99960886463	5.78549695449	4.72802594534	7.8419356142	9.0	5.83986664392	
2.50461023434	9.0	9.0	2.44039537378	5.37994753978	8.36818698139	8.99707863943	5.77237303529	8.89225288665	7.82297015618	7.97040401844	8.99512582725	
0.142200511298	6.55089769815	9.0	4.01080931145	2.43971107369	3.76739261809	9.0	5.93968515293	2.40918248682	5.5906245278	5.66930913777	2.56753182116	
0.482497307929	6.95505677191	8.8166862766	2.57478237171	9.0	8.44220300045	9.0	9.0	9.0	8.49269543488	8.39431950392	8.80228281992	
2.50468014116	9.0	8.93797978637	2.44112783311	6.04568828106	6.77164098829	8.99861698152	7.97283857416	9.0	9.0	6.26627929246	6.22219448897	
-0.151746148903	6.31801819717	9.0	2.2083637822	9.0	9.0	8.91454245299	9.0	0.957384210802	6.45693836723	8.98978626351	3.4632156349	
2.5180454494	9.0	9.0	5.21070015981	1.48636056559	2.43305896262	9.0	5.05942367265	8.90398858628	8.37432306198	8.45323568862	8.93916942488	
-0.14539487233	6.33699506339	8.50234490281	3.35541275823	1.33099371711	2.70381018322	7.93587840163	4.9890734498	8.95979025538	6.84211161655	6.05212361747	8.10283107298	
-0.143081952056	6.34225505479	9.0	2.3963284525	0.126457508663	2.97415353488	9.0	5.94097598792	1.68323528354	4.86648884347	9.0	5.85488200697	
0.404822904966	6.83175360112	8.94261492314	2.47135282698	8.99999334686	9.0	7.58864038194	7.11487034241	2.4127191088	6.54172588918	9.0	5.04990480057	
2.50441658061	9.0	7.56190386803	2.44749696995	7.69080733513	6.02397887245	9.0	8.9850156579	4.6800091313	8.98859171439	8.87159426894	4.51829269882	
0.623843403888	7.14593568135	8.23769267003	2.31186245929	6.84440128133	5.93348516756	8.99636167148	8.99995727416	7.67575107803	7.36342717451	8.21173861391	8.53488177231	
2.50535867252	9.0	7.07564480026	2.43919730497	9.0	8.54785889263	9.0	7.29281632663	9.0	9.0	8.87066514472	8.82707971539	
2.58438539807	8.9999960111	8.99791246554	2.35088037526	8.99744543765	9.0	9.0	8.99997070495	6.78073120451	6.70811927343	8.40988772624	8.37041911413	
0.661169803327	7.15390448178	7.45252189813	2.39746214561	2.88147958044	4.18552609917	9.0	5.95558524793	5.68781382277	5.65926195616	8.99828344554	9.0	
-0.104315334986	6.37239478177	7.04367907369	2.13061530698	9.0	9.0	8.52779127688	6.61471296487	8.99999384898	9.0	9.0	9.0	
2.51623462248	9.0	8.00093319454	2.61914642572	0.522332921165	2.89355618166	8.89182372995	5.11784242463	9.0	9.0	7.44922439667	7.4047149224	
-0.207045075957	6.56081044765	9.0	2.3291721345	8.90609532646	8.52217043409	8.93216508784	8.98658254366	6.91370389756	8.05329797082	7.35397301587	6.06532710678	
-0.256682433246	5.988207081	8.99371197907	2.75042738729	-1.37640052706	2.68467447977	8.97173914729	4.55686316348	5.6400630824	6.20425537593	7.17030903266	6.66543999682	
-0.123494963211	6.366342567	6.5869652211	2.2309198591	8.93315139451	9.0	8.98801788598	6.54964882301	6.23209210646	7.73998482824	8.57788274628	7.08819585319	
0.943037660157	7.42416233527	9.0	2.53268324223	8.70018623573	8.99705250047	7.73377707659	7.1975906834	8.78576584634	7.4507513883	7.83554371418	8.99957335065	
-0.448176929239	6.21648703546	8.4810636009	3.13954688734	1.07176735802	2.60723289558	9.0	5.8980127514	2.78752868512	5.04809837042	5.15920791546	2.79279649538	
-0.158551082067	6.20951485645	9.0	4.66840451019	1.14025696571	2.5162786267	9.0	5.31406130564	9.0	9.0	4.78419911417	4.81529044199	
0.845860664452	7.38422039072	8.66298624328	2.53965112956	4.1650728019	5.11950812698	7.93209386947	6.25245199285	7.30354898448	9.0	9.0	7.26519190523	
2.51740714088	8.99948536407	8.85527713948	2.7764901356	1.28798253651	2.72854418901	7.25084454868	5.10484053034	7.71146631266	9.0	7.93941838757	6.60932053597	
-0.312656795232	6.20645406801	7.42906083743	2.22146738158	7.1219093825	6.9626939681	9.0	7.51322456514	6.75414219691	6.71660737539	9.0	9.0	
2.50547365557	9.0	9.0	2.43845170165	8.98513562853	8.99999938768	8.65906823273	8.41014040643	6.78376367375	6.80057815216	9.0	8.93987519045	
1.03105211227	7.42862934457	9.0	2.53806753363	7.35038448404	8.9997522997	8.75081655639	6.7894770487	3.0288300766	5.94425810345	7.2443338019	4.42195644039	
2.46132450319	8.9489462156	9.0	2.53364474162	4.71352372858	3.49973152587	8.10911134282	9.0	2.45358479395	7.75109027847	9.0	3.65967924637	
2.50569144633	9.0	9.0	2.43874069321	7.16006317696	8.72674585224	8.43383307767	6.63288050069	8.97158610772	9.0	5.95245208145	5.88096030945	
-0.000687648697387	6.66490599407	6.82858508371	2.42845379639	9.0	9.0	8.99141044931	6.41523119811	9.0	9.0	9.0	8.9925150907	
-0.924751309243	5.54597909432	8.88873420867	3.26498741695	-1.08102274422	2.2889934516	9.0	4.44169196069	3.34259083244	4.57070113011	5.14566909474	4.0287433849	
-0.945794960653	5.57473035082	8.81781123185	4.45759679682	0.622805357076	2.35453282888	9.0	4.5784288584	5.51491163225	4.9290798307	5.78842395193	6.5252353929	
-0.970231266127	5.44001946577	6.15212727766	2.6144255662	2.53069296979	2.50522896957	9.0	5.95575035945	7.32288986475	8.99633259497	9.0	7.24906473297	
-0.380107537237	5.93341484233	8.99995272619	3.17657816923	0.196652024681	2.54755166164	8.52393515738	5.34505757308	7.16870443247	8.02500816728	6.16451393273	5.28960397412	
2.51792026299	8.99889026741	8.72953315423	3.11855700352	0.747645278213	2.58155179038	8.24211007177	5.23677554143	4.01341252122	5.5493130671	5.35127630501	3.77225529438	
-0.672810270159	5.74651333822	7.98716691594	2.68286393575	-0.123812282626	2.4022977098	9.0	5.16100209895	4.50018705891	5.62931453642	4.8574821577	3.62546268446	
-0.82683618235	5.62699962578	8.88166071971	3.76341403763	-0.170582270154	2.37944850894	8.91942578241	4.69431762282	2.66121168495	4.39900173686	5.74301177241	4.15995961611	
0.918702773374	7.38877563113	8.63418190454	2.45585423426	8.95391291064	8.37203160424	9.0	8.95256152363	2.07527011609	7.34837077393	8.82330240705	3.49422798533	
-0.128300810046	6.36903836679	9.0	2.4222664832	5.81857207817	6.92615727414	7.01143039707	5.65898620028	3.53358737221	6.60713749271	6.03740362798	3.11147311738	
-1.10103971719	5.39997959883	7.44044788012	2.82152320571	0.398171738564	2.2668499466	8.84817494402	4.74807136645	4.47417835867	4.70113847921	5.17505322739	5.03878410254	
0.136485575786	6.57953150581	9.0	2.57070760876	2.34191383771	4.19323093816	7.75013255994	5.48862016435	3.3593273595	6.15839047946	5.43497962321	2.83535357977	
2.51827332273	9.0	9.0	5.28099169852	4.90849389112	2.43365440482	9.0	8.41722049522	9.0	9.0	9.0	8.94111553224	
2.51457542977	8.9931733986	8.76106841661	2.9343391803	-0.576255533716	2.57799395949	8.99996799551	4.88771651883	4.68000031407	5.64526661076	5.84343700547	4.84381246832	
-0.20047943773	6.36913164157	7.91626003757	3.23068948885	2.33254722298	3.37269009834	8.79375230377	5.44666291158	6.31890921581	9.0	5.51322359559	3.06274232736	
-0.373351181824	6.07527056496	9.0	3.11125849585	0.256701249847	2.66475654893	8.97842242703	5.66321261309	9.0	9.0	6.04494376287	6.00013252113	
-1.23270686458	5.41229494414	8.98464283815	3.29659233389	0.191673411174	2.44058676428	9.0	5.45061119786	9.0	9.0	5.04071994038	4.92354935324	
2.44305029695	8.92461276342	9.0	5.34372240312	1.87836405359	2.43192068803	8.97777275781	5.27854774393	8.99967160262	8.99542396037	9.0	9.0	
0.564428297843	7.01122263779	9.0	2.49630032849	7.54457758995	8.33875548187	8.43824281981	7.51520539779	2.77337512616	6.3698151834	6.41347926728	2.73539887066	
-0.171550413972	6.32774481853	9.0	3.39183597119	0.321306106221	2.4597451368	8.55352627846	5.17824701495	8.30802798505	4.86912221857	5.37320969963	8.88453378287	
2.51764841549	9.0	8.98539935114	2.92994313361	-0.590223245681	2.60526012438	8.92633297689	5.00180641567	8.08861457723	5.45943674352	6.36182310134	8.94291734331	
-0.309693340197	6.25060916534	8.94161260481	2.29368396024	2.63199290038	3.37363833911	6.79996549717	5.7834679301	4.10604021674	5.84539247159	8.74270378245	7.20984462781	
-0.090708871201	6.34359604577	8.7376506287	2.99229783658	0.539373383656	2.61022149363	8.63018761014	5.53782706764	3.85325405651	5.83936000888	5.02199100573	2.94207253565	
2.50331548941	8.99609321214	8.98890971892	2.44389851177	6.54697611803	8.99994906206	8.99897952626	6.30214994715	8.97546474237	8.99995427677	5.98002146877	5.89707580298	
2.49209672864	8.97349689405	9.0	4.35438795038	0.4531489679	2.44037683401	8.85337225925	4.7067590872	8.99790023006	9.0	9.0	8.99921732624	
2.51890209362	9.0	8.32216916601	3.37609437385	1.46403993959	2.66054001915	9.0	5.96884419197	2.49545068284	5.22391086431	6.06534214592	3.29395081291	
2.51300723817	9.0	9.0	2.6956127406	0.0212235491502	2.7869261027	8.27059830714	5.02534420481	9.0	8.99974487609	8.9031724369	8.849665839	
-0.25220829758	6.40387678409	8.61242733488	3.12459358285	7.60157097758	8.99848341175	9.0	6.08636910781	2.48305698244	5.82528931446	6.14078702988	2.71715533274	
0.743892494341	6.99925721227	8.95430621838	3.04421576891	7.44655312465	8.99707067269	8.04257465873	5.9548227014	3.39755911667	6.53870051098	6.71630436495	3.47622655754	
2.50539252673	9.0	9.0	2.4389697983	8.17393268565	6.41593033185	7.49848032889	9.0	9.0	9.0	9.0	9.0	
-0.602450029416	5.91848346177	6.89636312007	3.13173270829	2.09310465109	2.50160995936	8.99069244441	5.30634885231	2.84968791638	5.61923880527	8.999759466	6.44801204647	
-0.795684359937	5.71771106121	8.98855991859	2.92065047072	2.6146518429	2.5248885137	9.0	8.17526793143	1.87635488842	6.28793776138	7.64272832639	3.50751052815	
-1.00578750229	5.485698131	9.0	4.80357401911	0.455859994427	2.22627047284	8.8751356556	4.46520508087	8.99895413995	8.83189706902	9.0	9.0	
0.218462392916	6.68039204438	9.0	2.51124361153	4.73370839196	6.52152137789	7.56826401983	5.35821886072	3.35082948385	6.05621695122	5.91536439404	3.39482638168	
0.407000140196	6.79435447845	8.6362789252	2.50179677369	2.22330312074	3.03612189812	8.53852423703	7.16137781273	5.98814654205	7.56552299132	5.47373375205	3.85273686678	
1.04770495227	7.4919943139	9.0	2.54034425129	9.0	9.0	9.0	8.71463443351	7.06766261874	7.02991871247	9.0	9.0	
0.00843276196426	6.60512152471	8.39994860199	2.24108582539	6.65454704105	8.8662591641	8.99977688316	5.87586271829	7.47750036964	9.0	5.56504376068	4.17708397445	
-1.11352036002	5.3432253233	8.81269907622	3.20122361442	1.42081022682	2.24432617119	6.67981884914	4.80716812519	6.34575360589	6.74259275833	8.05417391138	7.54160025719	
-0.238221396636	6.14763338077	8.5197462845	2.66692532801	-0.966244363772	2.65721619974	9.0	4.42140782262	8.89773956666	9.0	7.69809757124	7.80053543829	
0.259080973648	6.7117223508	9.0	2.27223808508	0.581745872175	3.35519454915	8.29060180233	5.55380395351	8.98752420643	9.0	8.96955992762	8.71436099156	
-0.901316713279	5.58781113052	8.42736862833	4.0590101096	0.146491086119	2.26166534589	9.0	4.36367543353	3.71290607421	4.69249860184	4.88518539517	4.02839176494	
1.74671387607	8.23831344893	9.0	4.23053856342	4.93688981302	5.06999749518	9.0	6.86134217786	4.77610900194	9.0	7.5631974763	3.26906059298	
0.723858071155	7.08543453439	8.80493403327	2.61527038539	7.46765412175	8.68969375284	7.7722685453	6.09205731435	2.55224096407	5.98695103503	6.82126870502	3.35626838961	
-0.125840203901	6.36654921412	8.76542678455	2.33061177941	3.67899036255	5.68507754239	8.24145489956	5.82474611834	3.38224720632	6.00727110273	6.24007111042	3.59864460598	
-0.24693489429	6.2898666319	8.91510555735	2.87713347562	1.21738649534	2.53251171457	9.0	6.96485706222	7.9538151782	4.98214510381	6.30558340674	8.99929955001	
2.52080671659	9.0	9.0	3.237978315	0.723519268273	2.6528600159	9.0	6.05525996183	1.92786432737	4.92173317706	7.37173784716	4.33320016922	
-0.96894260847	5.41949740685	9.0	3.46421048801	2.16493128751	2.38012271196	9.0	7.59172677523	2.35855972726	5.87199969962	6.84984827756	3.34889156342	
-0.722354570725	5.76036457227	8.88762019748	3.246307904	-1.22804745903	2.29185152217	9.0	4.33167875828	8.85788198041	4.86321542265	4.90542245739	8.97785429337	
-0.298451303094	6.29136141589	8.32784449964	2.46235821407	5.30071240147	6.08834613394	9.0	7.10506435386	5.58332123307	8.99058407432	6.134900205	2.84560606981	
0.691533424857	6.99081390983	7.53622052283	2.37029358071	6.01927509866	6.46979493873	9.0	7.16900317129	2.37231391454	6.16554125574	7.8248776893	4.01144714297	
-0.936735234441	5.5541786824	8.95888963478	2.61896571142	2.93350503042	2.52117814269	9.0	8.99672714966	0.697148487184	5.97028961616	8.41757884975	3.13644149486	
-0.80793729537	5.45695316149	8.99999999978	3.85433872515	0.508332165828	2.29764238963	8.53727894715	5.42068900904	9.0	5.85128469409	4.62291925921	7.66744513732	
-0.345690766579	6.05896747733	9.0	2.29793902328	1.12823909231	3.49671928554	7.80357892227	5.40478922755	3.74000472158	5.50510476772	7.09791890301	5.35213518314	
2.51331352763	8.99851437895	8.93327790171	2.54860236622	-0.293719723434	3.07310116544	9.0	5.23155520867	9.0	8.94443148661	8.57901363996	8.59112407887	
-0.299652641206	6.24834879851	8.99717810668	4.14999805096	4.78770520853	2.72254478645	9.0	8.99952797011	3.51789242809	9.0	9.0	3.4543697641	
0.387278630623	6.77852693866	8.98823862221	2.64239920093	1.05053350081	3.13155138256	8.94926349566	6.51037814543	1.57719074744	5.06395328791	7.46696422415	3.92155892982	
