-0.407523872055	6.04406615815	8.9967192321	2.25727203821	3.44196322077	5.26228025589	7.45704412222	5.62097090639	7.62770104154	6.23605677679	6.70747610309	8.22900329519	
-4.04837535002	2.43368401305	5.42354738398	3.0455472014	2.44725947119	3.80744555497	9.0	3.20794630738	4.71381098337	4.35518019868	8.62204072273	9.0	
-4.31546858266	2.23281181939	5.59371873573	3.55085928136	8.94495618402	8.63832983819	9.0	4.56935415153	5.42485409571	5.80596305944	4.7977100342	4.39813413877	
2.53253152596	8.99966902007	8.93296295688	2.20392558084	8.79146982258	9.0	6.7123975157	6.43618139674	3.23632433892	6.50676210889	7.76988284993	4.48016698506	
-3.79365533081	2.69788077207	6.17411271642	2.65757678258	7.24064766374	8.85882495423	8.63496639382	3.7788866951	4.69893010637	3.77039506254	6.93534154733	7.73743690427	
2.36292858091	9.0	8.89309143042	3.61032094701	5.63371826699	5.26716863161	8.70000438697	7.43237951064	3.36522759521	8.32671599015	8.98118994711	3.83604001613	
-4.09505331063	2.43377152843	7.82909484615	3.06983348322	-0.0640692490888	3.1276555844	8.63222091747	3.25058996016	7.16325036625	3.63087847454	4.85714664657	8.5623191221	
-3.74102277468	2.81971921429	9.0	3.19803557285	6.77873431347	7.86817047793	6.88774257313	4.64123603797	9.0	8.99946754518	3.75494801505	3.85070608943	
-4.09674159957	2.50348601908	7.72717907938	3.17422226664	1.53108546974	3.18293478334	9.0	5.03591559055	3.03614724644	4.20069206313	4.24075793137	2.90574997065	
-3.8343582475	2.63285761398	6.39804256664	2.73449410246	7.75402257965	8.99634813146	7.72993430056	3.42353335034	5.10632845186	5.32561752204	8.79880338259	8.55320863948	
-3.0754946194	3.49772563764	6.67272856273	2.5259082347	4.09017792514	4.06089755384	8.99784178222	6.34104509603	2.40005485837	5.94362116578	9.0	5.26618160761	
-4.27414891561	2.35527933758	9.0	3.90271292148	9.0	9.0	6.2533858778	4.58352610211	7.82375538016	8.99805874847	8.65727672284	7.16302246672	
-3.44604066902	2.93319778379	8.60764837818	2.63741964013	1.69226960833	3.78944489548	9.0	6.15862902204	6.69750138389	3.67228932787	5.12444386606	8.09452814976	
0.312623210119	6.81982431747	8.68258625868	2.16606659985	1.78521085414	5.02103132276	8.87795529662	5.2909994687	9.0	7.52639273617	6.6670604146	8.23669066121	
2.57876526391	9.0	8.56692090863	2.89582158688	3.26904836124	5.77291892768	9.0	5.42704354161	4.98144117403	8.02722239681	7.74210980673	4.73098544506	
-3.83541042814	2.54602977762	9.0	3.26964475072	7.41849082896	9.0	6.65667126967	4.12571401067	8.92442330916	4.16074285706	3.57951845398	8.30013709204	
-3.79413957805	2.59666708891	8.71892560029	2.75703999211	2.82199369507	3.25022223242	8.99937964131	7.85606498811	-0.521920222462	4.32126714035	8.06345532869	3.21502349683	
2.63468442261	9.0	8.99997122489	2.36875417536	9.0	8.99858857124	8.99978969778	9.0	6.45626101178	9.0	7.06991802136	4.51615494418	
2.51304059128	9.0	9.0	2.62201156255	3.80899929355	5.01127764478	9.0	7.43332652978	0.741977744977	5.69504103969	8.88815544435	3.87678284825	
2.53559900379	8.97401806355	6.34195829184	2.21118854544	8.65793212331	8.99804637445	9.0	5.98515037311	6.46319172311	7.79417613779	6.69576570358	5.52221523382	
2.38406533897	9.0	9.0	2.424095826	3.36073087269	5.87384904142	9.0	6.03567086065	8.99784486452	9.0	5.36193010575	5.47342981804	
-3.91946989085	2.58635997351	9.0	4.26745825362	7.51483414782	9.0	8.42978815866	4.8720378934	6.00248629276	3.43820255511	6.40438709957	9.0	
0.491474389669	6.79031608702	7.84730834084	2.34325932664	2.97725862844	5.09552280517	9.0	5.76148392509	6.30377862439	7.62766995687	6.34717466126	5.11905323022	
-4.01505130652	2.42451333961	8.8483292177	2.86412167871	4.21937414966	4.84476739566	5.84815078061	4.55961662034	3.39302056352	4.18160912319	4.15676921972	3.34645093154	
-4.18842916666	2.29851657555	9.0	4.19593592765	6.57305834651	7.88324986493	8.99935728733	5.59291544845	2.20848408386	3.3845727055	8.99999155378	7.90067609126	
2.00753745079	8.51059537488	9.0	3.44132469501	7.33238326102	5.95392874512	9.0	9.0	2.75805385327	8.97379301067	8.73881361081	2.76852004244	
-2.34680907285	4.25728956644	7.69264992114	2.24706326264	8.98684125072	9.0	9.0	7.35089742896	3.91049672611	6.0931427193	9.0	6.98353684713	
-3.66899402717	2.71794975376	7.84066868137	4.35717837371	7.31901278468	8.8721466315	8.98344568208	4.25181111353	2.89455251831	3.66136901812	5.32258710816	4.50110343827	
2.28820049896	9.0	8.54189781232	2.77266230771	9.0	8.99997673261	8.99902628991	7.82862153324	9.0	8.83663134355	9.0	8.99999743439	
-3.32570734362	3.02780387234	8.57198684884	2.97226772847	1.03362200765	3.52718725353	8.95945032387	5.21712183569	1.59591168401	3.86840288969	8.24304850958	6.11610011982	
2.52225862904	8.99684890009	9.0	3.93233315506	3.52279450708	5.47231435364	8.96553122569	5.30365959993	4.46792392856	7.65900179339	6.59028235165	3.56119600488	
-3.94463799882	2.5573454127	5.18598917119	2.719680988	8.4395430562	9.0	8.99201086611	3.98604663896	8.08940423897	5.1222384835	4.67194444616	7.90481011703	
0.411995910468	6.92051227117	7.10275571344	2.22493366319	7.58211753212	8.94796017794	9.0	5.71123748941	4.30507714578	6.2544782437	5.88330322979	3.8467543541	
-2.4408508413	4.09657099657	9.0	4.51941204586	5.57163699934	6.95465377038	8.58883908487	4.6450098848	4.15630605298	6.67469090307	5.90335499357	3.63543404533	
-4.04399242907	2.3203548588	5.02197572937	2.83829456544	8.95781174602	9.0	8.99263790667	4.4171606195	8.99999795576	8.9858120438	9.0	9.0	
-3.9421031669	2.47992473506	9.0	3.94209301596	1.03062307255	3.22174671114	8.92961118582	4.98645646912	1.08020235483	3.51103951408	5.79110932869	3.4779157993	
2.65343174493	8.99874407946	9.0	2.45705001438	7.50326950658	8.94197122968	9.0	7.48401137181	5.28437580349	6.58488892155	5.87225263474	4.48241699808	
-3.82204630537	2.65870222832	9.0	2.81674226965	1.33372406342	3.09570835332	9.0	6.66016748629	2.32565079614	3.47023038597	7.56567325807	6.27372134565	
-4.01883212961	2.50013495897	5.54880238649	2.50539413933	2.8888759108	3.32986419582	8.56306225796	4.45546454102	8.79437566167	8.55129519007	8.89544390855	8.99873306801	
2.64773228039	9.0	8.96568523915	2.87201138232	6.518034628	6.0098960239	9.0	9.0	0.807343253503	7.07088781879	9.0	2.78836224662	
-0.592886608268	5.9002199276	8.99858502546	2.43499239326	2.60883071795	5.1377884295	8.88481083449	6.10514228054	8.54013836882	8.83083895333	8.2329841445	7.90907446029	
-4.25324529524	2.29914829443	7.94379164311	3.70556737199	8.72622026296	9.0	7.62092367647	4.65503994836	8.99600196734	9.0	3.76493336716	3.92719183528	
2.41639063141	9.0	9.0	2.58912305191	4.70458385851	6.19306725564	8.17180628663	6.12000398543	9.0	9.0	9.0	9.0	
-3.4398547979	3.09894695669	8.79286284206	2.63161353647	-0.297347201832	3.84097445039	8.74069057893	3.70781020357	3.92039213309	4.09211654357	4.64639233189	4.74198430115	
-4.04644148512	2.46275110779	8.85318534146	2.54157509869	-0.0582795535742	3.23721985832	7.35448040607	3.60122405557	5.28193071892	4.36949224294	8.08887289798	8.88655826062	
-3.97339500705	2.57215517355	9.0	3.05516412765	0.82554419905	3.20583886507	7.84931441769	4.61337517506	2.36173886243	3.87710923575	5.43157171335	3.68000238186	
2.4157973469	8.99779112077	9.0	2.33547971708	7.92398535145	9.0	6.98582861278	5.71003494123	9.0	7.89696062867	7.96464367021	9.0	
-4.10611422884	2.39406018074	9.0	2.80999174228	1.90383528587	3.13182790099	5.84900587479	3.97845666464	5.21884748635	4.02259875047	3.56125678687	4.80266094096	
-0.15676064402	6.25622808003	9.0	2.50370539033	9.0	9.0	9.0	9.0	9.0	9.0	7.38395319147	7.10203761671	
-3.97016766211	2.34439453129	9.0	4.29710490607	3.21242046626	3.09089459181	7.10609544305	5.36973146281	4.27077221065	4.6107115588	7.12377322807	6.77454362234	
-3.81514615182	2.63140035366	9.0	2.72832250875	-0.826368826697	3.78976400894	8.99735836707	3.89666989954	8.33614192564	5.26788323431	5.63472332109	8.70488740998	
-4.12252720393	2.36702891731	5.57132382883	3.2578309063	4.2903388323	5.49018364664	9.0	3.24204811785	5.14354528707	3.74061142844	7.46951119373	9.0	
-2.22120660604	4.21263743477	9.0	2.5339775611	4.46186998542	4.92963465346	9.0	8.41412172715	0.127624192017	5.69242556091	8.99486099972	3.1525229074	
0.299911425989	6.86739414489	8.53772326863	2.38216935166	3.11817453338	5.96267623066	9.0	5.34521318738	8.93619020273	9.0	8.99472650908	9.0	
-3.78794150181	2.43638001228	9.0	6.80571243673	8.84751260112	9.0	8.93358368917	4.56255012295	7.56903085455	8.83286112924	9.0	7.54117755251	
-4.37538811434	2.31685609631	8.988514118	2.89148135126	9.0	8.2575114983	5.2818481888	5.08293527457	8.63605360465	8.89447639708	9.0	8.78008981147	
-3.6860321577	2.95560863273	5.6340796876	2.37451208981	8.56562935506	8.79520172245	8.79982832597	4.98806953519	5.65621045935	6.76618285491	8.52748156717	7.20762782246	
2.34827642531	8.89122703555	9.0	2.83189935848	2.26439505914	4.96850824708	8.93327029197	5.46213151732	4.9162009291	7.87228747952	5.76167683721	2.88590367537	
2.67499590797	9.0	8.65116980884	2.39510614777	8.99976904721	8.99890726821	9.0	8.86221487685	6.80665926885	6.64314106936	9.0	8.89328323412	
-3.2795782418	2.98186075056	9.0	4.77875918558	6.87212247988	6.26372546476	9.0	7.38088520473	0.966252752954	5.43888388134	9.0	4.28809649185	
-4.13921904875	2.32591083983	8.72975860418	2.74098253787	4.7330814392	5.42428942068	8.87371388225	7.32270486772	6.71881682879	3.64097359915	5.74688983654	8.98807669545	
-4.26213068342	2.36218529823	8.17129046507	3.11874028682	1.17204771904	3.21318194127	7.3294867023	3.50526498942	6.29102478863	5.57383648016	7.39465742245	8.04911659036	
-4.37115441827	2.24582796197	5.96087927331	3.10340841497	5.57273822573	3.94029362495	9.0	6.57933654484	8.66250649012	8.7790814343	6.07558288027	5.87519468816	
1.87014348471	8.35508924492	8.99994431657	2.23145617059	9.0	8.97241709936	8.9582320639	8.99967249543	1.88960720155	6.37348593671	7.64814840912	3.16405022741	
-3.9177191149	2.5307278649	9.0	2.69921446755	5.50722934309	6.59973151583	9.0	7.46530149252	0.0906226395443	3.51386072462	6.32851171598	2.8422080926	
2.41744739713	8.99899248885	8.14791352062	2.41481447824	3.98046262545	5.78452259288	8.9989807797	5.94196518234	5.93643010891	5.54699306891	8.69064581603	9.0	
-4.11003235252	2.36202657966	6.2317795683	3.03621323888	2.01171582896	3.23419209664	8.68640971254	3.81729833155	6.7017068232	6.36492675099	3.3108072508	3.78572693625	
-3.88543982661	2.68767005478	8.55484524959	3.11469184787	6.18821216136	4.37067567391	8.72465929115	8.96808591365	4.55494264058	6.84530057204	9.0	6.78135882204	
-4.21697291197	2.40808250386	8.99790991062	2.8609931177	1.44777714073	3.10532742817	6.17795580412	3.68306578221	9.0	8.63896996106	3.56188617741	3.94241042457	
-4.17101091568	2.26327092001	9.0	6.62977735798	4.51898031309	3.20863586344	9.0	6.01611693795	8.22738998975	8.02408953818	9.0	9.0	
-4.0707525401	2.36795078307	8.95043550413	2.90396189171	6.39045890147	6.44701762415	6.98951860086	6.34789018112	2.13442259547	4.27855062757	5.883161426	3.41851493645	
2.52250280396	9.0	8.89130685485	2.35359054068	2.58707970926	5.42873471441	9.0	5.84892982334	2.83201875593	5.48618674461	7.10578632822	4.49846732558	
-3.89045796342	2.66081579703	9.0	2.37630236721	4.98774127389	5.77952104486	8.99979619054	8.0145767205	2.87358864305	4.06047658028	8.64792589598	7.3265704539	
-3.94165867119	2.56773599977	7.74650130705	2.57273463721	1.02182185221	3.49752725193	8.92831250858	4.94202167115	6.15580168978	3.32822994359	5.11448392817	7.79825187909	
-0.0166850229702	6.35203694148	8.99293918857	2.25987503634	8.99188503888	9.0	8.48903410228	8.62678588925	1.04291495527	6.37472439683	8.97018159285	3.53967721567	
-3.79230598847	2.6493519644	6.50311017044	2.73357469675	0.89499712029	3.26667249512	9.0	3.53396611535	8.15363577881	8.73065167376	3.64716040952	3.29270362857	
-3.48152089089	2.92240555139	9.0	2.83982518894	8.36544341354	9.0	5.73288951214	4.75592383638	8.20993426195	5.85468755214	7.05301825404	9.0	
-1.80741611509	4.71817178656	9.0	2.5429333766	7.32554249477	8.65368084747	6.94425775084	5.37317139455	9.0	9.0	7.04417200683	7.03469707824	
-3.51863391057	2.89534230514	6.61172132335	2.64506545672	7.55988150962	9.0	8.52919858566	4.26589149526	8.82465358018	7.57171937026	3.52198604587	4.85668933361	
-4.05948337286	2.43947831418	9.0	2.76701832092	-1.62152097898	3.06217524641	8.99456632866	3.67043839717	8.75415709032	3.54528756008	3.63736257336	8.89898525654	
-3.533172867	2.64847285047	8.90338161026	4.84580438468	0.767381158019	3.32430962895	9.0	4.0526012002	8.54240059379	8.99997606818	3.89894649773	3.36436492315	
2.70782468178	8.97729664754	8.99947803046	2.32548652445	6.87777980337	5.45952038175	7.57089549748	9.0	8.39346650965	8.36567314717	9.0	9.0	
2.53776673314	8.91335772367	9.0	2.20854777285	8.77008340682	9.0	9.0	9.0	9.0	9.0	6.27054648674	6.18274167774	
-4.23148191027	2.37253743363	9.0	2.94291550138	3.67420232463	4.74935114731	5.94984767643	3.91171650922	5.43772565585	3.80510406221	3.5439748996	5.30530706896	
-4.01295487419	2.39258351096	8.9639829002	3.23216181148	0.18959940621	2.99920268716	9.0	5.21202810082	1.80193787545	3.41883329316	4.90416278467	3.25404991324	
-1.7528372497	4.6909328297	8.9461626427	3.06076575012	4.35114924378	5.66809072906	8.99841761379	6.74899466081	1.85412229579	5.64474399781	7.26908594121	3.28568926351	
-1.86603183468	4.65994136818	8.54958333634	3.0713807767	3.69018438375	5.49991349685	9.0	5.82339316995	1.98184145126	5.25041292012	5.746719637	2.52048869483	
-3.47848391086	2.83582588367	8.84112453173	3.68985659741	-0.229086982032	3.33927648223	9.0	3.97378150605	6.66056754858	4.27326113271	3.86956488099	6.25761930513	
-3.86592322001	2.43606835768	9.0	6.66128417297	2.28499286035	3.50449369577	9.0	3.47764807905	8.99999026496	4.13551399253	4.1675413036	9.0	
-4.00177657446	2.65282700129	6.95580316508	3.97610479157	7.9057371839	9.0	8.75270036985	3.50698537422	5.326353216	5.88915991139	8.4735693964	8.09286925563	
2.37180672786	8.99960472891	9.0	2.30615930359	6.05207302911	5.8305733986	8.9999257875	9.0	1.47192167102	6.88487203928	9.0	3.72738939741	
-3.92779370697	2.71555016495	9.0	2.91988325632	-1.1755933615	3.62129577899	8.99943989998	3.29885860992	5.52213965091	4.15127477699	7.51357482518	9.0	
-2.10554372669	4.31715856866	8.84954416196	2.56024570124	6.0173565106	7.45333103152	9.0	7.1784177441	8.32231513434	4.99933782052	5.70536822033	8.99865950022	
2.36557727181	8.99444913893	8.7365377631	2.64216278316	9.0	7.75656563208	8.55690592292	9.0	8.99999864385	8.83938441274	9.0	8.97050303433	
-4.10515870473	2.49019741278	8.46466589458	3.99700770941	-0.247502831742	3.0557882906	9.0	3.29900009956	8.64327659806	8.65125806152	9.0	9.0	
-4.07795842664	2.41816780406	8.23759758801	2.90223074614	0.243729338131	2.98797630018	8.7214869325	4.54949349594	2.05983110782	3.23686908048	8.91178916302	7.63017583843	
-4.08230372745	2.62636111419	8.92667602804	4.31259445128	0.224456725607	3.42831335984	8.99997157954	3.34481074394	9.0	9.0	8.98861479544	9.0	
2.55130296756	9.0	9.0	3.02212043633	7.28069567693	7.78961579835	9.0	7.85118386941	3.77503828901	7.56173262661	6.56752861861	2.65819051069	
2.46818356358	9.0	7.80287248864	2.17364688549	8.95133279378	7.2217144705	8.24438465197	8.82155424194	8.41163310837	9.0	8.95607641744	8.3243268265	
2.60317221035	9.0	8.83409199063	2.43159258781	9.0	7.92913250181	7.08682819539	7.94847953907	6.96332880616	8.78384869099	8.94109627809	7.21842544691	
