1.02167919916	7.41476580323	7.1772980763	2.55484664737	6.38713473575	6.44976596108	9.0	5.41397621983	7.88427856349	8.73775926488	8.38397573178	9.0	
0.89906819168	7.39818626973	7.18143375572	2.41959765559	9.0	8.9686487486	9.0	9.0	9.0	8.99555999391	8.96626844467	6.97145362386	
0.0706773453961	6.68370578012	9.0	3.49454638572	9.0	9.0	9.0	9.0	4.2574372351	8.57336606474	8.19316051028	2.30242519812	
2.50538187552	9.0	9.0	2.43855671942	8.99109551887	6.83389171588	9.0	9.0	6.64694661096	8.99999999923	7.92051276243	7.4467236364	
0.19642689646	6.66706236147	7.31841655969	2.24862119132	3.78073271685	5.22299007939	9.0	3.06242265187	5.65851834099	6.57547596383	5.18810025179	7.10334749129	
0.449922668969	6.7598672278	7.58993655606	2.80251764822	4.45286344316	5.92034615387	9.0	3.27711692713	3.2440809557	6.08253496039	4.01985469064	3.55407311035	
0.37932920466	6.89913399608	8.5683212198	2.75674581846	8.97642258044	8.99077486684	8.99820016687	3.73251929731	3.72524484769	7.40205994014	2.44502407186	2.99318664494	
0.412870485417	6.85446337065	8.95048744258	2.31659970977	9.0	9.0	7.25064204169	9.0	8.73748752419	9.0	8.70185539524	6.60011615141	
2.50527203527	8.99999726825	8.96003646791	2.44233167765	9.0	7.83000590862	8.81819496263	5.04464812171	3.01834981358	7.94535549006	8.97058748169	8.66523558313	
2.5054590228	9.0	9.0	2.47203980771	2.5164037105	5.48940536916	8.99996180719	3.87834000352	7.16266889504	9.0	9.0	9.0	
0.733808855488	7.20968915235	7.65060844931	2.31492546695	3.78902894222	5.39650778459	9.0	8.74366783808	8.77064725178	6.23643268419	8.99936212919	8.70858820609	
-0.0840268873268	6.38415801583	8.96421746907	2.73889678657	8.59078023297	7.72570253871	8.8505830446	3.74121393269	2.56372582294	7.66090670856	1.99037566387	2.29169372611	
0.124427219068	6.46417273419	8.98715619388	2.8060590896	6.36844998774	7.49587717285	7.66186203315	2.95578999368	2.45995991707	5.7518453866	3.48026044833	3.22196053192	
0.0961344833969	6.67004343141	8.99998929276	2.63589276415	3.56047038308	5.05082816547	7.77212779527	2.68177287723	8.96380129818	9.0	5.42438809703	8.48261692827	
-0.279091431202	6.29637908491	7.14191083322	2.59518971958	8.21776862618	9.0	8.93306788386	2.62236589296	4.11491144545	6.80757479229	8.46512683536	9.0	
-0.140726383102	6.40873082834	8.99945157805	2.49859883587	7.24962272481	5.16696085826	8.93703521892	2.90019255976	1.64648745039	9.0	5.74662155018	6.13496105894	
2.50493372825	8.99933625543	9.0	3.89754418851	4.86017825018	5.83352645061	8.99199227189	8.23654788784	3.50122692177	7.12990323153	8.47653031491	2.89215113594	
0.245018796526	6.57061148959	7.23633227099	2.19817277729	3.77564358218	5.43033561928	8.63766520747	4.6278824181	7.24771417846	8.88660894882	8.61367331499	7.75268649935	
0.197658883541	6.66865361647	9.0	2.6261301456	2.86866094216	5.08429868294	8.87726471131	3.55875214778	2.18458512151	5.57159050357	6.7860655416	6.1196920966	
0.0186913549578	6.38175867172	9.0	2.29529215345	5.03422558229	5.66731480775	8.92119548656	5.4100811704	9.0	6.832398323	3.8231519482	8.72343898705	
0.729767032181	7.34707716012	8.94486330466	2.52022827954	9.0	6.83620631296	9.0	8.62051519349	6.88565217045	8.99999527654	9.0	8.9940874028	
0.798523968521	7.25238398701	9.0	2.45660972016	8.98664452381	7.63106248225	7.07901571315	8.24208552324	9.0	9.0	8.97698272838	9.0	
2.49125730409	8.9863152446	9.0	2.46454220796	2.5081000894	5.48791996701	9.0	3.97941821096	7.26421728913	9.0	9.0	9.0	
-0.0956183525272	6.34347893843	9.0	2.26697955879	5.03508584235	5.27750223477	8.05659139013	6.4208978031	1.80086946329	6.54112596926	7.48560084742	4.12863159473	
2.50492002723	9.0	8.9969881894	4.37031548137	9.0	9.0	9.0	3.36410589409	4.71326531757	9.0	9.0	8.13589799532	
-0.116034822941	6.39666633767	8.41114212101	2.61845729344	3.04800160335	5.11399519718	8.67934105255	2.79930896687	2.73380764478	5.70510637946	3.30982904897	3.15161100843	
-0.380635409513	6.2535515803	9.0	2.82383730602	9.0	7.78478583898	9.0	4.88701503765	2.96363775616	8.50885079119	3.37933753472	2.38161462225	
-0.264284530238	6.31888285405	8.67351721374	2.58322102981	7.47431669763	5.51925361329	9.0	8.48818457952	1.20628984329	8.61791670021	8.6387343563	2.80690241479	
0.119910402523	6.66698780695	9.0	2.17324842208	5.70155804686	5.31504869795	6.7034709876	5.63494484047	7.58431997109	8.82145137412	8.75819302177	8.88106621682	
-0.205325248669	6.41437149461	7.63406179361	2.24602819894	8.98514111863	8.8437133677	8.9949500552	3.95315595601	9.0	8.99909770676	3.12200909947	6.75670804305	
2.50523715567	9.0	9.0	2.66111363024	9.0	6.81355459486	8.98900499468	4.88248204627	1.80224412761	9.0	4.3608443726	2.95530474247	
-0.307951990188	6.28213749991	7.88037385838	2.39746642515	8.29770248499	8.38185305759	8.99929846967	2.56554609464	4.12847568007	6.92761394695	1.72299025096	3.84116433853	
-0.232722125371	6.29451187675	8.77240002429	2.33947290153	8.96505086812	7.30558705448	8.43130158351	2.70725116904	3.27945992784	8.3823224033	1.44361136236	3.32481960908	
-0.115453860325	6.44772137285	8.97379466687	2.64827265654	3.00978057967	5.59220777186	8.9960854922	6.32052492919	2.77477796976	5.72895169669	9.0	5.42382152548	
-0.0434306808778	6.50458793493	9.0	2.35230218238	7.88003330128	8.86584603782	9.0	8.16829970778	1.36062125361	5.92045536181	9.0	4.0275431828	
2.50519275006	9.0	9.0	4.34429281729	8.76438810149	8.99998234078	8.99890808406	2.4447811228	8.8804224425	8.95936754144	3.87160160052	7.92703505919	
2.47852317473	8.97356033491	8.90771192027	2.48330521232	7.04885445861	6.89070178906	9.0	5.19452871911	3.79565530248	7.43817642819	3.57660559164	3.48220795429	
-0.23218086241	6.34417350326	8.99986931962	2.62926885459	2.94076548232	5.07014196152	9.0	2.65846130354	5.39480223356	8.34050686214	2.21725471121	2.9222622519	
0.363384086313	6.61262535179	9.0	3.45456483782	4.16435179146	5.50687702033	8.93082714736	2.59857945643	2.0484309384	5.97716514849	9.0	9.0	
0.771476552052	7.10355626254	9.0	4.2550685236	9.0	9.0	9.0	2.56437734442	9.0	9.0	4.4150682004	8.99846088978	
0.479420616568	6.84213932564	7.20131313354	2.38434966074	8.99951205429	9.0	9.0	8.13636764923	8.2185440627	7.89938771921	9.0	8.31105206544	
0.23683634972	6.73422856124	8.77210170306	2.21440453358	6.00085654394	6.6161268318	8.75082567421	4.34181381572	4.76363396359	7.59759651008	2.67681632321	3.35912241054	
0.504493285508	6.87745409926	8.9248566143	3.33193117081	9.0	9.0	7.59653983418	2.24372310663	8.83207968289	8.96986734133	4.39470982053	8.51002079859	
-0.237600502034	6.32054361677	7.7905330465	2.43684982017	4.92436620749	5.55955456124	9.0	2.50518859069	5.02121614256	5.99204406486	3.74663037794	7.18134674483	
-0.296589588971	6.2929437614	8.72586991353	2.48018787356	3.47203098971	5.17549875207	8.3476334593	3.40346579038	3.30045932752	6.22504299807	5.14623504172	4.7535759463	
0.196012714352	6.69200136941	9.0	2.46922777722	6.82481245508	8.39652587936	9.0	2.96353431058	2.54621537614	5.3115572447	7.54935988961	8.91245625159	
0.862057271987	7.29294177018	8.93930715001	2.88478920037	4.73545050269	5.74599071711	8.40870536046	3.04960060913	9.0	7.07049309123	2.74665958571	8.38492549848	
-0.22932358105	6.43365801301	8.61430848778	3.79372020436	9.0	7.01690183254	8.88305163399	2.3527106822	6.63394487999	9.0	5.06871695506	9.0	
-0.0715315818004	6.52302619082	8.47630988826	2.19070742192	2.09182293619	5.07685747001	8.99999617086	3.87709136782	7.47351329892	9.0	8.98267614105	8.97292365652	
0.874896955673	7.24056815113	8.98682628287	2.3705401155	2.01373169246	5.26048623995	9.0	6.87226149381	7.81245869754	6.63346827378	8.99262390569	9.0	
0.647835183463	7.13956504546	8.9599836864	2.35696518149	1.9638237622	5.22672604144	8.99453955093	4.0279833586	8.9774927571	8.64877314582	7.06728803652	8.99400201469	
2.47948767095	8.97534547859	8.91717935889	3.07626522819	6.81321088978	7.01055144573	7.82533046695	2.80935676158	4.15754960082	7.87947509757	8.90307692757	9.0	
2.50517565992	9.0	9.0	3.43733973427	9.0	9.0	9.0	9.0	4.69865598141	8.99980469697	8.11682242934	2.53876216522	
-0.208938199864	6.30577898882	9.0	2.34369562888	2.87886907908	5.30286802761	8.33060180305	2.56150173497	7.84294114972	5.66714989005	3.67298610265	9.0	
-0.109444738075	6.32864968023	8.88448034746	2.51800706856	6.38566233241	7.71308761245	8.9979364774	3.88198587381	1.2105712405	5.62690295999	4.57922658111	3.47731975921	
2.50495935332	9.0	8.99922176637	2.61346876836	4.94229064432	5.87129352639	8.94756648047	3.34612457651	1.92447136038	6.10525934369	3.43346091586	3.47144535716	
0.0579932348041	6.38593370503	9.0	2.18824449104	2.08048043543	5.32019073094	9.0	8.99178932765	9.0	5.91998584185	9.0	9.0	
-0.314739661616	6.24641310617	9.0	2.58416932885	8.97421433529	7.66328865358	8.50845113187	2.61622308322	1.65150229027	7.8476057389	2.49113582243	3.07312420747	
0.189682743864	6.51956822752	8.67137981465	2.4146155221	2.94047587284	5.25305053402	8.88929229476	3.01677242069	2.41262160769	5.5552466797	3.02706123123	3.06529663055	
0.0758295462174	6.42565532819	9.0	2.21549338676	9.0	9.0	9.0	3.17542027659	8.94680186351	6.79864981763	0.847816922096	9.0	
0.453266638141	7.00440256269	8.82396744804	2.70821678383	9.0	7.5853317014	8.34920011067	9.0	9.0	9.0	9.0	9.0	
0.0178696077108	6.41223459157	8.79106963585	4.51344857985	8.76032406712	9.0	8.99115887125	3.04669894829	2.47875587206	6.57801401158	7.33566967802	6.62847684622	
0.00202724885927	6.45138553901	9.0	3.34303517023	8.65659083995	9.0	8.98953754455	2.25641282879	9.0	9.0	0.998146483827	6.09585620674	
0.0473988572048	6.74905975016	9.0	4.05144117243	9.0	8.39681678181	9.0	4.88195704018	3.56608012127	8.4320125631	7.54265855926	5.13635998027	
-0.0722750149059	6.43181777641	9.0	2.17610636467	3.49740475863	5.0639137242	7.00280349365	7.29630958317	6.12855215855	6.61982426201	8.93764317007	6.59165138021	
0.0249627448274	6.37636743156	8.10322641676	2.63533683822	3.97529178105	5.1929974141	8.96725355772	2.39597068677	8.95891094632	6.13179850566	2.02064579384	8.96168408782	
0.495612766863	7.06853491553	8.44273804279	2.96637978769	7.69359496975	7.52979209507	8.68079643518	2.4445949866	6.33735538816	8.80890242236	2.26051609168	4.80893838475	
2.48904384891	8.98327801419	9.0	2.4385008161	8.45458683403	6.83253280938	7.34681682627	8.35866593747	8.99347421396	9.0	8.67363002708	8.99978075746	
-0.312933694623	6.30218300145	8.9999999778	2.37120249838	2.38996801362	5.37462499701	9.0	5.93926505091	6.28483454272	8.05549535459	8.99682276647	7.03828565955	
-0.119491653215	6.33955010399	8.73244895894	3.35709979501	9.0	8.98279348167	9.0	2.25119605543	7.28843247346	6.46015318311	1.87148602008	8.05978980436	
0.00375310095638	6.38988919941	8.95714033429	2.380671365	2.42745041309	5.02337251369	8.94539717889	8.98574027329	2.29127931776	5.57253518363	8.99987975436	2.90099965866	
0.892892637385	7.39977496993	8.11269095789	2.52576744945	8.10039329898	9.0	8.17549205436	4.19003135715	8.60328070274	8.13446315282	6.14555284439	8.52697108954	
0.356333035724	6.78068867873	8.48183022704	2.22250247819	3.66043608602	5.19748733918	9.0	4.43872495176	5.68942505833	5.45221619229	4.12656667806	6.8115380773	
2.33984751202	8.84750687407	8.93461959221	2.45430165588	2.62866780136	5.52165414423	8.99998381317	7.43554364238	7.65776297195	9.0	8.8519652696	5.80584038797	
-0.239793993073	6.32394537412	8.41296358906	2.25750437843	4.63749517635	5.47951592964	8.87994151933	3.86200617069	4.4506838134	6.18255384758	3.24468229504	4.80343855689	
-0.0752936589065	6.3720406712	8.0924438404	2.40225151633	2.74143049822	5.14323442581	9.0	5.69484284478	5.04990343477	7.89451544018	5.86904754645	2.88780530576	
2.2821593669	8.77930532136	8.98566764017	2.86473896373	3.93574201751	5.58594649155	9.0	2.64196136076	9.0	6.31072764577	2.09332457381	8.76749253248	
0.801195086972	7.05880164463	9.0	2.50261589227	7.27058504719	6.02740259828	9.0	9.0	8.6326451312	9.0	6.96244090228	7.87376974527	
-0.0702268606608	6.52501444943	9.0	2.78631991004	7.38226099216	9.0	9.0	5.53020192251	6.06873005578	9.0	4.52380153238	2.66804155908	
2.50528952581	9.0	8.58537563295	3.51162719046	8.87132151817	7.4674765044	8.9983701436	8.99698706894	3.23588510383	9.0	8.82613497989	2.70142611009	
0.328696892536	6.7085645555	9.0	3.27589267661	7.28458745833	7.04826069691	7.8163497391	2.27199903168	9.0	9.0	4.19239467184	8.99508380716	
0.800921612699	7.31882645824	8.99998194228	2.47029496161	8.11653090008	6.95811476269	8.87951298988	5.29788014489	3.86225160111	8.20877938869	9.0	9.0	
0.898420963187	7.24999027089	8.99996168735	2.75117443919	7.76818448837	8.78030178422	8.99999974534	2.66287452167	3.78250016601	5.89133563929	1.66997869958	4.44045665856	
0.120748539144	6.52447202434	8.76458628503	2.26950794202	2.43865574731	5.08424251208	9.0	8.94790436833	7.91208513026	6.13293254489	8.97488570852	7.82247690234	
-0.0155593403505	6.48653043101	8.30829922695	2.46254943427	7.36630954515	8.9996029779	9.0	3.03023033565	2.42054189523	5.43058685602	3.56690776904	3.92374249814	
0.730906446099	7.17242685425	7.93204462411	2.42597869524	7.6377846613	8.98066569363	9.0	9.0	9.0	5.99682574356	8.70743411782	8.99999998529	
0.116132178174	6.81980628331	8.4824337763	2.38580755144	7.52134302421	8.99551634721	8.98722153076	8.96553964621	8.99905102893	9.0	8.07678404735	5.67164509919	
0.383111979692	6.70256806665	8.28809870078	2.27952642393	2.93481600353	5.07733458496	9.0	3.34632615808	3.52273352863	5.48913673215	4.74886955452	5.66802839882	
0.0623296124592	6.44771346407	9.0	2.72277185897	4.43167685842	5.48257716205	8.94021564578	2.52326128266	2.14305417942	5.88662548665	2.18410114612	3.46472671543	
-0.358509876362	6.24039405167	8.86688651772	2.32432776728	9.0	6.85314576055	7.87813116346	2.89053081469	8.9999948199	8.99975958743	2.25447293596	8.99931820676	
0.416786445388	6.92433940073	9.0	2.46027332629	7.42254687494	9.0	8.88305336571	8.99451796344	7.05501147316	5.75118301698	9.0	8.35940062094	
-0.201243781749	6.34618139551	8.88403527545	3.93822958897	4.035758286	5.32806125395	9.0	2.18571697434	6.69999331567	8.99983215961	2.80138140144	4.1183686214	
0.472718880964	6.87515797334	7.44822609033	2.21990145789	3.59585143528	5.31660814413	9.0	8.20212208042	3.53059117239	5.88039199623	9.0	4.23357798525	
0.347203517289	6.79668657403	7.6249740325	2.36206661927	7.27872907721	9.0	9.0	8.65566265875	9.0	6.11133983534	8.99997302789	9.0	
0.525832544843	7.11987233386	8.35271708157	2.61596083683	4.65221502012	6.34051797053	8.72520831882	5.78171450546	9.0	8.98700665433	8.97755258013	9.0	
-0.197879421285	6.4120225192	8.97054335912	2.1660097868	6.77150163503	6.82436205099	8.37936966419	6.96488324235	8.58592850556	8.99721107757	5.11248005924	5.99794121549	
0.275815610946	6.60284408726	9.0	2.44731515034	6.36479491028	7.63309114499	9.0	3.99311100396	2.65347025465	5.73476918667	5.56896390881	6.26138099524	
0.620135903887	7.11625066266	9.0	3.83182284861	7.3937614262	9.0	8.99239564821	2.95301467325	5.63793990481	8.52954685535	9.0	8.86659208914	
0.18185909894	6.53027919271	8.02415436487	3.41035885897	5.54908021354	5.28104373732	8.98433002885	2.29113359919	8.96501155201	9.0	2.38879347603	7.31962450285	
0.549864867916	6.80571537817	9.0	3.57339148261	3.1361984409	5.31617944484	9.0	2.75094598249	4.27742262102	7.4533218602	4.47982682793	4.21066717725	
