-1.14194319785	5.36520947775	8.90983521806	3.55268425732	1.71734083697	2.21962108323	9.0	7.07061687263	1.16502560333	4.91191440319	8.98819208275	5.14474029552	
0.605885583108	7.11010199916	9.0	3.90634650585	5.26203830186	3.64327270713	8.98227376243	8.98174656909	2.82869297735	8.83383570705	9.0	2.81582459001	
2.50536630515	9.0	8.56943636296	2.43964560979	3.93932152348	6.52460766126	9.0	5.72701797795	9.0	9.0	9.0	9.0	
2.51701845546	9.0	8.54574640537	3.29693956752	0.934911769805	2.98108041804	9.0	5.41968105516	3.05396999987	5.69717825427	6.24076848544	3.55218542659	
2.5054530023	9.0	8.99043595852	2.65752174633	8.72992714473	7.93369866558	8.66668385634	9.0	1.79450698656	7.60570790854	9.0	3.14489018279	
2.42215595118	8.91445696331	9.0	2.44664305554	8.14121778601	8.99899145358	7.32976415741	6.23305894191	7.00989582322	9.0	6.99328919613	4.95929153067	
2.4884163697	8.96987409293	8.7328323742	5.05989303797	1.88158426386	2.43137538036	9.0	5.34065606068	8.93797479976	6.8444721961	6.94895358478	8.99903703825	
0.511984810379	6.87365702922	9.0	2.56419800613	0.484137347474	3.5294932222	9.0	5.61204169992	9.0	5.84839363895	5.68880719203	9.0	
2.50484500667	9.0	9.0	2.58660890027	7.78568075782	8.66189610345	8.99995223238	7.74083438263	2.29107724269	6.19251221417	6.99566031215	3.0506888958	
-0.193320681371	6.44136647824	9.0	3.30876595304	8.6680323408	9.0	7.84117042045	6.43363984865	3.7579394389	7.63991956957	8.8452700496	4.72210067736	
0.243603017025	6.78711043331	8.99446903403	2.2972428662	9.0	9.0	9.0	9.0	9.0	6.90367134424	7.13004863386	9.0	
-3.72836321924	2.77020902293	9.0	8.46630504392	9.0	6.77202649966	9.0	4.9588004611	8.74355353384	8.70884022386	9.0	9.0	
-1.04829975291	5.37579862094	8.95567010584	3.3520266829	2.44891231212	2.23206244951	7.01137650973	6.13087659767	3.50293511509	5.97847656484	6.38047994136	3.93890700495	
2.47772242788	8.95979072679	8.70631760202	3.908519062	1.98711347571	2.45410397095	8.43090678006	5.97873822198	3.71446049792	5.49695022785	9.0	7.17344515163	
-1.176059402	5.38772571643	9.0	4.69855723433	2.94777672353	2.27446779426	9.0	7.27626288886	6.68220383585	9.0	6.78419853519	4.0932282256	
2.51408822022	9.0	8.99787469615	2.56929365841	3.2535091355	2.99224274108	6.56534193712	6.42955929417	8.97553793642	9.0	8.9914869278	9.0	
-1.17570156479	5.27519133267	9.0	5.63450265259	3.66260838163	2.30097005149	9.0	7.00776016026	4.88651091358	9.0	8.99133185163	4.80263656791	
2.51799491614	8.99979631789	8.77522692104	3.52893124841	-0.217509847836	2.47148985171	9.0	4.77507541182	6.13654600849	5.90203403223	7.60703074009	7.79743590901	
-0.647413913867	5.72547860817	9.0	4.75516232838	5.16864426231	2.57341355278	9.0	8.99392337704	8.99060661171	9.0	9.0	8.99673199889	
-0.44878659318	6.1152722866	8.99827161241	2.85385053958	0.183909142498	2.99569780443	8.85444851336	5.37105677436	6.17096932404	9.0	9.0	6.03534161675	
-0.880309152525	5.58148246836	6.3109350875	2.86673652356	1.28791249079	2.34825937714	9.0	4.67428670478	9.0	9.0	6.65312301251	6.5234156931	
2.22773813037	8.74441006486	9.0	2.47572086822	9.0	7.31278286593	7.6133088296	9.0	9.0	9.0	8.99706500834	9.0	
-1.00879628607	5.51429012814	7.28081873701	3.14073604035	0.836223154511	2.39719702101	9.0	4.65236123035	3.13552162054	4.94878726003	5.16011018149	3.5494474583	
-0.0395092940444	6.3521896338	8.98584438522	3.26655988445	-0.783535263265	2.63246596557	9.0	4.58296614704	7.37188056772	9.0	5.2819529505	3.74544464115	
-1.18107017458	5.39689433511	8.94069415682	4.41589800344	1.18001053261	2.4573288154	9.0	5.43774036828	7.00005687639	8.78874870789	5.03860186158	3.099951001	
-1.03364259955	5.50834648053	8.99876240867	2.67011584866	2.66782296256	2.48193685535	9.0	8.56807246703	2.84052167765	6.18844593007	7.43104065715	4.07484115427	
-0.661353487981	5.84845380763	9.0	3.26165285454	4.98989596722	2.58096272417	7.77342553885	8.99205357037	2.30607504454	8.44936828477	9.0	2.84146662613	
0.755667259129	7.1383435906	7.8193954391	2.36653360228	8.37129798879	8.95942163159	8.81456931232	7.03992827992	7.4477710788	8.8849500251	6.56963611168	5.17108565742	
-0.123835841713	6.21459659877	8.23542025241	4.01421178299	1.19848300117	2.74968685365	9.0	4.90900739039	4.34201034754	6.38567313752	7.66741405713	5.55766897644	
0.495340662843	6.85999706667	9.0	2.5435429095	1.9512092179	4.46411089828	8.99907658545	6.13353759632	9.0	5.94328950668	5.7497923976	9.0	
-0.361013796878	6.20944170924	8.99974381115	3.81498428937	2.9992434468	2.50216899766	7.4252440702	6.13782818833	4.56281715139	7.07739925832	9.0	6.71158912756	
-0.419860811887	6.07883792026	8.95839430855	4.39023922505	1.14815065674	2.53778504658	8.46351816933	4.65842780249	3.98591213213	5.99649406283	5.32479045686	3.62754962981	
0.21536487092	6.61324531206	6.2211005682	2.19284773607	7.52975766807	6.54623817265	9.0	7.31673130203	4.62877421669	8.54980633281	9.0	5.07926269896	
0.131083562423	6.60410065002	8.99605903126	2.80505295305	3.24444931576	2.77091390671	8.99980404305	8.99457316885	3.45391667136	6.43390192715	7.6386037657	4.44361339008	
0.147664170854	6.392188873	7.3323064543	2.89975258209	1.67659900957	2.82232864209	9.0	5.71175850078	3.92996057305	5.84382189675	5.41758386003	3.5079097655	
2.42869675354	8.90852245683	8.94175698569	3.10467195483	-0.639163065722	2.50702306919	8.97370851028	4.88455192051	4.66076447535	5.29024409878	6.68390250442	6.01129532333	
-0.217545261186	6.35610345825	8.47030460653	2.2655568515	5.34905396743	6.32845942656	7.73349736554	6.06846246069	3.82301934847	5.9996692045	6.23374034005	4.06622119735	
2.5050578482	9.0	9.0	2.43945972838	6.6385148558	8.87487765538	9.0	6.52818905555	8.99447288297	9.0	5.87281954202	5.82349463038	
-0.00120398708693	6.4554924144	9.0	2.5679528654	-0.0173910818404	3.16989151688	8.86813370302	5.39946192474	4.56884459688	5.02307511102	9.0	8.61441029461	
-0.604924603197	5.85377396157	6.448960845	2.57216517604	1.17555095484	2.45639335018	9.0	4.7728651118	4.22240438899	4.90188279876	5.90321666978	5.30896443528	
-0.338638929624	6.06436147172	8.18276048455	3.12054887707	1.41747861658	2.50950844099	7.68839633662	4.73604942414	8.71731035549	8.94945169987	6.2473482487	6.11662314967	
-0.363633417064	6.03031951236	8.79793552081	3.34191443054	-0.0416763720142	2.45329842884	8.19849618807	4.28461809272	6.56790824957	7.68689598393	8.68506478803	7.74292382466	
2.50524008757	9.0	7.27599328742	2.43896127592	9.0	9.0	8.9980007097	7.03887375726	7.2961494639	7.25290858809	9.0	9.0	
2.15052515862	8.64914977469	8.63533736125	2.51863599557	9.0	8.55286882311	9.0	8.76691792644	2.04541628292	7.25565043434	9.0	3.74386452074	
0.825305934921	7.2956478391	9.0	2.58371734221	3.31819221977	3.84328517223	7.56517458382	6.71340587117	4.46204448004	6.60039100473	8.82900477942	6.54155044932	
-0.758874712278	5.73281686531	8.94612524823	4.53717306507	0.112342537062	2.23630321708	9.0	4.42901199733	5.69989648212	4.46518401674	7.65182247928	8.93766837431	
-1.16890635305	5.36937782321	8.17304433359	3.58494250239	3.21066776236	2.45244141147	8.62997299616	7.25549623577	3.29110663954	6.94183718703	6.69604108562	2.9228399908	
-1.07170801864	5.41930891218	8.81789975895	3.17151421631	0.45346271566	2.27476972032	8.65908325697	5.63306612213	5.0807315642	5.94680232531	4.22689040445	3.47136901579	
0.38048014858	6.66978254104	9.0	2.33227023491	2.62398061265	5.54625543034	8.98365870034	6.08907120089	8.99523494332	7.05193994515	7.04209070682	8.98909584221	
-0.0762474691424	6.41637981371	7.92639635486	2.35454841476	2.93712254422	5.12539171814	8.81653121562	5.35064912823	2.95247616417	5.63480804537	6.88969432106	4.3714820052	
2.50533638554	9.0	9.0	3.25949405278	8.78752612448	9.0	9.0	7.7328655703	4.27265358844	8.38221343424	6.70409538591	2.54973568678	
-1.07364512186	5.35570151596	9.0	2.68252168758	-0.708256956304	2.35890328696	8.98283291157	5.48606960908	8.5596772288	9.0	4.52599606364	4.12646717731	
-0.859382911966	5.59256194411	9.0	2.45834538065	2.97645139176	2.69421639389	6.36245392877	6.39565682321	3.52922118548	6.59501287799	6.91502358868	3.83136485543	
2.50105199566	8.99853502783	8.97020542457	2.43884412726	7.92877642352	8.99454520628	8.1662859043	6.83245330585	6.36790276251	6.11883945154	8.74018726884	8.9458607077	
-0.851865633343	5.52696447615	6.71194120916	2.82856837327	1.63458159849	2.66452896147	9.0	5.25413881141	7.67830814233	8.51561267741	6.20203859805	5.17049059361	
2.51428998518	9.0	8.97638197149	5.17732288073	1.48331256245	2.43331715606	9.0	5.06009317164	9.0	7.96387375584	8.00501450368	8.99794467764	
-1.0971974367	5.32694027299	8.97954760535	2.77574777251	1.11370394018	2.32195826824	6.60606868509	4.87035538701	4.86390038263	5.0797517386	8.33988240382	8.16121474369	
-0.139594176254	6.31367608455	7.47946172657	2.32283000716	8.60669179676	9.0	9.0	6.8820031894	8.96419381301	8.24670609667	6.52200564551	7.3703275635	
0.957015164594	7.44173494129	7.75447992671	2.51489505671	9.0	7.49488608885	9.0	8.87658759142	8.99960321031	9.0	8.94531897438	8.99625397212	
2.52522373282	8.99130298337	8.99272663647	3.02732827174	-0.875057227222	2.50964557691	8.92930752764	4.73864619224	8.71478817511	7.08986623143	5.62071187879	7.22094413057	
-0.0277692582874	6.34048192249	6.31894519343	2.20063408264	9.0	7.86624458699	9.0	7.58482986706	9.0	9.0	8.67603781678	8.74996841991	
-0.371952842914	5.9673895197	8.98976148694	2.89724228987	0.927442670905	3.14386579161	8.83311964836	6.16395716664	1.97224140823	5.16129493007	6.7530341634	3.4383720237	
-0.244174320095	6.32208517899	7.97581451318	2.15320372103	5.59437834708	7.63212404095	8.9849892123	5.94123185282	8.93548871202	8.53094175559	5.81545077548	6.12206675101	
0.104130575003	6.57487325682	9.0	2.42337571	7.9672610131	8.79755203197	9.0	8.20150802242	9.0	6.59874890417	7.02594801799	9.0	
2.1802169545	8.66058370388	8.2367559182	2.7998797137	-0.0405061422135	2.67088451226	9.0	4.94036549608	8.61770265902	6.09726681673	6.49103861404	8.97722361276	
-1.03028695206	5.69251558945	9.0	3.85912390811	0.227577627884	2.36205416751	8.67536509427	4.63593215386	4.93244856135	4.62505509763	8.68541612766	9.0	
0.000250676837361	6.45413457544	9.0	4.67581596689	3.49998192584	2.52062727115	9.0	7.52340283208	8.99526575377	8.11196044345	6.91663199299	7.81733299005	
0.885158227918	7.38374790901	9.0	3.91297695962	9.0	8.68868926352	8.97831165308	7.59097389017	4.12406136012	9.0	9.0	3.96757481224	
0.710528506341	7.03534129364	8.23475727321	2.72609709836	2.77071828025	4.94112650704	9.0	5.6217222352	4.38169181567	6.89475426256	7.17118090102	4.66383603246	
-0.112216262549	6.34607364151	9.0	3.59681696931	-0.102611554104	2.61190101555	9.0	4.90933824905	9.0	7.22091953845	7.08916303261	8.82057498815	
-0.222117830632	6.29588467141	9.0	2.296119978	5.7760279126	6.82835032717	6.79167576856	5.61809344988	8.93674671887	8.78398199573	8.37070423368	8.56107200058	
-0.245446293683	6.25240169904	8.97836676643	2.164649306	5.49119941302	8.78629801198	8.88139547276	5.57723127623	6.59331397229	6.33117125724	6.00900633947	6.26330106991	
0.309407315222	6.75327233488	8.81165920331	2.50662422323	-0.0322952688222	2.92165914619	9.0	5.60782572009	9.0	9.0	5.09006914529	5.03704551742	
0.300758376048	6.67523017848	7.57467429832	2.41729374453	2.48742088343	4.09447502058	8.61831293395	5.45245195965	4.3855351865	6.6693907953	5.73193283308	3.58615824258	
-0.0587088867625	6.49358406572	7.8461020297	2.45682696184	9.0	7.71314033344	8.99860725553	9.0	9.0	8.71516305517	9.0	9.0	
-0.905020468565	5.45325215363	8.99878868405	2.82793563905	1.50635382386	2.44168280106	7.06605728996	5.67523123184	2.86165276235	5.26337929003	5.70481211818	3.23464632936	
0.958697486706	7.46274640063	8.06656738368	2.57560123621	7.87133964961	7.69682360452	9.0	7.93547868114	9.0	9.0	7.41781056692	7.30704299298	
2.50733302157	9.0	9.0	2.45472965699	2.5524477816	4.22158915098	8.12927425494	6.21250998051	7.37196408722	8.99595718787	5.98460638397	4.31665837615	
-0.16370679918	6.39776423219	6.7354750753	2.13748398917	6.54150569689	6.48342204449	9.0	6.81383188858	5.52531370227	6.72504653507	8.95513669864	7.75409121251	
0.510713801288	6.82864526412	9.0	2.49413108371	3.28519301431	3.20928673361	9.0	9.0	9.0	9.0	6.31437061265	6.26551691856	
-0.927706562079	5.58020284856	6.0993783958	2.72516344995	1.85268409467	2.37245738222	9.0	4.9451319045	5.65888853962	5.68150488306	8.79152480426	8.8096846015	
-0.730747939667	5.69331293939	7.60713392432	3.19687117958	1.19288039581	2.59521339804	8.95034703899	5.27987585107	3.53963097469	4.96024036403	5.09116530696	3.76670542658	
0.68402853267	7.10459181886	8.98984628004	3.34697505214	9.0	8.9999925906	8.45145779557	7.36379683783	2.42158354071	7.28581065324	9.0	4.14434892508	
0.0645697591408	6.60504347176	9.0	3.65693984883	6.98535036517	5.43661600391	8.677512039	8.88983163474	2.88173676977	8.65515815697	8.44453336576	2.64622835572	
-0.937419604565	5.5552295947	7.71923702871	2.68653679764	0.989365630349	2.44148645784	7.97208001678	4.66373947876	5.42465239591	7.31603107966	7.37420342734	5.55812932808	
2.50645271577	9.0	7.98357610912	2.47771301694	9.0	7.79768413645	9.0	8.9136316131	3.37249231021	8.21524554164	8.51197794359	3.62606853381	
2.51729489881	9.0	8.99970022332	2.84381594284	-0.824660531998	2.65100861926	9.0	4.89657177885	8.72518586971	9.0	9.0	8.68137273255	
0.453463111344	6.97291117488	9.0	2.62894902901	0.956271015887	4.05969076982	8.99566507679	5.32921756181	7.72658286581	7.7552555542	8.75474010775	8.97953932806	
-0.497028204242	5.86408241899	6.6069016434	3.00146218987	2.58603053693	2.49577342487	9.0	6.14975171276	6.63324773334	9.0	8.99910155834	6.56428407509	
-0.887758007123	5.66422077803	9.0	3.36564382836	0.458528286616	2.46453466748	8.45005575975	5.17211306944	2.73904915214	4.88728376554	4.77122609737	2.76733967301	
-1.13792658594	5.39887186636	9.0	3.0450249889	0.962181340395	2.35573736345	7.39424787538	5.13059899336	2.74309375365	4.8662291925	5.4017663124	3.2741860187	
-1.26263022524	5.30395832314	8.78324392407	3.95135531009	3.28317216427	2.21963012061	8.49524780581	7.60715979375	2.63278144782	6.42477255796	8.58918826899	4.69992848305	
-0.470499660153	5.97155690559	8.67874374191	4.68966414277	1.24967115404	2.36127835278	9.0	5.18338963499	2.84814168308	5.1310918033	5.49732246816	3.15145463894	
2.5800969951	9.0	9.0	2.51953496433	9.0	8.81789166209	9.0	9.0	1.30735651269	6.88536862141	9.0	3.31448647303	
-0.861424043593	5.52841987063	9.0	3.43923929871	-0.162825642551	2.56550582889	9.0	5.26102289414	2.36216510993	4.63885651912	7.99828505236	5.63753646578	
-0.540262580006	5.94678263134	9.0	2.90993962733	-0.58596530187	2.53785060224	9.0	5.13262208157	3.44890417791	5.45479256493	4.83182266461	2.75638645685	
-0.182012252082	6.13314886348	8.686639486	2.87895415082	-1.04704470006	2.43882783448	8.9999993706	4.67995070787	5.04306326004	5.47797887264	6.25193410345	5.787022484	
-0.689151753133	5.75783227757	9.0	3.40203328894	-1.29453319103	2.27246966114	9.0	4.18625581852	9.0	9.0	5.29777123601	5.53472682665	
-0.670793528067	5.6198320594	8.99879044878	4.40442455616	0.689045074552	2.28323756007	8.17400585783	4.59317672231	4.79400166735	4.73472261352	9.0	8.99969344268	
2.46183840291	8.95068235071	8.09715124927	2.47207852357	1.22213746669	3.53759297249	9.0	5.51904005668	8.83067848907	9.0	8.7043215211	8.49177005273	
