-1.06772578321	5.47888381668	8.7922552093	2.81144919381	-0.4080661034	4.42687294063	8.59172442291	3.05131330763	7.45679185133	7.22264070672	9.0	9.0	
0.357093337709	6.84670731976	9.0	2.51874637139	5.19995238697	6.51704241146	6.93563016052	5.46614918929	4.35200491862	6.94743425232	7.62948693606	4.78903266603	
0.0963236744113	6.57167069988	7.07466587374	3.14530812854	2.19813162716	5.02847879272	8.99887284015	3.27292503375	8.21207491602	8.73242985003	3.44738243666	3.04941922668	
-1.19581035187	5.34038120107	9.0	2.84543793625	0.731151295843	4.41412115556	9.0	4.66093874148	9.0	9.0	2.65730006232	2.57286750653	
-1.09858393327	5.36535931728	9.0	3.25478734995	1.32070319179	4.19990955855	6.84993089842	3.05401386592	5.70607450513	3.04619061274	2.89067416954	5.38147388605	
0.0591753623467	6.74830750805	7.92150764788	2.37126089231	8.9999999973	7.44776496699	8.94623079456	9.0	8.89047078442	9.0	8.99252542688	9.0	
-0.24520818199	6.18319616481	6.28784921867	2.37359272109	1.86052514658	4.74129162952	8.99999999795	3.40088843693	8.93859519152	8.40851673469	4.04928144241	4.44808420303	
-0.248601781604	6.3964643335	6.65440824136	2.25447580561	9.0	9.0	9.0	6.57538657392	6.34631365741	9.0	9.0	6.19043441271	
2.51364480209	9.0	9.0	3.6680489383	-0.179372455279	4.42255800709	8.98327002529	2.92583222687	6.31034822198	3.20062146192	3.54257782281	6.61783960936	
-1.0219366559	5.45334521521	8.99956875691	2.78133587366	0.0882039150235	4.29760882855	8.99281383375	4.28884474979	3.69016026408	3.60967164793	3.00973776506	2.79369910684	
-0.971865243446	5.56901127864	8.98522273638	2.44475832888	0.88360373042	4.77311465052	7.54339309636	3.36708990289	3.29557322361	3.27974870034	5.95274537391	5.82206359055	
2.5074185035	9.0	9.0	3.0066821764	0.632527283854	4.58744082694	7.85277742949	3.09703816992	4.43934614149	3.89408199741	3.27523220748	3.78064604041	
0.255428615056	6.59311005356	9.0	2.34703497234	4.00696324448	6.99155385391	9.0	6.08552463058	3.92792079092	3.56628744579	8.58723002904	9.0	
2.50244668582	8.99671153314	7.39531724894	2.48143165936	6.19640259982	9.0	8.47735533779	3.79111843426	6.5959858517	5.37938504055	4.20295367799	5.3807203814	
2.5074833851	8.99981775076	9.0	2.52786668641	1.52123712313	5.39132254002	8.99707422829	4.80685315554	2.8456683237	4.41731390763	8.98746660191	7.36929398863	
2.50543297727	9.0	7.92509220606	3.33390196212	1.0362230993	4.58490488302	9.0	3.24730333381	2.88112811053	2.82479231182	8.91187367212	8.92367738451	
0.509405654066	6.95083799461	7.9876676391	2.55420702339	6.18592637853	9.0	8.61136784033	4.43181714893	9.0	3.77202012651	3.67680353258	9.0	
-0.655192118636	5.63743987586	9.0	5.00585915981	1.79213330167	4.97412077119	9.0	3.24254004113	5.34718234496	2.86976696224	2.57084537949	5.12727789609	
0.454040617364	6.82986586886	8.9774671592	2.66587956574	4.59688687135	6.87159220908	8.67653369925	5.97719981244	3.71351384289	4.28391402712	9.0	8.46850150693	
-0.309905129117	6.11232340457	9.0	3.81492237901	2.06985995033	4.93859532903	7.68465135209	3.21635484368	6.97074319076	6.43378471203	2.6226937839	3.3305762476	
0.0436354470573	6.60558621542	8.50177932717	2.44230809857	9.0	7.80481957484	8.78522946823	8.96854560543	7.72864349685	8.38587904266	9.0	8.60209665372	
-0.202903149463	6.2475458114	6.99079767691	2.18225091742	7.75915503064	5.83309563593	8.99990770256	8.99808469795	8.99903245034	9.0	8.99999782551	9.0	
-1.02796677169	5.47868119579	9.0	3.65196047535	1.36106453604	4.20031134001	8.9088425832	4.6643476645	3.65376330978	3.36210033309	2.69956619313	2.84070507127	
0.187927760498	6.70339950002	9.0	2.6566257729	6.14288152754	8.99999224407	7.87144650504	4.44546598383	4.25314973484	3.44300028665	3.95789979641	4.73734528025	
0.266774190433	6.62371911004	8.9977476128	2.39540901215	9.0	9.0	8.8415088416	9.0	4.44774435575	8.25048464184	6.87686803013	2.79291472125	
-0.123396700475	6.29846106373	9.0	2.25406362921	8.90607855326	9.0	8.99612193143	9.0	1.17100084301	6.5948665385	9.0	3.47477836496	
0.796641178025	7.21686240769	8.47537086936	2.631429703	3.4485292713	6.20770940391	8.4599988962	4.76463736265	7.56642168584	6.9159405508	4.26474234612	4.89368852935	
0.462560227765	6.81795357583	8.99810477126	2.44155179355	5.87807803151	5.98086403425	9.0	8.99999991204	5.99192806205	6.93038254099	6.81632235624	5.71113448297	
0.767020578716	7.29014468847	7.92380539887	2.5785288979	9.0	9.0	9.0	7.47720208158	6.71234171352	6.89951658212	7.42328319465	7.14892403884	
2.5055611946	9.0	9.0	3.02522924115	0.558115772733	4.45239332696	8.11106030674	3.39648910288	9.0	6.29523379107	2.76498169692	5.4257954205	
-0.516416609855	5.86402342513	9.0	2.88060794121	6.34419863343	9.0	6.46092177042	3.25644464359	8.83430714799	3.17232456939	2.88114162725	8.50606355646	
-0.714564427188	5.76096023766	6.20269025954	2.56396493422	3.77474347396	6.65143835487	9.0	2.90098533684	4.07438402062	2.88513881634	5.3541421388	6.77143314032	
2.13843814832	8.61962882413	8.99999994067	2.45650057817	1.73862681864	5.47459997504	9.0	5.01905501526	8.08596063113	6.26261615985	7.22152653384	9.0	
-0.454213674207	6.04512659422	8.95385617144	2.65566806764	2.12219090644	4.94285762413	6.31372469118	2.86234228631	8.16816464853	8.39844264982	8.78022442072	8.73659414872	
-0.203894504254	6.25972773021	6.7006046208	2.30953537221	3.78947954859	5.5608987088	8.9202992176	4.75086432239	3.88281132531	5.56744061114	8.08539295124	6.32325060894	
-0.812346410442	5.82789856028	9.0	3.80102045297	5.86117299836	9.0	8.99993334724	3.96160308737	2.5879265235	2.7438140826	9.0	9.0	
-1.43906289563	5.10248789614	9.0	3.81442421144	0.745652905287	4.09469056836	8.4333954396	3.3457583794	4.60694388757	3.54561265351	2.28753599562	3.49065274793	
2.50573628655	9.0	7.90818625359	2.66225870361	7.79704515847	6.24951173299	8.98149936047	8.97916104637	2.96222057704	8.76326464154	8.97630775443	3.13245528363	
-0.118787369825	6.20656487913	8.98630187399	2.36928799284	1.68376495149	4.69897463962	7.35079385406	4.24593042565	8.99964600143	3.48609784664	3.29707934798	8.80943585173	
-0.12232440179	6.21521621212	8.75389855332	2.53784288004	-0.520052881078	4.7562725868	8.88446072846	3.18131107075	5.16572519764	5.76289476746	8.14557695478	7.56347488733	
2.50498731557	9.0	9.0	5.27003656145	5.99038251716	9.0	9.0	2.9303201624	8.99398368123	8.94822970371	8.99546708451	8.98551572626	
2.50559618732	9.0	7.8508358518	2.56231229951	4.78734044101	5.7840848883	9.0	6.49633218559	4.27590552034	7.32754394555	6.40001439963	3.3043469259	
-1.17979969143	5.37643246361	8.99526027933	2.85978739224	0.993062470839	4.10945762978	9.0	5.20845055849	0.573827458976	2.36318472162	9.0	7.12280051021	
0.9594480485	7.41597200734	8.99319142585	2.61593139401	6.91635488738	8.99860773803	7.32599566791	4.86278284324	6.25344930597	6.20246824195	9.0	9.0	
-0.0910828012367	6.44353251544	8.59208916537	2.49051509836	8.88921545816	8.26308101682	9.0	8.97308451536	7.33319262177	7.22035147933	9.0	9.0	
-0.885585377899	5.49349658596	7.47608584425	2.72752595944	1.27568584471	4.36510985903	8.28837601099	3.22143882093	3.6283007173	2.52472116107	3.32726981869	4.50566763943	
0.405271083553	6.92243425292	9.0	2.49913830902	2.58337780933	6.19854811258	9.0	5.02113433932	8.99999410087	9.0	5.53244366695	5.53626492488	
-0.505044214576	5.89953954945	9.0	2.32898948406	-0.405180587574	4.37291043636	8.85227312325	3.94983267786	2.7394828695	2.87461287542	9.0	9.0	
-0.303473318271	6.23734374343	9.0	2.29785663033	5.39676469655	5.69109681528	9.0	8.57836602976	0.791820246556	6.17237609425	9.0	3.57212797794	
-1.02760715121	5.54265419645	9.0	3.83140384139	0.155245387933	4.02574052666	9.0	3.42670018841	8.85665534221	2.964950606	3.18504393038	8.98761853675	
0.491634699254	6.8853074289	8.5649956189	2.73451451121	-0.391151781284	4.55006244387	8.84518207701	3.19146933923	4.95671852502	3.92154773061	3.46436738206	4.48595988451	
-1.32031273301	5.27647871327	9.0	2.82249846092	5.55722844174	8.9166194119	8.90125485368	4.91484008841	9.0	2.74012770855	2.92826311301	9.0	
0.605414877261	7.03397005868	8.77471289762	2.61113997292	4.65632810493	7.21128452214	8.6086091865	5.53776283417	1.07984262636	3.85047972053	8.49683465574	5.70978896926	
-0.0527342846424	6.43401528719	9.0	2.24641797597	7.6012878479	9.0	8.99988971728	7.60382902841	8.99071213246	8.54801391489	4.86207324416	5.27555748578	
-1.27958461382	5.16638877901	9.0	2.99069478165	6.08121228044	9.0	6.7153511862	3.02016463255	3.11426385596	2.60969682158	3.58005932832	4.02990757007	
2.51102288795	9.0	8.85873434577	2.48166796908	5.25761261895	8.04046437005	6.93868908633	3.73856177706	8.68923781333	7.75000554957	5.15689898036	6.06533820682	
-0.861187832702	5.57571050238	7.87478815554	3.20835739677	1.67729159006	4.73396850192	9.0	3.74249379541	2.0565294948	2.47284722141	3.13191207769	2.90972006521	
0.365791104474	6.84736703166	9.0	2.4202958617	3.90831896418	6.76741771492	7.00611564584	3.74211934654	6.05934012185	5.99475458389	8.54696957332	8.88161891994	
-1.45020920492	5.25551434172	9.0	3.35362037992	1.53589820011	4.70500615635	8.27969614922	3.75052325931	8.99656829127	5.27736621378	2.23697305505	6.03694751688	
2.27526562858	8.76956943303	7.22538299469	3.06913998775	6.01556522037	9.0	8.78431614205	3.1603414793	8.8865966155	8.9999960986	3.78053244611	3.62556588592	
-0.510205572493	6.07622927452	8.3595598124	2.73579246573	0.939058812988	4.58864162879	8.1004180631	3.22425131723	4.12567897367	4.32356471736	3.14395171347	2.98727777924	
0.810182273143	7.24290519252	9.0	2.50027821599	3.97948659278	6.43058764008	6.87323080573	4.20978008328	8.16587366215	9.0	4.60599203441	3.74912646073	
-0.86548348395	5.61096372375	9.0	3.01506179816	-0.345063741798	3.98128532527	8.00193743537	2.87607202961	3.46513856189	2.81302990221	2.93154711642	3.67479088192	
2.50447798744	9.0	9.0	3.39937568058	0.308007830558	4.8596695429	8.98796897031	3.23707087517	3.68906507303	4.1977267019	8.02406478726	7.47796342758	
2.49036866394	8.98446679679	9.0	2.49469669228	0.796777676147	5.20546360906	8.48679721869	3.81495718605	8.99999142356	9.0	8.99933771911	8.90786602033	
-0.968278098506	5.76299665126	8.91963369533	2.97827042135	5.80109062628	8.97178304241	7.47319180919	3.37142865133	3.3139889825	2.88259393243	6.0838158452	6.33652771468	
0.504761015891	6.90111130564	8.99988924923	2.47537893284	0.152124659464	4.91217944607	9.0	4.05137013485	4.39914850463	3.45758734131	4.90524522014	5.85136332309	
2.24296516908	8.73825258837	8.98077270305	2.95718305047	1.67108999358	4.89244178158	7.38003206224	3.38624369403	3.03895044682	2.83333955947	8.83814937303	9.0	
-0.1153297457	6.29448508381	8.14366755946	2.52704889965	2.41661346322	5.03489058551	8.33456063221	4.61665238987	1.68640217433	3.44790860767	9.0	7.28972971063	
-0.767585988026	5.7160288841	6.54902059503	2.87159874179	1.73780572678	4.92021965784	9.0	2.75096957744	9.0	9.0	9.0	9.0	
2.50905546612	8.99883972559	8.87044257584	2.45130407157	7.06942014445	8.33800975015	7.68176254901	6.03846640524	3.93408642362	5.69862151078	6.97570120771	5.16912145994	
2.2639537989	8.752209425	7.45648736155	2.4352057688	7.57656207024	6.05592533616	8.98539988302	8.74029292908	6.75024237683	8.99972105207	9.0	6.70799213263	
-3.62386913081	2.85917395791	9.0	7.97645061427	9.0	3.22061413801	9.0	8.99777414357	9.0	9.0	9.0	9.0	
-0.13635513501	6.34383987913	8.9958519545	2.25223831505	5.69333544494	5.60302164888	9.0	9.0	3.16318070843	6.80731009294	6.69638687688	3.12747246443	
-0.97021765932	5.65189656948	8.97029246408	2.92685350176	0.766934880524	4.34186527939	8.40920233615	4.06270148336	7.62067887255	3.91804740708	2.99409460946	6.45189007945	
-0.985718449027	5.45448911492	9.0	2.95818105652	-0.847000553079	4.16762067699	8.69425627052	2.90372939804	3.05172887446	2.93187912448	2.90183991609	3.10690859463	
-0.348830559461	6.0425391199	9.0	4.12907420819	5.73268415422	9.0	8.99983864598	3.79546201499	2.48202131629	2.56422482225	3.37643263983	3.43842730108	
-0.80989544493	5.69353599536	7.27911305862	2.82856064257	3.69192645492	6.70639512346	9.0	3.63689580737	2.12476847985	2.36086593565	4.77471269663	4.57739313258	
-0.510159362856	5.96586570493	8.99569753521	5.67319488702	5.88602266156	8.64830774482	9.0	2.87451379387	9.0	8.47509902404	8.318261402	8.57582529563	
-0.0931377668308	6.41413693767	7.60860769217	3.22107350193	0.840593515118	4.49653178192	8.94739190127	2.77105442897	6.38642362829	4.60063731231	7.00896356017	8.81299169837	
-1.025392927	5.43390088722	9.0	4.07359637944	2.17110369996	5.14313877334	9.0	4.18382879523	0.856614420718	2.39315033598	4.45903817167	3.01977467691	
-1.23887458918	5.41590013484	7.53032665196	3.54766876031	5.76527479265	8.99734140626	9.0	2.7151703101	9.0	8.35092939775	3.26163497252	3.98300245967	
-1.17810552522	5.38086507006	9.0	3.42661877168	0.833470221699	4.00958347538	7.27723016093	2.81834176713	6.83593053023	2.90292159737	2.84844429479	6.77972350913	
-1.20551193526	5.27177676883	9.0	3.43333869664	-0.440935784033	3.76920624049	9.0	3.51907922018	2.78967496298	2.37853696812	3.02426122391	3.51201884919	
2.51618284336	8.99999963531	9.0	2.6538419498	6.34210023615	5.91149958248	9.0	9.0	1.49264450274	7.34375766529	8.99999998962	3.09979039255	
-1.30437561943	5.31533315839	8.53952041111	3.13518839579	3.1591681187	6.61401240239	8.94896808864	4.08961406642	4.8203534054	3.7494341619	2.73149872701	3.58601676369	
0.510600845438	6.87519449564	9.0	2.40197695333	6.24311092634	8.44545142011	8.92674971719	6.74607421362	1.86074649975	4.13154947219	5.30830033143	2.93365346861	
-1.18650384929	5.31552747528	8.98076136772	3.85549796711	0.764032123942	4.25683794779	7.70924959953	2.56885064267	4.77874398289	3.91922115347	3.73579862923	4.58527188774	
0.668142812926	6.99840934982	7.16600570339	2.44666909675	8.89535765184	9.0	8.40255847708	6.46339745163	5.39477038175	9.0	7.86804891121	4.2280379807	
0.472437109078	6.98807557545	7.60168446553	2.38630736964	4.60857119195	6.14104969083	9.0	5.89615824171	8.76527558523	8.7736968752	9.0	9.0	
2.35296958164	8.84752871581	8.9575227867	3.39265938963	5.95423392283	9.0	9.0	4.72392168904	9.0	5.2995268533	2.52993359482	6.18609455988	
-1.02665385426	5.44941884511	9.0	3.83970078892	0.0133357394664	4.53919427714	9.0	2.98365714004	6.08281348863	6.2900252104	8.99997829913	8.56515959145	
-0.564490738622	5.87701145519	8.97436174922	4.88997086818	5.98732609316	9.0	9.0	3.24340209983	9.0	9.0	2.90560416943	2.84328569847	
-1.39071619965	5.13920918738	9.0	5.53266354252	6.10598826781	9.0	9.0	2.77407999531	9.0	2.7994565841	2.90224148368	9.0	
-0.637524776348	5.82320410067	9.0	2.8151502584	0.840496021979	4.37158138629	7.58891841337	3.4349171235	2.37738501251	2.44804505514	9.0	9.0	
-0.163697660477	6.39119769935	9.0	2.52022456098	8.6828194014	9.0	7.0523521489	6.2383406136	5.74355891979	8.99776986371	8.17267224141	4.88044156723	
2.50440748392	9.0	9.0	2.77030778773	2.79861840534	5.83838187383	8.98138114488	5.37339854242	7.88783753131	7.60412780389	2.92412589842	3.165637781	
-0.821060832398	5.66780153664	7.35917608055	3.11134484978	2.37854983118	5.64501555341	9.0	3.31001789721	7.66671529433	2.88139022517	3.65328785481	8.22256978976	
-1.31436907875	5.20181000555	6.75358823443	2.71517598132	4.51495284235	7.50925827288	8.99103844662	3.30326450886	6.75252891865	5.52111050014	2.54942006027	3.67475427118	
-0.0324532497135	6.67776828483	8.97301886098	2.48274145278	9.0	7.85077038372	8.24010994281	9.0	9.0	8.95602552532	8.14482640419	8.14637184896	
