2.50441579341	9.0	8.91683316481	2.70922087983	2.89576685947	5.50463359045	9.0	2.78143500649	8.24734516765	6.99467195371	4.77146123897	9.0	
0.565113528102	6.9657134078	8.79985828179	2.3570618767	2.79294009734	5.06475563222	9.0	4.87455342654	5.02783525316	7.45370653002	4.17292658443	3.38813522539	
0.495152669887	7.06804011595	9.0	2.65026009063	9.0	6.67120916605	8.89344188507	9.0	1.80938385827	9.0	8.9719556671	3.23762356005	
0.460388029357	6.81451477643	8.05657890777	3.09037473807	8.05882751941	9.0	9.0	2.29569092447	7.46678019366	6.11463094068	3.63528791109	9.0	
0.018629609037	6.47434614119	8.9932831437	2.49108997598	3.49437163671	5.54719138721	7.93709076005	2.47909730646	7.54486904234	6.63835360531	2.44067473368	6.58311136968	
-0.168600451025	6.32401657243	8.99901491534	2.83432448794	7.80950748569	8.84516552908	8.96553592481	2.80023237336	1.28333699359	5.57638730163	2.40976747357	2.6143721734	
-0.159683565589	6.3159851517	9.0	2.18746425966	7.10192834806	5.97621200674	9.0	4.82713726759	3.49584710192	7.76307623919	7.84009772707	9.0	
0.697496680601	7.13094895027	7.58191151454	2.46916762864	8.04925899013	8.70510930753	9.0	9.0	9.0	9.0	9.0	6.63468291163	
2.36201947459	8.85435440444	9.0	3.70371639608	9.0	7.39934301851	8.43450455699	2.76891756888	3.25691213907	8.9883272443	8.99941938614	8.99560225968	
0.767974544258	7.32113107284	9.0	2.9641745148	3.75655303329	5.36241712582	8.96313998787	2.6008912561	3.40882551538	6.10467137304	2.12555572966	3.32461380778	
0.519209470809	7.03050828295	8.41815386401	2.60681702354	8.74949659761	7.51502388184	8.98551200905	3.85187586875	4.85579584232	8.54955179667	2.68718639038	4.26956273109	
0.193709113495	6.68726239898	8.45765958596	2.22752797753	2.99145257281	5.20278603273	9.0	4.00278988656	3.34952951484	5.42531269775	6.04946885791	6.05041228941	
1.01798747284	7.49509900726	8.53055800971	2.93089144743	5.89104110238	6.00064506062	9.0	2.76645378031	3.21658335517	7.04564854039	2.53641691333	3.63478759269	
2.5051917837	8.99999998204	8.82525296095	2.50326723909	9.0	9.0	9.0	8.99998426305	1.92340240892	6.80185658211	8.99995287685	3.60391457652	
0.957953793572	7.48115311643	9.0	3.06827799118	9.0	7.97088114054	8.95976568031	3.14425417764	1.9448177576	8.02669417094	9.0	8.76646859719	
-0.0251054841207	6.76858516435	9.0	2.49525815654	3.09062849646	5.42360809574	8.88485241235	3.2929682507	4.03934922993	6.29997234846	8.68631399985	9.0	
0.443198564115	6.73786901843	9.0	2.35623353947	2.17135865512	5.30241491985	8.97423599384	3.21585998924	5.52234940904	5.39928131665	6.24372823394	8.98463280046	
-0.00340577249719	6.40642940847	8.22033871654	2.27473765591	2.06917285955	5.0012279491	9.0	3.33880946007	9.0	9.0	6.99972848583	9.0	
-0.242045830135	6.33890828828	9.0	3.60041151789	3.89470127758	5.45109927286	8.81570250573	2.81190322624	4.3538461953	7.36790521477	9.0	8.77894452667	
0.900814458666	7.31098074794	8.85220930928	2.39253717195	8.38888147681	6.34515084349	8.96972229314	8.63605313924	3.84401255912	8.97333140292	8.13372450427	5.03162582467	
2.48607335986	8.99997176864	9.0	2.45928424767	8.72171300929	9.0	8.98623187259	5.3539894949	4.95772613913	6.57117903279	6.72004551878	8.13331030903	
-0.304307297865	6.27015148138	9.0	2.39437954849	8.99122091913	6.4837639361	7.89650208597	3.29133956729	1.74158490052	9.0	3.54423811339	3.17238755465	
2.50526995011	9.0	9.0	3.10504821596	9.0	9.0	8.81463967117	2.54455870938	6.50366606417	6.82648033974	3.36819365479	8.37085619826	
0.320143067233	6.93565731793	9.0	2.56350430049	3.72175031435	5.91946630609	8.99455597175	7.0230684265	9.0	7.28680361985	8.14852672693	9.0	
-0.222433780291	6.42887160014	8.35874038983	2.35305127403	3.71916269434	5.16760417269	8.95390975394	9.0	2.48071219541	5.67046013347	9.0	3.36728155832	
0.572002049444	7.05284997248	8.99760686221	4.76411107177	7.07409708396	6.26544056728	9.0	2.29412365449	9.0	9.0	3.8928185597	8.860471633	
2.50613530053	9.0	9.0	2.43847771764	6.5796902793	6.73881516377	8.71228667027	9.0	7.36783994301	6.6613791342	9.0	9.0	
0.183336375307	6.64808001551	8.91514671391	2.97259441499	9.0	8.07940322549	7.65937210771	2.70428367482	3.81929431604	8.99049675633	9.0	9.0	
0.576732942117	6.90610934812	9.0	3.90226946834	5.82974461999	5.70094688036	8.97923081595	8.92882776599	3.03923231	7.88969236996	8.83612314886	2.76269139053	
1.03245643131	7.42189714291	8.59347878897	3.13345963809	7.3491952127	5.97148350433	8.32085489554	2.62849125939	5.95005826302	9.0	4.02317524838	6.79681237076	
-0.0744289102743	6.47076063601	9.0	2.55865562332	1.89627521495	5.20291347796	9.0	2.66571454282	8.10950758325	6.43185784596	4.50788064549	8.99497651242	
2.50531434846	8.99998075849	8.99419565661	3.28919396604	9.0	8.81161531003	8.83690382034	8.77558874577	1.87312709573	7.0559976615	9.0	2.93234349606	
2.50528006449	9.0	7.85687143256	2.44208445328	8.99153166895	9.0	8.24862764545	7.93641794176	6.63899161725	8.82252662355	9.0	5.69542575725	
2.50507203409	9.0	9.0	2.91204946208	8.99401043003	8.86662913152	9.0	2.61800891383	8.99998222456	9.0	1.16867137105	6.92594541808	
-0.191312708015	6.30101338666	8.07140481325	2.47977670809	3.14495660642	5.42627305756	9.0	2.8759445791	4.84621813108	7.17635536679	2.94231620596	3.26918875483	
-0.349953356959	6.19257312251	9.0	2.36031823998	4.05261455349	5.43207119613	7.41808011081	3.97686301946	3.74928027246	6.46562732546	6.50806134335	5.58641523729	
0.108105778049	6.71205154277	8.85253966152	2.31817160007	3.63345882083	5.68139629092	8.99011398406	4.38504597786	3.91834032697	5.27728125888	5.67052817285	6.51233079387	
-0.0237675472206	6.34459935074	9.0	2.66519077869	8.31465917713	8.66602380087	9.0	2.64345232726	2.19677371703	6.16833865901	7.30386514658	9.0	
0.249523451963	6.75863739954	8.85139697347	2.38932299699	3.44872104953	5.4134437541	9.0	3.98091007528	2.00808305466	5.45335980744	4.03434840736	3.22884964437	
-0.0822096727682	6.40623492901	9.0	2.73774560268	3.89251342032	5.25530989218	8.01787797021	2.37994241345	2.94090724632	5.8081651505	2.88991560213	3.69687712022	
0.28516088522	6.81025433693	8.37772247359	2.19483911391	2.42609244	5.06138962179	8.98284164372	5.89783350216	8.99526210741	7.05729257315	7.30801316116	8.94660157779	
0.509710379461	7.09996959563	8.93437041085	2.47843624786	2.92674572522	5.22200782434	8.91268057132	3.3031442284	7.47380052536	6.07988565072	3.20141078177	7.33489880806	
0.332230129375	6.74306214753	8.89878394939	2.29067055897	2.19541765014	5.05901819076	9.0	3.09924314484	4.28349822205	5.61869251164	7.59293314536	9.0	
-0.157550212865	6.55896472317	8.65542303967	4.08950711421	9.0	8.71653656623	9.0	5.02920971551	4.61816906586	9.0	7.9348121801	5.29022030241	
0.199664595653	6.62229555499	8.36362821517	2.39789062677	2.84606922653	5.17721533836	8.93773118477	6.69514612894	8.92386138391	8.97902881135	9.0	8.24227172585	
-0.253113303083	6.29980679075	8.05944103202	3.45151641241	8.20370361521	8.12483270258	8.97011973846	2.35341167914	9.0	8.89866626577	4.35987296185	8.72737766076	
0.300750564961	6.88671650202	9.0	2.47115474868	7.85679651142	6.19574364843	8.36014205509	9.0	9.0	9.0	8.37006168119	9.0	
-0.104867160828	6.38873747217	7.87941182438	2.86998801121	6.90554808235	5.21094029483	9.0	2.46125119156	3.83051076764	9.0	5.41842821954	6.643315597	
0.0624175479899	6.63110446051	8.9933779414	2.37291361136	3.03872076085	5.91874357864	8.90382032602	8.91379879608	8.97086638027	8.58800052995	9.0	6.26169793743	
-0.0532662357773	6.34235781694	9.0	2.66407216991	8.51544425314	6.35427804624	9.0	2.62581457166	0.588541120274	8.73748029295	9.0	9.0	
-0.0155036921785	6.57146726066	7.04274194311	2.21663160718	7.70692228025	7.15462920644	8.8832535913	6.44971153533	4.89249931111	9.0	7.39804092455	4.11946720281	
0.0412075497269	6.36666804102	9.0	2.98261879388	2.38791976342	5.24630713946	9.0	2.40837893292	9.0	9.0	2.65437166813	5.84775236071	
-0.208537262748	6.35988485037	8.41370380933	2.70013178652	3.5343601398	5.2855429455	8.54951402109	2.38484461498	8.69046216561	6.06892390016	3.16531818051	8.99920155021	
-0.18986940528	6.37411806878	8.99906163714	2.89267312182	4.74220897702	5.546356567	8.9828065741	2.23399706717	7.2185106031	9.0	0.848470952093	4.13813561859	
-0.233429598085	6.26780878183	8.97141662845	2.48239259091	2.83141219176	5.09339902152	9.0	2.45266536484	8.64107338052	5.5534175973	1.97184386679	9.0	
2.31889950194	8.81475556926	9.0	3.2825202048	6.65901796901	6.95128492125	8.88957746111	2.51550997866	6.56240912275	8.76894320667	1.61414980987	4.3624983273	
0.197875567613	6.53938366169	8.81814259421	2.65949691978	9.0	9.0	9.0	8.64297318276	0.471218384982	6.39232833781	9.0	2.92143529089	
0.621240022598	7.0825776927	8.99999756008	2.36307803062	6.63749336133	5.30732053956	8.92976719783	8.86147677044	4.88366156815	8.1484416949	8.71705885735	6.76535191103	
2.50516047928	9.0	9.0	4.30283726903	9.0	9.0	9.0	2.74322277446	3.48371899834	7.59169439929	5.77351600776	5.77974624682	
0.722909710936	7.13977352484	9.0	2.75064156555	9.0	8.95388144751	9.0	6.12187731972	0.991826052898	6.75241316821	8.79527924223	5.25568628724	
1.00845545719	7.46089410508	8.81168006978	2.56700785144	8.25670510363	7.96671081074	7.38172958922	5.34566887222	4.35401255937	8.38666921	6.6223170425	4.34361134325	
0.268057423016	6.7756753165	9.0	2.25553599541	8.9969523989	6.3937809961	8.99739754139	3.70692283811	1.02427038944	9.0	9.0	8.96034469845	
0.500360551845	6.91718510194	8.91401179137	2.72975088686	3.51395460421	5.12109435749	8.59670108228	2.86634304965	2.45345347121	5.73198278624	2.50563972922	2.87619204535	
-0.112672236815	6.52425032061	8.99996980055	2.67755621147	4.19331584038	5.45372519851	8.74847058346	8.17283582508	1.91342280624	5.70516949257	7.75470446071	2.67401698469	
-0.0431795525198	6.47898127795	7.10960740009	2.28561929241	7.88082960831	9.0	9.0	9.0	3.41420553296	5.97431004031	9.0	3.27486314645	
-0.0185530924817	6.49057812146	8.70752207533	2.66033847505	2.66792285444	5.30620200072	9.0	2.86693181327	2.56097322843	5.52029726323	8.97155949567	8.86929783413	
2.50588963317	9.0	9.0	2.48162124531	9.0	6.83446905681	8.03119590067	3.5359578213	3.3852382501	9.0	4.4875287581	5.21185230822	
8.26186935111e-05	6.43456793535	6.70390666646	2.23347627485	7.33934587247	8.53047795688	9.0	8.25227549946	9.0	7.14606883799	9.0	8.26400244959	
-0.10224901285	6.33055152381	9.0	2.22148561248	9.0	7.13026236003	7.00653998426	6.0609362931	5.01858732662	9.0	9.0	7.77071622325	
0.650454898469	7.13036507448	8.98343652288	2.62598757036	5.1305362837	6.5545781364	8.68192886695	2.73869674752	3.2848166296	5.50444868875	2.88560250103	4.73249668197	
0.904843537958	7.33893802812	8.93807303601	2.39897179978	4.5993343783	5.7068936302	8.8879859775	5.35225058778	3.10515593171	6.01047272687	5.02742072231	4.28269486074	
0.814229162024	7.12007952663	8.56384167177	3.0517962486	5.40351237599	5.64260035039	9.0	2.78599966534	9.0	7.23487816424	2.3881216365	9.0	
2.50533955005	9.0	8.54075471261	2.44290393485	3.07474009168	5.50157873223	8.99999945788	5.13316957893	5.10427311572	6.39898028058	9.0	8.40343622366	
-0.208045285782	6.37642625119	9.0	2.42755629423	2.88768276804	5.6777342884	8.88331818	2.74640055423	4.77033083513	5.79607715703	3.37086975358	5.38457521977	
-0.0157180011315	6.41816151195	8.96996625186	2.51428768984	8.61691780578	5.97514885376	9.0	2.68926139645	0.525072640266	9.0	2.97348556851	3.16756660971	
-0.129460195731	6.37025119935	9.0	2.4709549966	9.0	8.88000525904	9.0	2.66332276801	1.1262109597	6.57596727271	3.20523932703	3.78291532746	
2.48793971271	8.9851799247	8.99031785628	2.57487261877	3.18859752115	5.5161789669	8.96697304698	3.04739213955	4.13224700807	5.92222571058	7.58482787461	8.95917135242	
0.383713179481	6.72550258706	8.90390946709	2.61902278361	2.11010090574	5.11467999909	9.0	2.45512885562	6.82056383011	6.07164075233	2.71094808454	6.6109997829	
-0.128165546988	6.40083188946	8.57367827576	2.18693733071	3.86798614159	5.20524778057	7.8532820319	7.38323408124	8.99940215519	7.60329561106	9.0	8.96454470579	
0.94427440129	7.39970073274	8.98678341951	2.47441163955	3.16960780579	5.35931648251	8.8176933229	4.39053431026	9.0	6.09179603058	4.13856614272	9.0	
-0.156115677088	6.36334729615	9.0	2.6539687848	2.60162294561	5.19226796856	8.99455962803	2.6117417551	3.1371119104	5.96777518374	2.69361625911	3.06895855881	
0.382141891782	6.77624476195	9.0	2.39346922997	1.87635225643	5.02251209922	9.0	9.0	4.82969264349	7.55688349253	9.0	2.96440815098	
2.50418883202	8.99893645882	9.0	2.43914656173	9.0	9.0	8.39933269444	9.0	4.96034606267	6.82543339179	9.0	6.25547427651	
2.50493017189	8.99988017387	9.0	3.61170474776	8.80699944412	8.92846589889	8.82793096771	2.47811908094	6.86655441388	9.0	2.03593913735	4.67888007611	
-0.187118360765	6.38290751474	9.0	2.3244549538	4.63157611411	6.10094023843	8.99759322665	8.7281646813	5.29991418437	6.1009564971	7.5998398319	5.33666173545	
-0.260217398687	6.3005067981	7.92543114515	2.82627208821	9.0	6.64895606127	8.60843223348	2.57332575556	2.69684945809	9.0	4.73000986045	5.13215076869	
0.27631474126	6.8201600413	9.0	2.46174455556	6.78445813756	6.77770246004	7.97267102919	3.14289789509	5.66910640591	6.74416932434	5.77428409379	9.0	
0.790221989044	7.14996690564	8.99797484106	2.55909530077	3.23540901352	5.63735852056	8.9048505204	3.71316028795	8.84551969477	6.59762946141	4.25300845456	8.99915336611	
-0.233681617696	6.25016401368	8.99932967761	2.69592889625	6.80743311522	5.88324270675	8.52835222899	2.65222355556	2.36656436356	7.62827240208	1.63448292591	2.68767545161	
0.943082115463	7.31162984473	8.7186051901	2.48647057864	5.53811290835	6.1074858956	9.0	3.82404780393	8.99789355764	6.51064808311	2.29218695828	9.0	
-0.0706837401601	6.51566283397	8.33636101925	2.29882932967	2.8209467794	5.06062559053	9.0	3.78150790466	5.98936684506	8.70454047548	3.80614029081	3.09266656232	
0.0325496324755	6.68004783625	8.56904539328	3.21143808978	8.29088164236	9.0	9.0	2.83221333774	3.21145591125	6.81380644815	9.0	9.0	
0.0970847982668	6.47955184248	8.37305863708	2.39748992972	3.84533837855	5.27699112001	9.0	9.0	1.45904065792	5.4810585171	9.0	2.84219569728	
0.0786541532582	6.50261902115	8.34914764508	2.34054357869	4.72260592913	5.31693041881	9.0	3.40696042176	1.33107516572	6.04496350245	3.5952944842	3.16710251622	
-0.0260208777184	6.35675705703	9.0	2.75209296248	9.0	7.42088478757	9.0	4.91817791462	2.98822630674	8.92490474282	3.51090948844	2.67036487787	
0.966596035788	7.30626936478	8.80900750227	2.49114406114	2.90917132775	5.77961650314	9.0	7.07542006651	7.35330205197	6.99390503528	9.0	8.08740939547	
2.5071333186	9.0	8.94060953823	2.59952984811	4.01160383112	5.59247635357	9.0	3.08485756073	3.6370523345	6.20608234163	2.26514681068	3.53573501792	
0.661253795487	6.95000844706	8.87678592614	2.59308587522	3.70167629131	5.35846409968	9.0	8.24476386299	2.45227595068	5.87040821126	8.9988066457	4.33009906305	
0.553003135319	6.99046427225	9.0	2.68642488079	8.99994356122	7.24813402287	8.99999700164	9.0	9.0	9.0	7.84498517734	9.0	
0.368961326363	6.66472113317	8.85250822786	2.87536546587	8.0790134473	9.0	8.9915437032	9.0	5.58848766951	8.96935475591	7.3435335272	2.36659882111	
