0.286256864755	6.70543514316	9.0	2.63535801735	4.62032557527	5.22737862482	3.34914439021	2.47962092713	-5.79975066811	5.9731665844	-5.15688097434	8.08697227308	
2.50496387162	9.0	9.0	3.17642384504	0.105292722386	5.48584298863	8.96278338061	2.6097387685	6.5832074332	9.0	-6.0	3.29476268972	
0.275206830552	6.76958886647	8.98837241249	2.74779379278	-0.139310039557	5.46863312892	8.87070756864	2.70811952423	-4.89745954402	8.99951835307	3.82263906249	8.14470524637	
0.0791583045859	6.56527410875	0.988007740594	2.47633747156	7.25164411043	5.11343783936	9.0	2.83682040285	0.649260535638	8.96410787592	2.29110405092	3.10068321883	
0.755534578153	7.17568434149	2.07479708966	2.91915952626	8.64373592148	6.60773924555	8.19308589227	2.8940854091	-1.13449898518	8.98096621127	-0.26997552617	3.6114979489	
-0.226455424192	6.35444807307	8.61677227424	2.43954978153	0.00604154960651	5.6204715089	9.0	2.74243583519	-5.8872925805	5.4006857045	-5.12786344667	4.67223409576	
2.50531115386	9.0	5.51122730466	5.19425077668	9.0	6.77663465946	6.69520557152	2.4399509634	-6.0	8.99975934771	-5.5044100162	8.72020420671	
2.41637072621	8.91059945587	9.0	2.64886306183	1.96343812718	5.48780675579	6.83098837415	2.86089638541	8.99005511346	6.00775797362	-4.67242784387	9.0	
0.113086275015	6.67356598709	3.5812936388	2.5946518948	7.40569190036	5.09972862805	9.0	5.42887891164	-3.92271639359	9.0	3.68709262062	2.53470985004	
2.50520839031	8.99981413134	9.0	5.58108206476	8.63931613632	6.42915809056	9.0	7.83345724606	-6.0	9.0	4.10228098985	2.43950274119	
0.000619854826671	6.48630684458	6.08789685107	3.21446733662	3.54976994689	4.9976806248	9.0	3.66045928444	-0.709460576133	5.76243566821	-6.0	2.24725987919	
0.601152286925	7.05070004838	9.0	3.52623312573	0.789143346141	5.5431572213	8.91126690143	2.73426465027	8.99990016034	7.73187555339	-5.99400060714	7.36376894144	
0.151767654574	6.61918998604	8.96520517058	2.33749909958	-0.85902340393	5.10377079255	9.0	2.85824426689	-1.65656950989	5.89094390839	0.210739551388	8.95701869353	
0.96217436722	7.40274260036	1.72549679847	2.70845866791	7.30680923286	5.6646207806	9.0	2.92629558433	3.62622853874	8.98811798909	4.19318598923	4.71872575389	
1.05610380712	7.48644421196	3.93955586894	3.33514883655	6.91096325515	7.15329335612	9.0	2.61766400468	8.14145614374	6.72110951183	-4.51933816928	8.85450009222	
0.501273611176	6.97886342219	9.0	4.16064552639	7.73246432745	9.0	5.73860855411	2.62767523195	8.97669462033	8.9994221855	-1.96364814528	5.75489656775	
1.81957493583	8.28439426824	6.79403352635	7.86795176313	8.84954380645	6.70046074159	8.16769932348	2.49135730051	2.62117009837	8.98935303227	2.84629803895	6.42434884892	
-0.0717312389738	6.46434230339	9.0	2.43348307679	2.11238334588	5.04118475866	5.88256757448	2.78544954431	-1.60041241023	5.8516710352	2.94280681034	5.34672793946	
-0.196148340551	6.54343037884	9.0	4.66395294072	1.29600472091	5.23343385058	9.0	2.28104202034	-1.35010243355	5.60151966195	0.158231085506	3.94046886996	
0.663416720225	7.13029214919	9.0	2.48203462471	5.11379029768	5.48381246102	5.6098851238	4.92988653935	9.0	7.78000406272	-0.146787407598	7.80322266591	
2.48527872332	8.98029821044	9.0	2.46552483881	1.52074841449	5.49082120062	7.9364785897	3.703604662	5.78990848431	5.759446998	-2.56691554402	6.7267632986	
0.132434578212	6.50097330511	5.6534319071	2.27979672758	7.40637203878	5.42601717115	8.96590349667	7.66808969034	2.77231349601	8.99985160442	-5.99892930072	3.99591964029	
0.849787336302	7.41015568545	4.98396613859	3.03099323187	4.80011005006	5.83827460411	8.96672809214	3.07660250909	5.65773436831	9.0	8.95388064074	8.79414167865	
0.241834173489	6.53041592106	7.46381180927	2.67023397185	5.46807435587	5.29673209711	8.51301138499	6.85667655118	-1.4882792755	7.08658622049	6.77033318203	2.88586452578	
0.283358620105	6.77626724225	7.90543252397	3.42983432948	1.23514119328	5.45439291077	9.0	2.47227389086	8.78337632265	9.0	-5.95735866183	8.30477414254	
0.135033100637	6.58529698309	8.96626399986	3.07921719231	7.58956816402	9.0	7.54257812165	5.25447599733	-3.73228163075	5.88955908765	0.660883548112	2.68927808801	
0.871453957832	7.15678771575	7.50428134384	2.45099189987	8.86513933714	6.73477999483	8.30678517788	9.0	-5.3587506368	9.0	-3.21081132347	7.1630790967	
-0.293038926691	6.38534659752	7.02614538155	2.31621695775	4.56083244798	5.51824924249	9.0	5.83438011725	6.68593957281	8.96159133073	7.75019315508	5.84004502395	
0.588557858793	7.22128519351	7.48557430206	5.91111614329	7.91682541716	9.0	8.9078446219	2.43515318082	-5.96525697228	5.86895513234	0.081507784228	8.07300644392	
0.12073739133	6.7776615362	8.99601342305	2.645132825	1.5954210211	5.84238026095	8.99304292035	4.10585270433	4.91296176251	6.16256513261	-5.81424389579	5.48562557112	
0.0035130245088	6.66258859583	2.81693206379	2.87302612722	8.99999299171	7.5923966464	8.42483491143	2.86240429243	-1.06815445675	8.49141407781	0.958016168038	3.55958038961	
-0.0719650306589	6.40558264085	7.4933013049	2.72130088321	1.15427075114	5.46080893086	8.91117676394	2.6290389037	-5.81620266259	6.10397698841	2.69962300072	8.72325765622	
0.446366293576	6.86000943195	8.86592783543	2.56477426804	-0.947874013806	4.97605881708	8.99165544624	2.69186647931	-5.3721793149	5.69617614381	4.08829590862	7.93935488044	
-0.0892787718423	6.51223708677	7.85390831708	2.48367080677	7.97655376132	6.93314845363	6.10654259041	5.57166676506	9.0	8.35179351529	-4.34750564383	9.0	
2.50348696858	9.0	4.45990878503	3.41174621336	7.9447230363	6.15083995855	6.49285318931	2.5374342027	1.43786005491	8.59628832495	6.74402710008	7.60077025882	
0.574371798387	7.17618321713	9.0	3.35445484152	8.86933999317	9.0	3.84210056343	2.52412930016	7.09219999352	6.4428464769	-5.99808352833	9.0	
-0.0595119713637	6.45665889249	3.51387135565	3.17269321037	9.0	8.81188321333	8.98018338766	2.52523405992	1.74929600886	7.06093989773	-0.810089578808	3.47247102601	
0.506977115976	6.91287787207	6.76673557109	7.13065521663	7.99456561981	5.50824663846	9.0	4.33154247838	-5.52210265815	8.99819703788	-3.73031910113	2.28808757779	
2.50528806733	9.0	6.65156464523	2.43922418853	9.0	6.77642776853	8.9632737095	8.60344252122	-3.95173018899	9.0	8.62339420547	6.68198904657	
-0.0540511876191	6.4170823478	8.19478587394	2.20700192712	8.11778974335	7.03080908375	2.65807131395	3.07601736788	6.67256751093	7.53540704872	-0.778774127563	8.37030343538	
0.0837480414632	6.84084686507	7.74645218325	2.48153677836	7.69003687033	7.25771436817	9.0	7.69901436553	-5.99228140246	7.19142183357	4.67732598052	8.10478818812	
-0.0131951342492	6.42685901816	9.0	2.28595461588	0.814905122951	5.10851832119	9.0	4.86301681815	-6.0	5.60575889427	4.24461692745	3.1819159049	
2.43184149053	8.92048065335	9.0	3.28487083578	8.2677931457	7.93732351749	3.24694676343	2.50300318673	-0.58018876584	7.09975458527	-5.84112402542	9.0	
2.5053420599	9.0	2.21837011808	2.46686369537	9.0	6.7883261182	9.0	4.16756433237	2.27240778304	9.0	-6.0	3.79897873062	
0.697410334218	7.02100960113	1.71221886038	3.25783804326	9.0	6.59891087113	8.63491470925	2.98760075074	-1.07809712305	8.99894862486	-6.0	2.77872299386	
-0.0163504186198	6.45429347823	9.0	3.03102260516	8.45551072574	6.13305464312	1.81702630172	3.14297089909	-1.08740264567	9.0	-6.0	2.44746613689	
0.929276003007	7.47911612832	9.0	3.87763377524	1.12706570619	5.89526381314	9.0	2.46442700529	9.0	5.91232460251	1.88278919853	9.0	
-0.0818916512882	6.56562824616	9.0	2.59325175918	4.00626114107	5.36391309137	4.42241991106	2.40917369973	-5.67799975773	5.59199512039	-5.70950879183	9.0	
0.323926704537	6.71026148734	2.88244489776	3.42909269756	6.40503126583	5.31117817092	9.0	2.78906056797	-5.99901510334	8.29673900668	9.0	9.0	
0.185018960101	6.62174486031	5.9526468161	6.05173779232	8.94728937285	8.82949658194	9.0	2.42824340325	0.337105025692	7.04676639851	-0.831017274007	4.5188929186	
0.39803183164	6.85424602719	3.49483016328	2.53513840746	8.6559703835	6.76811011332	7.74126036912	3.58797985275	3.6935187821	9.0	6.58871984202	7.39534659686	
0.769150934071	7.21476598235	8.99778799444	2.65206091443	7.52871425297	5.78328794056	6.50369743614	7.93701705663	1.91296835378	8.93910305138	-1.29872113141	5.57551119156	
0.453336262662	6.7275577574	8.9588382273	2.55644554049	0.666751741935	5.48137279948	8.50450603617	3.68875423132	-5.04427231199	5.79166198832	6.99248068202	6.29540989526	
0.848666767395	7.22528268482	1.33467742607	2.90567549641	9.0	6.80880399757	8.72402887227	2.59661329707	-5.99645343361	9.0	-1.15657619654	3.81177345944	
-0.0689096090177	6.44036431437	8.34243479782	2.18574167648	8.45118045626	6.35451386973	4.52260952044	6.03966262631	8.85055901333	8.99466440289	-2.63072792403	9.0	
2.50521013578	9.0	7.01129809075	2.43914386883	8.99956826353	6.77591304921	9.0	9.0	-6.0	9.0	8.76356510752	6.84520104355	
2.50550082702	9.0	9.0	4.78155770194	1.73541799296	5.48651200138	8.77012287603	2.44192104757	2.88175925219	5.71207361446	-5.99916581692	6.76269612568	
2.50527580856	9.0	8.99572608058	3.21765151154	0.1810535968	5.48468323151	9.0	2.67881580635	1.90950131099	5.74243026658	1.20151737293	3.04401164612	
2.50524112737	9.0	3.14464058272	2.49565093379	8.99999460018	8.19980779705	9.0	3.65335837592	-2.21144671548	7.56889272841	8.9970503523	9.0	
0.686545120721	7.23874551966	6.42849232724	2.32754702969	3.19160916041	5.40648094854	8.89397222592	3.91480877539	-6.0	5.56504679473	3.64803937924	8.14582520116	
0.0392305144382	6.56629525746	8.91346419394	5.95145086591	7.66526201166	5.21813094217	3.56076376981	2.24870544082	-6.0	9.0	-6.0	4.97463089366	
0.719192981418	7.10336423139	5.62870573958	2.63816610791	5.10761182813	5.69522454017	6.93634985804	2.6554225082	-3.53366544233	6.17859899615	-0.000713371295439	5.4099862228	
-0.0170725086764	6.4956895551	5.3417859873	2.44687076428	7.28277028145	6.44958608089	5.71484304557	2.79777987373	-5.60848854019	7.24023192971	7.96865819078	8.93213332206	
0.142735422649	6.69493658758	8.49325055505	2.55907876261	7.24364054133	5.54855913507	3.59524502813	4.42247200134	5.39829248767	9.0	1.04078017563	9.0	
1.04500948515	7.38501515156	8.84449139352	2.50035361805	8.83464237093	6.66781763263	2.46512108018	4.35738580411	-6.0	9.0	1.11680936292	5.51681525032	
2.50570716864	9.0	9.0	3.01114941324	7.27332890436	6.45611136262	2.56550155396	2.57776795719	5.8320369137	9.0	-5.50676822609	4.45267183852	
0.388334487261	6.78774108721	8.97915729332	2.57056390686	6.31302620106	5.88941257527	8.93741625416	8.84027740895	-6.0	7.35078211122	2.36481696723	3.03332660212	
0.101400341878	6.5956563401	7.5444672192	6.08427263245	5.09081753384	5.50843065821	7.94101931053	2.27231375902	5.60028441061	6.01831969697	-5.99915938464	9.0	
0.217029261246	6.87644525693	9.0	2.26286757192	1.52118634888	5.46522930697	9.0	4.78942119879	-6.0	5.65873973872	9.0	8.99811386574	
-0.0472511536665	6.44318760502	5.8837149149	7.94163761142	7.25832318398	5.18727535247	9.0	2.23880458383	-4.43102046023	9.0	3.25694599228	8.18946950019	
-0.143351507607	6.43555823903	5.21959479721	2.74736506032	8.99996552992	6.34944724531	8.08534609677	6.39210010489	-2.12806581243	9.0	-0.378486356541	2.34677926041	
0.357659966756	6.83980799624	2.27340408294	3.38969910482	7.16622482921	5.41994891873	8.51972164501	2.5067659353	-5.47545336977	8.943593529	-5.94913638061	8.99973821501	
0.0223876302308	6.4138140561	7.50861954557	7.48629645182	8.32190365521	6.18475443454	8.50873798119	3.78565225894	-0.124114700113	8.95099846606	3.58382483256	2.66014740956	
-0.104820213112	6.54404535168	7.97859995072	2.2911304607	8.11574525807	6.96904980934	9.0	8.92434864141	-5.80495789727	7.92678467203	-5.93021030559	8.86124938442	
-0.174588446201	6.35814558502	7.65237644655	2.23534616483	1.79755363405	5.089368735	8.42640135339	3.59201844933	-4.23773557826	5.51424411171	-1.11522284591	5.37745652373	
0.750458680715	7.1892184292	6.77742931074	2.50152328643	9.0	9.0	7.59073375117	4.89637556787	4.68566802011	6.81905692914	-4.1502314027	8.06213044381	
0.970096254904	7.41495386664	7.40570051235	2.68124288188	6.12018041365	6.37678036849	5.25551417075	3.04439178354	5.45776353335	6.51661255732	1.52032241055	9.0	
2.4691308848	8.96243319044	7.28737600482	2.43955564632	8.71852578313	6.50470274201	8.7310003482	8.99966896758	-2.13889282465	9.0	4.97706471424	8.99333094727	
-0.129971278522	6.42717100247	7.7970806108	2.93146059641	0.671195412748	5.39110385042	8.82894592238	2.30425765499	-6.0	5.48936857251	4.29183288049	9.0	
0.159689815496	6.5028329046	5.07766303577	2.23044329545	9.0	9.0	9.0	5.21831920654	1.21907315365	6.54576159801	-2.17781119684	6.29530046355	
0.105826455663	6.43838472736	9.0	2.40005417069	6.87190649899	6.0571022682	8.0763232081	8.85326931404	-4.41971558453	7.76768757991	-0.948721082063	4.73597313866	
0.709785634568	7.31526304791	9.0	2.55615951309	4.94052811135	5.87359005383	5.76837155687	4.46216488035	7.97018507641	8.38779844499	-6.0	5.61861802479	
0.186704308022	6.78739966315	9.0	2.50033454591	2.66952814566	5.24504396024	5.85117245751	2.91211466254	6.90038194467	6.08433883031	-0.72587790182	6.23854273852	
0.753762587382	7.29068468838	8.97915271556	2.33483863074	8.15947546091	6.00251537542	5.130461028	7.05609543739	-5.77535307219	8.80295502277	-3.45703559646	9.0	
0.810964758194	7.18931455171	9.0	2.56030362968	9.0	8.18721345611	8.31382835043	8.99444474711	-4.81466770961	7.57984113849	9.0	3.11005733467	
-0.246686746134	6.46001918989	7.44910352573	2.57988258292	8.95953006449	6.57698893492	5.04690808841	5.40836000265	-3.73438543488	9.0	0.961317323029	2.65048025837	
0.199438790686	6.91829609925	7.06137911028	3.15497781662	8.85708995084	8.70747073448	5.9255526507	2.75527411309	4.99007501118	8.98744343302	4.72797042835	4.97469594568	
0.295870222274	6.78994071315	8.34817471616	6.15865441676	4.6145913627	6.54881124883	8.99904295888	2.49210043871	0.944476199859	5.74272262865	-1.34393258682	9.0	
0.0692134653844	6.60740623941	8.93927839439	6.02139089022	7.70449785279	8.85723501649	8.01139267712	2.91880005309	0.0991726288575	6.15891141014	-0.924703524375	2.58764019005	
-0.264991521673	6.32825976963	9.0	5.89644011904	7.90196925706	8.97788465381	7.18206624752	2.24166274308	3.77494455148	5.57841258666	-3.61416872282	6.46079874535	
0.106576952885	6.73299567952	2.04012505978	2.61295445325	8.51760412874	6.58522084113	8.99986031869	3.31489940975	-6.0	8.99465908896	-5.9391379151	8.86661643379	
-0.157038534158	6.31741247307	9.0	2.59990088075	9.0	6.47100377963	0.143747514778	2.30997810865	-6.0	9.0	-1.79835783118	5.07324315401	
0.473760507616	6.88594126261	8.99993573013	2.72357016971	-0.566115113071	5.63962155827	8.99999942304	2.43071820625	2.68121689382	5.53070824617	-5.92163493746	7.3093970057	
0.271179444707	6.69756259002	3.46319891819	3.41536918312	5.48528323726	5.52797305668	8.99969881751	2.34329565527	3.0602696778	6.74945428847	1.96334420441	3.08951801349	
0.20052787553	6.77167978084	8.93320227189	2.39968763355	5.66943422654	5.33365770874	8.99003323748	9.0	-5.9253432165	7.66581176691	-0.912370278458	8.97564140756	
2.48200715509	8.97661422426	8.73989373221	3.66370967157	8.42408858345	6.50917045073	2.27137697678	2.46677768831	8.40032772844	8.79853798833	-0.184864708683	9.0	
1.00567070009	7.4631577169	6.90516550191	2.60121884132	8.91271581097	6.84568662529	8.83116076757	8.40144438246	-6.0	9.0	-6.0	3.94065531069	
2.50485606026	8.99970173959	8.99598274687	8.10310909602	8.86346650966	8.91840419931	8.39717014956	2.43915832571	3.63952669998	6.73134523044	-5.16958351384	7.40530831863	
-0.146553821938	6.33232737732	9.0	3.48043197942	6.2646719304	5.43184557771	2.57488659939	2.18134073526	2.27890580969	7.31715311901	-2.67487352878	4.95445012314	
-0.123750089591	6.34167359434	8.7190523568	2.20010239923	-0.556736657831	5.04035643421	8.93790407352	3.1316242141	1.1830154822	5.52944413921	0.919233811038	6.99871403703	
