0.509442393266	6.79025213541	9.0	2.32674375033	3.23385428831	5.32549083878	8.98131676717	6.82292311724	-0.202305795217	5.72469583263	1.55974270507	6.25218924565	
0.700866630801	7.24500460622	8.85406626076	2.67770098242	0.17333504722	5.53010229776	9.0	2.90177086708	4.92214174145	5.67221810383	1.41098312415	9.0	
0.441758135343	6.86495310339	9.0	3.32762174594	0.654213340399	6.04758035212	9.0	2.56697298275	9.0	9.0	-5.92332408014	5.82158800846	
-0.101780123357	6.56343329955	8.41864721027	2.66014463518	7.20823720428	6.99579620288	4.8644806899	3.91954179341	4.47584061369	8.96325013441	-1.81317907649	2.40925156755	
0.0734179214529	6.73607271127	6.53251669448	3.86172690557	3.51904450898	5.69282835677	8.98510123961	2.49676364445	4.7027613515	6.2602620573	0.0590925660736	9.0	
2.4638173946	8.95832571553	8.95736413195	2.44433234317	8.91606033652	6.82464828492	3.78488932863	5.59389864626	4.02825197292	9.0	2.78821922103	4.47600159186	
2.50577853933	9.0	8.99880875643	8.82711351542	9.0	8.81986722894	8.88128504954	2.43850366251	-5.99465711722	6.95700591902	-6.0	7.92013320783	
2.50440553682	9.0	8.99999825332	4.2000197222	6.83905139814	6.89229774446	4.49715079909	2.44671730304	-6.0	6.74134605069	0.426780247292	6.9204561551	
0.184261029816	6.87565458101	8.92817468961	3.94847715389	1.25904298114	5.63994094718	9.0	2.40855944764	-6.0	5.70102158086	0.513868891611	5.55463404117	
0.978706408539	7.45466283907	2.21431379956	3.32424145142	9.0	6.83048522643	8.20615691565	2.59671005715	-5.99756462828	9.0	-3.76144114806	9.0	
0.198645788718	6.64637497417	7.94323170015	8.2631033482	6.32273841716	5.48439541469	8.51290402778	2.39779702258	5.07472829644	8.33228661203	6.26168020081	8.82366716431	
0.270438765898	6.80117470775	8.12531751622	2.46663182297	1.57702297805	5.30292796089	8.99980316083	3.9869068826	-5.52246124711	6.18317690342	-3.9008410193	4.68828658469	
0.428602335288	7.07357452882	2.67705946095	2.72158321526	7.8610968649	6.96739191943	8.99989428316	3.04409780904	0.617323071205	7.81274983061	8.75089680426	8.58931825236	
0.633563819855	7.21215540326	8.91199966378	3.55578120002	2.13799698175	5.45349015018	7.60930724801	2.57828828779	-6.0	5.85233800401	-1.43106262625	4.94572518114	
0.883499013718	7.36993716699	9.0	8.87628921027	8.98731963628	8.24899575754	8.85065815216	2.93578133634	4.16419476668	9.0	9.0	8.8980281741	
0.339908034271	6.82041215578	9.0	4.10085263937	1.14006418398	5.48321322038	8.8597681047	2.63457867071	-5.76894977527	8.44838950671	-5.60415561475	2.90569726072	
2.50542615354	9.0	9.0	2.4584063567	8.69333673849	6.7062259117	2.08592507656	3.81902028181	-5.99070924538	8.76640469341	3.84929222628	9.0	
-0.0502517320788	6.57862676537	9.0	2.28944727105	7.6583113205	8.71800407854	4.81862695647	3.72429385766	-1.39210330181	5.73859286643	-6.0	7.24036599378	
2.5051525188	9.0	2.44347989804	2.72132259315	8.68384799641	7.84905439898	9.0	2.76101853595	8.79489655887	7.81494153065	-5.99274642726	9.0	
-0.314802028638	6.3578742647	7.64928360671	2.21896003972	9.0	6.50542126659	7.9759025985	9.0	0.281945502036	9.0	3.79339536884	5.24014030831	
0.471688960069	6.84181303919	8.51094820706	2.42810958022	5.36463590594	6.48293384658	9.0	7.49261740291	-1.51543109836	5.70439453436	5.74056064972	7.41216402102	
-0.0178415392325	6.67597998826	9.0	4.46085582974	8.95164263077	6.6143095913	2.67581914063	2.34499643086	-2.16618529885	9.0	1.16251975619	9.0	
0.833958150425	7.29089943609	9.0	2.57041303594	1.28424921295	5.86068713025	9.0	4.12650174236	-6.0	6.10267821285	-6.0	8.95745556124	
0.353138860867	6.95307104492	8.9872911838	8.83999220412	7.2226422439	5.64911760407	8.43051455013	3.23816935203	-5.29173916478	9.0	-5.99979403355	2.66125459093	
-0.310005200264	6.25767021913	6.05613581697	3.09204610399	8.19127437108	8.72300511978	7.13130493281	2.63194483041	-6.0	6.01612164253	-5.44651336993	2.72395388766	
0.213169255863	6.72257980452	9.0	3.73284520745	7.35411599045	5.20210493777	1.62960467243	2.30543816182	-5.9953441723	9.0	-1.42300806229	4.30989856367	
0.486401715313	6.91383739969	8.97526784585	2.75175387962	1.47743029656	5.15060460974	6.43711842939	2.39831588872	0.339513037376	5.43208134614	-5.07757469312	9.0	
0.780764737398	7.11562319228	8.8474491351	9.0	9.0	9.0	9.0	2.35286293349	8.99947308751	9.0	4.63842095908	9.0	
0.137855818055	6.71112032543	9.0	2.21213945892	8.84141770364	6.93311319996	7.00106453967	8.88056512453	-6.0	8.24996489368	-0.0570648657228	4.05702598639	
0.67450269228	7.22880405845	7.21133722103	4.55032678643	8.37511901823	9.0	7.55771674067	2.68627699171	2.91164235389	6.35128090146	-4.37800952422	8.79638742862	
0.839777946442	7.08307013652	9.0	2.4774977649	9.0	8.93842605033	8.99734163737	8.95614930845	-5.99641819021	6.91058815024	-5.98414100641	6.17560580509	
-0.024760069665	6.49457425479	9.0	3.27232658999	0.750142806756	4.93131887949	7.5639064146	2.27591922844	-3.1139350331	5.42130595839	-4.4522139718	3.13575130822	
-0.178788370946	6.38603283009	4.18169369136	3.16651273597	4.67021824704	5.2767932209	9.0	2.5950502349	-5.78748638183	6.2354273351	8.33251133826	8.81092057214	
0.169129009834	6.77547176338	7.44197352876	4.90746085366	4.0547901055	5.50751594809	8.00296193154	2.34779078411	5.09601871852	7.84323295162	-1.53999867874	2.86052502554	
2.50506444053	8.99985926197	8.95345314592	2.42598772142	8.90611602181	9.0	8.8851381831	8.51344833493	-5.96403669176	6.67718928443	3.02999625586	9.0	
-0.0679702866431	6.68320153346	8.71800475605	5.23056680746	5.0016819953	5.88415267963	7.2593951036	2.93020179386	-6.0	6.08957111163	-0.312047261017	2.5747093223	
0.0446785916762	6.5099284418	8.98290398798	2.48081205055	6.39579258722	5.09592906049	2.91426885514	3.97174029046	0.709732404064	8.01500832697	6.29857751289	4.96408321556	
0.400419678558	7.12014281134	9.0	2.91637938018	2.2367235927	5.60154276494	7.08317346651	2.75811218834	-5.24683377979	6.06006762613	-4.82625903304	5.96922603751	
0.0383479136403	6.46883544723	3.93483093017	2.36806200416	4.42449318465	5.25062140833	8.51814927003	2.62418654347	-5.97524889028	5.78756919305	-0.361115714908	5.90642640697	
-0.209973547654	6.25294582247	9.0	2.52052970667	-1.02439392764	5.24594309598	9.0	2.50061365344	-2.64795641591	5.6522390491	-5.26727055251	3.86726900564	
0.89130924749	7.33376018703	8.32050700207	7.65959959413	8.29631805869	6.19411153361	6.50211814955	2.53054241877	-6.0	8.86771438423	-0.614648498135	7.39252077506	
0.138856818501	6.68627216555	6.96801984344	2.62973209647	4.32356658541	5.67765009572	6.84689585882	2.88171296075	2.63430665307	6.19101419397	-2.19401496419	6.11608840502	
0.384172151586	6.88395913652	9.0	3.030110236	-0.351062280292	5.13642632343	8.76295101511	2.46486676922	3.52362441155	6.48464431157	4.03355805636	4.52426237902	
0.797964134966	7.07653557371	6.86033870693	2.4823886408	9.0	9.0	9.0	6.84144253464	8.9540915194	9.0	9.0	9.0	
-0.21198550519	6.38741778077	8.99546431633	2.2288428743	8.99002360769	9.0	3.06596425441	3.02861880981	-3.36545174539	6.51999289767	1.55467560731	9.0	
0.860177631935	7.32976587515	9.0	3.94323436967	0.799904120759	5.64591174137	8.98740738747	2.44787773266	9.0	8.60164206323	0.921895567097	5.90960882401	
0.805460594258	7.35348291031	8.59757243085	2.50987718678	9.0	8.99690355045	8.98344577453	8.26441105167	1.43183995462	7.07522528302	-4.34771667052	8.09704603041	
-0.209704400943	6.35276918997	9.0	2.20387329105	7.53522570073	5.37909932334	6.46129282335	8.55704716515	-5.20433492048	9.0	7.63528369084	9.0	
2.50461539406	8.99942592346	9.0	2.43998688878	8.94795870201	8.31119361895	8.43883555248	8.83966444143	-6.0	7.40721546905	9.0	8.20122207258	
0.350468368264	6.96170183375	7.7788064328	5.7354023746	4.10109205257	5.42573140166	8.81773594814	2.56068127174	8.61267459175	8.96148589349	-5.51140415563	6.03356196932	
0.266765680642	6.70678830598	5.99891889908	2.43683529314	7.09573625774	5.36149347251	8.94996599817	7.60762993532	-2.61089607845	9.0	-5.98554059984	6.4957559775	
0.0192408352325	6.40951407862	0.631874960491	2.34297950631	7.78346498338	5.50842715344	8.9887156899	2.84814401452	8.92997098564	9.0	-5.99720864536	9.0	
2.50457045506	9.0	8.99947905722	4.70201633036	1.43439613471	5.49128373925	9.0	2.44376394517	-3.96722370099	5.71249080724	-0.419406393483	7.36494982244	
-0.142152707476	6.3912917008	8.97639272335	2.39470043681	-1.16385799595	4.97803502599	9.0	2.66216693399	-6.0	5.40680402847	8.52381174787	8.99649622019	
-0.0115002847262	6.40232126725	6.24646079243	2.30119712922	4.46464926091	5.51564376592	7.31655899472	3.59266752883	0.276424755784	5.80841515584	0.714456815257	5.85676813119	
1.02766559462	7.42088181902	8.24744730644	2.93241137222	9.0	9.0	8.44768716735	7.07030191367	-6.0	6.75839533428	5.14615265018	2.7005320463	
0.243532322648	6.58180956911	8.58879197397	2.26840586643	9.0	9.0	7.04761389664	6.62752052049	-6.0	6.75670894981	-2.68112400856	5.93512087884	
0.649031616808	7.10531756556	7.34734615647	2.47066210145	4.53825861656	5.35359955191	8.20872381281	5.34623580738	2.20270174921	6.24634883184	-5.63447906823	9.0	
0.101410152351	6.6264972947	2.58739957244	3.93302453155	7.09345817473	5.18046030496	8.47747506123	2.26914111581	-4.38073348319	8.74093285997	4.71173197411	6.60786933884	
2.50539873407	9.0	9.0	3.34826884277	8.78412334369	6.72977895747	1.58657705793	2.49656346498	0.768407009326	8.83108071967	2.26500538337	8.95846928074	
0.653114264171	7.00625061166	7.45102373294	2.35293322724	8.24231214856	6.2711566382	3.67082335976	4.14875041237	4.6071117007	8.64190715488	-4.54781137142	4.83098276467	
0.649024080178	7.21438651154	8.4875943147	2.31149100707	8.41919981033	6.14471718124	7.04295825678	8.71277449096	1.40460916751	9.0	6.60761962294	9.0	
2.44562294235	8.94050884619	6.04342950582	2.44344632383	9.0	9.0	9.0	5.81268779655	0.623843681746	6.80040328033	-5.9991402189	8.99999974949	
-0.00678168103968	6.6214215913	8.98850376022	2.42461969938	7.89854383526	8.73957579348	4.0966344134	3.0348334172	0.0183910283642	5.69317646037	-5.9672416149	3.26424178625	
-0.22905673881	6.33923261749	7.3129965511	3.90340082381	5.12101236979	6.56645276156	8.34968987877	3.4163852904	5.35871465124	8.50022370972	3.71705029165	2.78936146725	
0.625845967734	6.97156809456	8.27430754456	2.52618311655	6.64732450791	5.65964613722	9.0	8.99998730211	8.9997705122	8.98964958795	-2.11664162245	8.36041516439	
2.4621227109	8.95661837726	8.95737692148	2.44156797834	8.98655286255	7.11142666286	7.35172521902	8.94708729675	-6.0	8.64883202259	5.81136197533	8.98649296764	
0.77425508262	7.19697293024	8.9951161831	6.04542986018	7.36399947903	8.23667349719	7.26908604051	2.64920942296	2.34899168089	6.2367940104	9.0	9.0	
-0.085830543013	6.52053351954	9.0	2.48761670926	6.62883623487	6.93209040918	9.0	8.42611322012	-4.62152099472	6.57669156246	9.0	8.99921415095	
-0.0434475320376	6.68867413286	6.88078516403	3.95834771637	8.04394794806	5.66557287456	4.09437414432	2.32739749395	2.31247905417	8.99663961505	3.68181650352	9.0	
-0.214564734462	6.37489676457	4.33541210323	2.92178732674	4.30873816836	5.48381168384	8.99957806055	2.43220274278	-5.95780937881	6.18254522878	-5.88452691435	4.26661595665	
0.0573677948516	6.55895628098	1.70395568429	3.65791110366	7.62640962713	5.36323074832	8.74259246293	2.21122693837	-2.31219019425	9.0	4.14252581791	8.77713628148	
2.50539712259	9.0	9.0	4.98284034014	2.55006290555	5.49099028036	8.16069228278	2.44129571161	9.0	9.0	-6.0	5.71690527856	
0.246710810405	6.7975082688	1.08431542295	2.89906315233	7.64555099441	5.29690132999	8.98549705702	2.6249130327	5.6918170196	9.0	-5.88761412773	8.82204104948	
0.826757816805	7.4310385161	6.12923229358	3.52600632836	4.75395630768	5.95220909445	8.15237651995	2.62834411347	0.238257316307	6.00601500679	-1.27073413193	3.85433522813	
0.214547882072	6.76452695537	4.55532938493	3.72545196769	8.23080177366	6.54065707592	7.93668537007	3.41408077478	-3.76282397235	8.47974730079	5.17804653459	4.43354561697	
-0.314608129867	6.21413011708	8.93725202654	9.0	9.0	8.90244641712	8.99919281111	2.22951318771	-5.95450069032	6.55885890323	-6.0	3.4661598818	
-0.14195312954	6.44504049764	0.379966347838	2.46553618423	8.20502519813	5.71138477582	9.0	2.54043222933	3.4210380568	8.85079098606	-3.07252514073	6.68751312444	
0.703867728079	7.27030401393	9.0	7.74495423627	4.74461033295	5.60843982322	9.0	2.43621670517	9.0	7.17150698756	3.1566298562	9.0	
1.5684942212	8.02086294682	8.17574697403	3.12234824865	7.78446880016	7.34683066009	8.75761083221	7.49308411849	-5.98046819958	7.24127891602	9.0	4.1243607145	
0.156404109315	6.53421388499	8.70486663111	2.42461695152	8.18864723764	8.13612870591	4.82799132289	4.73658125201	-5.79563243536	6.83253613514	5.0119614627	6.88112680277	
0.829088606389	7.13335077095	8.64960792844	3.9063179148	7.48817193358	5.57596540593	9.0	9.0	-5.00265921253	9.0	9.0	2.84935775012	
0.703324565092	6.97274780818	8.90273489834	2.50596527483	1.54807169962	5.43172445235	8.9999970556	4.87082019004	6.04087876901	8.14607992858	9.0	7.78027785852	
0.0720535574759	6.558957302	6.01887818488	2.64469308106	7.30999133051	8.69036471188	7.86147611408	3.09678132263	6.77853213791	6.38552224702	5.30833302445	8.3575489989	
0.0801816548139	6.49187512265	7.53196474826	2.49845041233	8.8926732558	9.0	4.47432337011	2.53824113433	-0.384643650041	6.36111193797	4.21345080823	5.25953362531	
-0.149588382529	6.27666526161	9.0	2.49694049291	0.292296231878	5.0837145157	7.63518858667	2.59668726357	-5.89589933528	5.35693239917	2.05324994541	3.30171692137	
2.50511693966	9.0	5.93904603061	2.43936766594	9.0	6.77668672083	9.0	7.92696881584	-4.33820089737	9.0	8.77162750532	8.5905823107	
0.50088456097	7.0868373187	8.69955505056	3.8579480273	0.839383351175	5.39992592179	9.0	2.46603563251	-5.83577900964	6.0247769944	8.14231653474	8.97681042905	
0.514525784971	7.09760222134	9.0	9.0	8.59717979557	7.66566348959	8.75725710578	2.67805006701	-6.0	8.04805294831	2.81480056284	9.0	
-0.215983010259	6.47621216344	8.78001408515	3.97643281966	6.37446964524	5.54140170327	3.80977981942	2.43457796241	4.98145059559	8.98762120905	-6.0	3.90582353258	
2.50536663334	9.0	4.84887650543	2.5224778329	9.0	6.77571360906	5.43800979585	3.19315764524	-6.0	9.0	5.03999407753	8.74401134396	
0.0722811420212	6.49162531005	3.37128428186	4.41661940108	7.43159038972	5.10949235495	8.93418253745	3.5153132593	-2.26941857239	8.98932320811	2.38736277402	2.3009539104	
1.05585664114	7.50158335285	8.76217639245	2.52114638179	7.81507551976	7.4061113575	4.79282623501	4.69991475842	5.90594861409	7.21580807402	-1.25112819685	9.0	
0.806472449173	7.17971361917	9.0	4.32012500584	2.09519466979	5.27898340228	7.60796822475	2.48734697485	-5.19330746111	5.42962867511	6.86578860551	7.45155799429	
-0.259562927974	6.2896401641	8.17353425277	2.4366350088	-0.344138290087	5.08948676432	9.0	2.52352373326	-5.99983130055	5.33517193615	6.02409524764	9.0	
-0.0744644732376	6.46462301904	9.0	2.31331486505	-0.299871434229	5.09875931198	8.4932482312	2.9812794877	-5.99927919224	5.18460884886	-1.07101219422	8.86094545039	
0.0983782685639	6.51139702528	8.96370853625	2.18377413349	9.0	9.0	9.0	9.0	-6.0	6.34719390032	1.9823185851	9.0	
0.0154739007345	6.49214505131	8.34035016527	3.90151313488	6.09320078616	6.836771416	5.27720909279	2.15478897483	-4.84617158466	5.72232253966	-3.27377787967	6.41816650875	
0.937363460089	7.43135230824	3.71960425862	2.75820833865	9.0	9.0	9.0	3.18310332281	-1.98473988276	7.08585753599	6.26051812363	9.0	
2.44764590896	8.9420990364	1.65828415839	2.58584711922	9.0	6.99804131537	8.70779820654	2.98687548295	3.38598560177	8.77545150806	-6.0	6.43482819004	
