0.506201324038	6.97650249431	9.0	3.15590852262	0.231488158336	5.61881274728	9.0	2.5360922166	9.0	9.0	-0.530884447532	6.01291274548	
0.852816820628	7.29944898044	8.28880867437	2.55460259088	9.0	9.0	4.85325170772	3.86689051742	5.43545954943	8.99693936682	2.62969649364	3.40262230465	
0.686946649071	6.99449028447	8.99961855418	2.56359769907	-0.96362769269	5.14012768709	9.0	2.73544619759	8.70304488871	5.93728933093	-5.61686229178	8.89446750731	
0.0407398981094	6.52115508633	9.0	2.94083688206	-1.12604780034	4.92035162447	8.99971954918	2.26858155734	3.0289870715	5.51269947613	-5.94991108694	6.69146809744	
0.405828690864	6.79477329794	7.2546955174	2.37513579289	2.06013158636	5.17854304915	9.0	4.18559071637	-6.0	5.32272368247	2.6284881064	8.77777914924	
-0.320373645147	6.24856550935	0.437588970932	2.30259240222	8.93763150762	6.43276332096	9.0	2.75158342178	4.95604399514	9.0	0.0466236329858	8.26210821228	
2.46494055952	8.95946669991	8.99988016629	9.0	8.04721931596	6.80828887026	8.15741695471	2.60106836309	3.88261239155	8.99913920526	-6.0	2.94666768254	
2.50520419397	9.0	8.57990901098	3.31273689992	0.52920275218	5.48657975434	8.98929241554	2.50254451027	9.0	6.01199224789	-6.0	9.0	
-0.0301981292854	6.42917461146	6.49523649301	5.66000187594	4.5790954632	5.29950438264	8.7821703181	2.32137153369	2.72721723458	6.25836143308	3.35892667652	8.52753342131	
0.159324505775	6.67472490664	8.50583576475	2.43464760612	1.19159066026	5.30018169474	9.0	3.9870791211	-5.37354569161	5.867630198	6.12476774719	5.34841319625	
0.0427522702141	6.73532560514	7.80877037415	3.32086458858	7.26336761991	5.3361807002	3.02358314728	2.48388627771	-4.48024956466	8.99787479216	3.18683657695	6.9504878568	
0.858917358137	7.3975708319	9.0	2.62386113691	4.88275346714	5.83004061445	9.0	7.52788902422	8.72624672044	8.99816485065	9.0	7.55583747555	
0.370692579218	6.91055335675	5.54615101964	2.41828065307	9.0	8.12407554133	8.27162411391	5.25151884309	-3.74977741949	7.41032339347	-6.0	6.26585436751	
2.5052736158	9.0	6.29070649876	2.45239498696	4.00454140563	5.59577959691	9.0	4.45131463649	-4.29344281177	5.82163500313	-5.9729059681	4.14853983727	
0.607227727869	6.96171916583	7.43080118747	3.39337001273	7.38404166437	5.31024438928	8.61251171154	7.98484493201	-0.250148436614	8.99999427796	4.32357625738	2.49119067581	
0.588136318799	7.12444658895	8.81255403673	2.49408434561	3.13597453144	6.06435798638	9.0	5.54731559299	-3.8242262015	5.82182601678	6.11084269068	7.43790781171	
-0.235685902173	6.32809456428	8.98292923527	2.23978496767	8.66177117962	8.9233041045	3.75209552706	3.5255920448	2.33292399093	6.39784758103	4.27272805768	8.99696889574	
0.751412380647	7.0999052139	8.89889075229	2.59898889926	8.99996570739	8.5969016524	8.96986201653	8.95663140277	8.99996633999	7.54403276161	4.28594001458	8.88190625933	
2.50551506082	9.0	9.0	2.45394746473	3.14061256936	5.50394414972	6.52459592365	3.91180835849	-5.14896951452	5.73104032959	1.39892195057	8.68719957292	
0.397226577183	6.76738318	9.0	9.0	9.0	6.65520685094	6.46203692287	2.19781082653	-6.0	8.8345600592	-5.76319128963	9.0	
0.00738865637608	6.63882480792	8.81998149971	2.63368884827	6.14810731836	7.58223630779	7.92522129454	5.62081108613	-4.05670357528	5.66573738225	2.17503626508	2.68380830091	
-0.110883240921	6.36991761671	6.85905182501	2.70971754917	6.72966001757	5.28818798686	4.11663404931	2.95856687898	-5.55440034808	8.41462640029	0.81713907435	2.75491004855	
0.100694231383	6.61965243638	8.98929353439	2.82812017103	0.881032429607	5.03729436576	7.41280019912	2.59982664487	8.9898548828	7.82328289127	0.986655555452	7.12370002829	
0.742677465	6.97509482109	8.9997655527	2.46922452546	8.90258848748	9.0	9.0	9.0	-4.90152876368	6.80508113455	-5.73584121101	9.0	
0.925505399351	7.33685216812	7.45741227601	2.52000480507	9.0	9.0	8.59848011632	6.72627539961	0.0431040021042	7.02982127468	8.79653637897	8.12988906599	
0.442016991547	6.9120738701	9.0	2.55061500579	4.99155285552	5.51493687482	4.77901087795	3.92811136023	8.38156963463	8.78114178057	3.18117911588	6.11220653975	
2.50524803303	9.0	9.0	5.36633113476	2.39296557251	5.48961186331	9.0	2.74127153642	-3.32837201045	5.71476604986	9.0	9.0	
0.979624091055	7.39385206038	8.57556217264	5.94897197051	3.03668567927	5.53135701565	9.0	2.52520304427	8.90468461007	6.1015733419	-6.0	8.9999971373	
2.50466015485	8.99996564475	9.0	2.44040052	9.0	8.70836389559	8.94745107448	9.0	9.0	7.36837692114	-5.02797714801	9.0	
0.714491532107	7.14443977746	9.0	2.96626116181	2.62103947409	6.0404730049	7.11951512086	2.9261491121	-3.49666862054	6.00453433077	2.2595509377	7.88074202764	
0.944471181631	7.45689179089	8.99880665633	2.5580088833	8.98994155472	8.64137677686	8.99015396892	8.87279651046	9.0	9.0	-6.0	7.31637931702	
-0.0297890512685	6.50555382807	1.14152247451	2.93871365462	7.46738402611	5.39076000311	8.78002733715	2.21800744504	-0.909155714329	8.61100394781	-6.0	8.2623281414	
2.50282878048	8.99129244902	8.71016015045	2.42504041986	7.56514535445	6.87760380884	8.81739580822	8.9999746825	-2.07193164022	7.44074807175	8.62183819522	8.96763734346	
2.50537790019	9.0	9.0	2.56655969099	0.190520214573	5.48762419167	9.0	3.34079031873	-5.30188457996	5.71148430065	9.0	9.0	
0.459933720893	6.89072284845	9.0	8.48465058368	5.61887852716	5.68757786398	8.72482586474	2.37256958725	8.97632779571	8.92438043369	4.69212702678	9.0	
-0.197371867541	6.31367893027	9.0	2.16234986735	9.0	6.89059378906	1.44646029337	3.558199604	4.77208839444	8.49976454633	3.5028759852	7.53648737127	
-0.125141937875	6.41378077212	9.0	2.65393225433	8.48798913959	5.85146329391	0.184232714369	2.43548512005	1.2367047589	9.0	2.66425284041	7.56007206991	
0.0589942507792	6.40426664413	9.0	6.43612501353	7.92887722133	5.8642724585	4.87777277345	2.92218285482	-4.52500538427	8.95892948767	9.0	8.71864545253	
2.50524848995	9.0	8.71437381533	8.46821593588	8.96557016751	8.97689795393	9.0	2.43901205309	-1.81793072772	6.77276393815	-5.91625165565	8.45974289398	
0.0589015411816	6.63734419848	8.87079799287	9.0	6.26259196445	5.55124766186	8.7295791748	2.40703215223	0.911845596371	8.06773738665	0.36900330634	4.75965314063	
0.186142991267	6.75748527446	7.71681797883	9.0	7.38021327712	5.42604311282	9.0	2.6276185752	-6.0	9.0	-6.0	3.14398977377	
0.0602249527153	6.48804766829	8.74315498327	2.44516191452	8.08642908483	6.51359205628	4.03669839359	5.09854503213	6.54643246661	8.99175203585	-1.76155943736	5.93287900609	
-0.114429120107	6.39894693072	9.0	2.15946385138	8.96648282822	6.99291894335	1.97331637983	3.86656063327	3.15525580473	8.34711476826	-4.57766564853	5.54212317435	
0.756237325478	7.178063937	7.58178952271	2.6730050147	9.0	7.02359936802	9.0	9.0	-1.02594685241	9.0	-6.0	8.94279719446	
2.436024746	8.92664203031	7.91252653139	2.45439709328	6.12303635483	6.19839309187	8.87683403694	7.46816042715	-5.99941168419	6.77348140274	-1.9429138941	4.99195228153	
0.152026144182	6.62981515823	2.42452396673	4.02032075467	9.0	6.88176777749	9.0	2.72200319862	-1.27863045654	9.0	-4.87548304012	2.40569042768	
0.900304381891	7.21897900997	4.43603510663	4.20848237317	9.0	9.0	9.0	2.49095261023	-6.0	6.83228901842	-0.101306483023	9.0	
0.54026417176	6.9044023295	8.74839748827	2.27335257898	5.40957291593	5.26162154092	9.0	8.98540369677	8.99465477483	8.14708859484	2.08544304316	7.81924381023	
0.935743907802	7.44306601741	8.44739441739	3.05444579832	3.13152242048	5.81599452698	6.92147778459	2.79370486417	0.2062039877	5.85521449433	-5.15484495662	6.57735286727	
0.462779092618	6.76263984805	1.91976732331	3.04828736257	7.76069052136	6.14131718327	8.57223374559	2.40497489855	-5.41233208669	8.14067470611	-1.67162615378	3.19824516884	
0.120735088856	6.83417854145	8.9981577531	7.35403827895	7.54792874396	5.66423551299	6.0256634753	2.56206830103	-3.62547673528	8.99984686775	-4.46381474489	8.99694738866	
0.987479233447	7.27518498419	1.3604516955	2.54997403379	8.99988985917	6.87491453593	9.0	3.30796934188	-5.73997116331	8.92862944876	-3.35208339726	6.51532988582	
-0.232573891512	6.24891065078	9.0	2.68912656913	-0.483169673142	5.35568268745	8.99999637393	2.61688729708	3.19628643046	5.60277169248	-4.16698689694	7.23582058617	
2.50568921363	9.0	8.84804096913	2.44292445569	1.24575574321	5.48104791873	9.0	4.3746611987	8.23819527017	7.63130950308	7.05279525061	9.0	
0.662103278769	7.23034890888	7.50014409272	3.80372969508	6.8377723354	5.58844631553	8.36959329181	6.46492824967	-0.519325140431	8.48926620313	8.04398239266	4.15098114583	
-0.056469151606	6.53457367846	9.0	2.59437350297	-0.381130507703	5.4810238444	8.8051994066	2.42949606647	7.45816805291	9.0	2.12855421948	3.9875411478	
-0.18526093218	6.42010077602	8.52589389906	2.36157316058	4.58112919257	5.86568904321	5.90915142861	3.96949132518	-3.53082605275	5.45386883171	4.88884313298	3.87080458915	
0.00880999649752	6.35370496178	9.0	9.0	8.97922131346	9.0	9.0	2.32913983853	-5.99369611119	6.71372156284	-1.23653423113	9.0	
0.21254403747	6.64162598253	9.0	9.0	5.81927248684	5.80533628305	9.0	2.3954063463	-6.0	7.13844612723	-5.99237101956	6.40496009137	
-0.0580100697158	6.37400092675	8.91187627411	2.74418956484	-0.609092073152	4.99222976153	8.55030972456	2.33856034889	-5.82072181888	5.6094999909	0.483836033621	4.66467346854	
0.2473017002	6.59859728402	8.8902663702	5.29841111769	6.34521346732	5.26060979378	4.49780245781	2.4205930444	-5.99413134931	8.00201872078	-2.1359073892	8.98104403279	
0.486485484037	7.00240003481	8.7772759942	3.77960806744	0.854892386135	5.33142983035	8.94565888935	2.43056338698	-3.97348034955	5.5479462327	4.40421749654	7.4443502953	
0.254941581768	6.64049053213	9.0	4.1629481773	6.73171030628	5.4391928335	3.10107492632	2.41125419701	-5.51907877721	8.22236989268	-2.024861887	4.8729787442	
0.233275789805	6.65877968542	4.57306210698	2.62626780572	9.0	6.58190727653	5.49202403626	3.02111308428	2.77000935315	9.0	1.11326986123	9.0	
-0.138911629074	6.39218533437	8.521828354	2.75284427756	1.35100977479	5.62666626816	7.75606524046	2.51058567928	2.31434778742	5.90785901653	1.57706316459	6.15602293678	
0.40848428508	7.01008410014	5.05156061912	2.50978258618	6.31288410957	6.42918579648	9.0	4.66227850964	-5.9972835612	6.4907139351	0.365160812666	8.63520898542	
0.768394535675	7.24151857034	3.62048884706	2.51821577899	9.0	9.0	9.0	3.37142334624	-5.71447916434	6.62168384319	8.94389067194	9.0	
-0.366340552051	6.31049304104	6.29774699367	2.66046693914	7.77736999814	5.83623052291	3.94217324459	2.5366711125	8.99287642795	9.0	-1.4884549036	8.87968617726	
0.213519222048	6.68374209808	8.99928018042	2.30223602526	1.21895308084	5.40903374574	8.72899452765	4.60898581417	-5.9989572557	5.74965359564	-6.0	5.19717267024	
0.297281073586	6.75175006396	8.98451842139	4.06427839652	8.95902031678	7.05222579158	9.0	8.93757999991	-3.91388595644	8.94625083421	3.11632368844	2.63333732455	
-0.263710905566	6.3622877544	8.7026172117	2.4447573941	8.83556023544	6.30614138977	0.746924294346	2.70252503587	-4.47588060564	9.0	4.43905506246	5.7777445046	
0.460208174481	6.78581546359	8.75582965335	2.704181047	7.11190949262	5.20771879198	1.23363078997	2.54256393917	-6.0	8.66938460943	4.00139762929	6.26723350483	
2.4820579084	8.97551579093	2.53517059591	2.4483172141	9.0	7.12507404917	8.98059998459	4.14806842915	-5.60683595565	8.6459484824	-6.0	7.46155800156	
-0.248279893836	6.37164115057	7.84177823081	2.25915848502	8.99872000319	8.67569045218	4.33528357789	3.30518209825	-6.0	7.04305947319	1.79263851771	7.22435795693	
2.50378546167	8.99965213106	8.99993489654	2.46008170945	4.17617935853	5.63203453974	5.4896231459	3.77659721714	-6.0	5.85518082489	3.19657126493	9.0	
0.0280655510903	6.42181389796	9.0	3.56867351941	2.7912345359	5.47454807396	6.18897875381	2.30784805565	-3.4389123734	5.66243580322	-5.16648439515	2.95151193058	
0.453665980974	6.80869945296	8.63394575776	8.6458034921	8.95460026267	8.75062897818	8.65750800208	2.27042044008	6.2252740823	6.73809333337	-3.24875249204	9.0	
0.353048772482	6.70999271266	8.99187785332	2.36067023838	9.0	8.99981673784	6.67247868788	6.46026087814	-2.78146920323	6.92596898963	-0.609748794744	3.79368721094	
0.277607178328	6.77206651033	9.0	2.42882525017	3.73885905503	5.47293954968	9.0	7.04163493857	4.00018376048	9.0	-6.0	9.0	
2.49446959859	8.98903330982	9.0	2.43941682637	9.0	9.0	8.55695177628	8.3220524843	8.81166494663	7.00098241413	-6.0	9.0	
0.440714223469	6.97167491212	8.20089396791	4.33824345462	6.3096531476	7.98264860842	7.24418006561	2.53492564968	-3.00736169819	5.64627022281	-3.20343379425	9.0	
0.889018141786	7.3254282702	8.43386035532	2.63150038294	6.82554026474	5.8840265708	8.99649721275	9.0	-6.0	8.16728657963	4.69100599947	8.35555826532	
2.50397983468	9.0	8.76368525758	2.74552884233	4.87201170416	5.82424261181	8.86993278105	7.13835854396	-0.46324768025	6.06922512513	-5.87234289639	2.73531021262	
2.50528830918	9.0	9.0	5.15311829245	8.88488700401	8.99811809102	5.50208327578	2.43995695815	-5.59023909975	6.67585342543	3.54199473053	9.0	
0.17756237527	6.64319708365	8.99974177463	2.39663611453	7.87048750162	6.21432479423	6.83300723645	8.56136901598	9.0	8.99110074331	-5.91543328588	9.0	
0.144883493633	6.80996725004	6.44462912256	2.87772335632	8.35778940665	8.19067083486	5.62985830544	2.51340947249	-3.49993766118	6.73342871069	3.37908674402	8.9699492011	
2.49566685169	8.99003232269	1.19892757857	2.94921444197	8.95560995181	6.73270148202	9.0	2.67727905271	-5.99976457016	9.0	-4.01842079283	3.38397823139	
0.606021298073	7.14254426857	6.67883623122	3.5362250948	2.48750320469	5.30716304231	8.86458055137	2.35580005731	6.97129447562	9.0	-3.80320313283	3.57866908323	
0.169906366849	6.76060675861	5.98908945314	5.59616548211	7.18644690764	7.00511647443	9.0	2.71614681174	1.09220704617	7.44864894132	-6.0	2.99189164581	
2.50526379186	9.0	5.18181467385	4.93077113101	9.0	9.0	8.98531711064	2.44059435952	-4.59162475585	6.78368026245	-5.12427814988	6.12470789311	
-0.183735680807	6.40392571735	9.0	2.34976980078	9.0	9.0	9.0	8.8504985781	-6.0	6.50639232055	-6.0	2.97001153112	
-0.258260388313	6.34630135639	7.00869003784	6.0238181858	5.26156284106	6.01179541878	8.82364354769	2.18765881245	2.44146233247	5.98473714091	4.87327036964	8.55973230829	
-0.332580850537	6.28887584327	6.80593821911	4.13361699821	8.07759457551	8.94410744778	8.9974954722	3.83303281363	-2.44946294907	5.79245691964	-6.0	2.31190852308	
0.610003345984	7.1156949604	9.0	2.41022081664	2.32455765298	5.54869362157	7.46420657749	4.17227039335	-5.91488159629	5.51402082447	-2.46630685826	8.78289811464	
-0.14971438075	6.42770336667	8.97794775913	2.22115441554	2.18724421132	5.02907207569	8.80009468504	5.74041498285	5.04947217226	5.76712407168	8.45320013319	8.48767534243	
0.481679004529	6.81588650533	0.947556278962	2.25552978304	7.93284949512	5.63858636127	8.99967756977	3.41835783858	-0.806445866627	8.9839243882	7.09080056186	7.87220702028	
0.0181350290788	6.35211098107	9.0	2.4241951751	9.0	9.0	8.99078025206	9.0	-0.666493186693	6.80070764355	5.20841250938	2.86001566233	
0.459755318012	7.07307494752	8.99458817092	4.66575682163	9.0	7.14463784264	3.52002294524	2.6301882905	1.99006656221	9.0	-2.05338559601	3.25640656587	
2.50528829317	9.0	7.9760582194	9.0	8.35743824867	7.09874068054	9.0	2.43902825978	9.0	9.0	3.30440246003	9.0	
0.283992136126	6.70271017197	5.9299573573	3.09603958966	3.70472220268	6.11463111875	8.79128067828	2.48147039141	3.05879413581	5.56852966452	-1.60799731941	8.72301925892	
