3.21811127246	6.71106036592	8.99997134491	2.57313206298	-0.164275198013	3.48478051968	
5.89754381886	4.20929184886	1.90142348159	-4.43838863647	-4.61093286794	3.63924525437	
3.03488638756	-1.60983729305	2.62401638994	5.18813173233	-1.66097001988	-0.0100380550713	
7.50239184415	-5.9999991929	-3.32419761424	1.08900708293	4.20892641354	6.94194165239	
8.49495721539	8.95325117297	8.49543136287	2.5229596161	-0.162252109193	6.06709303786	
7.30454770181	6.71570859724	8.99999960851	2.52283932337	-0.222963103705	7.55820321679	
2.48234726432	6.611608473	8.9999965447	2.64769800578	0.188437618166	3.12664077258	
8.25930484504	7.65628498075	6.01263817908	2.52284534948	2.83689520225	7.64487525463	
-2.42815022996	-5.95044293495	-5.48644334561	-3.22349629992	-0.80413613256	0.030219610554	
1.9867381955	5.86594565302	7.87708396386	2.54257827001	2.9465293628	5.11978521631	
3.00142101121	6.50397346906	7.26827774121	2.52806266761	4.34888408073	6.30168768684	
8.07411859102	7.16573829473	5.93878226494	2.52283945406	3.87284247449	8.91233293884	
8.38995644542	3.37733958536	-5.82094808252	-5.35113650934	3.82170379995	8.99023004077	
-5.75823505298	-5.9418309525	6.8590502454	0.802185184717	3.82028683198	1.47023676564	
-0.147690857137	2.97428673555	-4.74311713422	-5.99985431165	6.20638947739	-3.20812608828	
-1.21129942188	0.346272852215	2.22254936827	-5.56444301935	-0.648114642517	-0.509335837154	
6.18068873448	0.617484445519	0.350089611567	-2.96276308806	8.60147586164	4.36499578654	
8.14388681192	-2.62630126926	-4.5341995739	0.689038936432	8.77102711339	3.65550558891	
1.86205837577	3.0922303605	8.61287582401	-5.59868945659	-5.97482118506	1.91524127874	
-5.72256277186	-2.7902337185	8.18085836631	0.105447751557	-1.81583114178	4.04987298475	
-4.59325435203	-5.31127616846	6.23279916808	8.81889575939	8.87148831183	-3.91831955329	
-4.38729973855	-5.78596205246	2.35090823903	2.44695090941	-5.1657506675	-3.15600695795	
5.47724578582	6.5818670912	6.98442370568	2.52290556042	2.56419168524	6.63625890026	
1.75557007403	6.36931409274	8.99999998041	3.08870835741	0.652782466576	2.66567891762	
0.810208823266	-6.0	-5.99646554483	-1.66187333165	8.95707851297	-5.50605522373	
0.124008919498	2.94564668978	-1.09909683601	-5.25203736934	-5.99842683119	-3.95819245932	
8.3248978303	6.77226933284	8.98244958394	2.17056835862	-2.15348859018	-1.24004641224	
-5.41517359414	-5.9573909933	8.61710258709	4.14849372741	6.06615740946	4.52350975339	
7.33486331484	6.54902757923	8.96246546273	2.52283572655	0.607980069765	8.5486128994	
8.65554836722	5.6414162376	8.2507790487	5.8330198014	1.41985995989	7.56691841188	
2.09414922294	4.9987313621	8.1987433585	2.70414266585	1.04612035168	4.35105060048	
3.29091492087	8.24040819901	8.98395740564	-5.63976692663	0.463236230039	5.8752586578	
1.16741677644	-3.32085621558	-3.47120201835	-1.09643305779	6.07915538423	-1.19942858035	
4.98526705857	-4.37698002107	6.96620055167	8.94941672179	6.30333649394	4.53084773348	
-1.89170373291	4.88821928857	8.96166731656	3.344519588	8.52591484031	8.99088601926	
8.89138391782	-3.63235897315	1.12027331913	-1.41049398071	-1.55473629019	-2.88940618082	
0.949656180716	6.10650038518	8.96243880678	2.53445578259	4.10568029866	6.0922328153	
8.43809478518	0.789620366305	-3.85798474157	-2.10945303795	4.54411595885	-1.63339894416	
7.80662543054	6.55393949217	8.41576140881	2.52283547987	1.09145377242	8.95223299757	
2.65904689934	6.420641551	6.02750184291	2.27472097048	-1.29715755062	-2.1432848909	
2.906554405	6.64210867505	8.99993272759	2.58359745637	0.0122336090121	3.40817973616	
2.58460917321	-2.6912662912	-4.59310747302	-5.79511953138	1.01366957162	-0.639934412148	
6.61318372004	8.85772784195	8.99999979944	2.53049144741	-0.659418463031	4.2807131058	
8.95375743995	-5.99805274096	-5.53291992316	5.04008587831	7.01388713596	5.72022337533	
6.72455195781	5.80915548072	5.98248950742	2.54463859736	3.52570836318	8.59415899265	
6.51261514108	-1.49223786512	-3.14827444135	2.27489542681	-2.84342818858	0.0437721398372	
-0.890016966245	-3.827553952	7.15684835809	-0.578996320858	4.00352275637	8.48009507934	
3.10763874482	6.95328479424	8.99997200161	2.77547559573	-0.215232509396	2.8787806006	
8.14675130954	2.63774706853	5.88003740681	2.24913667535	4.61531536187	8.99999256735	
8.98722637726	8.13637513007	-5.27543681059	-5.97334436468	8.92541743422	8.99710186543	
-5.99965626313	1.63689789812	8.68641857321	-4.04394962256	1.67436952085	7.42113042631	
2.63280035626	4.09401968918	-2.46262525538	-5.55240288816	1.62999381338	-3.15669051553	
6.939638633	7.8556978978	6.92863776933	2.52317679705	1.45879444658	5.66335887284	
3.36762458739	6.56518190509	8.91952909395	2.52922484349	0.454067758748	4.3619765683	
7.7829885819	3.28435939274	6.6358982967	5.71893876133	-0.909254776363	-1.49971209082	
-0.498674732486	2.85975883417	7.91144668695	3.28137241448	-4.60522958423	-2.62487732139	
8.60831696911	-2.36915573817	-1.41349239168	0.502123857506	-5.47698189626	-3.80469539043	
4.42358452399	6.58481843108	8.99999976582	2.52367153741	0.21055984718	5.24082148526	
6.06655283009	4.92538235155	8.99999366001	8.01908221419	3.03876724671	5.87599901504	
6.45450128719	5.58268894067	-2.3247670344	-0.201107253447	8.99826095304	-5.99826051801	
1.90863662767	1.39830318398	3.35590029421	-0.466789531365	-3.41667130212	-3.60609108204	
7.78913907073	6.55927768104	8.99998503561	2.52283551744	0.429905281366	8.85208354882	
7.11782084348	-5.22204807646	-4.98800939906	-1.35624533633	-5.59252289603	3.85883429267	
8.16825420585	6.01476841751	8.99999976876	2.53491907171	-0.4109662641	8.92257989182	
1.71828113467	-6.0	-0.355432062321	5.66846653474	-5.42820613445	-5.93038616762	
-5.99913896871	-5.83652176204	8.93297050504	2.53197052239	4.35815644866	-0.0947567626643	
6.4023352912	3.18475929299	1.51682063923	2.63880229507	-1.89063559678	0.811826637601	
8.0187900254	-5.01922792003	6.94815511578	3.71621907835	-0.899541350244	2.6159972788	
6.68019764108	1.93124127527	8.99362669888	8.2264131595	6.42207301528	8.22488329989	
4.47960650202	-2.58161046762	8.67481419009	-1.5198397648	-5.8067953082	8.77908755749	
3.58712850672	-4.26189495105	-3.88575286946	-2.70272637492	-1.31850748612	6.06175483743	
1.18905158931	-2.74842949272	8.64864806522	8.12994477072	-3.83120415266	1.34282233034	
0.98901961996	-4.85882367828	7.40886742055	-2.67146383751	-1.53509618085	8.0522338572	
6.22176338196	6.53324146108	8.95331791441	2.52283739489	1.02132444446	7.85549424262	
8.02843987349	-2.37904194493	-1.40023272714	8.98152768458	-4.96222466123	-4.2426831621	
8.66320518441	7.00896667231	8.99995455715	2.52283596049	-0.497187131078	8.34933733552	
3.58332147453	-5.00778540416	-3.46374339661	-0.436280920156	4.96923067648	-5.42169812599	
3.76697093582	6.52585086377	8.98249313488	2.52300066214	1.57268111957	5.98846012808	
8.50802882112	8.56367462362	-4.62836953474	-5.99999992823	6.93408240981	8.9652553389	
8.84987329036	2.0350844489	6.7564399953	7.86740758329	7.26117506385	8.99912446777	
0.739877112323	1.39628224469	8.24687053012	4.32254951353	-0.229685246169	3.75825915498	
7.67821085514	6.77545309123	8.99997969341	2.52283770682	-0.313021083775	7.78204602458	
8.90557887583	6.82562651585	7.67210670266	2.52283549367	0.96966940933	8.91406033615	
8.12234882515	6.59348693832	8.99999976875	2.52283550486	0.156747618227	8.87794112681	
8.99999964487	7.52176766324	8.70149601653	2.52283661129	-0.324425292207	8.0476334525	
4.95635392272	6.53507767639	7.99324704115	2.52288102709	2.01007956034	6.6168889064	
5.07375650792	2.22459382629	2.37934836292	-0.629910640578	2.14154552917	8.90398189947	
-1.57091504551	2.41835445114	1.21552814983	-3.5100181106	3.19378441624	1.62125407214	
8.41510217698	8.71715625039	8.99287582967	8.87783656991	-2.85470741991	-2.32459081243	
8.8246462063	8.97368492382	8.82508257126	-5.55968543214	-5.9740738631	8.97394161612	
2.62902803821	6.59108496884	8.22091341181	2.59346607712	0.976780466359	3.35732812686	
7.89663510315	6.71660569144	8.65651963492	2.52283634461	0.119647911816	8.14852797169	
-4.29605453558	-4.17884128325	-1.61920962335	-5.99984588042	-5.58653498284	-0.924275717708	
7.27005881837	-3.99858872896	-4.23377497199	-5.9279287278	-3.57270960133	-5.88865065191	
3.82687997209	6.52359135985	8.99647447987	2.52286646784	2.43388482034	6.92594809205	
6.41904997361	-3.09292575652	0.50426018	8.52380182161	8.62433249328	-1.18730605562	
6.70224893906	-1.63147583215	8.92431731082	8.93670834486	-5.95763048396	2.23861468211	
-5.1872363827	-5.47192045913	1.52212047637	0.520131287542	6.56200143968	7.25694214	
8.97088306306	0.872432313297	-4.15749769879	-5.21738392146	-1.26306121118	8.61280976231	
-5.34552177781	8.02264599792	8.84269897126	-5.99972007819	-5.39375075506	-5.45852491704	
