8.73849122276	-5.9559327121	-1.11980008274	0.913021260905	4.01905685129	-5.08696388875	
3.05582531031	7.29291587109	2.23696989747	8.99987933669	8.91546998541	-1.03182810893	
1.77687476096	8.99999417547	6.47059530783	8.99999417547	8.37976959372	1.11033797048	
3.39408749453	0.582519508913	6.86450330632	-3.32446219103	-6.0	-5.99999907472	
-1.69964423396	8.95545049716	8.61054480402	8.9554500729	8.99989057122	-1.1692581498	
-0.789495071066	6.00885311082	3.93011078004	8.13176259373	0.1200592136	-5.98402170344	
-3.16989688575	5.96994924213	7.13755986217	8.9977137343	8.96666401733	-1.25482054625	
-0.796246742553	8.99220076793	7.78591563084	8.99746812036	8.99645384329	-1.13503931536	
0.601817740988	4.84815819938	-2.94034457644	3.81331496517	8.99999976814	-1.16056389505	
0.985546694339	7.11389991853	4.12609068255	8.99773745836	4.89090274366	-5.39104521836	
-3.66809160893	2.70782573572	0.0252692460782	4.64935190143	8.43164685064	-1.85121549146	
-3.88883386509	6.53976650161	8.41740379457	8.98880342787	8.99999867598	-3.28996569144	
8.04326889383	5.58127063551	-5.93540353244	-3.1008485833	8.9994174603	7.79565455774	
0.510182924134	-5.43161705151	8.62109558366	-4.28566812523	3.90083265725	3.21375951069	
3.08376634774	-6.0	-1.03178709883	-3.95381794518	9.0	-1.95680607871	
-1.37887110943	-0.910564096722	-5.35304887292	5.17864411437	8.49748803555	-1.77766019108	
3.01943781779	1.67985820124	5.58320651531	-1.83017247901	-0.459043530144	2.9577339254	
7.65408501074	2.65754760813	5.59592566051	5.35751293442	9.0	-1.93069254557	
-5.44651479865	8.99887137385	2.58483249211	-0.86055368229	1.41717675775	-4.2151960972	
-0.75594741047	6.00405027937	4.75944391343	8.99944622359	8.9999981752	-1.164919034	
0.104463888173	8.78969455629	5.55011353228	7.86488286416	8.99714465886	-1.16178321583	
1.39194829548	6.45024431741	1.18825377632	7.12995775439	8.9993560255	-1.27678787865	
-4.11305810245	6.91513421984	2.6770672049	2.64887488276	8.94408751608	2.53054161193	
-0.717570592519	3.04461982699	-2.24512774158	4.99268183891	8.89691346648	-1.30237694663	
-5.7888967717	5.28110778683	8.99998872288	8.92998416435	8.99999996178	-1.17269137055	
-5.99926309582	5.57767831127	8.01969882125	7.44275741416	8.9579422912	-5.43450240765	
-2.87560635401	-5.3051874803	-5.74082734847	7.68875377783	8.87822271646	-1.40547855501	
4.55807671636	4.00286228426	2.76671964491	-1.84681703562	5.51204103316	-3.78870826448	
-0.231314733003	4.5050592255	2.3233604986	8.5869865401	8.99954537869	-1.21389608581	
-5.90954706114	-0.996822449818	1.9205047506	8.00778013928	6.09001242597	-4.16723363342	
-1.82602684388	8.94823660972	7.91464960694	-6.0	-0.248713482661	-5.99999907472	
-1.088192976	2.03704329639	-2.4996985327	5.37506519491	8.18272536651	-2.09643552575	
-3.06486867202	-2.25844236683	7.98607657058	-2.17440539424	5.04254618305	6.91507782992	
5.0107399404	8.9996467421	1.98855354379	8.9996467421	8.9999957862	-1.1657585682	
-5.99999710674	2.46733246562	5.53706890317	5.38922022106	8.99999999999	2.14356091802	
-5.99999788822	1.15342038042	2.68207689338	6.52865862474	7.47439599829	-2.8009352469	
-5.94011829358	8.54335800382	1.58903450688	-1.89445534926	5.40054627823	2.89987580107	
-5.97571440161	4.39927426265	8.30829077206	8.93330210785	8.46976620784	0.987840485578	
-3.62194075598	-0.320676188814	-4.54100435595	3.15773107686	6.81211234801	-3.42731083727	
-2.22866028144	-0.103617770521	0.123622256193	8.99857974527	8.99633146083	-4.12936715019	
2.05350063101	-6.0	-1.85478850589	-5.0712478795	-1.35081511397	0.808969042945	
-5.53043579852	-3.18225149078	-5.99690241716	2.6549132751	8.95993098396	-5.7911788681	
-1.80149470914	8.67501146251	-1.28206906355	-0.758575235208	4.03756726061	-5.77581950557	
-1.83036764584	8.95371905309	8.37632131412	8.59223461518	8.99979711959	-1.18792342892	
8.38996181459	-5.83295320663	1.45760545826	8.50923442763	-4.24991034897	4.94987013165	
-3.15608085899	6.62241611516	7.66674866596	8.88825169182	8.09303392884	-2.13068689531	
-5.46881871401	5.0870999607	8.53974248999	8.98382381528	7.5876642222	-1.76749942803	
-1.62474086738	7.04148771913	5.73211964132	8.0658910548	8.99087380297	-0.63802218385	
-5.99999943938	4.81014020836	8.81013963183	8.99999998408	5.21089175562	-5.06635130544	
-5.80517342771	3.56973727556	-5.85830011265	-4.23321081591	7.74590156549	-2.4984913224	
3.72732696047	6.03617505159	-4.46164264182	4.22950926707	8.99999976875	-0.811255261339	
6.35762564531	8.99784844526	0.555172737984	8.91494993804	8.99720037835	-1.19061367758	
-3.8014512556	6.58063527258	8.38207108439	8.99998455621	8.99999421886	-0.432946684355	
0.333240559696	6.22834876004	0.835224751662	5.94011655137	4.33565629693	-4.71250805683	
5.22265621067	-6.0	7.31858518969	6.07668546091	3.84497606713	-0.732137510676	
-0.0145348828423	6.31985007181	4.15428281605	8.8198978614	8.99997597235	-1.18687345165	
-5.74789031734	2.79658848802	7.8329221654	8.79151575797	1.61913773995	-1.28567987698	
9.0	8.52904236866	7.52943502576	0.789343688908	8.13398572256	4.7244054613	
7.49165214384	-1.63507350228	9.0	1.66586252815	6.82707027542	5.50687341958	
5.05632427743	8.85459380207	-5.16006970512	-0.688795111445	0.992691822046	-4.99789408931	
-5.47189434503	5.08203962467	8.51641706649	8.96248309679	8.46079528963	1.65122241636	
6.99186510326	-5.40533748732	2.97695290134	-6.0	-2.74746224469	-3.36070976976	
3.429288225	5.55313349685	1.77972356047	-5.56256407753	7.88752608672	-0.0524730228436	
-5.77255678904	5.24000208192	4.9503634574	4.93780458474	7.16211135564	-5.95099570941	
0.172326192015	8.99999682825	8.78421536933	8.65967275663	8.99999999292	1.57222904639	
2.75441445326	8.48749821823	3.62050341395	8.88741964898	8.99999878945	-1.17851099289	
1.91802287284	7.20859688268	3.29057311158	8.99999910173	8.99997493941	-1.16305660525	
-4.82291677382	6.1708761823	2.91869553577	2.92490257965	6.33565578324	-3.94410235788	
8.99984636738	2.42945724616	-4.06159939457	8.72852493542	8.28973193767	0.46492981611	
5.70976935343	7.7957722121	-1.9215866907	6.99241045077	7.92676450386	-0.541688739719	
-3.69736121037	5.40937906813	5.31501315322	7.20827287472	5.87016711938	-3.9741885935	
-5.83857142915	4.06253306641	7.61975391213	8.71864941657	8.46746592823	-1.56153472398	
-1.06381819877	8.93043613481	-5.52523843479	-4.51949276837	4.94122474287	-5.33859475184	
4.36458347296	8.67244344924	3.84894815353	8.67244344924	4.01714466174	-3.53416528267	
-5.43172974067	3.23831029454	2.34931055294	4.67927051774	7.32247203123	-2.95470772965	
7.07804655789	8.90165105251	-1.20688298011	7.96951252527	7.71937631019	-1.10325873764	
-4.74607442266	3.25138188332	7.9161381273	8.34798819535	-1.70538039347	-5.79271584152	
-4.30263168084	6.13190332526	8.42250903709	8.98797403099	7.98617051095	-2.21482451985	
-1.55532730287	6.16785972807	5.54803027725	8.8248432463	8.95923172037	-0.676349103442	
9.0	-5.50683015966	7.28926043583	4.68572256501	-6.0	1.2890210816	
2.12102170498	-1.97976228309	6.73079063906	-5.99898338128	-1.21840270476	8.27875299019	
-2.64892812788	7.5545086494	4.85210849786	5.64867181806	1.48980323474	-4.15616087816	
6.07619929722	8.99999947862	3.51575132394	8.99999947862	8.07729010986	1.60435257506	
-0.308444792225	6.8610150769	4.35263017768	8.18317028169	8.99999786974	2.88596342756	
0.918872867545	5.38843162996	0.811879110255	7.61279311533	-1.29008174255	-3.55411743304	
-2.763316656	7.33664815666	8.09983574266	8.99987093	2.9418226982	-5.76589144907	
-3.12195226509	4.0289676087	7.79881604373	8.99999669065	8.99999968061	0.725936815873	
0.498588395503	4.43757453345	0.155196364463	7.21621022652	8.74868435415	-1.33511735918	
-0.931079653364	8.99996431415	8.98025826546	8.99996431415	8.99999976875	3.08349921231	
-1.83656824634	8.99999998333	8.83656821315	8.99999998352	8.99468748606	2.28822522793	
-2.83227845696	6.79356481551	4.71900238156	6.09315910909	8.99686586372	-1.28113323495	
-5.53671105049	5.56964103157	5.81390314117	5.70755105911	8.98852939548	-1.27681039826	
-5.94994935149	2.16032871886	6.10933245359	8.99905438324	8.99959101923	-1.17014824794	
9.0	-6.0	-4.95195447198	-3.74992000821	1.00300965081	-4.08084792455	
1.89074085798	8.995595173	5.38261983588	8.16150705283	8.07639976176	0.447433499101	
-0.244534091719	6.5787079047	4.82280178444	8.99955978802	4.56215804937	-5.71716345308	
-5.87996725767	4.74835768285	8.61266653045	8.98430667201	0.594666823918	-2.07151262603	
8.99449901012	2.56492075713	-3.36367249874	-4.88148093937	8.64995503818	8.03409276819	
-0.580659889606	8.98192131178	0.619387666045	2.05680646466	8.72183583503	-1.56066920499	
-0.694826247004	6.85939707738	2.30217392557	5.74795060118	5.30418821517	-5.85156398599	
