8.48373768511	8.01148661137	5.84334524324	2.52284947843	3.82059009595	8.32850574478	
4.53639663539	6.52390176967	8.46070074817	2.52284529496	3.71595259751	8.3814700482	
8.33740403801	8.6305603287	6.2516121978	2.52291997881	2.27798822522	6.42868750689	
-1.15853667132	3.68233925552	8.99195442342	-5.99473094373	3.01496506924	8.98722089475	
3.86313376248	6.52325044398	8.99578628122	2.52284838282	4.34571188389	8.87370025279	
8.75362306214	8.82807683738	7.46933040306	2.52288661069	0.873001927146	6.4601593262	
5.78776237824	6.57790120118	7.31300480832	2.52286721091	2.07382940507	6.78899553739	
5.04788730507	7.16963748985	8.97372370402	2.52730851568	-0.527213900993	4.51261844659	
4.65833007611	4.14213006724	-2.08003211436	-3.04624577316	-0.280501865504	0.808345774956	
4.42691328706	6.73270510437	8.83199363768	2.52621193166	-0.0802590754864	4.63489817106	
7.08013724204	7.11026445839	-5.99851348276	-5.78396648799	7.46165068186	7.04962358134	
7.82069198278	7.70034899481	5.89917638072	2.52286602118	3.33953381352	7.55135432591	
-5.98658409381	-6.0	8.54655249619	8.88304194563	-5.85068780441	-5.48026761917	
8.99032684589	8.66309153934	6.19561558653	2.52285560796	2.36890499114	7.0840676341	
6.86966923739	8.97491190034	8.6336747025	2.52838420713	-0.295379395262	4.419835795	
8.45996500124	8.08612930395	5.82728008046	2.52285316464	4.2774000269	8.67083050909	
8.84818454523	7.97636464331	5.14006382041	6.2944575864	4.16961774493	0.788236867051	
6.9848944322	8.66838614424	8.98271164279	2.52492016172	-0.64658792547	4.84287917242	
8.03800970743	8.607156356	6.97115959066	2.52299505395	1.39423953817	5.9884246551	
8.4374452219	8.27298824262	5.83793983943	2.52286450583	3.79750918512	7.99220965781	
8.04962189122	7.57726204961	5.85545345661	2.52284865719	4.27172719981	8.79185921981	
8.99999976915	8.66469975195	5.82030062009	2.52285522631	4.17867746202	8.5265902414	
-3.47331650226	-5.92434962051	4.3541744474	1.28999275494	-2.9018132639	3.33100736785	
3.48298852628	6.51952423497	8.58453208045	2.52373064307	1.55448902346	5.29373874706	
6.74620464377	7.48386541584	5.85826865875	2.52304662704	5.68175953616	8.99450424657	
5.09156250445	6.52609593253	7.95737669006	2.52284411485	3.80726305299	8.52242955797	
8.36142103773	8.48028729191	5.83117435776	2.52289176331	3.87966435543	7.78425132691	
5.90726476021	8.37155652997	8.99984591423	2.53548442815	-0.650085226174	4.06515184799	
5.36055111085	-5.7684277194	3.04835751752	3.51614356585	-1.97142239714	7.78796733463	
4.32110264789	6.52459361462	8.21771911547	2.52286301518	4.1053780777	8.3119105491	
6.35019361001	8.62240457977	8.80322009181	2.53097314625	-0.460587379101	4.25461595455	
5.06137767944	6.52773447617	7.98920495242	2.52284953205	2.67816045197	7.39332643347	
4.39902749204	4.57001736419	8.82832468472	3.47005915124	3.01050783549	8.91334653114	
8.80458761738	8.2470927692	5.85741210881	2.52284711422	3.52198423904	8.12921150553	
-5.99562850962	-5.99971333184	8.9795008976	7.47419876196	7.07528010982	-2.64449848311	
8.92257047253	8.17958312562	6.11123032952	2.52284298762	2.53725805263	7.58380013297	
4.19926921028	6.5867626914	8.37727671584	2.52428782258	0.827206473185	5.00786782962	
8.01798990414	8.2339935964	6.73888486113	2.5229053438	1.6554811621	6.37062434502	
2.86137036711	6.66185191631	8.99999976875	2.60532697169	-0.0235301272717	3.28582499508	
8.81570081157	7.56602648437	8.91885196051	2.52283753449	-0.546644307286	7.81421180446	
7.01410051852	8.99993358577	7.96026411442	2.52704509081	0.37898755814	4.54154137895	
8.66160251634	7.97490476092	5.83610335435	2.52284393171	4.0462546458	8.7613791817	
8.59778234434	8.58252464091	5.81307161614	2.52287685033	4.95503351757	8.97565547719	
6.6522014057	7.43262156078	8.88700407908	2.52306501217	-0.498699899683	5.79998637197	
4.77461714893	6.52842725697	8.27667628435	2.52286669245	2.08350419057	6.79867103227	
5.25938955926	7.32466299663	8.73525841675	2.52710612897	-0.325194044201	4.53285210005	
5.54633829858	7.77265274244	8.99978747278	2.52979018077	-0.636750909525	4.32209931246	
8.11278309666	7.97435539771	5.84789802496	2.52286575276	3.75740787384	7.9360362075	
8.11734846504	8.22597052143	5.82695283639	2.52288990585	4.13005906126	8.04066684415	
5.33503586906	5.13779466625	5.37789595308	2.65361076981	4.55457450158	8.19130270727	
1.19745052011	-0.958254400591	3.24658235477	-0.184812156372	-1.77204045914	2.57815769554	
5.9689096173	6.57013684847	7.12407389767	2.52285320424	2.46664534843	7.18180616854	
3.65329023157	6.55673756113	7.51162854914	2.52550073699	2.06856087368	4.8663911865	
8.47709173568	7.98644915044	5.82774039494	2.52284885734	4.47012012162	8.98082167088	
5.29313223299	6.52695756957	7.84749454086	2.52284232553	4.00335363	8.80934798998	
6.14687155983	7.43720838564	5.92464007382	2.52357725698	3.3485134314	6.17443312838	
3.93495572948	6.55475018535	8.99999971563	2.52411389519	0.487243003782	5.0585014818	
5.46797628001	7.93517349433	8.87593904576	2.53525000312	-0.51539659091	4.07326260031	
5.26744349476	6.59168260893	7.83146324154	2.52296963923	1.36209768355	6.0615195236	
7.39655556961	7.88984599839	8.04893398801	2.52296474904	0.303392204632	6.0512383985	
3.1730171811	6.77527227194	8.99999976463	2.60708653795	-0.228700017782	3.27712311149	
7.79774141738	7.81913041193	6.54426340159	2.5228786302	1.90202701826	6.61719015294	
6.75766069315	8.99415081938	8.76689188273	2.530359965	-0.426840080726	4.28836906862	
3.80281383573	6.52326242719	8.99999976875	2.5228508957	3.72017577003	8.19204206291	
2.68513650729	6.66954287722	8.7705227704	2.66463945464	0.242934142809	3.07957552493	
8.33287461616	7.37207118581	5.90035234463	2.52283939299	3.72536099779	8.7788447109	
4.62147093144	6.6759537555	8.86664454032	2.52429953764	-0.00600707873528	4.99702246668	
-1.76748068802	1.54102579541	4.01337598964	-0.540728921323	6.5783352352	8.55376841705	
8.97933711814	8.76960558696	5.81401933915	2.52286194051	4.56939730306	8.78545383764	
8.11761880345	7.6999044713	5.84670431598	2.52285080559	4.19497930261	8.65171394543	
8.73813204506	7.95790663468	8.97428081663	2.52284224955	-0.62708715202	7.31974418266	
7.94092856306	7.6918530055	5.84620816343	2.52285812584	4.24987441631	8.53746766249	
8.87788476891	8.00986974538	5.90098103538	2.5228410061	3.22333618263	8.18465864541	
4.66956938389	6.65764070221	7.7816048766	2.52396422453	1.14143685945	5.1261644106	
7.91909138435	5.8961018895	5.31511432376	5.04091860223	3.56338542411	6.57573324256	
8.15034010895	8.21298739983	6.58556305628	2.52288445962	1.83499321261	6.55019187624	
-0.978225867668	-4.49271676434	-1.6886683151	-5.05015001644	0.89114795415	8.48245917245	
8.68692171126	8.36246121551	5.82267938272	2.52285558061	4.21762714867	8.55707913419	
5.07058200186	6.55563493496	8.0079854911	2.52293180382	1.50040288548	6.21557099752	
8.9999999995	2.00914163038	-5.9999999995	2.89754230984	2.15479151388	-4.53981835846	
-2.27835992202	0.652197637922	8.19689384187	-5.03963926654	-5.98201496283	-4.56830477491	
8.7635838619	8.23115545559	5.99041867325	2.52284780847	2.82968160714	7.54484823607	
4.17603610833	6.52497279152	8.7923338887	2.52288112665	1.97148766113	6.60717071011	
-0.313584383803	8.92190405234	4.35406610235	-5.22968081738	7.68002371963	8.73601676439	
5.3726617416	8.81705486875	8.68108151326	2.66359214398	-0.207048052964	3.08121542372	
6.05877443893	6.55990886642	6.90151246125	2.52284657872	4.33085580844	8.92355433706	
-5.23991344937	0.489333994684	8.46945977111	1.72666263567	3.71668371285	5.69672369166	
8.99973298863	8.9282897497	5.81121586212	2.52287198764	4.89581565046	8.97076960362	
6.47792213702	7.62342331461	7.66889903037	2.52339463776	0.704606271632	5.41977684449	
7.47659701987	6.33699227381	7.02365974188	3.52721496086	0.35964017103	5.71087794885	
8.90155751073	8.31651883149	5.93781001109	2.52284642221	3.00736536977	7.72253499573	
8.91276943255	8.81709261568	8.99672085264	2.5228699687	-0.663558992596	6.62113606867	
4.18348715635	6.60181765938	8.61232333008	2.52473025739	0.503660178479	4.88808885776	
6.35677936019	-3.35677934472	3.71145539788	4.36713678795	1.27210083396	-4.82621897186	
6.80715809997	6.66729428597	6.38296606169	2.52284421773	3.71523833657	8.43039135238	
2.7416517736	0.925032462996	-2.8201106348	-5.16369668334	0.850485682635	5.30283979274	
8.93208983	8.71597166878	5.81367738548	2.52286154629	4.65175294725	8.87385296148	
8.99024647246	8.57783473661	5.81762970087	2.52285196897	4.37098484405	8.79334101206	
-4.94291116696	-5.98701799178	8.88531365796	8.9439212615	8.4676357213	2.91417999295	
7.77787156583	7.29751261343	5.89283793625	2.52284726467	4.43448259934	8.99999976875	
