-6.0	4.52973895891	9.0	9.0	9.0	0.968206256575	
-0.169383244474	-3.86874491923	0.0609213358259	0.209178476008	0.327899945318	-1.32505517388	
-2.04067267998	6.09148720808	6.57834924477	4.86424957337	6.49032833245	-6.0	
9.0	-6.0	-1.4751211692	-5.91800792378	5.37249052609	-6.0	
0.898544389664	-0.196478155151	1.49650083078	1.60983782106	-0.469350574934	-5.48957274444	
-6.0	4.53208962733	9.0	9.0	8.76495007002	0.369659103012	
4.57474675539	-3.48345263698	9.0	0.805492636204	-5.18844284797	-5.69250010167	
-2.15427813944	7.92866234985	9.0	9.0	9.0	1.46719092811	
-2.7780921759	3.76007444048	0.215913010852	1.97132092144	3.01272502244	-1.54092676582	
-0.525335832775	5.51369950249	4.17545033981	8.56751260034	8.74873802294	1.00988869376	
6.56468496773	-1.80717055692	9.0	-2.60008448136	3.52583145864	-6.0	
5.78485260657	9.0	-1.92298799547	9.0	8.70345174143	-1.38077986553	
6.80596932892	-1.87940868607	1.59223475456	-5.40800447228	0.409928700108	-6.0	
-1.9755361368	9.0	9.0	8.54235391269	9.0	3.23241519803	
-3.06984195795	0.194787815639	8.87634695644	8.25407486337	7.75785563735	-3.2125751911	
-5.09597257093	5.22853568424	9.0	9.0	9.0	0.964417384411	
-5.6505036513	4.19659653958	8.9985467845	8.98766654541	9.0	0.369688351673	
1.81715229717	7.64086965022	6.46408243905	8.1603412913	8.41601529153	0.222731872419	
1.37689080905	-6.0	1.63921677304	5.63968591337	5.11828823122	-1.66156832663	
-6.0	4.63999153237	8.92298153036	8.85247030659	9.0	0.505504254763	
0.155075935329	5.27860594226	1.85485747711	5.73321650952	3.87124179497	-2.24742037387	
-2.11357002243	9.0	8.7695049751	8.61032774846	9.0	1.35277980962	
7.09121177502	6.30662383004	6.98214316294	5.38031985652	9.0	2.0427685184	
-6.0	4.23843401997	9.0	8.78256547212	8.65359420611	1.24156971331	
-4.51110004603	-6.0	4.10913126619	-1.2147338919	9.0	-5.75369577074	
8.79410494136	8.97152587609	-0.565877639193	9.0	8.04245207034	2.5473385847	
5.09206677618	9.0	4.22973867084	8.77766544683	9.0	3.25924305076	
3.90460164615	7.25734897389	1.23531398435	8.48905278959	9.0	1.33790551362	
1.30053050092	-1.1586714229	6.49890758869	-3.48509086564	6.26853473208	7.62599673221	
-0.73253340167	2.24771320791	1.00847747981	-6.0	-3.95113356432	-5.68078434616	
1.15529703259	5.0042327854	2.10287554844	5.80778975668	6.39274533517	1.07139683633	
-5.36783529589	4.9092945599	9.0	9.0	9.0	1.1512166512	
1.7060421488	5.20684068688	1.72656369331	8.22930122838	9.0	1.79878693292	
8.45562545669	5.68875555946	7.4431372844	-5.22280696489	4.31728805361	-4.60252746887	
-5.29628640517	3.9695382549	7.66164402838	9.0	9.0	0.836753668663	
-2.29974746549	8.00222699524	9.0	9.0	9.0	1.09503424389	
-0.0464928670562	7.99494349144	2.78149231555	4.11758744816	7.69024110237	3.74783448576	
4.91663042703	6.83020950499	-1.80170496182	5.68837356516	8.49184165284	2.32810375803	
-3.69342090456	3.02724554952	6.56411900055	9.0	9.0	2.73184101065	
-0.390586111241	2.88117961006	1.86135274534	6.13014648475	3.91043583376	-0.783388162938	
-1.13511854565	9.0	9.0	9.0	9.0	1.97657596519	
6.04608302427	9.0	-0.919743449399	8.52391215954	8.50343329883	-0.478284653945	
-0.76154386473	8.93193738739	9.0	9.0	9.0	1.67564359025	
-2.49697471803	6.90039768867	9.0	9.0	8.51201680545	1.46844796449	
-1.43474641666	8.86929548956	9.0	9.0	9.0	1.10697548487	
0.469525556146	6.92296591643	6.62129607752	8.65785294256	6.93905540916	-1.36949503055	
-4.84358002389	9.0	8.98942054761	3.47669392687	9.0	4.79231215993	
-2.5109128161	2.70902732895	6.3420742506	9.0	7.81853424	-2.27131514465	
-6.0	1.50196348048	6.40492538823	1.84859971132	4.74609003162	-3.23055284536	
4.77099189241	8.31624346317	4.27155723905	9.0	9.0	2.28340129984	
-1.17880032677	9.0	8.95182444721	9.0	9.0	0.801805559573	
-2.317612133	8.93672063451	9.0	9.0	9.0	0.889205727183	
-0.446749406115	9.0	3.04107027555	2.95238352434	4.8815334852	1.88954656784	
-6.0	4.63620207674	9.0	9.0	9.0	0.976486424365	
-5.96253654943	5.30607164112	9.0	9.0	9.0	0.497542992447	
2.83744456774	-6.0	6.47103387125	6.39549416034	8.13255662833	-3.04162370809	
-3.06766980168	4.85665046652	7.37784263061	8.99143361514	6.81711232019	-2.00480232711	
-6.0	9.0	9.0	3.39448970995	9.0	3.12482321899	
1.92441878017	7.88767809628	5.80638427206	8.44293743076	7.84060015748	1.10297760198	
-4.43175110752	4.32121831099	6.62374067276	8.01582547245	8.9095270094	1.46953064908	
5.81419635615	9.0	0.414068372878	7.15601977505	8.93480106744	2.42925958556	
-0.604058472846	3.20315245051	0.725386244121	9.0	9.0	0.729974502217	
-3.79402333176	6.77959762827	8.92130912421	9.0	9.0	1.08942038896	
4.82462114777	9.0	4.7151107286	9.0	8.74180664867	2.36673241247	
-4.15057984816	2.50649888302	8.27865585139	2.32849011299	7.3202659	0.97227266579	
1.01876513	3.11350746017	-1.41130484435	6.80644852301	8.8320076083	3.97129933948	
4.05116548121	7.99929376033	2.7544444772	7.69471526097	7.19697807927	0.759042148879	
-0.560118747523	1.49892897899	-0.336084253001	9.0	9.0	-0.0971437371276	
2.91548487211	8.92158364873	1.77016572859	7.10496078325	8.89855880895	0.642844458455	
-1.99052079734	-4.24992056954	5.37702831968	-5.93960248444	-6.0	-6.0	
3.75602802667	9.0	3.70179314995	8.37299255674	9.0	2.61453830501	
6.48555525508	-6.0	8.94127536624	-2.43976688401	3.56898807858	-0.710248379457	
-0.567042366293	0.916245364735	7.53010191566	-3.3290755476	1.23207265519	-5.20268001877	
4.44770972055	1.48027547136	-0.535673372416	-6.0	2.43759922031	-6.0	
0.0756047691383	5.66284888041	3.36560201694	8.01635153837	9.0	1.54552301618	
4.44622540192	-1.78418096088	9.0	-1.88164729949	9.0	-4.34545533875	
-4.35935862056	5.56665338688	7.76852176565	8.51014364872	8.89610784726	0.495755445828	
8.58961754532	-6.0	9.0	-2.14861202086	2.26290295283	6.20663663721	
9.0	9.0	-2.20780087577	6.13036038658	9.0	5.45171252099	
-1.71412346892	9.0	9.0	9.0	9.0	0.225578993608	
-0.737109082766	9.0	9.0	9.0	7.13705015029	0.691425187384	
0.273365451641	3.82620964569	0.893261972394	9.0	9.0	-0.888592708461	
-3.15763289786	7.50703087304	9.0	6.63416827292	4.13782549852	-1.75329129895	
5.10622313455	8.79465800119	4.31671179365	8.5757871435	8.32384965207	-0.383153203708	
-5.43843080028	5.28177291064	9.0	9.0	8.91199366089	0.847797330489	
-3.31862451372	8.78997089587	9.0	8.93436836991	4.93292664574	-3.06483593542	
2.62304671965	5.65747679864	0.818080306478	9.0	9.0	1.02908813502	
-1.37471425101	9.0	5.77204273608	9.0	9.0	0.810917983113	
2.16911980492	8.92248636554	9.0	9.0	9.0	8.42911540096	
-3.63369630504	8.39461047544	1.77528422428	-5.56443933001	8.60269951038	-6.0	
-6.0	4.2954988712	8.99884307739	9.0	8.8919251469	1.00441301989	
-2.41141082111	0.0863697454757	2.99410498297	3.90066347756	2.31993431629	1.25443892349	
-5.85034828569	4.65727935649	9.0	8.66455666469	8.1601646771	1.00941361352	
-1.91321974795	6.91519562551	7.34868026336	9.0	6.52744909352	-1.51548262912	
-3.07601922182	4.4765984135	6.22669440001	8.78752477272	9.0	0.250548628072	
-3.06972173717	7.3274727347	9.0	9.0	9.0	0.887858342914	
-3.07056095819	7.37828684992	8.99472378018	9.0	8.95399692836	1.00401854662	
-6.0	4.53420463658	9.0	8.75871304701	9.0	0.858488057206	
4.52040472052	1.81881914548	2.6630485426	-6.0	1.11807747529	-5.61634381162	
-0.822234718644	9.0	6.30903617437	9.0	7.69386011307	-3.15898145552	
