8.69696093614	9.0	5.81277115451	2.34499015084	4.11841955462	8.0771623001	
3.68159777239	6.99722875973	9.0	2.50125368258	1.65272607982	5.52003583986	
6.92674169507	8.32399128012	6.82613102236	2.3998419534	1.62924889377	5.29115346042	
6.56612639163	7.30686686163	6.55136197029	2.73294122463	4.79067318043	8.72106766931	
8.94137082204	9.0	5.82115301431	2.51630446535	4.94045216054	9.0	
8.79550871831	9.0	5.65402592889	2.41888153643	5.31144547991	8.84649305266	
8.82574039579	8.98658215909	5.77096672766	2.48905769391	5.26139056139	9.0	
3.04730645989	6.61775952724	9.0	2.55716522157	5.18665375459	9.0	
3.2003083557	6.54060110165	9.0	2.58131550098	4.44206207384	8.52358267284	
-2.13495763494	0.143805298996	8.35679416831	2.76311022936	1.23579800454	6.71006974189	
4.37385394767	7.66394763302	8.75106553398	2.42317009826	-0.269748469261	3.40602899613	
9.0	8.99966384124	5.2904647769	2.43706758767	4.9319309059	8.58764261596	
2.61685997672	6.11251244368	9.0	2.56073310872	5.21984207578	8.98489111615	
3.77767129872	8.90556828086	2.69699810864	-2.52033285245	5.397433501	8.12701518513	
5.54114413522	6.5670795806	6.63980729572	2.48760008869	4.87379965752	8.55773149177	
8.74368420143	9.0	6.02386279973	2.80703932875	4.44877374907	8.15364210706	
9.0	8.99675014401	5.56180552451	2.60536204025	4.08518421083	7.86932120529	
-1.66631650673	3.00649667647	9.0	0.999876124635	-2.98157545161	1.33873478082	
2.55077705499	-1.79518255282	8.99963939708	6.19892402618	6.91274623034	-1.39855357152	
9.0	7.42022088316	2.71229302201	1.11415587905	4.42008495896	9.0	
5.43269204499	6.79791536888	6.90960865032	2.53930058666	4.39930984397	8.24228999365	
8.17447489287	9.0	6.40159112799	2.59455271887	2.85033674769	6.50949221447	
8.51773664929	9.0	4.78240019503	3.70068105884	7.62202815548	-3.10052994594	
6.75478184976	5.12018046088	5.10086428969	0.200254846919	0.853268499407	-5.33739918886	
5.7094709074	8.86071772769	9.0	2.79354735367	-0.482755631518	3.14985982922	
8.00038121517	9.0	6.43254769141	2.52267625943	5.38950885628	9.0	
3.39491103564	6.73768334995	9.0	2.54767761482	-0.0917172674156	3.82677056379	
4.35499264607	7.05649745747	8.20739019132	2.71976323829	0.536865142574	3.98428610356	
9.0	9.0	5.36683214282	2.31227072077	5.17124334078	9.0	
9.0	3.29153308973	0.566895963722	2.76226881266	6.16412830217	-0.897554833298	
8.03694463464	8.36270801909	5.68615051113	2.33812890683	5.08049988966	9.0	
4.73777606207	6.44917240641	7.22220622288	2.58877497255	5.18552119162	9.0	
9.0	9.0	5.81724061685	2.52702213557	4.94648808016	9.0	
5.65302260898	8.69333201367	4.01549426159	-2.24696394795	-4.44483703689	8.15097542881	
8.68556881044	8.99562040815	5.92730656385	2.65761681614	2.89517096563	6.42799771743	
0.425106592237	-6.0	5.4631013227	1.13477546174	-3.58393893237	-0.152262282062	
9.0	9.0	5.57988828434	2.59421757263	5.05921047567	9.0	
2.36047828256	8.10049968735	7.51411940505	-2.02554187245	3.07811386876	8.97457020425	
7.62053623858	8.67210147291	9.0	8.25953327203	9.0	9.0	
8.95455242234	9.0	5.44647261663	2.57517030881	4.09742921339	7.68146291109	
4.96684457384	8.24035816694	9.0	2.724569141	-0.740812995092	3.13316240068	
5.88957417674	8.91670622245	8.54103114303	2.21311324301	-1.94821777609	2.53756155753	
9.0	9.0	5.86766729712	2.75649282062	4.66765722584	8.6280391357	
-3.92789417069	1.60697082646	9.0	-0.486289951282	-1.02554574917	2.80795834547	
3.75013241643	7.08452498956	8.99399796273	2.66162415125	3.26690496883	7.14560286023	
8.65383934083	9.0	6.05596790705	2.51400230583	4.08614182199	7.92138767622	
-1.3173747831	3.45582934828	8.58089492105	-0.382410759727	5.2512929064	2.43813997985	
4.65432327916	6.20577904235	8.23206019276	6.43237495493	4.53158559232	-4.6925555232	
6.69114285211	8.33037601681	6.96563149377	2.41408011995	1.26553945804	5.1078086571	
9.0	8.9988666965	5.35965462121	2.29373635698	4.04348522709	7.86956457417	
2.61491463089	6.37290244969	8.9938079899	2.39378264733	1.66774824836	5.15206532877	
9.0	9.0	5.57722472565	2.40884990645	2.76566156973	6.73337805246	
7.23844805803	7.90092155976	6.05494207965	2.45429213761	5.0461484412	8.82030199218	
9.0	7.43290344693	7.78208302292	2.36232789474	8.13210196262	8.01452612966	
2.45474016138	1.15422236995	1.86785790848	-0.830182565742	0.0110257461206	7.95592906472	
-2.65564140071	3.13988351599	8.99119281346	-0.0759407434274	4.28536026635	8.62967681038	
1.04313137691	8.16409659487	9.0	-2.01126748489	-3.35938929038	0.331009993235	
1.9805102664	5.44430916997	6.1547545866	1.60114715062	2.85106151343	5.60859808137	
9.0	-6.0	1.63468645075	-0.446785565518	4.98864527442	-6.0	
8.00373622291	9.0	6.38109257217	2.47690888314	5.4768536039	9.0	
2.93291519694	6.37184636644	9.0	2.69572627359	5.48185558873	9.0	
2.39131666329	7.33632093549	9.0	0.0897265364269	-1.60321471324	4.08494089635	
5.24003752812	-0.209600661366	7.99902490406	2.32303387286	7.04570656603	5.49047081082	
3.79495528159	6.46898593684	8.35515247923	2.48435762574	1.83481941948	5.8315229426	
9.0	9.0	5.50146890392	2.54463153705	5.34525668533	9.0	
5.11155235907	7.96789068834	8.99125706003	4.02017781343	-0.758746308493	2.84920999464	
8.74079607701	9.0	5.84636282252	2.43107082795	2.7847253859	6.66602530434	
5.1643804422	9.0	8.93677160778	3.96279656598	6.62194774891	8.12930845874	
9.0	9.0	5.70233165757	2.6035882081	4.75915216686	8.63009622275	
3.54723280141	6.79498982349	8.73120166022	2.40876076532	4.75424087453	8.72352082999	
9.0	9.0	5.8835862136	2.65541068877	5.02443447323	9.0	
3.8378773363	6.42316083485	7.91013394151	2.25424193637	2.33358222919	6.03391685808	
9.0	9.0	5.70377231178	2.50416463137	4.20092718215	8.11795382231	
9.0	9.0	5.85501072866	2.73484862374	5.05673298198	9.0	
6.90293511662	9.0	6.27053831545	4.95603263046	7.64767231379	7.07039165268	
5.77382168134	6.27111256354	5.81859764468	2.32567529078	3.07204805477	6.981996711	
9.0	8.9684115988	5.85655177293	2.71614787155	5.11391820314	9.0	
4.85523723581	8.27373674416	9.0	2.68012142548	0.175896724341	3.79167010201	
3.33586660988	6.079699811	8.19562612852	2.45934298399	4.36463655283	8.10578436905	
3.31492251792	6.7552520417	9.0	2.50532923038	3.30279004967	7.18352882449	
9.0	9.0	5.83223754177	2.66220573498	4.29242869079	8.20142548233	
3.0791359187	6.76706196678	8.9953744994	2.44151357329	5.2361069819	8.61313185521	
-5.1214850984	1.55294679558	8.01395407427	-0.847643610956	-2.87306745396	0.305313887683	
3.23654667587	6.80878221017	8.98356961157	2.62512012866	2.79183972495	6.26757002022	
5.49412159484	9.0	9.0	2.69850367586	-0.148024304851	3.35714917177	
5.18935881468	7.69122882444	8.38569285562	2.67728022599	0.25788666211	4.01735786309	
7.25142598084	8.04697213014	6.37912979401	2.69096222188	5.38432017909	8.99733262968	
8.7046996363	9.0	8.97702222044	6.9400040896	3.35594997917	6.66716267995	
2.68933285709	6.54076956165	8.99319830374	2.35695006566	1.68315601191	5.06140594567	
4.61512081575	6.69009974672	7.67616159296	2.71804746428	4.13099446398	7.73872260489	
2.58066293347	6.26109901097	8.9999775403	2.3628530504	5.13676328762	9.0	
5.63073180447	8.8238596132	8.6328556639	2.43820528064	0.105824509696	3.70239043454	
5.56742503697	8.80595783873	8.96951066018	2.69698552641	-0.515159337079	3.03412917895	
8.77981232365	9.0	5.82357114877	2.6388165426	3.68801799983	7.43642185363	
7.77706912076	7.57031548681	5.52333196956	2.67693477965	5.05942295695	9.0	
9.0	9.0	5.81594412629	2.64007597729	4.88939664816	9.0	
5.84041471091	-5.1805706025	1.69966890665	-3.46748844506	-4.62536505455	0.456761588994	
8.9924630471	9.0	5.51946835192	2.48201505703	3.72804527127	7.47784410461	
2.04472137521	5.70134556837	8.58764443416	1.09140185359	6.65470730923	9.0	
5.61153462053	9.0	9.0	4.77243023994	-1.67750168673	2.35492956121	
