4.80855803761	9.0	8.54594654046	5.82180016054	9.0	9.0	
0.21531439195	6.90516414665	9.0	5.48797407352	5.15238843631	2.73007217078	
-6.0	2.4031523213	7.9874944496	-0.322841787528	-6.0	-2.91120827863	
6.17973382594	8.81130924525	6.05273281124	6.85137442249	3.54665394902	1.06402319784	
2.48413241432	3.4831416533	-0.912023499667	1.5855522204	4.87794783113	4.4120461954	
-1.46359176095	4.61766949622	4.19121791263	-3.64863893151	2.44104735498	-5.09804872684	
0.957710164304	9.0	7.82826298691	3.1127092294	3.71310112473	2.6327592881	
-6.0	3.57429003627	9.0	2.52739830322	9.0	9.0	
4.60219955478	9.0	9.0	7.514801328	5.01927808344	2.72398165822	
-1.95940943083	1.25579122516	1.96804771748	0.341203747357	1.17757253139	0.193872549745	
3.76805145584	7.5721182588	7.1272479324	6.09263716225	4.5825122057	2.61645117286	
2.1604522035	6.6338591054	7.96607297233	6.4293983363	4.98566534627	2.75184823581	
-2.91642065766	9.0	9.0	0.318255214331	9.0	8.98767329546	
0.454363030111	6.63753906745	8.04758556644	4.72020401702	6.14305909404	4.1467585758	
4.10836977856	7.49210695441	5.68640183311	7.26007890946	7.73621020785	4.74261426846	
4.55754315774	8.98370777259	9.0	7.54889749603	4.49054941026	2.44454006257	
1.11358272406	9.0	9.0	4.42558981925	9.0	6.98915662892	
4.32770030601	5.9999064779	9.0	-4.12417718761	-5.09744704974	-6.0	
4.00338175593	7.05504576463	2.79879778432	2.11334184697	6.78838112141	6.76079290133	
5.78539820469	9.0	9.0	9.0	9.0	4.54244256609	
1.42451441616	6.41268890651	6.95241719047	4.86048825241	9.0	6.85433583057	
-0.703518973185	2.34411165739	8.46609811805	8.65274546212	-1.26634157921	-1.52890131004	
5.17923359033	9.0	9.0	8.14963108983	4.98510174764	2.55527859465	
0.0824680933074	-6.0	4.88619049458	3.37529098767	2.14612523694	-0.804989431824	
2.55710463935	6.87796446206	7.55186265144	6.1730324676	4.98893713477	2.50471848101	
4.46414864324	9.0	6.26873739545	4.64376532235	9.0	6.8985914768	
5.1721726073	9.0	5.66972883025	4.68511615505	8.99077583293	6.83679412984	
-2.60658171999	4.90445738139	1.26063371321	0.479821808064	3.05824667246	-0.231844377475	
4.29970259016	7.89996332558	5.76209008147	4.75610982097	8.93808158365	7.73504050124	
-6.0	5.54954868559	9.0	0.609730248053	0.159312495083	-0.354781538126	
2.73887945288	7.21147633227	7.99149188534	6.61771138717	5.11370495919	2.54087206746	
1.17976006281	6.31280912936	8.59470811122	6.59381428508	4.73024202832	2.36131331386	
2.99351186599	7.16557557037	5.64618122387	4.33609165663	5.62436095898	3.65355787081	
1.65245613361	6.98369097655	7.08734357106	4.8838275618	8.95487669888	6.47629128369	
6.29188959016	4.49004585645	5.61022069963	1.1191419305	6.71130010965	-2.61198630091	
3.66969124335	7.56991522522	8.97436067352	7.81713220376	4.5332727476	2.41847333191	
5.29866326265	9.0	9.0	8.2314562231	4.66955826497	2.52082959061	
5.6551831781	8.64071495647	2.57148675396	5.26848634584	3.52086431491	-0.781956287412	
0.215851376879	8.90529165226	7.31648633647	1.0888976459	8.00038691774	7.46542522384	
9.0	9.0	-3.14825436679	-2.53832122995	-2.57965686496	0.298492149811	
3.38312086746	7.54905611307	5.91526051921	4.46223634892	8.73769424115	6.79110552835	
-0.287519352353	6.92502208449	9.0	4.60290936058	8.97636261711	6.98927378401	
-0.785030710004	6.50920585269	8.97602831078	4.61423095943	5.81529672404	3.49734647637	
-0.509941068324	3.38679529755	6.43488060755	4.64089994647	-0.137191754296	0.0881356668335	
5.21175334859	8.96409973626	8.99002061091	8.33571965865	4.96251227333	2.5872691528	
-1.00736223561	5.4318673667	8.56635938697	4.3449984845	5.37576472202	2.54355407982	
0.423915690255	6.59581816013	7.69177752249	4.34278412642	6.95604668194	5.02944807468	
5.3416502948	9.0	5.610906803	5.00124908226	7.60143064413	5.31427678917	
-4.72199694159	6.85645033984	7.68938200586	1.16357585727	9.0	6.74864245599	
1.50786709203	6.72283066757	8.55048637675	7.31225459562	9.0	3.76596163411	
0.161528957567	6.09826691722	4.60101437462	0.407712601835	-0.489249140464	-2.3781807242	
2.29818375318	7.26431857798	8.770818867	6.69709087855	4.91184106043	2.61321779336	
2.4423966765	6.69265154357	6.56025264729	5.26560860762	4.83225415114	2.66686271645	
1.34698324865	6.54225145221	6.81310175283	4.70584594367	6.97268232758	4.66289088429	
-0.34859716535	-5.14374279952	-4.61542716569	-5.8890588448	8.55175723139	-6.0	
-1.63627913381	0.710972973192	-1.70876033367	-0.514796750639	0.126671173007	-2.53872632471	
4.59756428057	8.09595541941	2.13263482247	1.98060692615	4.96848481212	1.53891626572	
3.15911996919	6.95783130096	7.62001825125	6.94393838543	4.71890639235	2.34915202852	
0.736365756387	6.8066443374	7.85689061843	4.8923093845	6.65344830035	4.22519626047	
1.39164531968	6.34712288649	7.45428119244	5.59254459418	4.55568659572	2.36795681552	
4.80133908083	9.0	6.07792192093	5.16282149642	8.55058949351	5.90964422657	
5.14287353319	8.98059428062	9.0	9.0	6.73926927202	4.26836480818	
4.72660720359	-1.84275383292	6.75412579739	-1.34128306575	-4.91040936594	-5.82407463219	
5.20376112969	-3.61058261804	2.64801216814	-0.733567100808	8.84726001094	8.13392643428	
4.64729803295	9.0	6.03481226766	4.86592049988	6.0199902363	3.70319209553	
3.42282810932	7.64890683032	6.11528476599	4.97633730376	7.45504679276	4.94865924254	
-6.0	7.81843593567	8.73257341209	0.181551660228	2.14464007525	1.14868916919	
-1.86248329753	6.74268854767	9.0	-6.0	1.06127807784	-1.4912459786	
0.125266355252	6.6500859822	8.43625001708	4.84960402548	5.82533610322	3.44911207689	
0.0604451263593	6.71448621558	8.47398718949	4.94133401918	6.99823662815	4.51277937549	
-3.95836966701	5.36993832255	8.26281344296	1.22033692605	9.0	9.0	
4.01875038484	7.38070694056	3.12340865704	3.05606299955	9.0	7.54565504136	
4.14309209823	8.12198371348	5.96205327684	5.27139271847	6.76157943326	4.0960567276	
4.58257581228	8.99915786752	6.53131870178	5.03430846148	4.87341029398	2.63737841366	
7.01311754569	0.452526190041	-6.0	7.37883894468	9.0	-3.53862411376	
2.16380696978	7.28959137446	8.24022720245	6.06350813357	5.04208539801	2.73136800722	
0.545524928187	7.58204191189	9.0	9.0	5.0722906507	4.19216135619	
1.60916019622	8.9706695108	4.69534333426	2.91331504769	9.0	7.67651141398	
1.21550944742	6.75145958908	7.81566504415	5.14998947239	5.11454489621	2.7429155748	
5.0732024577	9.0	9.0	9.0	2.77108613917	-2.51946733492	
2.78025293184	6.79469754077	5.67109952291	4.60980632103	4.67624230184	2.67102627102	
4.52187944489	8.6233408621	6.02027949062	5.07194441779	9.0	6.48320438292	
0.985546075473	2.76572542931	9.0	9.0	-4.17552179748	0.540108713648	
4.94531173948	9.0	8.99980758486	8.07503164673	5.18744513515	2.68498397954	
5.12038472516	9.0	5.6950494219	4.7419964676	9.0	6.95368555743	
5.38556339634	9.0	5.29335496264	4.79176690476	8.7533878834	6.46942798769	
5.06852170938	9.0	5.50194506873	4.69034277887	5.58628303408	3.44159902194	
3.65500498345	9.0	7.65335230355	1.09322610815	-0.995831304417	1.84065470542	
3.44104350463	7.22348775977	9.0	8.29203234097	4.78794249467	2.58857337727	
2.81419105316	2.74822116315	6.63228809047	-3.55536098053	8.67432912559	7.26531705833	
5.43314207239	9.0	7.4064763417	6.87058411554	5.01192505722	2.62045648461	
5.32686062639	9.0	5.48215991122	4.82673197388	5.41284484562	3.20600320757	
1.57605856937	6.70618257818	7.09897353272	5.07081408655	6.10550405111	3.66628270174	
0.158379414083	-2.74288885784	4.78027410043	-0.546368549422	8.47704263099	5.20103085296	
2.71136497541	7.38889333128	6.60179201795	4.904053184	5.7303865626	3.48233644365	
1.75238588267	7.09162312477	7.50614479773	5.14394371982	9.0	6.58364130641	
6.3027724832	7.14761267553	1.92657733101	-2.71468687125	6.79714875861	-3.44153176075	
5.9947615201	-0.0765411150875	-3.60412080857	0.684726420852	6.85314127063	-0.302332997852	
-0.718196538757	-2.87056604496	2.97819813557	6.10873608773	7.28291699858	0.0463356757174	
3.49483036547	5.52507976844	2.63568611774	6.42914719832	5.80384517276	1.37852731017	
