7.83371224862	6.85215348855	7.67587902108	2.69478555643	1.86341104144	8.32768478908	
9.0	8.23570495291	9.0	2.24046714895	1.08305319873	9.0	
9.0	6.83913531726	6.40102535778	2.5895316172	2.24647656896	8.73624274184	
9.0	7.38306934839	8.50058948726	1.81501341487	-6.0	4.99515228193	
8.06057333598	6.75836441399	9.0	4.07139597942	1.39812944693	9.0	
6.8202112829	7.5316013455	8.78196349449	0.984513687815	2.7680493018	8.66767975246	
9.0	7.31174868363	6.62075414219	2.40682242492	2.2384569133	8.98311343222	
9.0	9.0	9.0	3.17051380303	-0.224317882077	6.28122472492	
6.78010025138	7.20606516546	8.7466689617	2.46346103975	-0.435667908402	6.27667125234	
9.0	9.0	8.9599215495	3.52666313529	-2.03502584668	2.82372413311	
9.0	7.02933763081	6.54614406389	2.61339450952	2.02889255581	8.8460787642	
5.89803292083	6.68287629345	8.99818093648	2.32533261842	1.04862806781	7.52805529695	
8.60206387556	9.0	8.93077042049	2.51258302793	-0.0495711251115	6.7709175725	
8.97107443124	8.68424792779	8.5203309584	2.78908945591	0.258622185916	7.09159801426	
7.89685526231	8.80098479224	8.98869493274	1.94073204572	0.602939491825	9.0	
8.99208339883	7.15971781397	6.78264966933	2.7129594598	2.09079843883	8.7317726412	
8.93175528416	6.98676895084	4.65051774911	0.732849115763	-1.17273900914	9.0	
-0.62179621779	-6.0	-0.390599128981	-2.6547961416	8.78238446395	9.0	
5.85807782602	6.63221214114	9.0	2.46581997816	-0.666277321425	5.76460189066	
8.56534309839	6.35072806122	6.36315849584	2.44554680935	2.29889070676	9.0	
7.42331333568	8.07954357941	8.78448923404	2.33905338996	-0.935393158096	5.68284081307	
5.73078157757	6.41777910974	8.8886956874	2.30049948801	0.139753244577	6.75383610111	
8.70396305334	9.0	9.0	2.71785441131	-0.056049098289	6.48509425549	
8.68550304493	9.0	9.0	2.48024088532	-0.307924427677	6.62623051364	
-0.936444272818	-0.00238010729758	7.54229227168	4.00183117524	7.90977334738	-6.0	
2.99399831317	3.59972842686	6.13979459028	0.470981143406	-1.61101065284	7.56933103971	
6.38456662111	9.0	4.26576259895	-2.05412710183	3.41677987247	7.73668837211	
8.49516816969	7.41013935655	7.33874380503	2.42865807997	1.24875735709	8.08358044028	
9.0	8.69087064137	8.27912420022	2.46397066016	-0.495854952646	6.56228931981	
8.85699852084	8.38921733931	8.24969765436	2.45773689282	-0.152169665785	6.8481833977	
-5.08914052007	-4.11428152306	7.17942359952	-0.248453616725	5.50225760483	4.49544267287	
7.84438815032	6.7431213451	7.51914440021	2.50338921393	1.36224534971	8.32228540391	
8.47109421492	8.6587146235	8.93376866982	2.56664174842	-0.603112781322	6.42636220107	
8.96723384261	6.61592273014	5.89411949407	2.30520740837	2.00462937637	8.68352210676	
8.97557627325	9.0	8.51232245842	2.50868708169	-0.324880055567	6.1571243607	
6.79593119344	7.87180011302	8.94594152212	9.0	6.97689567958	2.52976112789	
7.99446294052	7.31675134618	7.80253667514	2.59949672225	1.14343690242	7.91898271582	
8.55559300585	8.51802713238	8.17019838486	2.29327880173	0.138913665531	6.72422131782	
6.87334139958	6.86834684715	8.72337561715	2.51850724912	-0.447019881436	6.42732358976	
-5.36728792848	0.744330179186	8.99096097123	1.16272138327	-1.82789192539	-5.30911747312	
6.17568272293	6.35587969931	8.93126744286	2.55134051989	0.549435868009	7.46021513631	
8.99587914404	7.30170884032	6.72632382689	2.49054864258	1.22933159123	7.82534123278	
9.0	7.41667241749	6.71745449084	2.47570703576	2.42650854104	9.0	
8.68953833117	-6.0	-0.858668520302	-4.41923725609	-2.81366816373	-0.536676249464	
-0.251605015281	8.09774002628	9.0	-2.71255118895	-4.31684333561	-1.07694175263	
8.59123077808	9.0	9.0	2.58940203187	0.110824523012	6.82991292515	
5.56815448208	6.34455620642	9.0	2.33047709929	2.04547041515	8.70034750716	
3.09542808516	3.42409109382	7.43154990791	1.32298617964	-1.46518755073	6.0873837193	
7.28957343511	7.28034380526	8.72302710041	2.60774837118	0.336612797188	7.00217201977	
8.99907732442	9.0	8.65379552027	2.721071401	0.326645456562	7.08855743746	
8.07273472528	6.82230696002	7.30761774523	2.44059969487	2.26557754094	9.0	
8.52964748745	8.87910939724	9.0	2.74223228733	-0.0451821825581	6.60848785058	
9.0	7.41646337943	7.16968621713	2.62333177119	1.92986090616	8.54201732532	
6.40202380284	6.34399498427	8.199277152	2.35802122138	0.0695909656708	6.86112484824	
5.82512733048	6.5320899294	9.0	2.43891315102	2.6064718938	8.98967769778	
1.67251985858	1.5433136486	6.11216988662	2.68367723283	3.24889148599	5.18132566209	
8.59172551077	-2.9046638769	4.59157068714	3.78334323747	6.4055535823	-3.52977455951	
7.91348781907	8.61228718744	8.99377598535	2.41368967363	-0.702606375681	5.73360296741	
8.656801521	2.38933594408	2.0411653774	-4.27863739461	8.89158506737	9.0	
7.90007982465	6.59486707707	2.88628545565	-1.41931101873	2.45849890566	9.0	
8.62883646061	9.0	9.0	2.59056262799	-0.370870008184	6.09142328932	
5.67704263772	6.11081808326	7.72999264927	2.5183752214	4.41158798877	9.0	
8.9910660685	8.52767681106	8.27347514974	2.17086126845	1.25988282436	8.59093369987	
8.72393045882	7.17866562685	7.21445602398	2.5271158646	2.00363251389	8.97699330246	
4.56482129026	-5.34626373926	3.80358937612	-4.71711950929	5.88584557393	2.03326209064	
9.0	7.19894314963	6.67372776048	2.67386413204	2.65558672906	9.0	
6.62141004994	6.9317499776	9.0	2.57583460849	1.9622031848	8.88257797186	
7.35949337038	9.0	7.22499000863	0.250121800128	-4.36703438408	1.16272378176	
-0.708678913965	4.15192571063	8.55702579668	2.16482170624	-3.19946345853	2.9239866964	
7.34507068756	7.49818773662	8.36114950534	2.27574722984	-0.224406748982	6.45603938985	
8.25442277739	8.59647271981	7.07333329786	1.56075108301	2.65516657204	8.63978233981	
5.78778075672	6.45094900062	9.0	2.33161772693	2.17410973337	8.91227132413	
8.30224662102	8.92888444522	8.92586461771	2.54358531755	-0.300649591034	6.06079589026	
1.01273915417	4.02987057291	8.90869370778	-0.745235289393	-1.63792558088	8.54610561489	
8.4718373397	5.9662256275	5.80495754026	3.04740793051	-0.786058663913	7.08274527331	
6.40853144623	7.59899481196	4.61170636355	-1.06772383682	5.82301426258	3.16558196872	
6.44765054564	6.84207794903	8.92053001972	2.57852550299	1.69271877664	8.2979026799	
8.49853325147	9.0	6.95083741973	0.269421657804	2.34952272084	9.0	
9.0	7.78264904889	7.19516337399	2.56318453237	1.1162470434	7.9453692988	
9.0	6.60962834927	9.0	2.7144323433	-0.822751735048	9.0	
7.98239373366	8.03139576642	8.21485495237	2.25020473345	-0.624503678643	6.10338498075	
8.39381594398	7.04338041926	6.97746705496	2.42027517044	2.26864867674	9.0	
6.20087291806	6.782137541	9.0	2.60139249993	0.964194694491	7.2931611811	
8.44609843874	9.0	9.0	2.60040504057	-0.186164956339	6.35526158353	
9.0	8.34028846566	7.96820029675	1.51518043654	-1.83932632871	6.91922098158	
9.0	9.0	9.0	8.60922371328	9.0	9.0	
9.0	6.59493569482	6.17893592533	2.35673427845	2.11095458986	9.0	
2.53156632611	-4.02480170767	-2.21631878703	-1.06410804188	7.81615162261	-5.00800141641	
7.8517938683	8.44985196133	9.0	2.55449869724	-0.654358897132	6.11688699125	
8.21573138834	6.2772861241	4.77959809105	-0.418374835158	2.21677738253	9.0	
9.0	7.3380215263	3.55845166608	-1.98464432969	-6.0	3.99825006129	
9.0	9.0	4.6732447257	-0.569681216083	-2.07617088748	4.01765571739	
7.98651793815	6.95860792764	7.40573591391	2.4105729894	0.49205920088	7.26141576739	
6.63678813272	9.0	4.7546967605	0.148104004623	5.64882875591	9.0	
6.81947777297	7.14383385986	8.99232568008	2.64394395241	0.00443044413468	6.91206696533	
3.00764163145	-0.485122578292	1.8837759648	0.721086782739	4.08474136078	0.395388854428	
7.36439761775	7.71077707108	8.99854900063	2.41890271875	-0.475705134485	6.45049197205	
8.70411903377	9.0	9.0	2.48526987141	-1.16599065972	5.8830211109	
9.0	9.0	9.0	2.71322045151	0.278079827844	9.0	
8.06562739101	6.89375801232	7.13884908426	2.41747454515	2.21796959067	8.68153186017	
