4.41156906885	6.88702684854	4.97719629522	8.24663743721	6.1506207468	0.919602268212	
1.15423928452	7.12544937772	9.0	9.0	7.73330458773	2.51855862919	
5.44295798206	8.32770217189	6.73296052251	9.0	3.85615441606	0.982140571036	
-3.1718048019	3.32025536653	8.10343902769	7.90046174552	5.56543601386	-6.0	
4.88673212587	9.0	7.33380814283	9.0	7.5239821082	2.41631780857	
8.78001487525	-6.0	3.07702986683	-6.0	-5.20631470797	-2.90331513966	
-5.2548171206	3.0816275668	8.53387563175	6.64105782077	7.01419358806	0.250219524754	
4.96296435694	8.86582153779	6.75249204988	8.99095298653	7.60794259448	2.30419837652	
-0.127508343228	6.17954082887	8.12620509863	7.71241048618	9.0	3.64432980513	
-0.441970949218	6.42234771142	9.0	8.11055963093	8.5659243308	3.30485053349	
4.59278321003	7.87954836203	4.44277710374	5.25516906156	9.0	6.65575943554	
4.92168066249	8.82851824026	5.95595401384	8.69380322235	9.0	3.11117751835	
5.2214212395	9.0	5.31709309437	9.0	8.45610165487	3.70948612407	
3.29372157028	7.23700376134	6.61141219142	8.60629399218	7.76060521141	2.7177789107	
4.05974802175	7.66125460399	6.46438697651	9.0	8.00105977986	2.5912821154	
1.44572126082	6.76701273418	8.34696376857	9.0	7.9548693147	2.64735677676	
-3.50325476981	3.03172055189	4.15721241172	5.79180726313	5.26251412111	1.02566061157	
4.82331809848	8.75346108358	5.93867449734	8.17971767627	9.0	3.54429192943	
3.53059416159	6.43861666538	6.24569045827	6.74590878643	5.01540326314	1.45058633142	
2.01072947335	6.72548041588	6.67182948488	8.03809494057	9.0	3.45135758412	
4.76156895077	8.85275355401	6.43346189013	8.43100422821	8.80324765751	3.25494175007	
-1.1821728077	3.84708528096	8.12155128706	8.3572459605	8.70983540923	1.48681834439	
3.27075374965	7.44274038995	5.85364265782	7.54937676283	9.0	4.06556171852	
0.866289569235	6.43604594032	8.6693452998	8.99465605152	7.59583459447	2.59354053146	
5.28643380159	9.0	6.69971055297	8.99955872127	7.73807622031	2.35954981198	
4.48988650889	9.0	6.38291639267	8.00848272174	9.0	3.48634969816	
4.30286944879	9.0	8.37516318103	8.82479580986	5.74888635424	1.70248657014	
-1.09145591151	6.16830364421	8.98675896477	7.91172745317	8.7808400245	3.3448309095	
2.35538488087	6.79575501102	7.35031296287	8.82945507959	7.95136793416	2.57653248618	
2.63464452846	7.03568106762	7.63328499736	9.0	7.87250362561	2.73234351682	
0.810725540823	9.0	6.75506171828	7.24639145738	7.49337582315	0.492695003415	
4.61993184116	8.99191242938	7.13658560335	8.78731473587	7.7914415668	2.59822124234	
-1.54803253256	-4.07287156233	8.81861740851	-3.47824873381	8.9576587134	-3.53474084031	
1.45340155725	7.15338593951	8.71627072529	9.0	7.87695793708	2.54410136019	
1.62642342736	6.66004550108	6.84489041636	7.85357729926	9.0	3.83712114584	
5.74760551577	9.0	1.70166773186	2.35524187903	9.0	9.0	
3.9508842553	7.8689004306	6.48953831892	8.78570316913	7.86561432047	2.37417847553	
-1.8391691705	3.77872939286	7.48079350927	8.20337250384	9.0	2.00587436781	
-0.346425157386	6.48972100108	8.86080251551	8.28771973035	8.9999991985	3.40271321048	
-0.921212404509	6.37090357323	9.0	7.41595524291	8.77700262829	3.85417807815	
3.34680178619	9.0	7.59805055567	8.18088345227	7.36189012451	2.1279915753	
2.60549811924	1.04367244497	6.3442551149	0.257525944149	2.56404337862	2.23275784896	
0.54823946584	6.75042735129	8.99792304258	8.74342898711	7.81984879141	2.7598264089	
0.160202024951	6.62375886721	8.23651345414	7.58483948824	9.0	3.8216959099	
1.89157744521	6.29437843373	7.5338744665	9.0	7.31533919165	2.3296437196	
1.01682224927	6.83269368214	9.0	9.0	7.43216458381	2.51076028692	
7.97704061495	-3.30147856787	-1.73389044903	2.68286548609	5.94192399169	-4.01833629615	
-2.41754393272	5.27593084128	9.0	6.92233531796	5.81175338642	1.19348491113	
4.27769703679	8.03677450952	6.73539599746	9.0	7.73233570055	2.30430933982	
2.5463801844	3.2228059251	8.82788837461	-1.47862253412	-3.19766229061	-3.09894031742	
0.949152153583	6.19866406145	8.25672441117	9.0	7.6212569362	2.39948206364	
-3.66321597133	3.76350656194	5.30519473002	3.5413948959	3.59849006883	0.450444899789	
-0.272753666681	6.99618223775	9.0	7.58811088807	8.37635590476	3.36609441258	
4.57637048706	8.6479288171	6.13806508326	8.25835065635	8.44158870539	3.06908359366	
4.79034965082	9.0	6.13503104047	8.0119590764	8.99636458876	3.68730533294	
7.8943384124	9.0	5.94928397499	7.91564925062	9.0	-6.0	
-0.932400572966	6.29567996688	9.0	7.86869706548	8.36665636774	3.04307249292	
6.93273156749	8.14281418599	-3.81210204054	3.28860005305	3.09519667203	1.20862327056	
0.986510915141	9.0	8.96363902578	7.24086187499	9.0	4.394804957	
-1.50826175621	-2.46234781628	2.14516168633	1.36385414085	5.06053552303	-4.07997640386	
-5.29769479359	1.10799941439	2.58458986439	1.08953131005	2.52872239617	1.97395747301	
-2.27460912653	9.0	9.0	3.39390217624	6.73078721503	1.94123847513	
2.50919138773	8.78431724377	8.95484936835	8.99428947673	8.71205603593	2.85878239318	
-0.121882994172	6.69630389196	8.59000622993	7.99844771481	8.86530589499	3.50638825198	
3.80089274344	9.0	0.689694072906	-1.62833636076	1.02049456276	0.912599972202	
3.28300793451	7.1065999086	6.33325710639	8.38196169233	7.48837823599	2.49934498964	
4.72741743963	8.84534492957	6.97788329361	8.70911219859	7.32199499607	2.30965746219	
4.7983025941	8.99643293611	6.27643620342	8.15226300907	9.0	3.41104729915	
4.7730156516	9.0	5.65271263369	9.0	9.0	2.05625152869	
3.12612487057	8.26415261295	9.0	8.04402157676	4.66977278624	1.60689488366	
3.9875345474	7.77726105925	5.53029586837	7.54140429261	8.28037396235	3.28030125006	
4.60771044339	8.96311306034	7.27869286724	8.76922097111	7.57287853124	2.62872251089	
4.30230491845	8.87176185841	6.38450623731	7.70429271046	8.19204151424	3.06137348409	
-0.648186353573	7.27174163594	8.32274761523	6.25677376115	5.21731970106	-0.402392731237	
-0.666228373813	6.45928275121	9.0	7.96803118829	9.0	3.73410810039	
-0.172662374725	3.70724570246	5.09238792071	6.80433147153	9.0	3.31437194253	
-0.622085741899	6.69823100528	9.0	7.72940154675	9.0	3.70402381482	
4.55096118881	9.0	7.19758613151	8.87252484238	8.12373976227	2.63560372448	
8.15814463863	2.53806202224	9.0	9.0	3.83724620472	-4.76081851591	
1.61202681651	6.43671527652	8.10432444345	9.0	7.47947928569	2.49882795685	
4.95023711116	9.0	6.57089159808	8.66749068114	8.17267504526	2.65965551115	
-1.74360337779	2.64647436876	3.53001307903	5.40146581541	6.89142501713	2.59750512019	
0.897426757093	6.82606912956	8.77101693267	8.99321659472	8.4256831191	2.84311792919	
2.85179178537	8.32434372901	9.0	8.82625815115	5.73176239351	2.92399572218	
-3.2277056003	2.1819934659	6.45422867332	4.19100379751	5.23367864842	1.83785922072	
-0.784091311794	2.30535733594	6.09299039201	8.16107455859	8.97097278999	1.95221702555	
5.68283149895	9.0	5.6950228717	9.0	9.0	2.93230825273	
5.76822850527	-4.08948820271	-4.37545335358	-3.32301210484	-6.0	-4.70344163728	
2.49330971284	6.89886582391	6.90818971068	8.73966887843	8.4671892193	2.85356417046	
-0.824540506044	6.26605259669	9.0	7.90208105178	7.90688344746	2.85406162044	
1.64929730995	6.94877486463	8.41618324344	9.0	7.4521390093	2.47995220113	
5.00348980335	8.78333652377	6.85641039652	8.9867136334	7.82451608463	2.52302260519	
5.12008879348	8.95243122895	5.95354206302	8.3035103009	9.0	3.31730426555	
2.08634914862	6.76294661001	6.80805348604	7.86824923308	8.18014903263	3.12374647279	
0.516619294578	7.87259099529	7.90718060027	5.72406659667	9.0	9.0	
5.11068962475	9.0	6.00035802974	8.19468846913	8.37332151349	2.8744716062	
4.22868893219	-3.05727562992	6.39853445089	7.68155598964	4.72864049985	3.16292516006	
5.08275438471	9.0	5.92979271871	7.94420517758	9.0	3.79311675584	
0.634174501656	6.99936486619	9.0	8.76779237951	8.08924873006	2.72209372973	
3.74721603627	7.85444966019	6.06736666018	8.13286242719	8.24968954436	2.88802302178	
