0.366345005494	6.25371289491	8.90778796372	9.0	8.10901125402	2.69596644219	
0.0814838512931	7.04410188479	9.0	9.0	9.0	3.44459090667	
8.04128697642	-4.13401570866	4.56664005608	5.34603138235	-0.214285481852	-3.87005064163	
1.3366043093	6.18077232654	2.20668611854	1.91913420443	8.05947220735	6.43874797855	
8.70193302555	2.43643020324	2.00420298199	-6.0	-0.377294578631	5.28046645432	
6.2919896424	9.0	1.6372316707	1.0705334216	9.0	9.0	
-0.769888631533	5.88034193354	3.64515309992	-0.357013636829	2.12983063245	2.25765377045	
3.41436792023	0.696261028448	4.68677703448	-1.9621176928	0.77035371059	1.12193497697	
-5.99834127671	0.663455360991	8.62471986136	8.5630277132	8.30859717038	0.709707083408	
-0.149854483858	6.81185518891	9.0	8.04997941107	7.8648607286	2.57472988037	
-1.78246958257	4.03179839336	5.49421453206	2.667776474	6.94276330488	6.35626066087	
5.13934556351	9.0	5.7657248595	7.84902242087	8.47280493225	3.38617788588	
-0.0838436225256	6.49927412601	8.71459643364	8.20697981572	9.0	3.40775019791	
3.22189322504	7.85047579546	7.93467544021	7.54649940903	5.71706361468	1.92274921578	
4.60976377885	9.0	6.09706472555	7.71393463613	9.0	3.85998558383	
0.613688329649	6.91358427384	9.0	8.82754770003	8.20111171783	2.7973546944	
-6.0	3.9251408095	9.0	1.27589574655	6.14466179634	9.0	
-0.442697093392	2.31812642281	-1.86057167511	1.65489907326	7.72340141366	6.33293251172	
4.34370415322	2.77532876003	4.21023105949	1.17258491279	6.16142366154	-5.41964360019	
-0.250052931379	6.47636388043	8.97752566182	8.455647551	7.98346239962	2.52642178029	
9.0	-1.59197870146	5.70143872514	-4.65837361543	9.0	5.85431563084	
0.607634789845	6.80857603515	8.79487823301	8.44262955496	7.86566009808	2.86496060925	
-4.17839448867	-6.0	0.133885056314	-0.559497221811	6.46263654762	-0.696644229424	
-0.335245748507	6.64167989764	9.0	7.8558173256	8.91855163384	3.79565973104	
-5.59164008115	-4.33543293151	7.51747885992	2.08353862766	2.97275919322	0.7600352303	
1.84755337215	6.63476631247	6.69020862487	7.91341210849	8.99952936651	3.77415973781	
0.121996828153	6.99315045752	8.85215438771	7.86517122091	8.07380507405	3.0458921933	
-6.0	5.21894669825	8.75818768849	6.56472434324	7.42558818013	2.67326948385	
0.697872295073	3.88271495024	5.58199102406	7.25298463143	6.04863053388	0.366414900577	
4.7605497128	9.0	6.71723699405	8.5876640259	8.25688218178	2.94308078383	
1.25753072871	5.41744120885	6.84087563039	9.0	7.69991672858	1.4043543487	
-2.50676835503	6.79219119188	8.9557941097	5.64227905046	-0.70262102375	-4.11982874655	
4.03835298647	9.0	9.0	4.36706068539	8.99000425404	2.21461699836	
0.571214646165	6.96061613055	9.0	8.4985557952	7.75957495709	2.72552979762	
4.98885731089	9.0	5.94200904783	7.83602402477	8.76130380709	3.72694542551	
1.84115072542	6.82459727233	7.81459167546	8.89608597831	8.23514117216	2.74836200458	
7.4480833788	4.05841780764	-2.43792695648	-4.09069975858	7.82974458526	5.33865077194	
8.66275833511	-6.0	3.72858949766	-6.0	4.61812353516	-6.0	
3.13566308422	7.50062668311	7.19065041612	8.91455836461	7.92936270485	2.50562962549	
3.23773820364	8.98832614277	5.97714992066	5.11923391808	5.53418838924	1.90657275705	
-0.793333111834	6.2236393707	8.70626560806	8.72636245208	8.76820281292	2.66164324701	
-4.26464420111	-5.03785158461	3.85933606247	-4.54855952208	8.57906712044	4.05988674141	
4.34309909583	8.99545741946	8.78755707314	9.0	8.5305745033	2.43898338129	
-1.05808191063	6.48862747018	9.0	7.43322176118	8.74352973823	3.71752469729	
5.05427358187	8.96454942746	6.72399059961	8.98739274762	8.30245469623	2.80076726051	
5.07859081623	9.0	6.91906177213	9.0	7.70209559125	2.56791410008	
-3.51221341508	5.71127741571	8.97690010416	9.0	9.0	0.624619277873	
3.6918193575	7.93541294194	7.29497999168	9.0	8.14978014258	2.67285971252	
4.71370918644	8.70670414852	5.62159039221	7.7951692922	9.0	3.49525151634	
-0.418721422036	6.22968826308	8.87379440557	8.25557425671	7.58471825047	2.42570618066	
3.39024066541	7.47476635736	6.01354243287	8.11817793612	8.50772540197	2.88943727461	
4.77552660279	9.0	7.39391691461	9.0	7.61864888035	2.52711951941	
5.30568282244	9.0	3.40439187585	3.76712631116	1.5283390482	-0.772624241969	
2.97065081036	8.22405751643	7.47844190079	8.67087409311	9.0	2.93562361422	
0.55433493289	6.61369972068	9.0	9.0	7.8599721952	2.50847294296	
-4.13515318463	2.52473783939	8.72696260729	9.0	2.6833803052	-1.03360604684	
3.21865673944	7.46637538137	6.25451598595	7.94230105039	8.98571919811	3.72054269811	
-0.606279485747	8.62705635908	9.0	6.6698635416	7.2672094915	4.51836117911	
0.266520490782	6.23569706132	8.84343250799	8.96910800006	7.63565983963	2.50675477554	
4.65165712518	8.11104186967	1.50044078322	2.39656035813	5.66925144069	3.76835088424	
5.02440352354	9.0	6.09099461616	7.98106419657	8.22819424433	3.0385330894	
5.0096288072	1.64049390868	1.64692948716	-2.9927367356	6.44753709113	2.65364167214	
2.35176856956	7.10692626361	6.89731064941	7.9366998377	7.7198227101	2.64175328745	
3.90476217403	9.0	9.0	9.0	8.50226452317	5.50794803778	
4.63621330334	8.84266879549	6.08378624941	7.82793776874	8.97994020679	3.77517681021	
-1.17676760956	6.14162735883	9.0	7.53837794646	9.0	3.80560285397	
1.21102503345	7.09050761216	9.0	9.0	7.80190803664	2.582420359	
5.14854141875	9.0	5.78373490457	7.78358173638	9.0	3.71477106486	
-2.20113299906	4.84162881162	9.0	7.81856998822	7.05497100414	2.35261773454	
-0.151207116553	6.51243698564	8.94871914337	8.32752189891	8.53771004353	3.06993321435	
0.733308772183	6.56839559797	8.97573544364	9.0	7.70047124497	2.47243432013	
8.63326009099	-6.0	9.0	-0.427558818555	2.0516232583	-6.0	
2.51033728748	7.27445192941	7.10992365437	8.44334602259	8.30442834365	2.75024993075	
4.41800050919	9.0	9.0	9.0	4.71348222633	1.34128425059	
4.56785369512	8.5045202201	6.90510275753	9.0	8.10460516438	2.7588705153	
1.56089224695	6.08074557709	6.11678725201	7.51207654907	9.0	3.83528562127	
0.906415780427	6.71355008041	7.44352606356	7.74505859452	8.63700215602	3.26471310132	
2.43250758663	4.35482395465	2.97473867202	7.57051302272	7.3324112825	1.64699691184	
4.90414104938	8.73482235451	5.85253652732	8.31103255507	8.41832192592	2.86084137195	
2.56768089256	5.56764135282	3.57830843258	7.59840046789	9.0	2.82266234887	
3.95617278078	9.0	4.52652572045	3.95755046365	9.0	9.0	
2.0490161722	6.31749225874	5.88683226873	7.5555969154	9.0	3.91800972047	
-0.152961757603	7.67898276567	9.0	1.79792079823	5.45059980001	-1.07007804959	
4.99312566145	8.74387773784	6.79635843969	8.81153602505	7.52447977731	2.59398789783	
2.83842407634	9.0	8.26098841979	7.86372511774	6.25954028039	1.38298954733	
-1.25267305648	6.08181917714	9.0	7.86520845577	9.0	3.56141777346	
5.15631059906	9.0	7.05957614527	7.86241375181	9.0	2.6050443537	
4.2170991219	8.21417545941	5.42541017447	7.34250997845	8.99807723819	3.92020669166	
2.13246401908	6.99480973158	6.6862463904	7.63636621419	8.80027373821	3.66731523859	
4.42612924043	9.0	7.68130718692	9.0	7.81540915731	2.63935130995	
4.92958983278	8.8791869015	6.01463207024	8.29330585595	9.0	3.40609711393	
-0.352170045438	6.83686090285	9.0	7.88476322275	9.0	3.64895115012	
0.0315519746003	6.73593341596	8.96883643339	8.20942332897	9.0	3.50785483639	
-1.3813291552	4.25401207416	9.0	9.0	2.64671834313	0.109842189492	
2.2960760672	7.31579324765	7.86633612012	8.83419868077	7.68473529869	2.49853795746	
4.82146563571	8.46240384209	5.99730422555	8.18972870896	7.71475940065	2.6048095968	
-0.568539847945	6.75523473292	9.0	7.43938441626	9.0	4.0953721413	
-5.60700367762	2.53179949112	5.51987043991	3.16318313376	8.55537716394	5.07059465749	
-2.90724323159	3.87028824672	5.23345500391	2.51008497516	8.43862050095	6.76938126905	
1.49964704155	6.54585681192	6.74946634997	7.55927530884	9.0	3.9969622756	
