-5.41978756251	2.05215497976	8.82778682977	7.37378980091	8.89285296187	1.60798246856	
-0.68031454762	6.30857645463	8.99947426327	9.0	8.31382415088	2.56638133018	
1.66538402494	9.0	8.36207985951	9.0	7.61482866577	0.23815778801	
5.30106907485	9.0	0.398054490014	2.22200951855	9.0	8.76189662395	
2.93680556372	-6.0	2.73396401822	-1.20311920522	-4.52617322399	-4.90427027977	
-2.24258849327	9.0	9.0	9.0	9.0	0.569533790107	
5.47901089756	8.68150232369	1.25844595382	4.88377880717	8.39651049349	3.48024412996	
4.42502127345	8.08360462466	4.62167339098	1.91104426135	7.59505013151	0.0168042836107	
-1.45520031586	6.11274369196	8.83374554603	7.81610493617	9.0	2.92091053224	
3.86025548283	7.7777957239	5.12708498872	6.38911868714	7.29269993989	4.2939048342	
1.52126693079	8.78765928543	7.94032077835	9.0	8.52695822438	2.04891325941	
4.92925279763	8.28068431569	3.11885369952	6.87816755911	7.98004195804	1.42939465639	
0.307450183422	8.81588637309	9.0	8.0783908376	7.94777829245	1.40659924546	
-0.452071144577	-1.36007931	7.84246644708	-2.02032171964	3.62580048693	-0.510808746577	
-4.28553622713	2.18239730925	0.865239155098	4.13971973084	2.90560131046	-3.50642677685	
-2.00756604385	6.90778536417	8.06072829849	5.72236791444	3.33624021481	-1.00280917785	
-2.95064090587	4.58396379439	8.00681529139	8.36859589759	9.0	4.01952959267	
7.03564108441	9.0	8.68273359591	8.22789108789	8.71483621379	1.26991181206	
1.85994412552	4.82260745105	5.83681550738	8.37349113457	4.57341324843	-1.3589854379	
9.0	2.00070805621	8.22999332248	1.54174861596	8.27744726208	5.92437885504	
-1.40110201066	5.5687512169	8.17946466468	3.44970788158	6.88316236618	4.55713844829	
-2.97027281451	-4.3301534155	-4.76168994005	-0.0514546536785	4.127876691	-5.07051383745	
6.85899618915	6.0468830013	3.97356194577	1.68376520482	-1.14381293166	-4.6983399404	
2.58884706776	8.999895586	7.71112885909	6.91357696322	9.0	3.72258264608	
0.572087016513	6.28090701048	6.46715842708	8.88835478245	6.55879915507	0.161403848703	
-5.56026596221	2.992138252	6.85778017879	4.63015522648	9.0	4.52432766383	
1.04800691025	5.29862044841	3.89661670496	6.57192625881	4.45350122152	-0.617280769047	
1.97241225348	7.89323140212	3.49350465753	3.31460649226	8.76493338309	5.77505668176	
0.806423101799	8.46953466016	8.04091251933	7.86756543647	8.75179339571	5.61856609519	
4.02467900326	-2.34720344032	9.0	2.79716155119	5.61901925458	-6.0	
7.44400091092	5.55481980739	6.51367649943	-5.56361601798	7.3746405998	-5.31247722539	
1.88285360866	9.0	8.88760732436	8.74633250072	8.75977812565	3.43520183058	
0.717599955115	3.5048558379	0.226151604134	5.2332295021	5.72862458058	-0.19466398029	
2.65505918256	9.0	9.0	9.0	9.0	3.22554402901	
2.00119720047	9.0	-3.883853596	-3.19791424779	1.6912891404	0.55717016413	
-0.0487627498814	8.49571190441	9.0	6.15553913667	8.9824858496	5.54925225366	
0.103996303248	3.68057480126	3.79284734098	7.54865139597	6.16285944134	0.359158653851	
1.40130587996	8.88959337094	7.92567430969	6.82472989715	8.96064688572	3.67510616489	
4.40232930863	9.0	1.36001389409	1.78443780339	6.87531161423	-4.13525678094	
-3.55852643142	5.17921579764	4.36931199813	2.7104624539	8.51837919142	7.56992121366	
4.65412706427	8.78699825573	5.32255470803	9.0	8.4499347518	1.63707929159	
3.1094255501	9.0	8.15701453503	9.0	5.83420153717	0.808147994894	
0.439931270515	-4.31512335101	-1.30547179942	2.2226577437	8.06095119881	0.637245598957	
5.36695777735	9.0	4.52949480496	8.6387540373	9.0	2.55741370956	
-5.04189568509	3.6903686528	8.5213627114	6.56567580501	8.83959758842	3.21746593834	
4.12325068575	8.00119514984	6.30552718728	9.0	8.39005475081	0.362654731765	
1.26478688282	0.595189879416	-0.411192015753	9.0	9.0	-6.0	
-5.94732718189	3.55506822513	8.11754417409	7.00811339444	9.0	1.43286767319	
4.61471457457	-5.26468721384	2.99077777094	-1.60039316271	8.25947139935	-5.10944219229	
7.42234268704	9.0	0.98285266593	5.56471688093	8.65444863529	5.6451803642	
1.69298352592	9.0	6.85385540044	8.9892183705	6.87020772535	-2.31462253409	
5.09144140164	9.0	-6.0	1.85665909248	3.64521958854	-1.441290718	
4.88460954237	8.98823335684	6.06657192219	8.98630023671	8.58631351947	2.28793877918	
-3.27223036475	1.32960270208	3.79158395292	0.851636578331	4.00187748637	-3.98272126056	
9.0	-6.0	-1.50899100465	-4.52788703339	3.42016899222	0.614298074075	
-5.74762416649	3.96242682066	7.8661462043	4.00993691272	2.70730726269	-2.61816354317	
0.925592134208	3.6898284228	-1.29812378021	7.51359775097	9.0	1.67638345	
0.955794975987	9.0	9.0	9.0	9.0	4.41048646251	
3.39396491472	9.0	1.0022924789	1.44606913088	1.56293998041	-3.67700816294	
0.0244607494443	4.39456538581	4.57264834345	6.67909607241	5.74332781262	3.51184577357	
0.0605507209388	8.88799310856	9.0	8.24923660719	9.0	2.28696641781	
5.0065261546	-5.00596216774	-6.0	-0.701900663068	8.35745756109	-3.29568961972	
2.39322604325	7.02088567966	5.43010380119	8.0580376945	6.12488898844	-0.198336791814	
0.105703362936	-1.28465101262	2.23629924515	9.0	6.33189448877	-0.298823659898	
0.757405406141	8.10480860997	9.0	9.0	9.0	2.49168635994	
1.79532233495	7.56906645725	9.0	9.0	9.0	4.17495946444	
1.99909234473	4.39936271804	6.83942231766	1.72952453229	3.81087774442	-0.561056850234	
1.88003311635	6.51538947908	5.95380293339	7.71739649529	3.99904195244	1.61384486606	
-0.810049538726	6.75816277634	8.61815168208	9.0	9.0	1.02144387387	
9.0	9.0	3.9675298625	8.57102535062	9.0	3.33897120832	
2.33596600389	7.54910348436	4.19765778494	4.33225136346	3.59912813527	1.11677685197	
7.59475662351	3.01970928517	2.37902127795	-5.20275345104	3.70910325272	-1.10046059933	
-3.3793181125	3.13993211794	2.28547557357	0.341973622	-3.89602934261	-5.07188325196	
1.93416462271	8.73906324689	3.88182012047	4.05969528779	6.20105453745	2.70011329927	
0.122239887703	5.6405352193	1.47928720575	7.19787198994	8.65981357573	-1.42426857424	
9.0	-2.21451702476	6.33878340017	-5.25161339857	2.72592499111	-1.23033343161	
-1.44350952852	0.257056255498	4.5584132975	8.16518076015	8.89586068021	-5.50098581812	
0.246406399762	1.61727302965	-0.710430271506	5.17589575155	2.28147621416	1.30783999424	
4.36896847787	1.65837427276	6.45117522833	-2.03102777443	9.0	0.174466309371	
-3.18877913844	4.46151956967	6.63527922363	5.64699335294	5.48596118072	0.740521555586	
-2.84276127978	0.116645957514	2.37493244221	8.85203607047	9.0	-0.744454699578	
2.25630773086	1.40991050011	-3.97612734676	-6.0	4.80857724516	-4.07230505986	
6.84504489158	-5.26048973251	8.6581735011	0.400709710016	-3.70205070226	2.51321546249	
-6.0	2.34248706079	9.0	-6.0	8.24905847757	-2.43169457704	
-6.0	-6.0	5.20173926609	2.0793694866	4.15645175373	-1.57064067994	
4.28569423931	2.8754566465	9.0	6.9328305131	9.0	-0.339410446045	
-1.34437599031	5.82526779086	9.0	0.0508953745219	8.77158849391	-3.88626678396	
-4.73773157054	5.60802314969	9.0	4.0877361065	4.91922294947	1.44687534416	
4.80684685446	4.80224714591	7.07036509064	1.84554502872	2.81408732928	-3.85503958868	
4.4293432182	-6.0	-6.0	-5.29894077931	2.08124960376	1.5179139068	
-3.87559756899	5.50421483109	2.36416537168	-1.87983371621	-1.52509262085	-1.40631932772	
-3.45723878748	-5.8773317642	2.58451111277	-6.0	-4.84654302369	-5.96874095081	
2.44230467104	8.75912741928	9.0	8.50794747009	9.0	3.49483723951	
-1.91686886061	1.35616455137	-0.288277417547	4.73564413326	4.47148165317	1.4315253943	
0.0667010665208	4.02343333986	4.52693211238	6.17473814059	-0.166266908281	-2.99540541473	
5.23551187846	9.0	5.94916716141	9.0	9.0	2.41258419295	
1.78501083348	9.0	9.0	9.0	8.52661738749	2.13254600068	
-3.04810192155	5.88893676596	9.0	6.40532610983	9.0	4.51162897202	
5.07714577817	8.93903436207	7.90138447233	8.43403345238	8.86714981485	5.46703800367	
6.21878183569	5.47181885019	1.05612479105	7.64833250739	8.99365103605	-2.34432321591	
