9.0	7.32831901495	6.39005325729	2.57759874851	2.72141795418	9.0	
8.17799188097	9.0	9.0	0.680522330104	-4.95409843722	3.96778270623	
5.84622258974	-6.0	9.0	-4.28449423748	-4.1963778795	3.71485613217	
7.17176959772	7.19627468726	8.48536309908	2.75015166118	1.5917957466	8.0699045043	
7.54338111184	8.65238879082	3.93205057796	-2.95492674245	9.0	-4.91188822882	
6.17144530396	5.81290520651	9.0	2.30394081596	-2.25201021407	5.56568735414	
5.98669744261	6.14742249064	9.0	4.24849399578	3.82427140615	8.96520212769	
7.03809726616	6.80766495887	8.06024556183	2.54966092655	2.42856588953	9.0	
4.71124046383	-1.91067541189	-6.0	-5.24069287296	8.0557200131	4.15804902494	
6.3001466394	6.9122279615	9.0	2.5298627462	-0.531622695639	5.92363045438	
6.06258853334	6.66418310342	9.0	2.5988516918	2.18765486143	9.0	
9.0	6.73446324296	6.49920560834	1.87339348807	-0.0249775999385	8.35335352651	
0.867490728734	3.84777775214	9.0	0.573132075567	-5.10229340881	1.16458577215	
8.98752766561	7.88401265633	6.2187469611	5.72983051808	5.48732997222	9.0	
8.32431038088	9.0	9.0	2.3679214762	-0.858293784599	5.89093655202	
9.0	7.15683099809	6.03401063838	2.3319064874	1.96331229867	8.23902050671	
8.45830039049	6.55668201537	6.06690191823	2.37914954988	2.57107558067	8.93191783656	
8.56410511155	6.36867665515	6.04328710413	1.00297679041	3.3866247735	8.5926308178	
6.6176519166	6.72742292684	8.77580669142	2.68504733665	0.116819315907	6.74259011262	
7.72626939756	8.61054960838	9.0	2.5599277235	-0.0651241663793	6.17580002562	
7.93504109782	8.85169783557	8.97383834062	2.51345488999	-0.26158661474	6.00899115488	
8.58799236012	4.69184240397	9.0	-1.07747415563	6.25543375788	-5.8257980866	
-1.56520498341	3.57531218474	7.46680740814	-2.10980464647	3.55530558033	8.0926058955	
8.99847614112	7.08515399902	6.13868446251	2.32574058581	2.75228955384	8.99504643089	
2.9978268792	6.05379843236	9.0	1.35252358982	-1.99853213942	2.88991250063	
1.11103318867	3.97011620433	9.0	2.70397671443	-5.20338365064	0.888493702381	
6.2078473147	6.41331346723	8.74990661622	2.63091450672	2.21183011831	8.97380952711	
8.6738468345	5.52237897017	4.60989165668	0.668584790218	0.186794711409	5.78270857678	
7.89817708979	6.67544505623	7.29312080154	2.61103876938	2.24142869347	9.0	
7.80912683566	7.4665734918	8.98852613882	1.81914196667	-0.697785717751	4.78133192306	
9.0	-5.68760654545	-2.47988731469	-5.0653709339	1.6377389931	0.258443437238	
7.81601658057	8.8762838346	8.9449573927	2.32188966637	-1.06798490721	5.10294775152	
2.52295010458	1.33733382384	4.84192773619	0.158276239319	0.790321371289	9.0	
9.0	8.0649788521	8.24883601899	1.07795192385	4.0261653413	9.0	
9.0	9.0	9.0	2.40304230174	1.77570189709	9.0	
9.0	7.7919316739	7.01850069276	2.61078180594	1.70322236658	8.20972955592	
2.27301129857	8.93339581809	6.99022084124	-3.43641471465	4.20932663253	9.0	
7.70327409373	6.17259965339	6.63235582369	2.50381162705	2.67615971002	8.9870165871	
8.93866005713	6.7244966587	5.91630878663	2.26157265594	2.33510316224	8.861489263	
4.72058706376	5.77967010764	2.85171936184	-3.15742000832	-4.16520120235	0.363734628887	
8.3579418578	7.04322150537	6.80286500475	2.41911472072	2.41774178288	9.0	
6.62602049593	6.56002816079	8.22466524247	2.47792617257	2.18051509535	8.99812389645	
5.68058428046	6.56813121606	9.0	2.35209921609	2.44396696512	9.0	
7.56479048389	8.48709866526	9.0	2.52515967676	-0.728885927377	5.39382087096	
8.49296109129	6.56381134261	6.42417085657	2.36717187225	2.27284600086	9.0	
7.67165102358	8.64618772197	8.2721839199	3.01917016248	0.470667740483	4.04933009873	
8.82020218813	8.77077349659	8.43635568103	2.56548491295	0.0743405622567	6.78550605213	
9.0	6.18957960026	0.93594239184	-2.23793109932	3.36112410864	-4.18513066171	
8.2577363386	-1.74778515633	6.98138561469	-0.0281492820421	-2.41755551722	-4.98179733643	
2.4417937262	5.47397090955	6.12329751356	-0.26789045025	-2.7140093103	0.583313877923	
3.74123623742	-5.05434763674	7.33956178936	9.0	9.0	-1.33256944857	
8.61814984931	8.30634488382	8.25081629255	2.68334913276	0.583852892236	7.05526829035	
-2.9184384214	-0.620023551795	6.19289771546	-3.23684289332	1.90543600303	-2.37146893227	
8.05878027066	4.11761292561	8.97042096817	2.45761026809	-4.91239762367	9.0	
2.19452370619	-0.945505528712	-1.37879649958	-4.49270838655	2.38855030686	9.0	
9.0	9.0	8.94540655095	1.36949684051	-2.72940393969	7.82672868682	
9.0	9.0	9.0	2.27572126976	-0.247099469881	8.77238977616	
8.66563614356	7.53434142989	7.39813752622	2.63635735515	1.96302405837	8.47407209209	
6.57638954749	6.32905814028	7.78926551884	2.45741572683	2.70641171118	8.77089899944	
5.60250318236	6.64420878288	4.51583853965	1.2343152505	3.26428772732	7.63824687247	
9.0	7.0665999419	3.69943505355	0.12112584476	0.380641261995	9.0	
9.0	9.0	8.45538720647	2.49977012949	0.0470133526055	6.58592904724	
9.0	8.99965508261	8.02258713391	2.39518224046	-0.162631895548	6.09601773471	
9.0	8.69485703827	6.20971878606	1.54204058391	3.97056710552	8.91339010262	
8.86109443448	8.43997721435	8.07148980291	2.54132226407	0.0823467455439	6.84292233316	
8.46186042597	8.99868863877	9.0	2.75947205703	0.201432653827	6.52648916355	
8.73147123672	-0.986262964842	4.94951443856	-6.0	9.0	-5.25605930919	
7.91871070164	7.26836429125	7.38628535555	2.36845273372	0.207930377523	6.69863992899	
8.44509932689	8.98695084709	9.0	2.78165298518	0.0515809128162	6.41322621749	
6.7603034119	6.78317963601	8.37403525277	2.69226417525	2.68854992539	9.0	
5.8965936465	6.7784977872	8.95139022692	2.4148604951	2.58382646064	9.0	
6.13045907454	6.41483982707	8.53238153729	2.43808091896	1.37600565656	7.97013960672	
8.26127277788	6.58773830185	6.89449110354	2.61639199081	2.25175536998	9.0	
8.84349044119	8.86126910418	7.95527585833	2.4126186856	0.222261806021	6.5244038788	
8.98758069871	6.94253988837	6.27367524288	2.49437793883	2.64893127569	9.0	
8.47633901597	8.66890623686	6.65393149047	0.228120727155	-6.0	6.45770138564	
9.0	1.50693547668	3.28276628858	-6.0	8.57020567613	1.26125020476	
6.50412592234	6.58930064702	8.70687983441	2.74780846947	1.33906960747	8.01810002969	
8.86713978993	5.55073736009	3.74794138357	1.01172173094	-1.33402734608	7.94302159614	
-2.48907602283	8.82896214996	8.98176168207	1.90835075187	8.98768857246	9.0	
6.52320185292	-6.0	9.0	-4.13766532041	-0.0644411118531	-4.42492028857	
8.36004177674	8.82136668334	8.96932992971	2.76348514157	-0.0340073833531	6.37090830546	
7.37578547382	6.49543287927	9.0	3.597065865	2.14760746476	9.0	
0.331882810813	3.99660660436	9.0	-0.756685841356	-5.33838935276	1.05210153496	
8.30361749915	8.99908384195	9.0	2.62445069522	0.116526369159	6.48709050629	
8.20576786692	-1.18291166465	6.90450595588	-5.41027888171	-3.59261226297	1.98244919806	
-0.646605815141	-6.0	-6.0	-6.0	3.16861352796	-6.0	
8.20292617694	8.73079910566	9.0	2.5503209936	-0.0155323357399	6.58773531449	
4.60385156404	8.31831246447	8.7085668285	-0.443989963639	4.98871191498	3.03938367528	
8.7148345777	2.81431573931	5.17780811131	8.50906101574	8.97335933842	-3.82476923601	
9.0	8.70043968318	2.51620638633	-0.802639445818	-6.0	1.81581510655	
9.0	9.0	8.94640800164	1.6694325019	-3.14611344193	4.54816038477	
6.80663736539	6.16094567876	7.60219621541	2.54382642102	1.36307245347	7.92959656983	
6.33129123442	6.59234210096	8.46666639335	2.64737363556	1.08448202818	7.28129798263	
7.31426901361	6.91552404343	7.62828046221	2.52512406923	1.4949586449	7.66098405629	
5.98123038459	6.87344181596	9.0	2.38923924264	2.65544183494	8.99988613462	
6.06022196807	9.0	9.0	1.8008263147	9.0	9.0	
9.0	9.0	9.0	3.00825713789	1.39606590885	8.14691455255	
-2.35626871975	4.43618254409	9.0	-6.0	-5.17329019837	8.56850550709	
9.0	7.40788560861	6.92435329748	2.55573938068	2.32392665647	9.0	
