8.99901964687	6.47646058911	4.64710463231	1.16966364501	3.01464837081	6.21507051435	8.96378619236	8.4924673667	2.41676498291	3.75076005287	5.66482062301	7.71899358122	3.34731588019	5.06856227924	0.804762889588	2.52600928864	
7.43949013957	8.98740570309	4.51200109372	-3.03591483542	4.48322582054	6.11091386354	2.93598537142	7.98967853496	5.54603308374	8.33784217374	8.71137831712	5.35546316728	0.803167430201	2.52441382925	-2.03732279984	-0.316076400791	
7.44025093104	4.86703243687	4.64058432769	1.21380193983	2.46919621895	6.16024652313	3.40372331328	7.75067726974	7.77895426179	8.57166157855	8.9769481349	6.26350950326	1.52763909301	3.24888549205	4.28570028777	6.00694668682	
7.38113987648	8.99307655367	4.51199863503	-3.09993841665	5.3671334564	6.27602038856	3.03092668573	8.30005330185	2.51368832868	6.02486314797	8.29610615123	4.7241995822	1.33843710739	3.05968350644	6.50189723541	8.22314363446	
7.42419996356	4.83861072603	4.61090848128	1.19649746407	3.70293744712	7.14441511609	2.59745083484	7.8453839248	1.84934311474	2.87925157084	7.56246916542	3.96042172273	3.52975472446	5.2510011235	5.06152000775	6.7827664068	
7.41544460026	4.85360016572	4.58816935035	1.15001369209	5.16191769178	6.36253075356	2.44171044076	7.78464698975	5.63878987111	8.93330741551	7.55678380445	3.83598811365	0.402541410076	2.12378780912	-3.22672898697	-1.50548258792	
8.5507309398	6.04698113898	4.646196237	1.14994583071	4.62962875145	6.48496664581	7.11725862652	7.27270726773	1.85594675397	4.55383049619	6.57492456207	7.98352621767	1.6080589107	3.32930530975	-1.68307930855	0.0381670904932	
8.99736203807	6.35911218042	4.51305703485	1.15130687651	8.93706612438	8.95325154282	1.60334491798	7.34832460108	3.84128275911	8.24382287708	7.4559591501	3.40952525742	-4.68836549003	-2.96711909098	7.27349928816	8.9947456872	
8.28029758979	5.77741108494	4.64601432759	1.14890078481	8.9455654873	7.12358063977	6.28528280108	7.23638086296	1.63896274539	8.01503701256	7.95779805527	8.56988193499	6.10984503954	7.83109143858	4.8897755081	6.61102190715	
8.99908786851	6.45745302873	4.64619503446	1.18782977155	2.66569395563	6.14436460074	5.65884712667	8.99469205263	7.96330198167	8.99997292475	5.6488700681	3.91495497377	7.27829739412	8.99954379316	-5.99997493442	-4.27872853537	
7.46481300897	4.95112776955	4.64976892923	1.16345359729	4.49543506705	7.43927554203	5.91161699173	7.55851563476	1.61344126764	3.21289163479	8.51354430022	8.44062720602	-3.91126287663	-2.19001647758	-5.99938975954	-4.27814336049	
8.9975763872	5.91758249491	8.47160533098	5.55159912393	4.12567208117	8.54618007271	8.39658317369	8.7061014256	1.5924925532	1.14896651994	5.71795870445	7.54872993525	-5.99999893029	-4.27875253124	7.20728279541	8.92852919446	
7.4675633484	4.8464157674	4.55457958836	1.17572726743	3.78618909883	6.98519416559	2.26673303221	7.85519000649	2.39232969199	3.62915195715	7.73333813337	3.82632491884	-0.0931263816117	1.62812001744	-0.860745184913	0.860501214134	
4.44076622607	8.73551009223	4.28663868579	-5.99999990671	2.58599825476	8.99999976874	3.29756594669	5.07524916987	2.00140756099	2.77523052758	7.0171982806	4.12012725827	1.75340298189	3.48291952785	-0.357977656014	1.36659710498	
8.58587159797	6.1321387612	4.51599970534	0.907509191791	3.46314175598	6.52734079521	1.77103952349	7.33710376257	7.64482799665	8.99999377237	8.96392891168	5.09148302895	7.17747153497	8.89871793402	2.25035886208	3.97160526112	
8.99999976875	3.21091181433	8.99999952011	8.84484624576	1.5239840743	8.99999976875	5.09068088475	8.99942104767	4.20361146504	-0.526073279981	8.6591092519	8.01410531515	1.86304662085	3.58429289788	0.12261314067	1.84385949258	
7.91434083721	4.83385707091	8.60476659976	5.68524960626	4.26264000149	8.68302778975	4.87669760484	8.3347838197	1.59284442868	1.14894824281	8.99983352737	7.68252817959	1.64056706152	3.36181346057	7.26151399755	8.9827603966	
8.99999976874	5.52932240425	8.32219912183	5.8148558595	3.26727884252	8.99930167739	2.07061216057	8.9999798611	4.42604910727	5.64586024845	5.62133161352	-2.16407833405	7.28314198103	8.99999976875	7.24581919716	8.96757500343	
7.33854745443	4.81905411769	4.62957188298	1.1490646626	8.60021053152	6.38085365734	3.05485403339	7.82758877502	2.11254722023	8.86938661305	7.76622752689	4.57328260978	-5.00547694061	-3.28423054156	-5.99940988315	-4.2781634841	
8.99998579655	6.29586106661	4.60568487673	1.30980938831	3.35058481567	6.28108823983	1.90044549148	7.82393985447	6.00373146406	7.42607982166	5.85541318892	1.69633876624	0.21776419659	1.93901059564	1.49040897429	3.21165537334	
8.99999680151	8.99997480089	4.51218309187	-1.48771052786	1.93617609098	6.01219771699	7.36886286685	8.99999958783	4.21440767871	4.2971695754	5.6688863136	5.99623024754	2.29530217437	4.01654857342	-2.39563793743	-0.67439153838	
8.87417772942	5.92226686753	4.6457238376	1.59763448275	1.78300998377	6.14566841302	4.18651395218	7.75398760046	8.2199299806	7.96233654117	6.42545674406	4.87018977174	-0.300886566943	1.4203598321	-1.17103201201	0.550214387039	
7.22849699182	4.70810391568	4.64575086424	1.16614327618	3.00225728542	6.14606549462	5.78721956675	8.78720852222	4.57273276868	5.96550775972	7.88946913438	6.47016948539	-5.99987355561	-4.27862715656	-2.50993057214	-0.788684173091	
7.49731925347	8.82986820639	4.51200605296	-2.82054351782	5.25677497265	6.26569751157	2.77833110192	7.82829790412	2.21096742428	5.62207860095	8.99972653049	5.64699960118	-0.120460084413	1.60078631463	0.150297390515	1.87154378956	
7.48897707311	4.90790396823	4.57693939135	1.15801240451	3.96907766861	6.42839377055	2.29336405649	7.74854416846	4.25983979902	6.27642585456	6.90847300412	3.09466222352	-0.770611584327	0.950634814721	7.12485870951	8.84610510856	
7.8915705933	5.38860544825	4.64601694317	1.14898185181	5.32267508118	6.1457875387	7.78569544825	7.36430198663	4.26046318366	7.99136167282	6.56153887357	8.54619311611	5.71844312249	7.43968952154	3.73882833912	5.46007473817	
4.6724500515	8.99999997743	4.3384477866	-5.99999997743	2.34249878735	8.99999995358	3.11861107065	5.49408604741	2.14193384614	2.56550288987	6.10191997339	2.73530295234	3.5807866421	5.30402890423	-1.10911917436	0.610850029946	
7.56512249547	4.89689403202	4.52134116807	1.18956979835	3.91853967879	7.24292559144	2.06912409767	7.82745778665	5.13107785778	6.19543853909	7.14248224094	3.11267292568	3.82430555737	5.54555195642	3.56661527274	5.28786167179	
7.4258093648	8.81923470964	4.51200796768	-2.8814180914	5.84601697848	6.01929210847	5.82079059602	8.06544825715	3.31978284773	7.5666874713	7.53342249702	6.98585744175	-5.48234023111	-3.76109383207	7.27482028172	8.99606668077	
8.26904160839	5.37969625068	4.66556574369	1.55491092656	3.32946669786	7.40440768166	2.08409522389	8.06320777664	1.94917007456	2.04185963283	5.9682220625	1.93875061481	0.908258040954	2.62950444	7.27875337401	8.99999977306	
7.50167986634	8.98976929337	4.51199271088	-2.97609644059	6.74370287155	7.20587661839	2.12221643868	7.83614370334	3.7662734897	7.72424492082	7.51328609657	3.4964878305	-2.01087889665	-0.289632497606	-0.96538280626	0.755863592787	
7.52502991941	8.99910183298	4.51200374642	-2.96206891997	3.02071956053	6.02460563296	3.58765975301	7.82377432873	4.68312986538	6.08246528366	8.51922277271	5.99716207678	5.64120742673	7.36245382578	-3.37107400722	-1.64982760817	
4.55596621016	8.99999996206	4.4443546638	-5.99999996206	1.86938091194	8.99999988362	8.99999999994	6.14273885444	8.99999998704	8.99999998704	7.17296764194	8.99999999994	0.0803475393379	1.80198209902	7.27888017172	8.99999999999	
7.29033296524	4.73146018107	4.65154777238	1.21041885768	2.6360237123	6.27262946178	7.42879634464	8.99706168319	2.18452921852	3.04602708541	6.82113544802	6.87204100928	1.01661284243	2.73785924148	-1.59397809914	0.127268299912	
8.99902945118	6.44874426845	4.66200992188	1.21229507416	5.81658296415	6.10375028944	3.75634380065	8.9998991868	4.77478521834	8.99430908723	5.64908970821	2.01611458655	3.70732376598	5.42857016502	1.10970437911	2.83095077816	
7.8276756451	5.1550663377	4.70065124861	1.37326019477	3.50465967293	7.52839350279	2.86783171391	7.67594407138	1.65137537602	2.01200817308	6.41906680127	3.34385976894	1.11157798291	2.83282438195	0.803063807023	2.52431020607	
7.52194697294	4.96482923375	4.61770703146	1.17482444803	3.40515475269	6.60907492695	2.51263533776	7.61052791739	1.97262444136	3.26856208309	7.1987665716	3.71828808063	5.03380729314	6.75505369219	-1.44405823123	0.277188167822	
7.24252063881	4.73464861887	4.64749824752	1.15536961377	4.65689703221	7.25497217266	5.91991155202	8.6509575787	1.62642369551	3.57745293669	6.90026616783	5.73738831719	-0.602935267463	1.11831113158	-0.964828178578	0.756418220469	
7.97299855461	5.269277232	4.64601809527	1.34973866481	2.0222657716	6.14485623236	8.62604326517	8.12845317666	8.6572103999	8.88787605976	5.89450023214	8.15610697558	1.73393141342	3.45517781246	-0.136153146966	1.58509325208	
8.99995491432	8.99680814396	4.51224388791	-1.48461543099	2.10607657983	6.01122078029	8.98828730609	7.79862217572	8.64284303724	8.99997047301	5.95273250073	8.99738672681	-5.99943587229	-4.27818947324	-5.99996465561	-4.27871825656	
7.7946943804	5.26239328064	4.64029352528	1.17259448817	3.18911271121	6.40201720443	2.85537366113	7.36587350843	2.00729754487	3.31906431889	7.93219411038	5.01429478578	6.99125065677	8.71249705582	-3.79139936274	-2.07015296369	
4.78924520943	5.74796158811	4.49883701719	-2.45958886373	1.87042433418	8.9999998788	6.98645126118	8.966600909	8.99999997467	8.9073604963	6.340559889	3.43698084764	-5.99999863187	-4.28351196553	5.24317727862	6.96482970558	
8.99812453904	8.98754386922	4.51224099244	-1.47709591574	2.9482696757	7.33724889507	2.41917010747	8.96626685131	1.76699693862	0.639444685104	6.08134960508	2.3900982749	-0.714163378192	1.00708302085	-5.91516297194	-4.1939165729	
7.50436601757	8.9999812494	4.51199853731	-2.98361679391	3.28915778012	6.74842017969	2.57327097521	8.01616024315	2.01724256691	2.92785352565	7.43706147236	3.74157556613	4.67164023862	6.39288663766	1.65144377874	3.37269017779	
8.99999758465	5.83228664776	5.22128880135	2.38899961015	2.05463405597	6.50218371092	5.0773709072	8.99999856808	1.84206655807	1.28378224848	5.70180021295	4.00717868193	7.27835007207	8.99959647112	5.41827442724	7.13952082629	
7.49712125376	8.99998292679	4.51199174667	-2.99086943907	7.22390969702	8.86481126569	2.32615558567	8.14347819911	5.93211690989	8.71068179984	6.42091231153	2.30139525658	5.83130964475	7.55255604379	2.42715102063	4.14839741968	
8.99999604079	8.99999421768	7.52126005449	1.52834709509	2.89844334028	8.99999872364	2.88378355038	8.99999827993	2.47382058544	3.64862012449	5.62525855543	-1.66017712903	-4.01016553721	-2.28822074057	7.12574457639	8.84811732369	
7.53817363322	4.92581264631	4.59046129438	1.20282214703	3.35738826602	6.81612884521	2.32498384682	7.77022888989	2.08813749903	3.07401128831	6.7868327896	3.01424495509	-1.97893760301	-0.257691203961	-4.93086923762	-3.20962283858	
8.83730396277	5.4081058568	4.82823677055	2.25743471403	1.70911793	6.20708720514	3.83139857087	8.37656792557	2.48310715224	1.61291546548	6.23716434546	4.18148892286	7.27334450511	8.99459090416	-5.14715736707	-3.42591096802	
8.86493564551	5.8479616026	4.64717404535	1.66414797724	2.22975333906	6.1419870499	2.06058690948	8.42469874133	5.24363188792	5.37140025142	5.76631547691	1.47947305867	4.33726078644	6.05850718549	-1.74579249193	-0.0245460928806	
7.83718991771	5.13153904766	4.72643442723	1.43208508828	4.64901499345	8.70783190744	3.8364665003	8.94832752816	1.62774545912	1.9202538465	5.85056878145	2.50465419993	-1.39665854347	0.324587855576	0.0628209499384	1.78406734899	
8.98865925807	6.47549504426	4.64967128949	1.16285947962	5.62870371436	8.54624907904	4.67175984681	7.21541048121	1.59284296206	3.21917597008	8.24598494161	7.27251330856	-0.00329184682764	1.71795455222	5.72321792087	7.44446431991	
7.37899575119	8.98139993727	4.51200157029	-3.09040338966	8.98023235076	6.48105985316	5.96860221966	8.31442163526	1.77067830357	8.69004946546	8.43652508943	7.78777888133	7.27649592358	8.99774232262	-5.99420550185	-4.2729591028	
7.47863872556	4.84244429014	4.62594175312	1.26213592229	3.89464405714	7.60375871617	3.1016192737	8.50108705558	1.80271538245	2.5143818202	6.28660485654	2.58362786265	6.96054014453	8.68178654358	2.29403556459	4.01528196364	
7.36566498108	8.89379782182	4.51199223856	-3.01614044737	4.42173584227	7.51682869306	3.24874836372	8.99984756909	5.41623453321	6.72028826749	7.66963400203	3.63666279738	-1.73314459824	-0.0118981991975	-0.144224207714	1.57702219133	
7.34000660779	4.70343924953	4.51242039425	1.14898798796	8.69498782042	8.75883154402	3.26132510203	8.99999916691	4.63859904358	8.99515843276	8.99999978312	4.95819441881	4.08520897027	5.80645536932	-5.99999976852	-4.27875336947	
8.07348864362	5.4327185523	4.53898060852	1.17975067276	3.59300189439	6.81123706097	1.76491161606	7.43854256374	3.67443281803	4.8724028621	7.15117544837	3.17861063406	1.13496812975	2.8562145288	0.201213593787	1.92245999283	
8.96004900719	6.4571646795	4.64601644027	1.14890074013	8.64709820835	6.6818806109	7.02140855131	7.22385823846	1.73974545097	8.25905469894	6.99712854621	8.35785852544	7.27618894816	8.99743534721	7.27758960665	8.9988360057	
7.41511946695	4.84874683833	4.65731112136	1.2236830382	3.35539004482	6.9913154131	3.35500665552	7.78410192594	1.68642520336	2.54110311644	8.80490547348	6.0024795213	-5.50892959857	-3.78768319952	-5.95511572551	-4.23386932646	
7.38032174098	7.41688349346	4.51201449414	-1.52504142911	4.00879945145	7.17217046701	3.23384984992	8.98161281322	7.73091430608	8.96300992841	7.12556964117	3.09960695252	4.1646211461	5.88586754515	-5.99999973039	-4.27875333124	
7.41862580109	4.90993760774	4.64359382486	1.15228137464	3.72013045064	6.15867290937	3.67315664397	7.60975317256	3.39681241973	5.50655751885	8.9968829068	6.62927127457	6.9278982427	8.64914464175	-4.68874822792	-2.96750182887	
7.81218071512	4.74273121839	4.64603464209	1.71548405161	1.72823057551	6.14487706557	8.28014377056	8.81194874107	5.9583779983	5.52925811709	7.40205478236	8.99999465375	6.89292971543	8.61417611448	-2.60292271658	-0.881676317535	
8.65830852104	6.12608284385	4.6471246161	1.17935024161	4.11710900827	7.36678042644	2.86177347485	7.26943219943	1.64373019416	2.91880850649	6.8697955642	4.05465846203	4.94538646289	6.66663286194	-4.06917465686	-2.34792825781	
7.4890839676	8.9982880023	4.51199854362	-2.99721084469	8.99999907455	6.62363032271	3.45255551156	8.99999845946	2.11872981253	8.91529302406	6.17978872485	2.32942366007	-1.11330345657	0.607942942475	7.27875183219	8.99999823123	
8.45905271856	5.80272342322	4.58992274944	1.24625202183	3.57775030793	7.28354570219	1.88360164852	7.41158796924	2.00704277108	2.70189337424	6.90094292901	3.08958192988	-1.40156892105	0.319677477994	7.27812621327	8.99937261232	
8.97901260906	5.83195667605	8.09608395391	5.243139644	4.50345395816	8.91405369432	2.4782679259	8.04046424254	1.65935960085	1.15867867418	6.16280263394	2.8079591955	-0.507423029237	1.21382336981	3.44397349062	5.16521988967	
8.99999980468	5.41832523363	8.99999976875	6.61400023092	4.89975307539	8.64026500385	1.99884069586	8.99996336719	2.82049351438	5.41886193628	5.63459171044	-1.61646305818	-5.64684402265	-3.92530038041	-5.95566871713	-4.23657863254	
8.99413331657	5.99815572995	4.65227765149	1.64825523136	1.76733788064	6.15310113282	5.86982637541	7.71229846626	3.3174670387	2.99270124828	8.73113384234	8.94493550573	-0.00205517497462	1.71919122407	5.76986898892	7.49111538797	
8.99999937072	4.99575134638	8.99999998285	7.00424903947	1.67856209426	6.21100194903	3.08344483887	8.99999976896	2.62864948106	1.14893672373	8.33042665435	5.47841439032	-0.550273531885	1.17097286716	3.90071504167	5.62196144071	
8.99985954432	5.87505001934	6.02332456893	3.14813398927	2.80993328222	7.23497250072	2.78875708367	7.85380607103	1.66017005069	1.16729642344	7.55988230147	4.6799391613	-1.15312502517	0.568121373878	-3.32183971607	-1.60059331702	
8.89466011981	5.78947123614	4.51215302787	1.61734190423	4.76007015945	8.99970023959	1.62755154523	7.83556729883	8.99984242902	8.71199761423	8.99869135781	4.95616142103	-3.96819457017	-2.24694817112	7.27873111758	8.99997751662	
7.46609299857	4.83356274613	4.51659348145	1.14912408679	8.20792761649	7.66988267653	2.16594604128	7.88920906895	3.72729822144	8.68978752285	8.47196181602	4.4415250338	-2.85381711134	-1.1325707123	3.00961736379	4.73086376284	
7.74507595853	4.82598886688	4.51226620133	1.43135350862	4.66895067511	8.76871782647	2.17319792718	8.19479675444	8.78607625548	8.82419583463	8.99999985495	4.95778513226	7.27860539204	8.99985179109	2.1203113592	3.84155775825	
7.70216062089	5.09542158894	4.64425735125	1.25099595035	2.27791237031	6.1497619972	3.64688965065	7.6171065121	8.42161243836	8.9999998195	6.55134640677	4.24816463793	-3.5919238409	-1.87067744186	-5.99999976571	-4.27875336666	
8.97294717052	6.45479408431	4.6307720042	1.14892510271	8.89751936442	6.44318890509	2.48458392526	7.22015729708	2.00607957175	8.99923210214	8.53382886218	5.37670465395	5.17273952529	6.89398592434	1.728876328	3.45012272704	
8.99932484791	6.38680950245	4.64230645827	1.25482178179	2.26960761002	6.15528839	3.09390397026	7.31559884755	8.02008417875	8.57886357329	8.7559587125	6.20707493181	6.87345443573	8.59470083478	7.27859412499	8.99984052404	
8.94246889468	5.87010348983	6.20827402056	3.28063943427	4.57851949095	8.995530983	3.96438884367	7.79636849993	1.59335276992	1.16095042303	8.99972210088	7.30040458115	6.80116798498	8.52241438403	-5.96028324842	-4.23903684937	
7.43541197075	8.96547791733	4.51200332715	-3.01806284893	4.27715107551	7.67004515976	8.59085138404	8.39522120847	1.60039391355	2.58487298624	7.0556043755	8.99111306478	-2.7993301586	-1.07808375955	2.75534764412	4.47659404316	
8.83060470602	5.16018604775	6.04096268569	3.71138124263	1.71483197406	6.2383433862	8.25370549303	8.61750552155	2.30370994191	1.16675558729	6.63307564028	8.99999012412	-5.9423964548	-4.22115005575	7.02524700918	8.74649340823	
7.8180973907	5.13059269442	4.55256719857	1.24007193934	4.77539339029	8.46574263271	1.89950351924	7.58705780874	2.25536768161	2.93448885347	7.57436243104	3.63460892429	3.31463133288	5.03587773193	0.757444365972	2.47869076502	
7.50839469583	4.87355813553	4.51413199311	1.14896887489	8.99988575609	8.48549745751	2.06707964369	7.79921221937	3.57814377908	8.51466920175	8.99926620612	4.96226691393	-2.31433473829	-0.593088339241	1.06885878228	2.79010518132	
7.55390037502	4.79482466357	4.51223179675	1.27130785149	5.05589101085	8.86606783611	2.27547435086	8.1372401295	5.59035261021	6.0780740396	8.86247091815	4.82007748007	-4.75878270104	-3.03753630199	-4.41697803449	-2.69573163545	
8.80915096977	8.35507342871	4.51243082664	-1.03349378969	1.93189145251	6.32639561273	2.91725309087	8.99107199474	1.99151847762	0.777250321235	7.00118966805	3.86438813609	6.46082832649	8.18207472554	2.61118628884	4.33243268789	
8.98307718536	6.97546721334	7.60781675751	3.68149187715	4.60122298375	8.99999980936	2.62517021588	7.35928165839	1.62586854377	1.7059071001	6.20900824599	3.06767788582	2.01490005809	3.73614645714	3.06032477603	4.78157117508	
7.46265279946	8.9999965529	4.51200191535	-3.02534247538	2.49138299185	6.01788876212	4.2216553335	8.22314838213	8.16563355312	8.99997496268	7.77454335281	5.52947603858	-5.97806648617	-4.25682008712	-1.63180844135	0.0894379576957	
7.44078925606	8.99999985465	4.51200294427	-3.04720722966	8.99368164991	6.66470177736	8.31529452449	8.06187527373	1.699761822	8.44894145887	7.04951259769	8.99999931811	7.27121866437	8.99246506342	-5.99998203806	-4.27873563923	
7.50988827024	8.67209383425	4.51199708157	-2.65020907128	3.06931078178	6.61896167317	2.65452058184	8.39780213728	8.05986683597	8.86756333055	6.49960911488	2.51625213695	-1.9518581527	-0.230611753657	-0.0230378411166	1.69820855793	
8.98831229389	6.35386237435	4.66740595421	1.30185583956	2.37812347334	6.34945109933	7.75311206063	7.36183566612	2.01594657181	2.46714540052	6.91397853613	8.9999998175	7.27839972944	8.99964612849	3.17380928327	4.89505568232	
8.15106989571	5.64818223477	4.6460135639	1.1489011611	8.99864617238	6.96676413296	6.16275579994	7.24851333821	1.66171540206	8.24768599177	8.52257459903	8.99999998452	1.24206597699	2.96331237604	-5.84624462765	-4.1249982286	
8.98328118177	5.10432754361	8.82592056602	6.70487409347	4.5228416391	8.9430076284	1.88013436978	8.78694395505	2.39115093412	1.14900520279	8.83075784322	4.86319955802	-2.12843411838	-0.407187719334	-2.25759045407	-0.536344055024	
8.9975621041	5.67746004246	8.99995452991	6.34337999722	2.95020993041	8.85761842419	2.19003470205	8.99999976875	7.95929416953	8.99999976875	5.62383542006	-2.03709952507	7.27664200291	8.99788840196	7.27572158633	8.99696798538	
4.62929100666	3.21252751612	4.38917738507	-0.165914010231	1.99589844702	8.99933283565	8.99734297639	5.33225198625	2.008192627	2.00896099916	6.29388282574	8.99955993908	-3.76408809983	-2.04281363291	-0.0986102506955	1.62266985764	
7.44894594259	8.99536525954	4.51200186733	-3.03441819243	8.99999976873	7.36578841525	3.18477329715	7.97010351269	1.66349844781	7.71790791796	7.67470014241	4.58644894963	7.26198784907	8.98323424812	-1.99776223372	-0.276515834676	
8.67808184669	5.22596684594	4.64592809294	2.09804301285	1.64289289882	6.14510202224	4.85699148978	8.29906836145	8.69647208857	7.79912341228	8.10144617369	7.17178026327	7.27875300331	8.99999940235	-2.86770465658	-1.14645825753	
8.22514205036	5.60345615019	4.68371356565	1.30539933471	2.78363011585	6.7162209635	5.48157534536	8.2150402834	1.72654581689	2.22924542528	5.758020059	4.70653617879	-5.99588311539	-4.27463671635	-1.59550188418	0.12574451487	
8.99987356694	6.3525816724	4.57612988019	1.2234217495	3.30107791754	6.93514018849	1.81531792471	7.35287512757	2.18495508772	2.96057588588	7.96042830054	4.13045935297	6.91921158289	8.64045798194	-4.06394864569	-2.34270224664	
7.44114947666	8.9977406377	4.51200304569	-3.04459124442	8.99999976879	6.87270712016	8.40861440104	8.0780616812	1.65500055418	8.20249289229	6.97239021312	8.99999900412	2.02481774757	3.74606414662	-5.9999122533	-4.27866585336	
8.2610882368	5.68081777109	4.57072810353	1.1509985635	5.2849069926	7.2439605849	1.85934049175	7.32453986118	2.06957348867	4.58722461029	7.8166464818	3.99201368644	-0.377307996241	1.34393840281	-1.89531292577	-0.174066526725	
8.8734521855	6.30845916025	4.65617348154	1.22116646897	2.72877629409	6.32716164059	4.11327491353	8.70978963418	2.04355747853	2.93715537317	5.66028755869	2.68906091321	6.17847087844	7.89971727749	-3.67780749275	-1.9565610937	
7.48805784656	4.97183560175	4.63494962534	1.15117144932	4.34382527495	6.52634643568	2.92711103492	7.53719098869	1.89384529872	4.25207752863	8.35505569379	5.32149439574	0.829148538694	2.55039493774	-0.595005683587	1.12624071546	
