6.80832259544	6.79595571265	8.9872733999	8.99964020025	4.3935979572	8.8137180899	1.59540733118	4.70987483583	4.52462072186	1.14910815202	8.95175956912	4.90995585246	2.0702041689	3.79145056794	7.24294678062	8.96419317966	
8.64715852442	8.99999755933	6.79246765812	6.43962849982	1.59193390967	6.14550974941	8.91905044882	5.09467332358	4.29605188118	1.15229128443	5.71783334977	8.24966668664	7.20529699719	8.92654339624	5.24053773046	6.96178412951	
2.71376724027	5.31849340918	5.64343013887	3.03870401659	4.2516283824	8.21306968277	6.55900105851	7.35926316504	1.94166838773	1.64192890676	5.7512265904	1.40653402172	4.42619448	6.14744087905	4.33798222997	6.05922862901	
2.03796968314	5.08435913676	4.52144654554	1.47505694892	4.48341680208	7.25255203998	3.84878775062	4.07944460269	4.55596213054	5.89019279907	5.86315160829	1.64640054998	4.72029312756	6.44153952661	-1.25641547149	0.464830927553	
2.6075296678	5.5888035609	5.09610284431	2.11482886525	3.23835821919	7.42331323951	8.62880000993	8.15314895702	1.67010118094	1.52339619913	5.69272514139	2.24739757293	5.20525094627	6.92649734531	-2.34485161246	-0.623605213411	
6.05435100446	8.97327274521	8.95581789783	6.03689628469	4.53143796553	8.29461892006	3.98088338237	4.34330150003	1.59390502535	1.80662139526	5.63475535353	1.41371121398	-2.39423722655	-0.672990827501	-0.296927123988	1.42431927506	
6.2658325274	8.16454372716	8.66030202372	6.76159120402	4.53789320706	8.9580497337	2.61844706809	7.20204467705	2.61331125973	-2.11229726964	6.14037935632	1.97950483882	2.0473758346	3.76862223365	2.84696250779	4.56820890684	
3.15214670436	8.67354284847	4.51285209436	-1.00854513734	3.50874851258	7.91866659459	2.93577427717	3.60329955046	1.6946174369	0.0745159949237	6.52571824267	3.18565354874	-0.611322870285	1.10992352876	-1.3737543185	0.347492080542	
3.48588451637	6.45763721266	4.51304875689	1.54129596563	8.48035156561	8.99956696155	1.6122416939	2.02308694228	4.22687713486	7.73639088346	5.94986084903	1.62755812739	0.231502347677	1.95274874672	-4.08666522464	-2.36541882559	
6.68303463281	7.71272240454	4.6920725372	3.6623847547	1.59300718723	6.03823596294	6.9036875443	8.88756829187	8.34737239627	5.98880762759	5.63397586132	1.68070247637	-1.43921609817	0.282030300881	-2.85922219936	-1.13797580031	
4.54614205108	7.64445774239	4.95496579637	1.85664996347	3.60902452836	5.76731493963	3.16608930584	3.27068632652	3.63290305198	5.62990462143	5.64332873454	1.50071113746	-3.51214128796	-1.79089488891	-0.831589189727	0.88965720932	
3.7593151659	6.7475501563	4.74738407479	1.75914901999	1.89221950104	5.95389701232	8.99966933951	8.90670650956	3.72736760935	3.71090133214	5.63741226839	1.80243520785	7.27875214305	8.99999854209	2.22148686749	3.94273326654	
7.11382005595	8.9960751544	4.51282832762	2.63057314174	4.08782856758	8.28505143799	1.59227036086	3.10506480686	8.78814470841	7.53015299322	5.9423285709	1.60757448057	-2.50084697595	-0.779600576902	1.71080177535	3.4320481744	
5.30905593582	8.58594470803	4.76406406329	1.48717519355	4.75197383592	6.46875072866	4.99661259451	1.41805366623	1.73764690185	4.35473440675	8.25687671876	7.61884260537	7.24818282985	8.96942922889	-5.22891712468	-3.50767072564	
4.20109783059	8.79962221365	4.51531995893	-0.0832054325196	1.8771375732	6.29633401528	3.55752829149	5.19530678101	2.03221709955	-0.599875180399	6.07432436244	2.76671409157	0.829115075988	2.55036147503	-2.96402777461	-1.24278137556	
3.96262024897	5.29949753212	4.6828541414	3.34597715901	2.10558848783	8.99855240724	6.00762538948	8.21302603931	6.98007912499	5.42254848694	5.63368153812	-1.78992218727	-5.8343108817	-4.11306448265	2.80860965621	4.52985605526	
4.89394510117	8.02558963923	4.52365960101	1.39201505957	4.14442233735	7.15367818172	1.61156966457	1.56858832816	4.69068310499	5.87004703901	7.48369761207	3.45533046874	3.99095290349	5.71219930254	0.162419976436	1.88366637548	
8.99999997929	8.99999961566	8.99999483419	8.99999483469	4.49983650174	7.73038726727	1.891281807	8.9999999514	8.99998402908	8.99459700818	5.62813809475	-4.58920604211	-5.9999991336	-4.27893130227	6.87510050226	8.59630664833	
4.77413923856	7.67746024368	7.98361650592	5.08029548894	4.80925772728	8.91343522191	3.00432669991	3.12767854493	1.60901552529	1.46513473099	5.65448689053	1.68810967467	2.18600280696	3.90724920601	-1.5049653696	0.216281029452	
5.93190611464	8.3416193264	4.5711823049	2.16146903336	2.33644396506	6.46436758249	1.69828260204	2.65739430337	5.85366309445	5.19242867339	5.87284842115	1.56431897916	1.90276113668	3.62400753573	3.68074531621	5.40199171526	
8.99998962661	7.89457688245	7.8894720234	8.99488500457	1.59080603474	6.14486451184	8.372842126	8.72737701154	5.75167472343	1.14917982196	5.63434402577	5.44551682938	0.989479637087	2.71072603613	-1.34271602794	0.378530371104	
3.40169003315	8.99999950862	4.51282919838	-1.0854802886	4.55565843992	8.96600436104	8.35250363141	8.99999746126	1.62944117148	-0.0094745718815	5.83989816968	2.53823574079	2.6026051878	4.32385158685	-3.64986625026	-1.92861985122	
1.8296339065	8.999993613	4.51199246137	-2.65836742822	4.92156187937	8.93346148791	2.32899829274	1.91319895531	3.3434283026	3.5366248515	6.92760450135	3.25558241413	1.53992296451	3.26116936355	4.64023858006	6.36148497911	
1.82668844186	4.73370078402	4.5141757735	1.60716326792	3.68085887335	7.89606450294	3.65573712473	3.49104373895	5.11724205388	4.86602429688	6.80161729299	3.11959442121	-0.180927581849	1.5403188172	-1.7043687982	0.0168776008456	
2.64033146635	4.69489693474	8.70110846009	6.64654249649	1.70156340935	6.22885200311	8.9999994281	5.61007500924	2.56472009977	1.1489711508	8.50909356257	8.9047503604	-3.92912782985	-2.20788143081	4.36250725308	6.08375365213	
4.73458507957	7.87075620956	4.51218785786	1.3760167297	6.27681417483	8.9322782928	1.59168549583	1.55816959933	7.46232189474	8.99999999887	8.97719929427	4.93484527887	-2.96819863467	-1.24695223562	-5.99997724128	-4.27873084224	
8.42160007194	7.0858197649	7.66421978132	8.99999952074	1.59080180896	6.14488027717	6.1357063137	6.03199821397	5.98220642864	1.14932375239	8.49572842654	8.99551270865	7.27865207042	8.99989846947	-3.31030315723	-1.58905675818	
2.78817835898	5.09707218245	4.69265359644	2.38375977059	2.54361731823	6.93982945031	1.93915943747	2.60437799522	2.72926200403	1.69891859447	8.46592130111	4.55210528146	-3.24444414158	-1.52319774253	0.947574797285	2.66882119633	
6.42751327492	8.99973004724	4.67156082475	2.09934403738	1.65516325907	6.1139063167	5.45289797622	2.12184648346	3.59068669563	2.76113601176	8.99230172853	8.81143208671	0.602227148181	2.32347354723	2.3036052098	4.02485160884	
4.88195917847	7.74913570722	6.92947885162	4.06230228133	3.47928253612	5.57063445249	2.56979718786	3.16539996221	7.07737725013	8.91017778723	5.65433913013	1.25185526238	3.20745067718	4.92869707623	-0.788585726791	0.932660672256	
3.60063319525	6.86027053509	4.77495642986	1.51531891653	5.34634196394	8.50726003571	7.36885377362	1.60023953574	1.59621262239	2.75190789337	6.14095944302	7.71023185332	1.3992164377	3.12046283674	-0.185960027834	1.53528637121	
4.22046706283	7.49681781674	4.76308614241	1.4867359443	4.11265704961	6.11125374091	5.76136806634	1.41845585234	2.05332736554	4.38805311281	8.84699443668	8.97385517815	1.18077146835	2.9020178674	2.56597061578	4.28721701483	
1.66922129451	4.71676615377	4.53729643913	1.48975152371	2.64860710685	6.81615277649	5.7989493014	3.17293864061	7.36537535807	7.30234974672	7.29803820204	5.93680021231	-0.27765972557	1.44358667348	7.27727357805	8.9985199771	
2.15573956966	5.33189104977	4.51454165184	1.33839010351	7.39464282711	8.41649796617	1.86082958125	1.68163732871	3.68912479441	6.90039677867	6.70778554651	2.77112212018	-5.99999929495	-4.27875289591	3.74582503399	5.46707143304	
5.03209066322	5.21757120223	8.99999996378	8.81451936896	2.55283421414	6.94569068454	1.85847919424	4.84239168213	4.34516202967	1.19476166512	6.25852611206	2.14942894502	6.48499160958	8.20623800863	2.08036786373	3.80161426278	
2.9580026481	5.85098509717	6.36810400106	3.47512154064	3.07317639291	7.39625132705	5.42326861837	1.8324335028	1.63170683055	1.25858960957	8.97198833781	8.73013707352	-0.374114865855	1.34713153319	7.02753372457	8.74878012362	
3.12959632513	6.36808716152	4.78434521244	1.54585427779	4.94119626761	8.42540019411	4.06796516806	1.46760242883	1.60653426074	2.41779653606	7.81251618263	6.23468407094	-1.03709252505	0.684153873999	5.8332890862	7.55453548525	
2.27086701595	5.24217054844	4.76907035773	1.79776671933	2.46302719434	6.57392546398	4.92547643458	4.79622388429	1.99925414528	1.91663533162	5.77850921155	1.9967538121	0.555933756743	2.27718015579	-1.43029141893	0.290954980118	
2.96527281222	6.09132744704	4.89342058093	1.76736582174	4.34326706294	8.1251029529	5.04457625839	4.69638371319	1.62122211537	2.02241727634	5.65164210834	1.93407504634	0.411203408501	2.13244980755	4.54853033028	6.26977672933	
4.63664828083	7.91413534269	4.76372167343	1.48623444029	8.12580605702	8.93944984198	8.39544209991	1.67457680758	1.59157710675	5.112396549	5.98267758928	8.48635118693	-1.17238805443	0.54885834462	-0.173579160278	1.54766723877	
5.65160801943	8.66261741844	4.69125023609	1.68024080478	1.82430055086	6.03991492954	7.14269328136	1.6888806176	5.6520684025	5.50443980474	7.49690148107	8.99999965622	0.981814159356	2.7030605584	-2.73763595152	-1.01638955247	
5.90617634566	8.99998923755	4.97172206529	1.87790903715	4.04787662012	7.29166044034	3.19792996763	3.25445713974	1.61601349533	2.52301890826	5.64331182881	1.55326682569	0.196154581621	1.91740098067	-4.86163566404	-3.14038926499	
6.82752339517	6.931500567	8.99819159387	8.89421415307	1.59142970275	6.14523070926	8.92932339827	4.86064380614	4.54192452056	1.14907651299	5.97256736466	8.99756557722	-5.11287525425	-3.39162885521	-5.99987193543	-4.27862553638	
8.99479750966	7.26178448943	4.7283168139	6.46132977739	1.59078802028	6.1448712432	5.94726746893	6.42842718135	7.14188436751	1.9117643253	8.68627908104	8.99842759762	-1.99349911159	-0.272252712539	0.340521484948	2.06176788399	
2.02251552279	4.7034085058	8.76385826106	6.08296519906	3.08399057883	7.50771105422	6.34123531636	5.13202852201	1.83615482249	1.15030180233	7.31126951239	4.89988028478	-0.452180939105	1.26906545994	-0.0567493464563	1.66449705259	
8.18342737644	8.99842176915	8.99996781843	8.18497330007	1.59466157879	6.01486197636	5.42152325434	8.9937430427	3.69702083367	-3.09259525748	8.43581131573	7.35027697022	-0.0314043241771	1.68984207487	4.26771462724	5.98896102629	
5.12936447079	7.96236867047	5.98884110521	3.15583687923	2.32014848721	6.5569709075	3.21102029315	3.25857562085	1.74255287449	1.39571066294	5.65153913154	1.83127493047	2.07917551134	3.80042191039	1.8475419447	3.56878834374	
4.53562414924	7.8131203023	4.76343326391	1.48593701756	6.52248377512	5.92742894604	4.83045654033	1.42192822178	4.0704718533	8.99999856184	7.55467562124	6.74600338536	7.27875348894	8.99999988799	-4.99628827049	-3.27504187144	
5.51170379395	8.78917464296	4.7637216769	1.48625073135	7.80735704826	6.85183009932	4.67894531968	1.41675934693	1.6459589974	6.93593222404	8.73492727169	7.77993832186	3.89493332476	5.61617972381	1.70483103961	3.42607743866	
2.18744445419	5.15823979497	4.63498660182	1.66419116738	1.91827043018	6.1769984654	8.44208443658	2.02212645318	5.86358158961	5.63262477046	6.44467391288	8.95413221485	-1.66517202592	0.0560743731291	-5.66925488282	-3.94800848377	
1.95509642879	8.99992458009	4.51201080733	-2.53282882945	4.92413135302	6.62150326724	4.78689356905	1.46094627405	2.08314092412	4.80511087873	7.33543816391	6.35931450645	-5.99999977101	-4.27875336957	-5.99753817346	-4.27629177441	
1.95909150807	5.09739302555	4.657604403	1.51930271699	2.78697472654	6.75768860922	3.31914011427	1.98521880128	2.03105256911	2.25561574358	6.26563394056	3.52154987113	6.11835205609	7.83959845514	0.200263107087	1.92150950613	
6.3881597504	8.97926936376	4.51203288846	1.92092323993	1.7698994669	6.19009245681	3.81510689683	8.133588081	6.00818267243	0.959129655079	8.40556849532	4.83322308869	-2.96151370156	-1.24026730251	2.23696083892	3.95820723797	
2.31710182865	5.22316537812	4.87500893478	1.96894531253	3.21447011717	7.47158965696	2.3780086008	1.99726634804	1.86242480257	1.5683440088	6.69366013254	3.22863505381	-0.169000846104	1.55224555294	-0.380750780171	1.34049561888	
1.59608271733	8.99997393544	4.5119921537	-2.89189914434	3.85571017669	7.92634609606	8.89169762096	4.17236344388	8.90221629356	8.9943858342	7.43542165522	8.10922301225	4.61930237074	6.34054876979	-4.45278298237	-2.73153658332	
3.78910114004	5.89912248618	4.65814977066	2.54812838452	1.62000664267	6.11343380274	8.63597742256	8.99996486492	5.90982842063	4.58339889159	5.66150974442	2.24779592438	3.56848546177	5.28973186082	-2.88120643094	-1.15996003189	
8.50074471039	8.99524817835	5.73300267744	5.23526877458	1.5861393495	6.194290295	4.26395937718	8.99999943422	4.25710803445	1.43706280392	8.96779604781	2.56385667301	6.98530058439	8.7065285493	7.28308705156	8.99999775461	
2.7087386374	4.70078114687	4.53483199148	2.54278951229	4.59907050744	8.99900465137	4.46297701554	5.54257781846	3.81356660021	2.46265032809	7.47559557392	3.46424814806	2.79413610209	4.51538250114	3.43402038242	5.15526678147	
2.59126962735	4.74879915594	4.82760880337	2.67007896441	1.68186690502	6.20165142611	8.99999977891	6.54002744255	2.9018517978	1.59657175131	6.55894137997	5.92168102492	-5.59021247633	-3.86896607728	0.0328944709142	1.75414086996	
1.78084808079	4.90096857457	4.5123068407	1.39218585071	4.9703080624	8.70942387881	8.90887293135	8.64661703002	8.56196434444	8.99994589635	6.05458361781	2.25701452554	5.03098004078	6.75222643983	-2.82735012899	-1.10610372994	
1.72360664292	4.69596081281	4.51339465628	1.54104055068	4.03549670992	8.22948001161	6.75842550343	6.30001426174	4.52286544648	4.35821115543	7.95050199873	4.49685541708	-5.9999997701	-4.27875337106	0.240500418927	1.96174681797	
6.89741620186	7.96336739772	8.33988836814	7.27393859814	7.76599177904	8.99941316765	1.59752350877	4.07516297528	4.30215086041	8.55688187426	5.63362567835	-2.21491106851	-5.72562988734	-4.0043834883	1.53022393867	3.25147033772	
1.6607864479	8.99406611896	4.51199306848	-2.82129068812	6.17979845511	7.44127907382	2.81676283932	1.60536260774	5.84116599922	8.99956004383	8.95668260897	5.86560004432	7.27873664885	8.9999830479	-5.99365972792	-4.27241332883	
5.93989093285	8.86105988845	8.793379298	5.87221037821	8.99974661001	6.67984846149	8.48733958823	8.9932177885	1.62586738894	7.9239101773	5.63358715314	1.26683562065	7.27813655105	8.9993829501	7.27760982695	8.99885622599	
5.86043131974	8.80951140351	5.54138070097	2.59230040565	3.89630863242	8.16403239533	3.13736421264	1.99642572965	1.60674233446	1.34507454981	5.9903822772	3.24253637353	7.12845914492	8.84970554396	1.14197535109	2.86322175014	
2.30547725793	5.13307440767	8.7825984461	5.95500101076	4.54914789555	8.9129086827	8.85470906241	2.6125566234	1.68461697374	1.20542846677	5.97371903291	8.44857103606	-1.62294742729	0.0982989717588	-2.27309602252	-0.551849623468	
4.87717100956	8.21776076873	8.99999997999	5.7392753004	6.31917211866	8.99999976255	6.29804012279	-0.422669471539	3.36786970426	8.09170944867	5.65290553974	5.00636817454	1.45436953245	3.1756159315	-5.99986981673	-4.27862341771	
2.53681416688	5.53807684282	4.66567133329	1.66440861964	1.86793323263	6.09472803548	5.36616509726	1.76016483427	6.48153314232	6.31297668038	8.65475009313	8.31978335399	-3.62563198373	-1.90438558468	-1.97182176338	-0.250575364332	
3.13615276854	8.88298443808	4.51250492788	-1.23432852905	2.36455831743	6.77212511104	4.71410936014	4.38258403378	1.69635692171	0.16670870049	6.00654664875	3.5774253877	-5.71534265365	-3.99409625461	-0.432627897439	1.28861850161	
5.22434271167	8.56497888098	8.99999976875	5.739220955	5.22427574065	5.83847133777	5.65870862231	1.42434462757	5.36385489429	8.99999965472	7.4973587891	7.5187920386	-5.98384836598	-4.26260196693	-0.0762675758803	1.64497882317	
5.97753325699	8.91358732176	4.75958915555	1.82353500016	1.90598684289	5.93449270082	2.7689444115	2.90344657942	4.02685300979	3.9913774807	5.66580727787	1.65554614596	-0.457413847972	1.26383255108	-3.50893999709	-1.78769359804	
5.12859587546	4.69833540499	5.34095174125	5.7712118356	1.59300256824	6.14648831429	7.80453062082	8.99260749997	5.17346445776	1.2466937082	7.62777672575	5.93025663584	1.92993077445	3.6511771735	6.23820299717	7.95944939622	
5.78735994103	8.41448329818	8.99983354623	6.37271055104	7.12731264876	8.99993013742	1.89928489043	2.76123807598	3.51922295396	8.75145189722	5.63359178643	-2.21593711075	-3.83463523216	-2.11338883311	-0.716814274225	1.00443212482	
5.64784498699	8.56217784803	8.99969578254	6.08536387553	5.61079395002	7.69934224199	3.40563782704	3.92102112607	1.60090441883	3.48366400949	5.63676349473	1.26734354784	7.01942678535	8.7406731844	-5.99999154932	-4.27874515028	
2.82602024328	6.01296915	4.81061358972	1.62366454342	4.57834926501	7.87624124263	8.98897669814	8.60448681058	1.63282048255	2.57885378034	5.65490242333	1.91273833813	7.1713157071	8.89256210615	1.06264976482	2.78389616387	
5.68469877966	8.59886941513	7.15493360903	4.24076297275	8.82706893546	6.69834995163	3.33524060369	3.85354080924	1.63239105618	7.73225657952	5.63729139066	1.2651159509	1.03171582571	2.75296222476	7.27874639705	8.99999279609	
4.37690965817	4.76542565829	4.66169645904	4.27318039303	1.91291414733	6.39360828855	3.13235887424	5.61091605787	4.97172190939	1.93651903354	6.62299447478	2.8162174368	-4.60064229171	-2.87939589266	-5.79750022362	-4.07625382457	
3.56569513322	5.75281694309	5.50351034032	3.31638857177	8.9999498473	6.78243041964	1.87337589697	3.3284517416	2.40221986857	7.86383699452	5.75163830038	1.16973610124	6.50293205336	8.22417845241	7.2787342585	8.99998065755	
3.61285603418	6.62961056863	4.69008521026	1.6733306051	1.83387605515	6.0426119569	8.66105387776	1.8479310721	4.90807307137	4.77306782038	6.13715531819	8.99381887933	-3.59358411107	-1.87233771203	-4.99083212689	-3.26958572784	
8.99960688496	8.94635747143	5.38855001769	5.44179925976	2.06570034874	6.53525875708	1.76857852938	4.74732135002	4.6849681875	1.2191348432	8.97658081734	5.11138443242	-5.99996710078	-4.27872070174	-5.80571687227	-4.08447047322	
3.74034671999	6.58449389651	4.66154411321	1.81739689139	3.41128035129	7.52539371838	1.73291873567	1.99634094758	2.22027092572	2.00728031491	6.19630419184	2.14903059223	4.58360194552	6.30484834457	4.79632268226	6.51756908131	
2.73439537364	5.9560103492	4.75035204223	1.52873694713	3.18466678682	5.9460115183	3.01566942159	2.49323817012	3.86451530582	5.38176184247	5.70411891623	2.06523034525	1.22557062307	2.94681702211	-0.147472644582	1.57377375446	
3.42438143846	4.73830458902	4.51233712692	3.1984140653	4.25455932816	8.67076089603	2.61179120556	4.39375691138	8.672233666	6.62692926624	8.99982882658	4.96423716037	-5.99508505339	-4.27383865434	3.3751979196	5.09644431864	
5.75152160882	8.84432591695	4.55996273692	1.46715632563	2.86204825198	6.54940902535	1.69254217738	1.60223226062	6.57836648239	7.04065987336	8.08307578369	4.1507274458	7.27875060671	8.99999700575	-5.1015814276	-3.38033502856	
2.02013914707	5.29275568202	4.64464900296	1.37203244808	4.73757538944	6.52608668602	3.160218117	1.54963918125	2.05515512465	4.59623549968	8.01677338447	5.41503195131	-0.233251917282	1.48799448177	-3.46403678485	-1.7427903858	
1.59847347296	8.87280908245	4.51199214952	-2.76234367558	4.68741929965	8.61757143258	4.10676882255	2.19591918574	6.60476282751	6.9250239647	8.93005266715	6.70775865532	5.06926550553	6.79051190458	2.77747841975	4.49872481879	
8.99688138756	8.39303610773	8.39507692963	8.99892294523	3.056368739	8.99082252095	1.60627437241	5.75514697015	5.53332180858	3.26449355531	5.63365185394	-2.06375673802	0.0748436280531	1.7960900271	7.2781224039	8.99936880295	
5.97031432156	8.8914803674	8.89959797282	5.97843166142	6.59011688266	8.36702777048	8.49541089163	8.99999699124	1.59153766086	3.79276817666	5.63358513505	1.26812894411	4.47890646292	6.20015286197	7.23943293922	8.96067933827	
2.06138874999	4.91439786947	4.52816886429	1.67515949642	4.50852431756	8.61131132349	3.35575405105	3.61313363174	3.10685492898	2.91405312328	6.0522893327	2.00219641511	-5.99901866515	-4.2777722661	0.663792004271	2.38503840332	
5.81078268487	8.53470527208	4.6661174594	1.94219481912	1.68213584464	6.09387204448	8.73908944694	3.10738926892	5.6329778789	5.00214044973	5.66648373991	7.63455635065	7.2353876839	8.95663408295	-1.3664138811	0.354832517952	
4.99779530741	8.33838372797	8.99999976875	5.73925883366	5.23222316371	8.47164081334	8.85639685968	-0.825251006004	3.79129302038	7.43270015169	5.86042353918	8.69852735016	-4.14825824558	-2.42701184653	1.44544214918	3.16668854822	
4.71708918006	7.63638154843	8.87214431204	5.95285208686	4.45136169317	8.75247546736	4.21961236785	2.49099476712	1.59300461886	1.26815889791	5.72682345571	3.59644445235	7.27844270886	8.99968910791	-1.5085245718	0.212721827244	
7.15817919935	5.26700411513	4.51598453102	6.40715959821	4.87953636129	7.75350473398	3.43893705069	8.99991855514	8.98626933051	5.2781031491	5.77086285331	1.16135145508	-1.103284426	0.617961973051	7.2668383808	8.98808477984	
1.85163763053	4.69454882719	4.84877489744	2.00586353443	4.64480165799	8.99986913157	8.99999843517	5.53403153355	1.9373765216	1.48219489621	8.48796672656	8.1713193115	-0.503117826283	1.21812857276	-1.76558783527	-0.0443414362201	
2.26442651451	4.91494486987	4.60233695001	1.95181848941	2.37292955009	6.70823764158	2.38500112741	2.61684368906	2.7998333226	2.17201903055	6.51308944614	2.69102457126	2.38515057472	4.10639697377	3.35430288151	5.07554928056	
3.16291217198	5.978301051	8.47352047596	5.65810089868	8.99999976864	8.02776307441	2.73194271607	3.37252219384	1.86138396898	8.66392886177	5.63389508326	-0.729748960626	-5.99999747613	-4.27875107709	-5.78287163278	-4.06162523373	
4.95719297394	8.02859701721	4.82288346417	1.75147932183	2.1592390772	5.86035545263	3.76898485804	3.75248260709	8.10907566806	8.53633962177	5.6369910512	1.64238432851	7.27875346162	8.99999986067	0.975825280535	2.69707167958	
5.72171729095	8.99928451698	4.76393881271	1.48637150054	7.31882832778	5.93446481546	8.9999997161	3.41117207032	3.27263178087	8.99153290295	5.63798231061	7.00954374369	-4.90604389075	-3.18479749171	6.83433412086	8.55558051991	
4.75402061639	4.94350506999	4.5792568701	4.38977239292	2.14032904861	6.59251670827	2.15085568235	4.95910201998	5.6344173677	2.42868947258	6.69783099557	2.76039623965	4.22681038341	5.94805678246	0.235724986448	1.9569713855	
2.16036862123	5.27340623849	4.78422765194	1.67118776688	3.79609250982	7.84896480226	7.85997802278	1.84835517105	1.73572050544	1.85285068911	6.33986254438	8.29875409964	1.82697596953	3.54822236858	5.75935396103	7.48060036008	
