8.99999998416	8.99999999286	4.80015204553	-5.99999999292	2.70466481382	8.9999999595	5.95229293714	8.94464567633	3.16193936896	4.3059247494	7.39475349011	7.76735167497	-3.8973062413	-2.17890165239	0.0385573409586	1.7585766047	
8.99999976875	8.54140315086	4.37619511046	-5.9999999627	8.99320202543	8.99994701161	2.9225563794	8.99992631823	1.7374731232	8.96095602979	6.29097341131	3.7771357754	-5.99382567483	-4.2760051414	0.638295053622	2.3588023637	
8.99999992767	8.9999999729	4.76106663845	-5.99946870326	8.99999996124	8.9999998184	4.12361674789	8.99256176587	1.78165418383	8.99158663483	8.98764031087	7.62815592931	2.84239127202	4.56434188996	-4.52786879588	-2.80699900377	
8.87313777036	5.23239040587	8.61490488587	1.45105959731	2.17062955248	8.99999995131	8.99999999247	8.99999997873	2.83828176471	3.46863658767	5.69783280701	8.99732374505	-4.74474514764	-3.03754882447	-2.83928243643	-1.11954814938	
8.99999420626	3.20388124619	4.39482819028	-0.688968478038	2.77925247561	8.9982168232	8.50290675353	8.99999976875	2.47228296639	3.71560218761	6.06460561596	8.97926096236	7.27455382519	8.99580022423	0.0145616378192	1.73580803687	
8.99993335824	4.8118172015	7.675010588	0.96982919895	4.17670665516	8.99999976875	5.59170181063	8.999999837	5.44267832037	8.12672793761	8.99597459039	8.98761862506	7.0393039847	8.76452657404	2.29683311157	4.01960442764	
8.99999976875	3.17871096685	4.41758259234	-0.654497832061	3.02751315868	8.9999997484	3.78224252197	8.99999350076	7.32919881942	8.84981716581	8.99996553498	7.1927062846	5.64676153367	7.36800793272	-3.94052195648	-2.21927555743	
8.99999975504	3.17927205811	4.40589961597	-0.66351683694	3.6345811418	8.99999976875	5.54735055165	8.99996166637	2.50696398459	4.61249789299	8.99999986929	8.9728334701	2.7187719042	4.44001830325	-0.143461917097	1.57778448195	
8.98015206087	8.99999999999	8.99999999999	-1.91538645632	2.86724236343	8.99999990033	6.71275615978	8.99999998262	2.82088637774	4.17134859933	7.51039449754	8.64576940954	7.15815930888	8.88421785396	-3.31974839046	-1.6011772885	
8.99999997814	8.95028900986	4.76586308373	-5.9999999909	2.77352822456	8.99999994326	5.90999385195	8.98259821023	4.59764416843	5.82279431208	7.64478286315	7.94605387747	-2.44409942294	-0.722985577938	7.2778064912	8.99999999999	
8.99999083579	3.22204124269	4.51375674263	-0.587157296265	2.86536881114	8.99999976875	4.54392712832	8.9999988315	3.14883239766	4.48529234211	8.99999977037	7.95978582611	-1.00354170594	0.719231910567	-0.259681321717	1.45925317856	
8.999999985	8.99999999295	4.80605310808	-5.99999999301	3.0568077484	8.99999995659	5.50803284341	8.95582129909	3.48995714373	5.01104746235	8.99999999961	8.89924972056	6.89131523173	8.61894336444	-0.499888009307	1.22771477242	
8.96702628435	7.54882533184	8.95186941731	-0.507885536111	3.24689164815	8.99999980371	3.82742336129	8.90890250729	2.5501168604	4.2810154637	6.90242563158	5.20395245282	7.28206205724	8.99999999968	7.04985545045	8.77417053604	
8.96387448166	7.83099797203	8.98606902106	-0.786062989679	3.26388255771	8.99950583455	5.27755209377	8.99999868811	7.09078927503	8.86425155426	8.99999974196	8.68297258699	-5.40920706544	-3.68938691437	7.25585156697	8.97863924903	
8.9922603524	3.16123114418	4.4104293533	-0.638735327037	2.30096562563	8.99987872775	3.56893125462	8.99999976875	5.35453736471	6.1069416482	6.37783333445	4.3730609621	0.474443284747	2.19568968379	5.11208730666	6.8333337057	
8.99999999998	3.01974791822	4.26150057573	-0.661999888663	2.06809570179	8.99999999677	4.05124589714	8.99999999926	2.43812639083	2.89620690135	9.0	7.54890419555	7.28636409892	8.99999999999	0.411864664975	2.14741123265	
8.99999996864	2.84570018035	4.23605323303	-0.364945578004	1.64644933248	8.99999983412	8.01872811296	8.99999993235	1.91413719278	1.55703094442	6.29167802964	8.99999999946	7.3183314882	8.9975419352	0.407589636955	2.13425008603	
8.99999227042	3.18954253364	4.42434459662	-0.66040430562	5.39206860711	8.99999976875	6.50764709736	8.99999976869	4.7163688229	8.61486003584	7.33167904232	8.24062750977	4.11470630367	5.83595270271	-0.000488896616584	1.72075750243	
8.99999999895	8.69713172261	4.4753795816	-5.99999999997	8.99999999599	8.99999997071	8.99999999613	8.9999999857	1.73735842892	8.99999999601	5.57584224308	8.99951656848	7.22986857544	8.96661992375	-0.757508410599	0.976122678695	
8.99999976179	8.55607561108	4.44111282468	-5.99879225434	2.53721865703	8.99999976875	5.55483941129	8.99988567136	3.26403054093	4.26617869232	8.16753596598	8.14617290892	2.81283877001	4.53408516906	7.27875338186	8.99999976801	
8.89821464898	8.99999999998	7.257949522	-3.72305467523	7.89010092295	8.99999998073	7.75152778804	8.99999999575	2.57846696231	8.96309320655	6.87496912716	8.99999999979	-5.44681813234	-3.72828026127	-5.99999999996	-4.27300186221	
8.99999999517	8.69569425305	4.55483705892	-5.99999916824	4.80101423932	8.99999996855	4.74393907901	8.98256800218	4.42344214594	7.71374453646	9.0	8.14240844317	2.35586140307	4.07536192599	-5.99999999989	-4.27256669768	
8.99997250122	5.49847365894	8.99999976875	1.65959616489	8.99414149827	8.99999976875	5.45517169788	8.99999976875	1.74239393051	8.99999976899	8.99999980225	8.99983798145	6.81259517611	8.53381551336	7.27847086436	8.99996746154	
8.99999976875	3.12526719341	4.38555005614	-0.613168449578	2.07945848179	8.99999976875	3.19307804498	8.99929349979	8.51085510896	8.99274304209	6.47908320387	4.13141555417	5.92045721111	7.64170361016	4.24076393038	5.96201032943	
8.82268536864	3.03930980879	4.28428418958	-0.778820632168	2.35872378747	8.99998713037	5.02304606164	8.96889503545	2.18989767333	3.00103428525	6.06386015627	5.46423496885	0.32094240183	2.09627249721	2.1772445793	3.85359603156	
8.99999976875	-1.36849738373	8.99999976875	8.73605438343	1.43020888955	8.99872784113	1.72466698412	8.99999856791	8.92500500173	7.30499964053	6.19971968048	3.2055257166	7.28116183569	8.99999976875	-5.4585096616	-3.73712707716	
8.99999976851	3.16113672452	4.34411373857	-0.693713508821	3.31370445468	8.99973435737	2.96194012268	8.99655115292	2.0263167544	3.71786373953	7.33300338707	4.78574694821	7.25859183485	8.97942883191	-1.71123191152	0.00999900526854	
8.99999990087	8.98247044583	4.7859370397	-5.99999994858	6.36327191973	8.99999981054	3.28450694352	8.920936307	3.11471062297	7.94348899246	7.46373309833	5.17285796194	6.55566246268	8.26769195298	-5.99999999997	-4.27965550486	
8.95973760707	5.28342199423	4.4000457824	-2.78935816106	2.9042464254	8.99999996946	2.58538371468	8.99999999518	5.40667340242	6.76257457184	5.92836215773	2.91736997971	7.22810030743	8.97671021591	-0.126847534408	1.58865622217	
8.99989171955	3.15337591268	4.3829042689	-0.649461647347	2.32536672624	8.99999976875	7.64254525535	8.99999976875	2.51988134294	3.27271819892	6.41831149311	8.50792196276	-5.99955316077	-4.27830676244	-1.15386514221	0.567381256838	
8.99999976875	8.49390342757	4.39555850351	-5.98844988007	4.52010650943	8.99999976875	4.80188783673	8.9999494358	2.74625140228	5.76144160267	6.28790365726	5.49063043741	-5.99999975341	-4.27875612357	-5.24821564675	-3.52696924965	
8.99999976563	5.36724330558	8.80844424291	1.55023363092	2.61099077132	8.99999151247	7.51886313571	8.99999971324	7.90465279899	8.99998735999	7.04871339079	8.98302104664	-2.68030782205	-0.959061423007	-5.9996088328	-4.27836243375	
8.99999999939	8.4933736893	4.34327610177	-5.99999999999	1.73945409055	8.99999998634	6.43080978035	8.99999999716	8.99999999876	8.99999999876	7.59244730878	8.57156290269	1.89221996287	3.61623093399	6.89506003629	8.61812418945	
8.99999976875	3.13843904924	4.40226271021	-0.620237349119	2.22584750928	8.99995749838	5.03690962451	8.999999705	7.15422678552	7.82126878263	8.74431668713	8.22492536875	7.26510854023	8.98635493929	-3.10849301896	-1.3872466199	
8.99999976875	8.54422759642	4.42482512054	-5.99996399557	2.83233069262	8.99998696596	2.99689190372	8.99999976875	3.64327581097	4.94671882458	6.31487442694	3.72207171138	1.8944652163	3.61571161534	6.65393180222	8.37517820127	
8.9999999853	9.0	8.92802593152	-1.91545705499	8.99999773697	8.99999984583	5.45251729206	8.99978064197	1.74182909627	8.99999997544	8.99999639284	8.99877082075	-5.99635987282	-4.27513556795	-6.0	-4.27874111335	
8.90808865879	8.3523342227	4.33790902746	-5.99954991793	8.47792769363	8.99999837757	4.35821498074	8.99999976875	2.10324068979	8.99999976875	8.99381785791	7.79945746718	7.29127084956	8.99999976875	-5.90428353203	-4.19280330593	
8.99999732189	5.47462979742	8.99655871861	1.62621825318	5.06076762135	8.99999976875	4.64055837758	8.99999953374	4.40574734683	7.97614872474	7.17258178723	6.21321976713	-2.03266508538	-0.311418686329	-5.99999979933	-4.27875340028	
8.9996589299	3.29620632253	4.38581747952	-0.779384015648	5.15669624528	8.99999986611	2.94104080296	8.88547593996	3.30510820767	6.96289469395	6.31452698172	3.7339411234	0.424061376592	2.15060253117	-5.99999801464	-4.25648865927	
8.92130580449	5.45668399743	8.99999999985	1.6118770746	2.53671643523	8.9999999782	8.80332076147	8.99999999405	7.95874096976	9.0	5.85772000162	8.99999999944	-0.0557249448405	1.67727326473	5.43147641966	7.14174355342	
8.99999998475	8.82958921477	8.99709469883	-1.67594913667	8.99999997369	8.99999984262	5.45392206508	8.99999865912	1.741879613	8.99999997455	9.0	9.0	6.22280660594	7.94404709678	7.27882595526	9.0	
8.85067157531	3.07101583193	4.4073494766	-0.67477541406	2.24574508399	8.99999993702	5.8946964536	8.89628346516	7.90483754616	8.6123024337	8.6296068455	8.99999999994	3.56353668862	5.28621148836	7.120674969	8.85030937252	
8.99944650162	8.98596981289	8.99999976875	-1.85807715616	2.45279865759	8.99999976875	8.90230961368	8.99999967502	8.04972625277	8.99999976875	5.72900801856	8.99999976875	7.27878403322	8.99999976865	-5.29272368973	-3.57147643018	
8.99999976875	3.1700403191	4.41143053319	-0.645032216554	2.66736322315	8.99997329601	3.73017529207	8.99999976875	2.72257742195	3.84821963457	8.03453584126	6.19652903675	-0.472636226686	1.24861017236	2.08257337779	3.80381977683	
8.9999999984	5.06788706264	8.16166933846	1.21876841766	3.40711769728	8.99999997491	2.91699404397	8.97416245129	2.5124296137	4.36626953942	8.50638623465	5.8754516293	5.49925042493	7.21900321498	7.27596663532	8.99999999999	
8.9999999987	8.70676472868	4.5649150417	-5.99999999997	6.2782825985	8.99999998217	2.74713954491	8.99999999567	3.48096317213	8.20976873887	6.24283758656	3.38344950885	-4.20212778082	-2.46843357867	7.2700318001	8.99999999992	
8.99971804707	3.21156768424	4.42075122325	-0.664616542958	3.26054680184	8.99999978568	2.77583660631	8.92290060061	2.67854695128	4.38701662473	8.99998426571	6.25644236484	-2.27553687871	-0.548901770824	-5.99999999871	-4.28406775577	
8.99999976875	3.19021063171	4.42145770845	-0.662056416377	3.25798077719	8.99993379759	7.27245032981	8.99999976875	7.23785877574	8.99809793566	6.79413804916	8.46801098093	-0.796518480331	0.924727918717	-5.96401228752	-4.24276588847	
8.9994755258	8.96101119314	4.85345563327	-5.95097609051	4.30478515597	8.99999976873	3.92154443215	8.99999976861	6.23076484366	8.99999976875	8.98500443075	7.28943520297	-5.86861501929	-4.14933731802	1.22875106338	2.95220109951	
8.99999991581	8.99999995738	4.81818949815	-5.98790296221	3.07787906313	8.99999983255	3.97853642074	8.986670593	3.16478150709	4.69398465474	6.49178919789	4.84634449908	6.99041008429	8.71244779571	7.27685951484	8.9999999999	
8.99709908994	3.15795327326	4.38141745825	-0.653504531032	2.38687932659	8.99938157974	3.16204555259	8.9999967902	2.39314521005	3.18799858834	6.34664816643	3.9633513561	7.23123019376	8.95247659281	-2.48126512259	-0.760018723544	
8.83955321204	3.11790022985	4.31566435849	-0.802055894005	8.05941981503	8.99999980603	2.90101904672	8.79126344553	2.34095040332	8.87911876745	6.05896199097	3.49417371268	-2.18352239458	-0.468631724549	-1.31053015428	0.406103591231	
8.99981502977	5.48580999699	8.99743224908	1.63540608544	6.17312904994	8.99999976875	2.44365870288	8.99999006022	3.3016537861	7.90432013016	7.35923035693	4.24571223252	7.27162238542	8.9928701204	7.27906354843	8.99999976874	
8.99999999077	7.12819847066	4.34833302919	-4.63910062191	2.63761234079	8.99999981036	2.99364441846	8.7652862855	2.39455563788	3.48118535218	8.99999999923	6.60783932305	2.02749096649	3.74612798583	1.4225922763	3.13947994502	
8.9999999992	5.4816650696	9.0	1.62857974238	7.77012420381	8.99999998544	7.77629950524	8.99999999696	2.67581110377	8.93727745415	6.81593732471	8.99999999999	2.43624146087	4.15868907005	-4.56284484756	-2.84184075712	
8.99999976876	5.44913570092	8.99173914836	1.66996499682	2.24813001217	8.99967790509	5.11691922908	8.99999976875	2.34190494217	2.99414521744	6.22816637484	5.80366490324	6.79341579469	8.51466219374	3.53887004838	5.26011644743	
8.91661017119	3.26193803929	4.38949518142	-0.80592130856	3.03526814963	8.99751187702	3.98602944027	8.6228296673	2.22620841325	3.74233301429	7.26120209811	5.94806464767	-5.50763574384	-3.78639869063	5.68950649746	7.41070096582	
8.82545909204	2.80669435548	4.19797398887	-0.623602785288	1.6309400976	8.99999454857	5.64022013196	8.99999976875	8.99013187079	8.86126735028	8.83599119241	8.99999976875	-5.99999976861	-4.28350735907	-5.012198064	-3.3093994812	
8.99999976875	4.31224424366	8.99999976875	3.00509446309	1.58491648603	8.99835020705	5.06361843109	8.99999976875	1.58142516984	0.853876945096	8.89702840206	8.82240572948	-5.98718106848	-4.26593460456	1.2749965442	2.99624303124	
8.99999998132	3.0194939619	4.31815935754	-0.548909161805	1.73594084141	8.99999981764	3.82792923934	8.99427146068	8.99999996649	8.9988506088	6.47421300067	4.85244617282	7.27885810239	9.0	2.44254898015	4.16253187013	
8.85500333243	3.10589930512	4.42247532395	-0.701986741857	5.76380811419	8.9999999343	5.603584959	8.9552289835	4.6504554213	8.935485627	8.99999999996	8.99999999996	7.27374020096	8.99999999983	7.2847929384	8.99999999976	
8.85279684505	5.15585951535	8.60139580926	1.42233930823	2.42707669843	8.99794297603	4.41364105134	8.9067790479	2.79958386949	3.70302167106	8.99460840642	7.88618489182	4.13907846191	5.85353289236	-5.97737582648	-4.24993917817	
8.94772238968	4.8298333395	7.5910514692	0.867178917784	2.49231871937	8.99999981691	8.99999997658	8.97396631364	2.12055304008	3.05158267129	5.61340740011	8.99999997725	4.99945659503	6.71491399156	7.26427970169	8.99999999681	
8.78600675694	3.12048494903	4.664262544	-0.505527280286	2.24802489488	8.99956290309	3.05553983769	8.99999976878	2.67767237425	3.32016590173	8.1210470015	5.57337021499	4.40021487674	6.12320401398	-2.01393876859	-0.293151194962	
8.99998537692	8.45836826391	4.36466484323	-5.99606193652	3.52533747284	8.99999976875	5.72409664946	8.99999976876	2.84040454734	4.86113309386	7.69394211443	7.83636237403	-5.59141438337	-3.87280253434	1.86767199829	3.58994177085	
8.99999999827	5.25879861921	4.43223980147	-2.70143290203	2.68132868925	8.99999997316	3.25379747097	8.92786404341	7.84497910259	8.99999999998	8.98331680792	6.70909407602	-0.440874405821	1.28139989299	2.88216032738	4.6003458649	
8.99941326128	3.14340969155	4.38785430504	-0.636647843257	2.37351814558	8.99986550702	2.96347049094	8.99982647791	2.89835700778	3.69591338959	8.07105849193	5.48726785328	3.61080382817	5.33205022722	-5.95678973617	-4.23554333712	
8.99999999346	8.75190777329	4.5460446602	-5.9999995467	8.99999999401	8.99999995266	4.00132794178	8.92280534197	1.76456808413	8.99999999406	8.61412585393	7.20256599236	1.4212356859	3.13670756901	5.40363361798	7.1238252228	
8.87926992553	5.17354590817	8.57166114858	1.39580924753	4.46296691474	8.99952138464	2.94673825747	8.99636505982	2.67056009551	5.60762206901	7.62792984582	4.97542563043	-3.25872637753	-1.53747997955	1.52896026429	3.25020666078	
8.99999999931	8.21023949829	8.99999999998	-1.07427849589	8.59787788312	8.99999998537	2.63481916956	8.99999999713	2.052271605	8.99216134641	8.99999999993	6.12786188533	-2.80851218901	-1.08580692602	0.995758636591	2.71400438505	
8.99999999205	8.8754971724	8.9773022847	-1.70934408676	8.99999997198	8.99999983527	8.9999999783	8.9999874521	1.71160877658	8.99999997297	5.5489087241	8.99999997889	7.27859273023	9.0	2.54707674355	4.26821079477	
8.99999976875	6.81995921319	4.39532351636	-4.26739792588	2.70552973928	8.99999875789	8.99978332072	8.91911726404	2.96908091147	4.18500639817	5.62696063256	8.99980568415	-5.97838763097	-4.25889173645	4.50709711332	6.23399568081	
8.99999976736	3.2791858189	4.3421289398	-0.751685996663	8.99916133705	8.9999624819	8.99927141554	8.9910300609	1.70873374667	8.99999928977	5.53911339646	8.99999971558	2.14948466193	3.87730156459	4.71926009013	6.44490068282	
8.9484547945	5.40062781834	8.99490635183	1.66500243626	2.48743521591	8.99995192896	5.37352891931	8.99999976875	2.15776962842	3.05154815271	6.83500076339	6.66531292227	-1.53658067921	0.18459899184	2.48587464273	4.20734557678	
8.9998122049	8.51693977447	4.38572145157	-5.99999976861	2.37374850827	8.99999976875	8.9392070222	8.99999976875	3.63409573667	4.49641367528	5.6475544914	8.95762689498	-1.05923171643	0.662068622187	-2.0656083303	-0.344413079851	
8.99999976875	5.46683752431	8.98723368251	1.62407582271	4.55060576478	8.99999976875	4.57834990898	8.99999927347	5.40352499883	8.46303134589	8.34360500209	7.32386517977	-5.95024214464	-4.22899574559	-5.98808321184	-4.2668368128	
8.99999976875	8.99813874993	8.99999555933	-1.88432935232	3.53602178675	8.99999976947	2.73375800027	8.999978908	6.99526953179	8.99999976875	7.49443034094	4.6502024988	-5.0282787557	-3.30724613897	7.27605673866	8.99738718101	
8.99999857442	8.98043447795	6.96619901057	-3.89059555524	2.3425298578	8.99997238599	2.87323838718	8.99999976866	8.22362224899	8.9999997572	6.43966248871	3.75066103315	7.26484267899	8.98608907799	-5.99999409761	-4.27874780898	
8.99999999683	5.51019899939	9.0	1.64894126324	8.99999999397	8.99999995105	5.36595789245	8.98503588897	1.74015975703	8.99999999402	7.33663101952	7.2560934192	7.27658488907	8.99999999999	-4.30426390903	-2.57820371412	
8.96798281741	8.99999999997	8.90475702306	-2.02151269234	7.29726679548	8.99999998134	2.91857520508	8.99999999637	3.2128337659	8.99999999997	6.98205409251	4.30678507067	-1.92723483756	-0.216953682527	-5.97832777136	-4.2544881454	
8.99999976875	8.84643016201	4.66848403873	-5.99983028828	8.81909565734	8.9985050585	3.19786121633	8.99999978083	1.88491781749	8.99999976875	7.20149111785	4.8947277743	-5.99652458376	-4.27527818682	6.66144191082	8.38268826959	
8.99999998813	8.99999999762	4.79738713435	-5.99999999762	5.84651451943	8.99999993954	2.53335454959	8.98878707211	2.38305944865	6.56865864543	7.86382814493	4.83329463626	-5.88679924612	-4.17149733439	3.93264220179	5.66052829238	
8.99999976875	3.18657012487	4.40179516158	-0.665969067646	3.31195946769	8.99999995022	2.91817478306	8.99999976875	2.4964386638	4.25154005434	6.74242931403	4.09627971886	-2.90323815203	-1.18199175298	7.25661833965	8.97786473869	
8.9999996683	8.43705684685	4.33227692382	-5.98063129733	3.75761742858	8.99987242479	3.75184098587	8.99804881366	1.9236063379	4.05514518005	6.98026286183	5.22443269066	-0.26148403948	1.45976234454	4.34233138154	6.0635777911	
8.95367928296	3.29202834134	4.45449166564	-0.716697731302	4.23310076324	8.99998175442	2.45049410494	8.73505498515	3.71130505247	6.41282822729	6.99446437245	4.04738480331	-4.51529116922	-2.79745997011	-2.25636333045	-0.528391626474	
8.99999977425	7.43337402251	4.37203054627	-4.95061106566	8.24353912527	8.99999992983	5.43880821429	8.99999976878	2.30148531649	8.99678421416	8.99999996035	8.88261481444	7.27587694743	8.99999998362	6.7133918846	8.43081931813	
8.99999999689	5.33976056293	9.0	1.83354930655	1.70265305825	8.99999996004	2.78326402072	8.99999999316	8.99999999238	8.88567462466	6.55942622904	3.93067083421	1.15495713695	2.87318029967	-5.99999999997	-4.28310846387	
8.85654601511	3.05212666596	4.41167352482	-0.636379109163	2.37541927204	8.99999986765	2.86615759387	8.99999994807	7.90194051208	8.7174463683	8.28600527646	5.54758745843	-4.71368342703	-2.98947080136	4.19076090382	5.90802950363	
8.99362432266	8.46858827743	4.38626020929	-5.92448624348	1.74035403344	8.99999995034	3.44672060605	8.99999998846	8.99999999327	8.97861455367	6.97399205959	4.97098247352	7.27895045187	9.0	2.70460791773	4.42110913416	
8.99999993463	8.99999997688	4.75693747982	-5.99999997777	8.99999996367	8.99999983121	3.23099311425	8.98300183681	1.78209619967	8.9783220865	9.0	6.76448031585	6.53243448374	8.25316600895	6.81636060017	8.54053591901	
8.99999976621	5.73715411717	4.39123157107	-3.21846691659	3.35689566288	8.99999978118	2.567525055	8.99955695542	2.75309812467	4.54527924745	6.13467448044	3.1286128481	-0.961684192535	0.759562212626	7.27847049845	8.9997168981	
8.99999976875	3.14476485493	4.39449312925	-0.627519297597	2.34192131368	8.99999976875	5.49404007886	8.99976397715	2.34847008012	3.09517697795	8.99999976791	8.95971842783	-1.2948310419	0.426415357145	7.27030040164	8.99154680068	
8.99999999354	5.51715805771	8.84823753864	1.4770023451	2.91166125308	8.99999981485	8.99984434347	8.94100133269	2.77967351629	4.20858964143	5.6343333576	8.99999997121	-0.570118003409	1.15131652593	6.49855652309	8.21937127109	
8.94094504986	7.58382320849	4.36771582656	-5.13596498663	2.42819964127	8.99999997794	2.66801248198	8.99999999537	2.32391124703	3.13229830038	7.23348168712	4.34676108434	-2.80931570887	-1.10958107968	-1.46344882086	0.268529166982	
8.74678459018	8.22777899114	4.34809370656	-5.99999999975	2.18271097723	8.99999997251	5.88184111916	8.9795378609	2.22800915555	2.81710988421	7.24530650449	7.56137509091	-0.905610100161	0.803843977513	-3.47626303015	-1.76133951811	
8.99999999891	5.09804225717	8.26255810956	1.2835643957	2.22901541019	8.99999997084	3.4296593205	8.99966335997	6.9546062999	7.62653678041	6.21781681825	4.07645613527	7.29055799883	8.99999999974	-2.63270635049	-0.917379776729	
8.88789640674	8.45144176019	4.43267533799	-5.99999999996	6.52758568103	8.99999996996	5.46457191102	8.99999999534	2.59755809943	7.61022288876	6.63709826717	6.48105220287	7.29062481866	8.99999999971	7.3074070423	8.9999999983	
8.99953623687	3.18403020735	4.41566903046	-0.656496123081	2.89579397505	8.99999977365	6.77198087912	8.99999976875	2.87097376442	4.24654073681	6.84390894606	8.03228419569	-2.27825912832	-0.557012729273	0.464976693091	2.18622309214	
8.87929374471	8.54280680487	4.53029964243	-5.94071138976	3.7393751954	8.99999979133	2.95234335149	8.83711697059	2.25954648222	4.44111784791	5.9720266994	3.41647158048	-3.82920238217	-2.1086912364	-1.6987446066	0.0331050577533	
8.99999999989	3.01360346389	4.33220553532	-0.52792934869	1.74209388827	8.9999999972	3.67556704456	8.99999999947	8.99999999977	8.99999999977	8.99998191534	7.22126500365	-6.0	-4.28316102785	-5.9994919354	-4.2788300365	
