2.78881337456	6.37029589003	4.50399487321	0.909266066564	3.31202184749	8.99815012405	3.37583927991	-0.700767979255	1.6894081506	2.52640595425	6.44813760259	4.13052859151	3.6292166363	5.34986058346	1.39188468318	3.11237925792	
8.15366871405	8.37912310057	9.0	8.77482487385	1.83920675392	6.25738209834	2.86024288762	8.99997009966	4.29079285418	-2.46826810038	8.99725852268	5.31604345217	7.27858702861	9.0	7.19885489989	8.91994520158	
8.96640512482	9.0	4.82836309947	4.86970977342	1.48436318185	5.81721739212	5.54349685999	8.79212048419	4.66870099376	1.0394025346	5.30294242962	1.25785074961	2.77840125985	4.48053950727	-0.0173429167371	1.68403713777	
3.87877630905	8.90040842568	4.49174294603	-0.533297388996	3.19317720527	7.57437178038	2.13780040373	3.42788148737	1.81426406228	0.801408344056	5.67464468551	1.13563036877	-2.94827851111	-1.23029834833	6.38888651962	8.11189030955	
2.05285983031	4.60046823153	5.32792968622	2.82376037716	3.99007412091	8.78051592875	2.65876412664	2.31736905877	1.86587840894	0.622030192853	9.0	5.80550362005	1.40658091384	3.11916878701	-5.03828228518	-3.30196921107	
4.63005452899	7.09189236762	6.08028014937	3.50706158564	4.08762692761	8.70129525366	5.61886362733	2.04459225789	1.62355522554	0.779935763422	9.0	9.0	6.43027702924	8.21740165243	0.566951455105	2.30081394315	
3.28656169108	6.52676599586	8.95617490718	5.87384056442	8.76431659788	8.99766800909	2.28256686183	1.52024255365	1.61539440826	5.6537731449	6.28131382272	2.69644091041	-4.17995847311	-2.43162214199	-0.305699654975	1.43015687985	
1.59402532365	7.24990048615	4.48567970071	-1.15187578341	3.23945213963	7.53416983388	4.27947127523	2.13680831072	7.33719914623	7.1746441002	8.98412092561	7.07075199269	0.252526280461	1.98318682394	3.17016896573	4.88803113769	
9.0	8.48805108282	4.77024190852	5.27985083552	3.9519562101	8.38134324053	1.85843063081	8.94478771466	5.32609660542	-2.03562520764	8.02852882032	3.99177832702	-5.05289235948	-3.33231947676	7.18011283186	8.90204537054	
4.32296956471	9.0	4.50757138201	-0.168087297358	2.12721949252	6.21807510425	5.86264365101	2.58848699042	2.00494414	2.06291413962	5.65774534642	4.89726505524	-5.56077652624	-3.83653612028	6.72552535947	8.44786273565	
5.80190938364	8.99376827264	4.40458222943	1.46141425567	5.35042784022	9.0	1.54298977625	1.24127697045	3.66948021271	4.13678662356	7.28828669394	3.37827335643	3.88914973071	5.64252535833	4.65155040748	6.32262767806	
9.0	9.0	5.45342096971	5.45412685802	1.54337340847	9.0	9.0	9.0	4.40158371052	-6.0	5.97285770991	9.0	-5.99967723432	-4.27816517446	-5.80405454447	-4.07837416346	
6.64782148197	8.90483669238	4.51938837502	2.26227230819	1.59281716785	8.66580833297	5.82794415042	7.24342932794	3.32083001281	-4.50128542441	6.48514898966	5.93311688288	-3.15379780786	-1.43174067234	7.27882007823	9.0	
8.22000179443	9.0	4.53871064602	3.75103028287	1.58676382849	6.00845349456	8.21682887464	9.0	4.64632670301	-2.11811181226	6.47021333375	8.14979064494	-6.0	-4.27963447506	7.28077031588	9.0	
1.57447291	9.0	4.43562335163	-2.98541955865	5.28756982304	8.26041376361	9.0	2.61246875506	7.47963678709	9.0	5.73519847219	7.7199341967	2.17956700597	3.89228160153	6.04090002323	7.76345298923	
2.44775989105	5.76130635041	6.83693583283	3.61715263476	3.075952877	8.66394677904	2.62639497276	-0.505790849548	4.55879003032	5.94515988633	5.62694174641	1.80416749107	6.36096567314	8.08128870782	2.05794948807	3.78721073115	
4.85535601051	7.38982927302	6.4090621441	3.84913350173	1.7811517159	6.2718772295	3.99197145824	2.51165148061	2.04892781663	0.910298190089	8.6127051395	6.81837898476	2.65489863736	4.3903884228	0.231568545577	1.93693420154	
2.75369423922	9.0	4.5223592535	-1.72079090922	1.86115766954	9.0	6.37442646676	-1.24923695031	6.25873414125	6.12124575095	7.71718961661	8.4538694577	7.22019938337	8.94152024364	-5.84190790796	-4.11985107374	
9.0	5.18183241086	5.18023183124	9.0	1.59103774066	9.0	4.21948137013	9.0	8.43746999845	-0.243779894923	5.63523324819	2.24115448561	-6.0	-4.27933991638	7.10560985649	8.82661437548	
7.45268360863	8.10679764277	4.75174938128	4.15178159412	1.77076613357	5.66643218865	1.95096021069	5.03561541622	4.48823165279	1.94500315248	5.37025669716	0.92129307097	7.1162374311	9.0	2.40678752023	4.09959300924	
1.78361669856	8.94981558415	4.52841078095	-2.63579323095	8.39814839728	9.0	2.26560844304	1.50034031651	3.08224295935	6.90597844002	8.65302575344	5.10465282978	6.35454962041	8.07602514	7.21078583035	8.93229743177	
5.10683094801	6.50262410198	4.23020584643	2.8934926986	1.55591686413	6.40099793634	6.13859350001	3.62629291211	6.95289673029	4.70036936426	5.68485294159	5.61832941528	2.32736718741	4.12042395161	2.87864901295	4.60273341819	
9.0	6.01065347731	4.3770734531	7.33962987512	6.80619112443	5.80620957705	1.88595974105	9.0	8.95532393804	7.87982079849	5.56025548637	0.630530022153	-5.99796835997	-4.28257880693	1.01305683713	2.71859373477	
5.43982154295	8.99958296034	4.47991300162	0.912303105818	1.70048931062	9.0	9.0	3.80340526724	4.40406912163	3.89665977796	5.6325931007	4.15637292335	2.36874968869	4.09621421774	4.57891198896	6.29514804936	
1.94809199611	5.20907868755	4.41553835674	1.13705274838	8.89635356135	7.62617153914	4.90849987591	4.96995728185	3.1038848851	8.89032220666	5.82917564307	1.26685260867	-0.234334219483	1.43758767682	1.90319958895	3.52938719634	
1.87119471674	7.49707414848	4.50068334747	-1.12485696238	1.99358403297	9.0	6.16528113725	4.30226296939	2.69718224377	-0.17378312917	5.98152544253	3.82491661323	0.200153335227	1.92211994659	2.90830428747	4.63164554121	
2.16646391064	8.59849286966	7.65889188006	1.2264776163	2.60897498458	6.96887430541	9.0	9.0	2.03058809837	1.25934323216	9.0	5.53072492736	5.10803500877	6.82754586595	2.43447029342	4.1560779625	
8.29263883944	9.0	8.99404405369	8.28474647981	4.96842345441	3.71824102054	2.08531658456	8.6180031148	7.82842625011	9.0	5.63198951573	-0.70276689954	2.45953468955	4.1801314484	0.296799221784	2.01813027995	
5.74885195986	9.0	4.33985105938	1.02505334173	6.88350915189	8.99987870894	9.0	9.0	1.44678329318	3.57739734386	5.35667159105	1.1855219216	-5.90054713884	-4.24201544199	7.27768735608	8.98649810531	
9.0	8.99976456047	4.54671074564	4.55073888913	4.55254339518	8.95482458249	1.85584720052	8.90594239342	8.98826849555	1.72867739951	8.00997428441	3.93561813032	7.28525350332	9.0	7.13173710694	8.85475136814	
3.78566204542	5.72961273236	5.76381574217	3.81627344766	1.6408777211	8.77623029385	5.25517962278	1.44860508866	2.59548683978	-0.182204186003	6.53583065531	6.10658546854	1.50429997491	3.22418223371	-3.05384137874	-1.33390400936	
1.59278834895	8.9996646434	4.522108711	-2.84811050015	4.78283217565	8.99409885284	9.0	2.00498408922	9.0	9.0	6.17687992975	9.0	7.28971239382	9.0	-6.0	-4.26916305001	
2.97376043018	5.38185937393	4.43240512607	1.8518235884	3.84751677601	7.74072503258	2.92123986507	4.13875676083	3.43526712444	3.2581142623	5.95221208201	1.36116170948	-4.96993853769	-3.19970931044	4.30829827038	6.15124488758	
1.59258766336	9.0	9.0	1.55886631386	9.0	7.85400216213	8.0138748788	3.86604931109	3.52208513248	9.0	9.0	8.999971618	2.00944030676	3.73075973222	-6.0	-4.27841130143	
5.80882189191	8.99998824915	5.12695129592	2.01157775939	2.23306596072	5.85673736909	2.86641838282	1.82305677617	4.93940084552	5.45907558334	7.22863212672	4.15306163963	-5.76932939115	-3.9934639742	3.70537410156	5.54383150266	
2.00049460777	5.00549363907	4.18838098654	1.25114930492	3.43982940882	7.723620423	1.88409584606	1.9883929814	7.33697265253	7.18723747206	5.60017746644	1.37878649591	-1.19066454863	0.536239858866	3.5722288376	5.30770270499	
6.38727961095	8.96641209877	4.50625410667	1.9297153864	1.59228958146	8.97954948231	8.99981899869	0.885459922794	3.76003620748	1.49988864079	5.90182001161	8.99971294566	4.64120872012	6.35579474928	-0.521856150709	1.1987358956	
2.06772884175	4.78916689375	5.0250848625	2.33965532237	1.97643075071	6.58029524147	8.23438163565	2.83151452136	4.76206838636	3.77647923087	6.33358855283	8.16100386007	-4.60902376202	-2.87617881953	-4.10331565506	-2.38396273729	
5.48835577734	9.0	4.84971334198	1.28278772167	2.25870476285	8.94986640289	8.4937441993	3.61079784211	2.53406658952	2.91615645574	5.84094398972	3.87810973497	-0.0957238875861	1.66473069058	-2.66932059258	-0.915692395456	
3.4505275427	9.0	4.48183392375	-1.06232028717	7.09223634567	7.52609067416	1.62710036961	1.2494077835	2.90490186673	6.91480134108	9.0	5.04061163363	-5.43173706173	-3.71146986129	-0.957871499935	0.757712358617	
1.77935068405	3.94442946233	4.4824722432	2.31609929618	2.04182659111	9.0	4.82487731626	1.85232735483	3.47396816411	1.03754619878	5.94443297324	4.51358793819	6.82430522841	8.54301044078	3.98893414167	5.71061886282	
1.63376534245	4.9424066576	4.34373896007	1.07597870097	2.86784604659	7.01518197797	9.0	3.1423867528	9.0	9.0	5.60422548992	7.3686373868	5.05528599676	6.91313094818	0.32252225423	1.98191590021	
6.08447219421	9.0	7.20661400322	4.22351023422	3.62289168391	8.05443120739	2.16394949791	1.79530564257	1.68107108613	1.56494589209	8.98273309927	5.27578463404	5.10568222244	6.79421021607	7.11510820067	9.0	
4.87345082294	4.8860669005	4.99500174822	5.01066509432	1.47896624116	5.98126070973	8.73833495285	6.9942571852	5.84103888431	2.29582962028	7.34917954717	8.30551569265	6.44688936445	8.05967326699	4.66260452326	6.40424232367	
5.84110455504	8.88526107518	4.7192185449	1.70867364121	3.63788805678	8.37821196183	1.62813460103	1.56545147786	2.82635684341	2.30308708011	8.94683853838	4.86731307674	-5.94173819853	-4.18437225183	-5.99265127383	-4.18649235527	
2.17526641987	4.60390590047	4.66887192318	2.22602140779	2.75940919533	7.39445164686	3.01107108081	3.02081625193	2.0870919638	0.921550649254	5.75471150911	2.36853639409	-4.56054748494	-2.88126109976	1.26483250892	2.99184825332	
2.85816916809	8.31982633892	4.53787603223	-0.917431895153	1.91721180321	7.69333626387	5.59974899806	-0.0729207200301	9.0	9.0	8.99479205242	9.0	5.40384197689	7.11932886688	7.25992899526	8.99265879779	
8.98013932324	9.0	4.49884945156	4.47199244311	1.60260263431	8.98948764975	3.17193153184	3.81710163686	6.91309829426	2.1006754579	5.74327759543	2.64914069932	6.22253229985	7.94161143372	2.86767001734	4.58830527249	
4.33723626614	7.83371113353	5.7022312503	2.16619016143	6.29986043209	8.98197482228	2.28742789365	1.76851388044	1.76775464433	3.31270944186	6.55819867039	3.02446624742	-2.19937244576	-0.450574473474	0.451903110016	2.14099804795	
4.26147323124	7.65372296809	4.42368551247	1.0428680108	2.41987134293	6.45609683023	1.89123329239	1.65504902081	6.4707182135	6.90576744834	5.70466637126	1.64577132762	1.75296547731	3.47786235888	-2.17294180383	-0.432889584009	
1.68137200784	9.0	7.71432505244	0.403292067587	6.86718132944	6.74235615188	7.29898542143	2.12968943555	3.29231894003	7.82308846192	5.9419171208	6.81019228383	-3.9490993005	-2.22307111116	1.1156157553	2.83662600025	
6.00754862489	8.99430568286	7.13111368838	4.20269801611	2.12837755077	7.634361382	2.34899654827	2.58188169904	5.22663734253	5.49237345022	5.6679488426	-0.266142949136	0.435221141097	2.16120676932	3.94400908514	5.67455059022	
1.96489504472	4.54119807094	4.45957105579	2.0114808671	3.30639252897	7.69487451798	8.81893351308	8.99536885478	8.19665301456	7.1612065635	5.73305441702	2.02345773251	-0.744818679084	1.00428533272	-1.61112197329	0.182249638965	
3.30278766279	6.09065681338	5.41258472434	2.61549271395	9.0	8.99785348294	2.47402103231	3.20601982152	2.01403627644	9.0	5.60582931709	-1.99228416755	2.26229119992	3.98356319868	3.28281417733	5.0021110724	
4.24218258909	6.00506990193	5.21251184875	3.45668355596	1.69140545521	9.0	3.91259530008	5.66174059442	8.81231465933	7.58338252389	5.70671592447	-2.00415421178	3.25862493084	4.98362434961	2.40577927548	4.12308950027	
5.12926739387	7.80228941105	4.69025792529	2.01655407633	1.67840602663	8.98686628208	9.0	2.42148704593	9.0	8.38876826722	9.0	9.0	0.536448708486	2.2576104034	7.27809181578	9.0	
1.56442590393	4.69154738083	4.19776139901	0.98982008815	4.66551771993	6.60621756498	6.09197996707	5.25433089627	4.74422328328	7.05015474829	9.0	5.87305281155	-3.62852600648	-1.83340219395	-5.11877871402	-3.44750409408	
2.50180425215	5.73755919415	7.98801665695	4.85423993025	2.15756147519	6.0094714212	5.98229968385	5.23819139181	3.94533680945	4.25701289687	5.8033326181	2.38552341081	1.99211841471	3.73459686843	-1.06766139068	0.63265114106	
2.57574410707	8.93590118222	4.50628518541	-1.853818667	3.91742566127	7.41733624929	2.4926850524	3.02243038544	2.00403494694	2.87188940183	5.66288591491	0.882658889116	-1.22086377013	0.500132898214	2.5996186039	4.32116268486	
2.37473287189	5.54262407367	4.43675731991	1.2565196905	4.67100833242	8.92909551063	1.73225240388	1.89373911387	9.0	9.0	5.85527976266	1.46261066546	-1.77414217506	-0.0023521738795	4.86363821895	6.69376709664	
4.6928420056	7.52888153607	4.9522863154	2.12391607519	2.03541027589	9.0	2.4183433464	0.529634230248	1.90037393782	0.130255646778	8.73227796945	5.53466873	-0.421415928113	1.30154683609	-1.85116374293	-0.130888852004	
3.28361376364	5.79843384491	4.76281209686	2.0941804804	1.6543928832	6.52596473534	7.06588206483	6.18990338899	2.19942929249	1.25271001584	5.54488130505	2.76765296177	-2.66817886644	-0.920065345996	2.74323561094	4.54746693798	
5.45141597766	8.99285187916	4.58930017543	1.05332632865	1.9158628328	8.91244644483	2.96279739862	-1.24120163428	9.0	9.0	9.0	6.32477358693	6.20052929755	7.92349546507	-4.36434313798	-2.63654445082	
3.8149096398	7.09793186784	6.01772394901	2.8723779936	2.23269177476	5.8005106173	5.47304937257	1.255417606	2.60930476308	3.10887631957	9.0	9.0	7.21207054274	9.0	3.80377211834	5.53367473408	
7.26101141036	8.99925918575	5.21817839143	3.4844406433	1.62005023488	6.05143402368	8.88656848083	8.49215472575	2.86133686421	-3.04955169379	7.02285052558	9.0	3.16547859403	4.88754401598	0.243889631871	1.9624512002	
3.60355185874	6.43303537606	4.32720864682	1.39137364898	2.65800930609	6.80678643852	5.89230035208	4.61628437034	1.5187845483	1.39419789673	5.46619364319	2.95095973434	-2.96391689576	-1.17645033504	-0.950826874865	0.755735819637	
2.6674829827	4.46653116822	8.15922024809	6.34389404245	1.8313649267	9.0	2.66499246817	3.04968384072	2.64349800223	-0.259895600318	5.60424044005	1.09643589244	-1.56762888567	0.133976255438	-1.09143359043	0.642648677595	
5.64851276061	8.92459065478	9.0	5.8222426866	1.88782947218	9.0	8.62272323604	7.29464591301	9.0	9.0	5.63511785124	-0.12784905002	7.28020272708	9.0	0.89044444075	2.61222594998	
1.92213790609	4.98801245722	4.42882289597	1.34881327821	3.5731155748	7.06869814452	3.32238150504	3.34058577621	2.32925328973	3.04875121711	6.72008762481	2.64055665446	1.71172966756	3.37922767644	-3.219023989	-1.64748361171	
4.15588749234	5.06584555319	5.36479188033	4.4886500031	1.60686748226	6.31070603731	8.95654619611	7.5237875698	9.0	6.03844627825	8.9887972033	8.84307622724	-0.203562434525	1.49651002015	-2.24168965874	-0.443125444937	
2.18484512916	5.43791560599	7.41290301418	4.23957548105	6.30572875644	7.9561061879	8.14451231892	7.13444850334	2.86346664611	7.42785799155	5.61389496285	0.44920849121	-2.97321536311	-1.25829799986	7.20075389074	8.92231576218	
1.9647591433	4.74787208567	9.0	6.32192803972	2.60901593019	7.14913391086	4.9721191513	3.27081311513	1.91438050446	1.15731610949	5.70231259082	3.47999595576	3.73258238885	5.49496837729	-6.0	-4.39001286234	
6.21039596187	8.98115020904	8.95002731818	6.27682807588	2.42252911643	5.52471128359	2.2034737051	2.77039333001	2.14180131813	2.60280909197	5.33730950793	1.05747873169	-3.51290428229	-1.72666663829	1.36566741106	3.00455303682	
2.79061324824	6.18222605129	4.54074790274	1.14941878783	1.99374089878	8.44854346258	2.84614487227	2.5330762038	2.29143884192	2.15614263286	5.58574297134	-0.309822240107	0.516268845659	2.23686659245	5.83316049163	7.55202527555	
2.07895194029	8.38282485811	4.52873604294	-1.78025795275	8.99412431808	9.0	4.36267665084	3.97240556902	1.86959108723	6.27253784401	5.75877061633	1.86821071585	6.7241999211	8.4367647937	0.451900665258	2.17418553197	
2.73509705908	5.73292831966	4.42933793362	1.38560340939	4.83705140362	9.0	2.53580356732	1.44359670511	1.60417932823	1.52363383463	5.79715241549	2.78860420986	0.895712657892	2.51620655798	-0.0947055255297	1.61705834412	
6.24245639665	8.99896548688	7.42519053975	4.69540191811	2.31300217577	8.72226394988	2.25209421584	0.897640517484	1.83612548785	0.204015347029	9.0	5.65447396046	-4.44256637485	-2.71786622926	5.72821321037	7.46801028523	
1.58515808847	9.0	4.45728412054	-2.94626785543	4.90762939031	8.70291587321	7.45870442124	2.51810147372	3.34583685968	3.92172534572	5.92945110953	6.59318113761	-6.0	-4.27573111284	-5.99499508038	-4.2732607869	
2.7547278142	8.86891598142	4.53326260489	-1.58580742093	4.8834078842	9.0	2.04167968522	1.72808415118	1.85904895749	1.84185871291	8.40652532559	4.75902891463	7.1727315328	8.89518791149	7.28027830442	9.0	
4.55378501268	7.89396313312	9.0	5.74029415649	3.20256867828	8.99758777996	8.88792166052	-0.896008895507	1.72221044009	2.73139010662	5.9848729878	9.0	7.27749915855	9.0	-5.92173078827	-4.2021317811	
7.3055866238	9.0	9.0	7.21380382391	3.12279502063	7.29369508377	1.53985723275	3.37680997647	2.9599861334	1.49556539868	6.8908016811	2.55460865349	-1.07181742623	0.533125597177	1.00199569588	2.6813695649	
2.84896085468	5.86459459518	4.57504538746	1.6013277372	3.92233567101	8.99714482969	1.68472159368	2.17227021956	4.49108067133	4.01181572999	5.62221751392	0.544269150807	0.0351939261255	1.75296322037	-0.813383233951	0.891099931938	
3.50162292753	7.05545859723	4.48666420532	0.92600563282	1.85534390992	8.97160959934	2.49044799335	-0.179026635535	8.98322944761	8.79686720385	5.64352433543	1.49714056451	0.487262077163	2.21206183939	0.95283885077	2.67310672456	
2.14653333673	9.0	8.75246655513	1.89764643932	1.91112146277	6.23723006897	6.1911993407	5.64290527167	4.54793690179	4.14049450238	5.8941846204	2.64132518071	-2.4493632098	-0.728883978764	7.28071275228	9.0	
2.76015295064	5.43827748857	7.95705457029	5.29842200478	5.24785675926	9.0	2.43599060597	3.15718897189	5.06672925889	8.36383213126	5.65771847713	-2.01305746456	3.35707384751	5.08396310241	1.71961681113	3.44739297267	
1.70282764177	4.96996880991	4.44317532206	1.16163354228	2.88509804555	8.89186953451	4.34322868956	3.66409080199	3.08686129293	2.40330126466	5.63161968645	1.10403233423	0.11240246347	1.83656527253	2.66510109034	4.38757422453	
4.41384730086	8.84846286167	4.45023361698	0.00995773307059	6.42086428441	6.92198946543	8.39875655437	8.8954805185	1.62867622748	5.55559409599	9.0	4.19436585364	0.894379754877	2.61600467787	2.80328226061	4.5232884576	
2.89097788549	7.99981039294	4.53921422121	-0.568937071495	4.60170323617	9.0	8.25835828497	5.46691096816	1.61899659394	0.0938910117211	8.95008235179	8.98417861456	7.27329814173	8.99457968142	-6.0	-4.27929306347	
4.01844081343	6.27627143459	4.65035990855	2.38912611752	1.66804393468	8.06414158971	2.90035138677	4.19668830992	2.84402606494	1.66883929901	5.56078317529	-0.849024336386	0.418122622725	2.14031197866	-5.56719909751	-3.84418335007	
8.99301276054	8.53329441482	4.37867760332	4.9418241671	4.49607363281	9.0	1.59847382618	5.27218487103	6.06827343237	1.9329479952	6.31602739471	2.25512568482	-2.41671396153	-0.740772396852	-5.99008191534	-4.12717456338	
3.16027259204	5.45411116171	4.68858830098	2.34256045679	5.32064219656	9.0	2.20338412952	3.70502201723	3.35797197441	2.92434017344	5.58074788024	0.957597033702	3.11198323655	4.9862479346	0.652388323476	2.45642513581	
6.11091707417	8.9919674111	8.98971813454	6.10573326146	5.14543648281	7.95104933609	2.96046939499	3.53691101914	4.88226705589	8.42081804592	5.61948945611	-1.18376348285	-0.446445392239	1.27578878133	-2.31328027944	-0.593126939232	
2.14368476844	7.35355534543	4.40121412758	-0.829525798342	6.40658534503	6.75595824249	3.90466899416	4.19570136954	2.93668787064	7.03115628423	5.61001024474	1.00592723347	0.428775552247	2.15276093746	1.19263281404	2.90678680256	
3.72156874782	8.9997083873	7.32352555638	2.04636467769	1.60007153335	8.86510648725	7.62850731361	8.03388416762	5.73605519206	0.519733061005	6.98712261658	4.64965138709	4.90985097979	6.63099989331	-4.99731126555	-3.27541160188	
2.7264433369	6.06631238782	9.0	5.74517929611	7.25688894298	9.0	2.982893239	-1.63654007431	3.38320693953	8.99760663571	6.68282191994	3.975443578	7.22866404334	8.94865969625	7.27849771273	9.0	
2.85812388498	5.54510578595	9.0	6.30967988869	4.03569635702	6.8998127063	5.78546055608	6.58766144555	4.77077686845	6.98929686685	5.64490564764	-0.11953101856	1.5679810524	3.2885018067	-5.92441056332	-4.20472802136	
4.27706872781	6.67675099371	4.75481155831	2.46416942534	1.69283460644	6.63350915067	3.44128861527	1.97691259459	2.65013709744	1.23396187256	7.94348768044	5.80909657228	6.37318324407	8.07482529183	-4.13781035016	-2.5221543641	
4.81319097268	8.31470467742	4.45732141331	0.965971623749	1.64873391351	9.0	6.79756012293	-0.267254704002	2.8607804891	1.92851392598	5.79840286013	6.53705885918	-0.0691981515059	1.65069573327	2.58574833207	4.31176789491	
5.31633775337	8.01969218227	7.51127923959	4.92393611057	2.40690588215	5.43616304595	1.74717355282	2.51639525272	3.50972603877	4.05614063578	5.29814358018	0.903357896269	4.84921869059	6.58902779289	-4.66912071973	-2.96581674188	
5.35137261083	8.84595857286	4.73421976934	1.28187902097	4.64491807444	6.17409671701	2.19647752116	2.07809577277	2.66301159169	5.50460019959	5.56889483963	1.51108478477	-6.0	-4.1566455093	7.27870905937	8.9718226989	
