6.04500453577	8.86255315379	4.46925354709	-5.35465360832	3.40649077	9.0	2.22453438969	6.39524090493	4.86350068966	6.09572777014	8.71711468808	4.83778675733	0.194896819688	1.9147937374	7.18911043062	8.91040733298	
6.34579975653	4.44041818136	4.17879552952	-0.737932332772	2.75028463581	8.99999999853	4.32685327054	4.76304240523	2.65509027624	3.90069701102	6.53842990883	5.40998178018	-0.73385361197	0.83758334349	0.751507872558	2.47459661068	
7.6224498629	4.28834246027	4.45894373711	0.820601662284	2.09589778375	7.35697308875	2.4752996444	8.16842336049	8.98529583863	8.83106061292	5.92839061606	2.15632530911	7.31737269558	9.0	4.11819856329	5.85099436867	
7.88374924509	5.87185929917	8.56671575512	3.58941992621	3.45656718191	7.90217406732	3.03480199157	8.40675834618	1.67285535795	2.20969001839	6.32844873605	3.06103234985	3.64531103413	5.33876125686	-6.0	-4.25829200042	
9.0	9.0	4.41310397797	-2.58540983062	1.71640204566	6.20946462696	3.53302226074	9.0	9.0	8.56363834498	5.84255090026	3.40939298516	-0.648510580546	1.0892798008	6.43421835906	8.1763392744	
7.8869802405	8.99734666154	4.39503215507	-3.68140398549	3.11401236614	7.10197642895	3.73270534428	8.8670814909	1.64317241749	2.26138431363	8.93199945381	6.23122979246	-5.94649789688	-4.21568723717	4.92808135121	6.63143305632	
9.0	8.74128580957	8.88123601611	2.11302582951	4.74370188838	9.0	1.89402174938	8.99456058108	6.7450784281	6.53413080061	7.37349777167	3.34280883942	-1.86317357279	-0.166819904184	6.90174056605	8.62404251077	
5.29031029483	3.29443622137	4.44981273658	-0.518874531334	5.31068584062	9.0	8.65258915799	8.9336912086	5.2229205949	9.0	5.69473419516	4.97858422073	-0.680122731842	1.05026176025	1.02860552313	2.76523108804	
5.27142591661	9.0	8.11273211043	-2.57891129919	2.52042787241	9.0	9.0	8.80651632581	3.02468164035	3.91404560091	9.0	8.86669332058	2.44525010764	4.16743064497	-1.51826275343	0.208673326881	
8.97919911093	5.10880501723	4.17058935109	1.13250680503	4.63971184228	8.99994307339	1.61217858215	8.26166468894	4.87496066069	4.72637790358	6.05733690732	2.15479308949	7.22566641722	9.0	-0.29402818431	1.41460095609	
8.96993943427	8.13128375929	4.53745355528	-1.62053454291	4.32896433537	8.40561557348	4.51342987081	9.0	1.60232919421	1.62525618658	8.925140519	7.46041587079	4.92194015025	6.64728105604	3.9298143707	5.6518049512	
6.0414703543	3.79546550266	4.45398269746	-0.288917698517	5.51993632434	9.0	4.39139491291	7.54982932971	1.85724839121	5.47520965848	5.65543388771	2.49877569175	6.95370559275	8.67428036053	-3.5578581943	-1.83882761065	
7.53838602663	3.93005981569	4.52800320606	1.13877647972	1.62075336231	8.64868244669	5.16971924963	8.24748091166	4.42963572383	3.1684507126	5.8417491811	4.11984233602	1.99093817962	3.70821354212	-5.99708717208	-4.2802413345	
9.0	5.43996312708	4.5202270212	1.15242000599	1.82352444797	5.93814770939	5.12741999823	9.0	9.0	9.0	5.59099128935	4.56450905696	-1.50712795248	0.171623831014	5.52751246658	7.42282784215	
9.0	8.95791871838	4.49232498048	-2.45586803915	5.07766885965	9.0	5.59212068689	9.0	1.5848788031	1.97048413475	5.89938187852	5.28355806004	7.27592519008	9.0	-5.94761512302	-4.23620980295	
7.34809048971	4.44419161987	4.48941462516	0.420223895726	2.98185703154	7.47013085366	2.45495320771	7.10218478482	3.39182164232	4.64843712151	6.43145294935	3.09231464141	4.39311344957	6.10601896097	-5.98097914078	-4.26013922528	
9.0	9.0	9.0	2.00076716408	9.0	9.0	1.69749928991	8.45766092615	4.29572265244	8.70868368194	9.0	4.94594064552	-6.0	-4.27735072498	-0.616390408922	1.1040028463	
7.60679838971	6.22877491679	8.59070161906	2.95198987185	1.89366961053	7.10171734769	7.82818702676	9.0	9.0	9.0	8.1051019403	8.85992659444	-4.89603850368	-3.16994504151	0.093629219071	1.81341276138	
5.96038718715	5.10411196646	7.7153635298	1.56929765386	8.81767665249	8.99787465466	8.98443728648	8.84508922156	1.7244189569	8.36173193904	7.79213332876	8.23780692747	0.516244739975	2.23726382714	7.27765852408	9.0	
9.0	5.54947589367	4.64558062414	1.1946586094	4.69174784037	8.96536421096	1.55232105321	8.04326061915	8.41431354139	8.63184593396	9.0	5.05200365405	-6.0	-4.28043966195	-6.0	-4.44381002744	
6.17588109101	3.79167910207	4.52752065108	-0.0716352070394	2.07731880644	8.87599787877	4.19126308068	7.78962145252	2.54046628295	2.71147704868	5.73246601194	2.24586274137	-0.338271021842	1.39685467677	0.759246359693	2.46433014399	
7.27466404937	4.78147041384	4.51216128966	0.00365957424433	5.34788893534	8.52659383189	5.90317282882	6.81148734638	1.93274331788	5.43361423815	5.72782834754	5.25123797901	-5.9974193273	-4.28079476498	0.550071590472	2.2683377709	
9.0	7.25670178568	9.0	3.71294579132	3.95500352299	8.15760239083	1.90495454129	8.99753268293	9.0	9.0	8.99549638634	4.87330077676	-6.0	-4.27914699193	-0.13595588858	1.58110041451	
9.0	8.07384537594	4.52209662791	-1.57173605784	7.59135919946	8.90486832196	1.77753183347	8.6965827292	5.9584023061	8.99994533208	9.0	4.88533949315	2.83053981192	4.54817643569	4.84815703131	6.56948058037	
8.52147924327	8.80869108376	4.42487940698	-2.79736555438	4.76987543917	9.0	1.93275689598	8.43080454037	2.14905282353	2.23903963447	7.96526280396	4.15051928472	-5.03731854485	-3.30967375673	-3.92885197424	-2.20144514954	
6.52880633493	8.99548531357	4.65826273269	-4.78334195954	1.96369606847	9.0	7.98976235942	5.93199523575	8.51693179906	8.571034457	6.83491491782	8.91812008747	0.192424261111	1.90971256589	7.27174598475	8.99941187788	
9.0	5.73676230631	8.32411658071	4.72059025838	2.53768825975	6.08432757757	2.28486958019	9.0	3.31993350106	4.07067511749	5.6442487564	1.61036750649	-4.87224414019	-3.15612659125	4.34334134193	6.03186954269	
5.87531374395	3.32733744886	4.39873887471	-0.0332951268056	1.84713614586	8.99995397607	9.0	9.0	2.24320157059	2.03932107065	5.89298235213	6.01925206425	6.76313939635	8.48092800184	0.819168543785	2.5373629582	
6.5615978453	3.68945509776	4.46041883503	0.327925171799	2.32708220821	8.48816489054	3.09488046832	7.845672513	3.82962802863	3.89535942543	6.30755775595	2.435210545	-5.99961215665	-4.28389558144	3.80676951197	5.52683670186	
9.0	9.0	9.0	2.00943925761	5.38577195171	8.99986857432	1.88169129043	9.0	8.12336505039	8.62329551522	6.20560100454	2.07131782048	-6.0	-4.2826389921	-2.8372402729	-1.11623914947	
5.2949190201	8.66133050724	4.35830987867	-6.0	4.26374708261	8.99944857448	4.30269184093	5.49210145589	4.44157670555	7.16984349938	8.7088486064	7.12628676866	3.34727190348	5.06938436307	0.194492931115	1.8974512033	
8.98717378087	8.18560725087	4.36104895247	-1.78517322118	4.53449602059	8.86881361401	1.86973737337	9.0	5.10795578366	5.2100438188	5.70596768227	1.18590642637	7.01249759577	8.72787131034	-1.50715885853	0.215506906345	
9.0	8.23628325955	9.0	2.76924473485	9.0	7.53143502159	9.0	8.383448043	1.88345594794	9.0	5.64449834705	7.72285149787	2.15635115917	3.88023589991	-6.0	-4.27803227804	
5.45174259194	3.12869469413	4.41014003107	-0.284858090741	2.09554684258	8.97852876453	7.15467827713	6.63773184003	2.53183906248	2.85826152689	8.56692789739	8.97676308254	3.53975712813	5.2638862102	-2.04332791802	-0.319080084097	
5.60217569925	8.98785855965	4.40352347842	-6.0	2.22745579964	9.0	3.4641717706	5.67328163697	3.23640695611	3.77688088468	9.0	6.58263245326	-6.0	-4.27849959205	7.27919487161	9.0	
8.04576441739	5.32960313912	9.0	4.7228535018	9.0	9.0	2.56664345959	8.77908918078	2.40909437601	9.0	5.68145559317	0.00719443342982	1.8098758358	3.53136230136	-5.99563691458	-4.26794301062	
8.56000061835	4.49504901346	7.9812219208	5.09477721578	2.67348752595	9.0	2.64863267303	8.10753599819	1.66053158243	0.180072646937	6.00906423282	2.76490785425	2.31558393769	4.04243360558	3.34151146463	5.05978363218	
8.04426094064	4.33505643274	4.84904868348	1.57086911168	2.51841963079	9.0	8.44220982154	7.59270943732	1.65293176103	0.533874980755	6.40900075011	9.0	4.29286620148	6.0131668578	-2.45028892059	-0.71182351407	
5.56809832201	9.0	4.44480265902	-6.0	1.87456945386	9.0	9.0	9.0	9.0	9.0	9.0	9.0	-6.0	-4.27863206901	7.27870827932	9.0	
8.23497291351	6.319722425	7.48946300348	2.40510845511	8.98301719184	8.59178129659	1.80026150434	7.32553445266	2.41125721673	9.0	5.72269599441	1.12106512139	-0.702197003179	1.01238787511	-1.71107500288	0.00733323032775	
9.0	8.22298123389	8.84347745996	2.68457840268	1.94471458072	8.15464798735	5.47088982792	9.0	9.0	9.0	5.726486626	3.02595580125	-2.57484400454	-0.885711984553	-3.6229799763	-1.92059677746	
8.77861422388	8.99836705211	7.40418118747	0.207681462778	2.96919280787	7.02327585626	1.9995685412	8.9063898834	7.08535301645	7.35955488154	5.90144871446	1.7382566423	-3.0032177015	-1.28309814793	-5.38468049495	-3.66151743777	
8.99951487208	5.88450612358	8.9999341509	5.18291755095	6.47871461659	8.99963676396	2.30869376495	9.0	1.75728118148	3.67815251193	5.84223585699	1.77133180297	-6.0	-4.27614274282	7.28019563415	9.0	
8.66482725519	4.30494071846	4.5685513513	1.92963268837	1.81509240725	8.84280256129	2.07659256618	7.86284696851	4.71225599799	2.66229739013	7.17476941951	3.52805417695	6.13286364312	7.85403853635	3.61180611441	5.33414604927	
5.427236342	3.27728754031	4.49714548308	-0.335714163061	2.35792883969	8.98398636188	3.09843242772	5.94756286255	4.83865438049	5.4918883069	6.39571762716	3.32123680461	2.72052425559	4.44099211944	-1.23314395541	0.472367431767	
8.27353156983	8.98615168383	8.99925307441	1.28792458824	1.58759800181	9.0	6.45778388975	9.0	8.8523790844	6.74695738424	5.69724201978	4.96152182518	-6.0	-4.27803571803	7.28142954375	8.9999364886	
8.54546410692	9.0	4.43547885682	-2.98607807406	1.88793938265	6.15587991186	7.74993997954	9.0	9.0	9.0	6.42770657353	7.97742548273	-6.0	-4.27582310135	-6.0	-4.25289402335	
6.61518941686	3.69031546426	4.47693049523	0.400426426811	1.6770577465	8.84751338078	4.10094509637	7.47499189988	4.9078611299	4.2846075058	5.82678475466	3.01836867171	-0.697778908903	1.017351053	-2.30780016952	-0.590726405239	
9.0	8.29905863015	9.0	2.76483892289	6.72602728314	7.29711977518	8.57646249956	7.97572076126	2.87497856183	7.9679430763	5.87673843072	7.85163979764	-5.78236975698	-4.04929451341	-6.0	-4.14518697045	
8.92747837078	2.31701510415	9.0	9.0	1.34651562748	8.99658673883	2.59066563906	8.99967638359	3.7920462663	-1.07034837791	7.0785784225	4.45007696335	-4.74450773553	-3.07837059423	7.23853216148	8.99918534103	
8.99980720415	5.86564640963	9.0	5.10051457952	1.62741791623	8.97629096395	6.07788313591	9.0	8.99489757394	5.90085295914	9.0	8.99422064975	-5.99967054775	-4.27987061341	-5.77762539675	-4.05557196743	
8.09823448451	5.52587669153	4.49795424452	0.0714884191398	1.86313502367	9.0	3.61624801441	6.09217525757	2.32918515841	2.09611194584	5.83352233903	3.56465251639	1.87998389775	3.60066525568	7.27676941668	8.99999799553	
5.64206870064	3.25291904895	4.55372426736	-0.0207614516628	1.91118049427	8.97343744774	9.0	8.95218356772	3.47403037373	3.5278567093	8.99931629512	9.0	4.63016081059	6.37348440366	-0.696820708543	1.02491206041	
8.49209149486	4.9212173046	4.62954278972	1.19425711733	1.85034819555	6.33262918802	2.39135591867	8.40751185263	3.12382803398	2.96127836629	6.14939203549	2.89260386379	-6.0	-4.3025510676	-1.21840362894	0.339352889725	
8.95528279016	4.17390909596	8.16774708599	5.95932162876	1.67180235032	8.72863202357	5.58587377067	8.42726785247	2.2779670833	-0.211927415741	6.02830490295	5.72390944862	5.75534862078	7.47231991001	6.76671227856	8.48558938168	
8.99857083069	9.0	9.0	2.05441755606	3.11095281537	6.6153706294	2.74169034551	7.75894112097	7.46222881349	8.96745630486	5.98585556301	2.99647586929	-2.43302867957	-0.715782057918	7.27527356144	9.0	
5.60863437856	9.0	9.0	-1.35816608305	1.79723645721	9.0	9.0	9.0	9.0	8.84473664926	9.0	9.0	7.28198861289	9.0	5.05530386075	6.77633346048	
8.92353318701	5.26685081863	4.8146298577	1.5094589696	4.85783822927	9.0	2.03818754869	8.99803550065	2.19712476132	2.60687278785	6.25106184287	1.82829820143	1.43113884346	3.21180124412	-5.95478428395	-4.06509579308	
8.99940117509	5.62283702296	8.99915288142	5.40083937333	2.31016165986	8.9827560909	1.90000520505	8.87142441739	8.97700320902	6.93886582579	5.72982137881	1.21239932176	-4.5876924521	-2.86819305855	0.33050624446	2.04953975975	
8.86186246588	8.72031218434	4.48099438774	-2.36001854715	2.69509736459	9.0	2.24780245123	9.0	2.03602217149	1.91192323845	5.60640830711	-0.23515383501	2.79731756275	4.4912382597	-0.435031901092	1.28123957821	
9.0	8.831187869	4.5080958974	-2.32323161018	1.60307562658	9.0	9.0	8.9878964114	5.41570222206	3.8747015799	5.64056809807	6.91406090084	-3.18225924755	-1.46151361651	-6.0	-4.27844594542	
6.17646327547	9.0	8.36595650792	-1.45437884589	2.35758523086	9.0	2.49431453564	6.80657213424	3.63304275294	3.64440912069	7.13901339672	3.28250125182	-5.73912337717	-4.01842594757	0.635105323262	2.35594645121	
5.62520724433	3.42132296333	4.27649555042	-0.472674547406	8.9984691447	9.0	2.63229272151	5.73073882814	1.90729179192	9.0	8.99999760036	5.79696143008	-0.587319852891	1.14578052085	7.2949846235	9.0	
6.42938497139	4.22722973226	4.483173054	-0.313793237022	3.4401003754	9.0	3.08525930631	7.30056964137	5.11393917506	6.83391906541	5.63238044972	1.24682332013	3.87659076442	5.60085185845	0.458170634911	2.17316962395	
7.73092114162	8.91397756281	7.99289665419	-0.207146428485	6.36546871512	9.0	2.24589532162	8.14587601832	2.16697692648	4.55255476074	6.90033225517	3.05417101842	0.849972844505	2.49061957872	7.13838028529	8.81892017896	
9.0	4.91303862177	9.0	6.11695552868	4.24789085702	9.0	8.98363003182	9.0	1.62861855184	0.954120380654	6.20789920524	9.0	5.99833600529	7.76071452953	-5.99892844014	-4.42039299618	
8.98720093042	9.0	4.50673281204	-2.50050083546	5.11544169467	8.99901228285	2.43308307124	8.99992455854	1.73800384376	2.16110248832	5.92421869755	2.15661046162	7.2790704284	8.99976546543	7.21882597868	8.94101812339	
5.23095794868	3.38005691745	4.45455125029	-0.601096458329	3.34564097035	8.97811473929	3.05579202068	5.74817242932	2.76446548273	4.51905094986	5.77925191115	2.62673090352	-2.70982547039	-1.01169146594	-3.45511905357	-1.76515200883	
8.0164995303	8.07388172899	9.0	1.94308768051	8.72693456981	9.0	8.45855266804	6.3502636238	2.06114323158	9.0	5.6171973657	7.61689960871	-5.03224462903	-3.34756106542	2.36902245281	4.0664881748	
8.20367517006	6.82067776694	8.05668810998	2.44019726318	4.19426324826	6.90476253585	3.71016014752	7.53711870042	4.71492539214	7.32696731768	6.42319508509	4.3939064385	-6.0	-4.27352660012	-3.45369698071	-1.73236245844	
8.99879172445	8.74232271292	4.53492365142	-2.20029870478	2.04421464634	6.20913343558	2.5744299558	8.96652520338	2.54872960829	2.54495118362	6.1333244325	2.67785941085	0.31813594629	2.03576359681	-2.17837976635	-0.449648057397	
5.92183583798	5.96269607708	8.9988027221	1.98076383215	4.94907877013	8.76901445999	8.84266489806	8.52134624894	3.54986025203	6.91875469025	5.79694690848	6.01335126488	0.955150498064	2.68291018	-1.5784300644	0.146191901142	
9.0	2.392447955	9.0	9.0	1.3263250636	9.0	3.34045030037	9.0	3.83806332454	-1.02575790222	8.4245499089	6.48232356345	7.25360904466	8.97527326896	7.07454795818	8.79590051218	
5.79999990916	3.3072319126	4.38217423497	-0.123257711135	1.9997255817	9.0	2.66246832138	6.25279911955	9.0	9.0	6.30067439814	2.7947858582	4.57457160871	6.3011867767	-0.755846239941	0.962462047307	
8.98976277402	9.0	4.51836512956	-2.46254348821	1.82059966933	6.09931994252	9.0	9.0	9.0	8.86324975783	5.9376107341	8.85408218441	-4.8695149934	-3.14966319166	-6.0	-4.27806663773	
5.18967045052	3.16890038105	4.3165551063	-0.619076201819	2.88700319658	9.0	3.74440300522	5.40521957717	3.25368869087	4.59428218317	6.33642285743	4.24455780329	-5.99999867655	-4.27388545263	1.16756172494	2.88461950786	
5.59858423646	8.99999822008	4.44489259665	-5.95395939258	1.85850446156	9.0	9.0	6.67309776842	9.0	8.98091057717	6.69747982655	9.0	-6.0	-4.27838413771	5.28240070883	7.00364082817	
7.56560007372	5.17579590235	4.50179589224	-0.107520075876	2.76423024892	9.0	4.13767286468	6.46664389365	1.79412793311	2.49119302278	5.6855672835	3.52354387481	-4.93741989823	-3.21391189803	-2.48098218725	-0.749243499415	
7.20835155349	5.21998861817	4.42354179687	-0.559357908988	3.53640094438	9.0	3.62637964359	5.19375824071	6.99786525329	9.0	5.95233426535	3.95391752211	1.89402907005	3.59976948684	-5.9604109753	-4.23250922694	
5.20663523434	8.38686394253	4.15867990258	-6.0	2.36337698396	9.0	3.49782937713	5.72605593356	2.02510862109	2.66300522373	6.47795970135	3.98987733429	-5.79617333804	-4.07294657295	-3.9649511985	-2.27555935802	
8.42713337426	8.92759896569	9.0	1.53260862067	7.44157267589	8.87423408018	1.8467855732	8.37851293933	5.67067106139	8.74476411755	6.3808623785	2.39191632812	-4.56634327015	-2.8397436363	6.71554415916	8.42177426456	
8.98656589077	5.3914797469	9.0	5.70288373049	3.42763730007	9.0	2.12661597653	9.0	4.11745370011	5.68523006962	5.57896829156	-1.42627433312	-5.99788871707	-4.27556746051	-1.60294404336	0.11984281773	
5.612762663	8.99822185046	4.41283120067	-6.0	8.93200061192	8.99302946769	8.99996978799	9.0	1.91684511198	9.0	7.22670593961	7.23717051483	-4.82059518267	-3.08016467248	-6.0	-4.30649980774	
8.91393668099	5.60518288253	8.35721754485	4.78824229476	2.72043406491	6.08206496403	2.24351168078	8.99985100318	5.32138498471	6.24735164336	5.65156951674	1.58221283895	4.52247034924	6.24262046919	0.35360575579	2.07681007183	
8.92970748144	9.0	8.99547084097	1.92414471108	5.22404051373	9.0	1.91342335344	9.0	8.63740376768	9.0	6.22438362723	2.10909788707	-4.66987899505	-2.9488260535	7.27806524886	9.0	
5.62682584152	3.41232027948	4.41026926014	-0.367031553865	2.12970186302	8.98438695766	8.16201913496	5.58017977493	3.52127136889	3.97586408351	6.56286705836	8.91138137338	7.27953286986	9.0	-2.58519206285	-0.845400309332	
8.22096911391	4.8015427797	4.22669035681	0.707018002688	9.0	8.21161344431	1.88979517768	8.34020298574	3.46365657248	9.0	5.61302956771	1.4248146191	-6.0	-4.20316542148	1.31472040387	3.05876541979	
8.76541674307	9.0	4.51225267307	-2.70074048031	6.52488111487	6.1118104577	5.67357598773	8.23995574787	2.88112174345	7.79978715141	8.99999611027	9.0	7.27663224141	9.0	7.19195322951	8.91334096696	
8.99943403581	8.82551057186	4.70733756765	-2.11077511914	2.95003032385	6.65663768801	2.19499888875	8.81036505657	2.07089628619	2.63747517306	8.96105468874	5.19272212237	2.13662756258	3.87065522754	-0.625881889716	1.07422149429	
6.57758024687	8.84236755667	4.50587781343	-4.7539360673	3.05278442349	8.69866420869	3.09595539766	6.43408673359	1.76685571733	2.62735156691	8.9979248253	6.25731462156	7.23187430982	8.95312617184	6.96417085681	8.68306018289	
8.1868700858	3.70790421862	8.78009878314	6.26213421414	1.80705131773	8.85532912309	8.68928333402	8.99884055969	1.99737317656	-0.163335061235	5.96581520318	7.88163927475	-6.0	-4.27751629941	-5.97171371718	-4.2544067895	
9.0	4.93476398034	7.52832704921	4.60151860668	4.00833727455	8.64909473399	6.84255307355	9.0	1.61798908582	0.875763369312	6.46012679745	7.37722025501	-6.0	-4.42675232913	3.6354224234	5.4071413535	
6.18707405017	3.6581785959	4.50356449393	0.0396260293397	8.99954271067	8.73401943918	8.17287086234	6.92522315101	1.7160730644	8.56182397641	7.23541623669	9.0	-0.539935120002	1.17925367185	3.17598748752	4.89528622067	
8.86426606866	5.30621590739	4.54900111804	1.10696783507	1.89980062227	8.85244399404	2.29399515623	8.9650954196	8.44046843723	7.35272063578	5.63422407526	0.220438349013	7.27570406952	9.0	5.04071711753	6.76068980743	
6.27644369794	3.2518145749	4.4075837304	0.426193770944	1.92320621966	9.0	8.91589094387	8.28140949954	1.79817191479	1.05556992808	6.80454814741	8.19733069913	7.20435739636	8.86557722811	-6.0	-4.31383480571	
5.42953133144	3.13363817795	4.46309410747	-0.21677849075	2.1759220403	8.99592054573	9.0	7.42562056618	2.22746257088	2.57724931875	7.53027890251	9.0	2.84884713067	4.56119906991	-2.47535524024	-0.754846647815	
8.94670589809	5.0415695041	7.52263831709	4.37762509369	3.96228162065	8.98632875164	6.84101247321	9.0	1.52916961341	0.458102734269	7.88290550064	8.89061326388	-2.31598125023	-0.564660673201	4.50929195333	6.19152752132	
7.48960386128	4.29667865326	4.45878180944	0.648792039116	6.05766832929	7.82868731494	6.78658593633	8.16330778063	1.52008981847	4.71492045008	8.31414559379	9.0	6.16288388896	7.88822960414	7.27004064668	9.0	
6.4660659178	6.89807048791	4.46726402566	-2.94078562124	2.83517531268	8.48509606094	8.97353264563	8.96957218073	1.82558249926	2.70305531722	5.77677603073	6.33093228798	4.71377391712	6.43299861811	-5.68609868884	-3.95530547072	
9.0	9.0	9.0	2.00536402756	2.14500992378	6.46793227577	2.29231277716	9.0	2.42925156897	2.28662063476	6.11398123847	2.33345055542	7.28004467174	9.0	-2.97330044662	-1.2512776351	
