3.55225359298	9.0	4.44624938314	-5.99999728486	9.0	9.0	9.0	8.42907954353	1.86987166649	8.98609041998	9.0	7.5539686961	7.27908707405	9.0	7.27872777468	9.0	
8.97646087871	7.06719558083	8.99997094232	5.90797107684	1.58950245997	7.10535220674	8.98558146092	8.61707211305	5.75794845075	2.88629918401	5.90252651883	8.74814629352	-4.00515749041	-2.28247046061	7.10486803497	8.82590659658	
8.90388271012	6.89805999514	8.55177240664	5.58136747066	4.4989117695	9.0	3.13397200261	8.78161095782	1.60517975448	1.17693481422	5.5593954608	0.953011732763	3.73138926461	5.4928415748	-6.0	-4.25000898422	
3.44074176726	3.16736740174	4.34230957865	-0.339596908836	2.17687105955	8.97389537553	4.01151301693	5.02091926342	2.86375817804	3.28352780644	6.1989474859	2.98903663471	0.342237712246	2.06736355306	2.13555859475	3.85593961236	
3.75569668208	5.74343544761	9.0	2.0191732196	8.99125178107	9.0	9.0	8.60172016989	1.86374861061	8.96730980983	6.00117543269	4.39477106969	7.26838176145	8.98942948154	7.27711051432	8.9929197181	
4.41951822796	6.15483175094	4.47537883509	-2.26235217948	1.88524982929	8.81878475079	8.70945286875	8.74233775091	2.00838118113	1.39232932517	8.99898270433	7.76781776209	-6.0	-4.27710395499	-0.540618738815	1.17868898382	
4.2593247578	3.62811669548	4.38509975923	-0.0127671986056	2.37922210296	8.78752405648	3.82179195501	5.31540465715	1.98087215766	2.32555821717	6.13984027562	3.06918277938	-0.482017362784	1.24677848385	-1.85758385153	-0.127601872137	
5.51543203315	4.85063789896	4.4765788177	0.164651415751	7.47548793325	8.99438879656	8.99953346238	5.4149921013	1.60210725261	6.30086631538	5.65423716489	8.04323745699	-1.48056799016	0.243836138012	7.30523430259	9.0	
4.51189516834	8.13044806288	4.51833259473	-4.10929786133	2.38155236919	8.68330326356	4.60889563634	6.6160568895	1.96930253603	2.30233581288	5.77526844774	2.26796765623	0.195102426115	1.96929000195	-5.80709074779	-4.10810517213	
4.71678785069	3.70200953064	4.56765716325	0.584894164464	2.15098938541	8.61111783315	3.98067995038	5.61153113436	1.87003898085	1.56825578613	6.79939460937	4.13733335472	3.03371329317	4.76629786029	4.26582174297	5.99142126987	
4.04342215619	5.98281195155	4.50716488169	-2.42892670572	1.9598373013	8.99941005007	4.45225639291	5.1663867188	2.13350851622	1.93817304616	6.21195503014	3.76408016225	6.74831288363	8.47036283722	7.18902360133	8.91038575175	
4.56305066429	4.33287861132	4.5131414352	-0.257282681082	3.08481303349	8.88665785924	9.0	7.35092282836	7.52451944943	9.0	5.69663019071	5.18861318312	2.88411792377	4.60674629646	-5.94877079036	-4.22688048293	
3.60223569123	8.99512994572	4.41226456249	-5.9801978641	1.89791100114	8.97215279079	3.4353740794	4.38994523002	9.0	8.99255993873	7.93100919863	4.99481431565	-5.95977567492	-4.23853335526	2.05554604951	3.78191514055	
3.7839642538	9.0	8.99876174766	-1.20264037815	8.37931321295	8.8638179457	3.3808700154	3.84666174235	2.31560903083	9.0	8.34868524908	5.81094766598	-2.13545247479	-0.411363233287	-3.48070870072	-1.76645072861	
5.82781206406	5.19575121263	4.62703187831	0.274061301217	2.18445986288	8.27259979733	7.61140953917	4.31279528722	2.31121978694	2.63744398246	7.02546706069	9.0	-0.930687508039	0.793090702035	-3.15322202406	-1.42713753558	
7.40005971519	5.45945580908	7.90596314534	4.84376059735	2.69355995815	7.52460295572	3.45954835805	6.83949583885	1.66415997916	1.00214891711	7.98032522598	5.52977013632	2.60960146862	4.38078547475	-1.35426384658	0.23528567396	
3.54630838671	8.98453058555	4.44385754165	-5.99887060761	2.11350022076	8.95437193547	6.48467805109	4.43467798314	2.65176081239	2.99588306614	8.95555422294	8.92421684814	7.26356536187	8.98484759351	1.60898091343	3.32823904245	
5.93161396825	8.69107332925	4.50967342289	-3.23720395907	2.11046577213	8.58195658303	6.68341612346	5.29854216867	1.79299801543	1.05835183934	6.001014016	6.75043608146	-0.502096282489	1.21480689368	1.63895962502	3.36404227907	
8.85068722748	6.2949553483	8.99215042416	6.55379619402	1.74686808362	6.12600158263	3.08196304679	9.0	8.9636266085	8.14036092191	6.00290673935	1.67279074586	-5.40814061277	-3.67621436248	7.28137607037	8.99598242674	
4.4870523441	9.0	4.49103626209	-5.02304588914	2.29991837369	9.0	1.98840933255	4.22167656804	9.0	9.0	7.98674958057	4.16908488398	5.96863443286	7.68953833903	7.27881284221	9.0	
8.83474399364	7.12693956187	4.28479384494	0.958271282994	8.36752770368	8.6538622451	3.50017715834	7.86702758515	1.54237486733	5.802007948	5.71954722098	1.95083914827	-6.0	-4.14230001561	1.91422460351	3.45827390209	
5.59533553992	4.84679261148	4.61042917946	0.348072099851	1.76057108273	9.0	6.82047526997	4.09290896938	6.14122985854	5.69100892121	7.22727729878	8.30484363271	7.28960810486	9.0	0.530866955151	2.25142985131	
8.91672728634	8.88165906702	4.47572468629	-0.485538190475	2.51809241958	6.83358549102	2.28210820274	7.3500104086	1.76474270756	1.27635970098	5.81452963845	2.02909875828	-2.38936736493	-0.667312195486	7.26423768181	8.99958716712	
8.98223797311	5.19601747488	4.18404348207	2.99042635931	8.57336347773	9.0	1.76422724261	8.99625097269	6.21261803295	8.19267952191	5.41500272875	0.806703753525	-1.69299818438	0.0392421469753	-3.29741314643	-1.5150358272	
9.0	8.99450592099	4.48350175537	-0.510631853687	4.17339363356	8.57545243875	1.59869223539	7.41101834239	5.95548293142	4.86140936266	8.91180145697	4.90688457767	-4.81803023365	-3.09280696937	-3.22716023647	-1.50299743078	
7.48029697716	7.81937690544	4.5450844799	-0.794176947264	8.47183561256	8.89831363151	1.62779102912	6.36074737391	4.99276509278	8.98930852108	7.90987679863	3.87299897565	2.45629734038	4.17715319132	-5.7552172088	-4.03198890949	
8.36813252948	4.17235531859	4.5350981444	3.72876227926	1.60799349741	8.82160846479	3.25108258982	7.57656847935	5.46773853046	1.51148894666	8.11778196508	5.65803269437	-5.97130109605	-4.25195559098	6.13997937439	7.86049957184	
8.10601207028	5.54479861217	8.67356323677	6.21373165802	3.97637080421	8.98730905313	1.76475164778	6.99161725261	2.02948652252	0.810541995002	6.31863234762	2.4105646178	2.80814998105	4.53117482323	0.445649020817	2.24060574938	
5.34266163293	4.22476695163	4.37717759578	0.601820338489	5.50340102946	8.98648960128	7.01860436735	6.03845431931	1.51474950713	2.95999183954	8.05730883285	9.0	2.69651284451	4.35421820612	4.52728172715	6.22532444611	
9.0	8.99998755431	4.52609446116	-0.492862650969	1.89463042787	5.95787458576	7.68527674189	8.90958618186	9.0	9.0	8.96805217682	8.83623737992	7.27652992014	9.0	0.112104207867	1.83232440342	
4.82581505007	4.34673506242	4.42377863187	-0.101350359999	3.9184407258	8.71997345987	3.78482414731	4.00658298751	1.79055271219	3.72267472786	9.0	7.15781298065	-1.24803523422	0.483033290837	2.9934826684	4.71511202338	
6.82174495177	5.55912556987	4.44529943292	0.767573804447	4.45138995149	8.46958063402	1.60744303758	5.5655884729	8.02146333259	9.0	6.72451212562	2.74213031028	5.62173146535	7.35465200507	7.27144473832	9.0	
5.6379619477	8.95144752387	4.35961093118	-3.90323200256	5.34167796286	8.98063429799	9.0	7.84978094703	1.56060757569	2.76633055888	6.14092762438	7.43894939371	2.94765821414	4.62840407206	-0.909735439577	0.849286739257	
9.0	9.0	8.99994148006	4.00947358429	2.01050295425	8.22474780812	8.99435859848	7.65570644669	6.47640302969	6.71095823459	9.0	8.99988528943	7.27915735944	9.0	7.28173043747	9.0	
4.21897670628	3.57094367938	4.49701041731	0.151083780695	2.20638586419	8.19503888877	9.0	7.61306879965	8.46855589142	8.9706634704	9.0	9.0	-6.0	-4.27439727474	7.27306094455	9.0	
6.83637798989	4.77555920384	7.30543038493	4.39118168539	2.8764523513	8.86821215345	7.18226382816	6.23361514984	1.58307204918	0.381538466317	5.92513844769	7.19204543766	0.390258550467	2.13337839955	1.74724957331	3.46852344208	
3.74652890351	9.0	4.25639763614	-6.0	2.21134734474	8.83139067636	3.28331843785	4.83916380356	2.16214629615	2.47928084977	5.81309059714	2.39349696913	1.7852060763	3.50248601702	2.91694580515	4.64983608166	
8.90232672392	8.97920778065	4.52737567592	-0.544971442136	1.76663789382	5.99749979987	7.67887043601	9.0	8.9432565343	8.64107766371	5.64509826391	5.50790024351	7.25923344038	8.98361924537	2.98284982525	4.70456538723	
8.99983342351	8.93635774348	8.9999972459	4.44012407398	1.39193952124	9.0	4.76025142948	9.0	1.36259496908	-6.0	8.98958320082	8.88915582112	-5.74418190737	-4.02308101508	7.27542667041	8.9992134705	
8.98995983787	9.0	4.39192852668	-0.651598126732	4.16827398635	8.61094555497	1.93592988046	9.0	2.4935706952	0.1803608343	8.94469791308	4.89894898927	7.10865799926	8.8098253185	-2.74774876917	-1.04845406049	
8.77634467458	7.00827696921	4.71321973321	1.52941733265	2.52284891074	6.38225779188	3.95487522566	9.0	1.87873091805	2.29888247052	5.76027607829	1.36366387924	-6.0	-4.30949735617	7.02012594307	8.99397805151	
6.25572637165	4.33513520177	7.8680967893	4.85593655483	3.64919908047	8.6628019063	6.80886122752	9.0	1.55546392862	0.839267856961	9.0	7.52016803384	7.35794947277	9.0	-2.93602891635	-1.24204873419	
5.9923579479	4.79886152088	4.83769208798	1.26061613013	9.0	8.10695583112	4.37028608376	8.72253416392	3.57142235934	9.0	8.17361989591	4.23190497492	7.33243157269	9.0	7.2515716907	9.0	
9.0	8.40786245726	4.52781965533	0.122690217141	1.76207538408	8.94507260579	2.14606897638	7.1035749705	3.07690767583	-0.452857329986	8.99459183662	5.5000231962	5.10727402046	6.82728008145	6.72190779443	8.44219940315	
5.86463079348	3.49734812186	9.0	6.37159920153	1.89230316351	9.0	4.36392025934	6.6696662442	1.85525007744	-0.261119167844	6.00964059299	3.80714518812	0.131374091014	1.8330361761	-6.0	-4.26816116988	
5.73191601441	8.55370626867	4.42491243349	-3.32015640037	3.96469911808	8.17347754035	1.94813561787	5.85974350275	2.51723796421	3.19778235013	7.13511429455	3.28954706839	2.41109980932	4.15241363358	1.85488288592	3.52220281015	
8.33324004633	7.99068961215	4.48360430625	-0.169566458599	1.96827896432	9.0	5.58611349968	3.77131598666	8.8308888727	9.0	5.92095395211	5.64019582678	6.66808161389	8.37831491985	3.07909135735	4.81444675585	
9.0	6.77697011767	5.41117287897	2.61935865388	4.11201767683	8.99996333641	3.71936396309	8.97323334366	1.57722772836	-1.2872109493	8.64395001804	6.49277557263	-0.175780989179	1.55901719273	-3.76185899426	-2.0332543975	
6.36507324606	8.04264994968	4.71267678557	-1.99917574198	3.90496398421	8.69114671064	3.0720563362	7.78186205473	1.95310611175	1.58451320384	5.77299727997	1.82107419144	7.33536097077	9.0	-5.91367765842	-4.2824453353	
8.96174404377	9.0	9.0	3.9641003062	4.64418143269	9.0	5.83352151961	8.72535674508	1.58134097583	2.23891910104	5.58943815333	2.80455845615	6.81155454983	8.53390554434	-6.0	-4.29334185408	
6.02436035265	5.66418101732	4.48260804805	-0.155854413231	3.20669315298	9.0	1.91199541691	3.75021166387	2.33992000167	3.49992449906	7.41455805584	3.73124526701	4.82934215597	6.55988949164	-3.47017292229	-1.74461196552	
5.5497226001	7.52217173709	9.0	2.04970828429	9.0	9.0	3.40605427994	3.65588912735	1.88816620105	8.979305078	6.65746283554	4.39959174018	-2.78873210775	-1.0681482819	-6.0	-4.28391037143	
9.0	8.65688290202	4.51749883675	-0.138548576813	1.59245301391	6.01082020445	6.42797150203	8.99855205093	9.0	6.63566139028	8.50890570168	9.0	3.43686924873	5.16118247298	3.09312434384	4.81461207398	
5.67860946677	6.61538053976	8.55581200704	2.60418391404	1.73581800694	8.98166222707	2.51879488342	4.54724629503	4.77818490061	4.00962677314	6.14161600494	2.77185739283	-1.69120878449	0.0343421360381	0.311680495724	2.04043558886	
4.3873999895	4.01443071001	4.59658401033	-0.00873651403605	1.94109462419	8.98619583711	3.09003350277	4.85070694035	9.0	9.0	5.68129997944	1.95328828737	3.06947990988	4.78962814727	6.49806882615	8.21623167244	
8.3414136361	9.0	4.57969201488	-1.06144009101	8.99824507246	7.6293471522	1.61772315636	6.30615420077	3.10335912965	8.88545623181	7.78220915652	3.78223054005	6.40917399021	8.12923525913	7.28500750243	9.0	
3.50766046479	8.64382179621	4.17318578548	-5.95749892936	2.15148172859	8.93910905995	2.70415346884	3.87842932392	2.36688937411	2.72355858574	5.93344533088	2.6617534994	0.35408566737	2.08292207023	-1.47584673818	0.25161074946	
7.08423511553	9.0	4.47336186155	-2.44284739322	3.14421766961	6.47269277882	1.91798583621	6.71973937379	7.09157776829	8.16419710085	5.93168748102	1.84090545429	-1.66022364243	0.0614101399959	2.47324378144	4.19670222089	
3.43600884096	8.91065949589	4.48795312255	-6.0	3.93551469943	9.0	8.0489540135	9.0	2.91113569313	5.17420527703	7.18693120851	4.03750523754	-5.90058267418	-4.18184759917	-3.83662344954	-2.12685678416	
3.54361295467	6.70852838654	4.44976312078	-3.71146936421	2.53264648245	8.99986818103	4.95786018412	6.22923456465	4.28327461276	5.05037722869	7.54605350957	4.16295398853	0.31721289376	2.05046462503	-5.33764634541	-3.61079241252	
6.10599245351	5.22686514826	4.48105932228	0.359828089675	1.73635608359	8.9108567286	7.62412196654	5.19383607413	2.51371166265	1.94191461347	5.64240759403	6.58147991848	6.8824718933	8.603573302	-1.72376001875	-0.00171650560308	
4.23128333754	8.9945443685	4.55662716164	-5.20958238744	2.00037574335	9.0	8.87763344099	9.0	2.35523076808	2.3440894783	5.93639933358	3.95613225457	3.40407308304	5.12852386774	0.967487819662	2.68927624017	
8.55759594463	8.99185683059	8.55992766461	3.13099089763	8.99809692252	7.5437846467	1.89338627843	5.71693424867	2.00080019932	8.54333528549	6.45948379834	2.65658676067	2.27475535838	3.99659158309	-6.0	-4.27906851777	
6.4523840265	9.0	4.45264118205	-3.09053539965	5.76741889661	8.22357237101	6.12158473947	6.79656983655	1.5859067852	3.56310617805	9.0	9.0	6.53026828206	8.25016712158	7.27792914619	8.99999989803	
7.74740320555	8.85192357291	4.51289451409	-1.59611339237	2.60597268455	6.99010954263	2.88360026207	8.96952240846	8.30308955355	6.9540659251	8.7098579244	4.71158957588	-1.96486886306	-0.243633452382	-2.134389482	-0.412335105956	
7.95116093641	3.04423140327	8.99999629499	9.0	1.52159134311	9.0	9.0	9.0	4.27886201507	-0.576820738583	5.89607351092	8.2393032791	5.99808087778	7.72962501823	-2.44334365589	-0.748084015241	
9.0	8.82761855574	4.60802425355	-0.155342112076	2.24243595623	8.99966051104	8.95999352223	3.84049577717	2.02875666606	2.34533263431	5.79321088745	8.87355352965	-1.11990450925	0.609498565978	1.76668390717	3.48998992636	
8.99973716042	6.74154825432	4.8880030433	2.17413377362	4.496229697	9.0	2.93265658194	7.84633420636	1.53506735563	0.886593877144	5.36796909791	1.66727607737	0.516178734737	2.21228795925	-5.76136525572	-3.98369732387	
8.63130128042	8.38228245732	4.56830260659	-0.168308425384	4.63002911287	8.79863546377	2.18939593582	3.99063801359	4.94972423438	7.86220034728	5.84812806803	2.06362913373	-5.88255962366	-4.17452669345	5.34674729467	7.06749887234	
4.87844994545	6.78257473011	8.97497485701	2.07520156055	2.1344817791	8.98399178304	3.48481789083	3.53662626294	2.55507671742	2.89649751967	7.62971376267	5.49305842263	3.4801902839	5.20096768055	0.112571349596	1.82921372277	
7.08530363241	3.87143147711	4.65972420009	2.87301544986	1.59094231163	8.96159629062	8.90259829846	6.75606018379	3.1880237601	0.123906669155	6.01796702555	8.97652746262	2.1890476279	3.90413298664	0.00430500254298	1.72556299582	
5.88606847875	3.71050699307	5.13489858507	2.3063607342	2.01534357457	9.0	4.56241643141	7.4878164386	1.82220442792	-0.0285242941216	5.88614050158	2.94649507058	2.61583242597	4.33292221742	-2.50902945349	-0.786257974922	
8.83318000403	9.0	8.91424076937	3.76619869724	5.1302907754	9.0	1.59610109865	6.69231029551	6.92158999158	6.99977793661	7.57961244989	3.61190150386	6.29385807757	8.01110624957	-2.14290016864	-0.431681067191	
9.0	8.85154238622	4.56857094417	-0.329810619062	4.30555833696	8.87578075488	2.82133743575	8.62642326267	1.60978075737	-0.289215309237	5.85930198492	2.53368214283	-2.46032966969	-0.759060572115	7.25945491791	9.0	
5.63585470689	5.14501573674	4.1973171468	-0.333100891618	3.92875479959	9.0	3.86668184062	3.84743571704	2.87851906621	5.19377297072	9.0	6.7846294655	-1.5950739768	0.0722773678905	-1.86551187865	-0.13465561273	
3.50830439651	8.98389031826	4.47570868975	-6.0	2.08628190351	8.97890201442	9.0	6.07990323843	3.00542364781	3.3168860105	8.17409231627	9.0	7.27456964155	9.0	6.44091813583	8.16141551466	
9.0	5.49419709847	9.0	7.50880883891	1.60820848459	9.0	8.1662223916	9.0	3.04480782076	-2.2623832113	6.73299272315	8.93069714311	-2.02096492097	-0.307695628001	-0.817680876799	0.898173422895	
8.91701949716	7.49406564803	4.51456331532	0.935979521566	1.59490793958	9.0	8.94760049137	8.99999970507	9.0	4.17642785419	5.82484402444	8.31094057871	-4.7973499821	-3.07579166728	7.27873168223	9.0	
4.00802099801	3.31594351254	4.47210353658	0.17001960963	2.01595577819	8.99879175146	7.58292489125	4.92986046368	1.94164441311	1.69905468758	7.9816017491	9.0	1.89206662463	3.61645678255	1.1526180521	2.87707661122	
8.093565207	8.07289281102	4.4501583571	-0.53794822733	4.24260979412	6.30015830895	2.05691870384	6.38475923131	2.2846509664	4.62777762602	6.92235800028	3.32437354721	4.73189479861	6.45163221647	-2.72130757115	-0.996498449464	
4.97574148719	6.23702452708	7.98958874718	1.73106930937	9.0	8.9594017907	4.1888129551	4.07417457643	1.68732001487	8.41892788053	8.96836727901	7.50605952805	-0.568210215997	1.15419276509	2.01916609365	3.74012191283	
3.72709056636	8.33506188773	4.38175974152	-5.19657765123	2.28686887885	9.0	2.63785415511	3.5685318783	5.77218695959	6.35457918204	5.97461035446	2.79900584525	0.877816039539	2.57797492467	-1.00818240042	0.729399471953	
3.24040470633	8.83386407095	4.54212699269	-5.9958804406	3.43248733817	9.0	9.0	5.61303224456	3.95591250662	5.76845283852	7.9395278927	8.99650560212	-5.90860753156	-4.17635602676	-0.356810473273	1.32322088557	
8.15379547709	3.34132314127	4.62252784767	4.4503332003	1.61016353804	9.0	4.74292166117	9.0	6.09298266486	1.37511878657	8.9892083248	7.16418472521	7.27671819053	9.0	4.20141014913	5.92363737209	
3.41463488788	7.36704911598	4.48231677425	-4.46093860449	3.2533343679	8.94712843733	4.34057245691	4.79081557462	2.76658742725	4.37499880031	9.0	6.34911765854	-2.33886263087	-0.61684709163	-6.0	-4.28349822493	
3.95283580844	3.38323091414	4.50770660062	0.0760987835137	1.95997630197	9.0	4.40644705496	5.79899756998	2.40240247825	2.27356545152	6.22105529564	3.03302574463	-4.68288139545	-2.96246052117	6.38973566974	8.10917020927	
5.92847133618	4.45931298703	4.32662726521	0.861744541024	4.36166218904	8.58821426462	5.30711520438	9.0	1.73229007138	2.14663186441	6.15519562352	2.78771177628	-2.43604781106	-0.754721053241	7.15705972976	9.0	
8.80782719882	9.0	9.0	3.77212126165	6.98416618166	9.0	3.19866466289	8.99951848006	3.64454995686	9.0	9.0	0.965285363481	7.26210620328	9.0	-6.0	-4.27949470185	
6.48535711153	5.19782329611	4.90100253646	1.26207485275	3.61868520894	7.49021244082	3.86298708579	7.60970782111	1.64268123857	2.04327511684	7.40737125503	4.42358396988	6.74355363246	8.45105170122	1.66331361121	3.33264857629	
5.95792570194	3.53884853801	6.21075097702	3.63222487395	1.90400826211	9.0	3.25101386612	6.24438440801	1.93480700081	-0.196782039402	7.13738072481	4.28900175303	2.23863149836	3.95419782384	7.2789199214	9.0	
6.18531121667	4.63938469141	4.62984451201	1.24629850068	4.13271864566	8.96419703135	5.23855333256	6.05775624664	1.54003588097	1.47825684878	8.99933229584	8.47580129345	7.30702919782	9.0	-4.00375562711	-2.29158153131	
4.69133089132	8.94408578765	4.49002593279	-4.76314849852	1.76007476118	9.0	4.65827877877	4.44021811743	7.01527312852	6.71335868497	5.7300183805	4.11813212862	-0.433779262614	1.2833714688	-2.03274358449	-0.310070384181	
5.20922793905	6.46047007605	9.0	2.73659872756	8.99986117381	9.0	6.15365927616	5.69321712837	1.58062226026	7.19463714178	9.0	8.98034262289	0.53371164242	2.25867566401	3.90517955696	5.62723013827	
9.0	4.39435466052	8.93036985476	9.0	4.2780293826	9.0	1.66364901733	9.0	8.95941457671	8.93611708708	5.50455817995	-1.86909958272	7.25925741546	9.0	3.58466592609	5.28455985886	
8.95764780851	4.30779476379	9.0	9.0	1.41324110436	9.0	8.72349688344	9.0	4.01203548701	0.70705687847	9.0	9.0	-6.0	-4.28033675523	3.93237142662	5.65569761478	
8.99738965226	6.85020006412	8.95374533024	6.10367249483	2.56445989054	8.995934286	2.88991832406	8.57481507627	1.72839751553	1.68623559986	5.63642648453	-1.32289051721	-5.99906411346	-4.27558379392	-5.86992822431	-4.14907920798	
4.2487892628	5.37869372499	8.50785628112	2.37738574017	1.72292889	8.83365763866	5.56442522162	4.76000699981	3.20416296237	2.71777189418	7.90229884955	7.20188005606	5.76429311176	7.48587833915	6.97563717279	8.69661668762	
6.39114093905	4.624329254	4.6523816824	1.55781330275	4.78633896439	9.0	3.95466110751	8.71203960441	8.51609709609	8.09512425473	7.92430561267	4.16147146753	1.17728475141	2.85508431998	-5.99771651924	-4.28188517631	
8.69622683083	5.91483240584	7.98823912214	5.81471060641	2.2827572607	5.62327157672	2.51351163838	9.0	5.4146056131	5.51207338455	5.77173948844	0.870221859144	-6.0	-4.31506370677	7.25693695687	9.0	
8.06094660938	6.23872026106	8.76668217098	5.72270304903	4.08890777169	6.22295092369	2.04237820606	7.26772670774	2.06169596293	4.07222813632	5.90480478626	1.50492896638	-0.85558748759	0.949184192769	-2.30629557329	-0.635858689549	
