3.20481335618	5.36922108631	4.20262836564	1.05688061223	2.41034027202	6.88249762672	3.14980172639	2.63440303382	1.60803975589	1.5222780115	5.69181017547	2.87161088757	1.06204570872	2.80848823309	-1.26139410315	0.410352740757	
4.70318144461	9.0	4.51546690853	-0.793769232483	5.59118444639	9.0	1.58517031071	2.36990964568	8.0350388919	8.99981616744	8.84581173572	4.80795600563	6.74726369841	8.46886484231	-3.7058392048	-1.99159467154	
8.54960620219	3.90443055295	5.21579972367	8.96968088112	2.42684809987	9.0	2.27881366657	8.97901760799	9.0	0.59565480421	8.83769892758	4.96646803708	6.23338618134	7.92827388277	-2.08255070167	-0.33609808374	
1.98047043879	5.10925614252	4.5151346678	0.385862052386	2.01478566241	9.0	8.47060536147	4.27208279519	2.97446792005	2.63750497523	5.64040082854	4.30812734612	-6.0	-4.27802075493	6.02717932331	7.74854857665	
2.31526781374	9.0	8.67026043439	0.99471410986	2.17664790545	6.23278392081	5.39846787867	3.76928399993	3.09913200293	3.45590425115	6.15308174782	4.44697837144	2.90396394097	4.62146690113	2.87931498907	4.59942400229	
9.0	7.96952091329	8.95741771759	8.98708526301	1.5943115671	8.86639192191	6.02018211151	8.28624716092	4.54585743909	-4.1760100199	8.69213787396	8.99484786868	7.24478401657	8.96575489361	-6.0	-4.27655264599	
3.02579441874	5.29029873537	4.25792044923	1.15207787241	8.98643360487	7.62656078351	1.90095851189	2.66281175767	2.62412115689	8.35233854406	5.9435267633	1.8397568046	4.08446353609	5.80131078389	1.88635298763	3.69703226265	
1.60028643159	8.99989533666	8.84439953098	0.543263523622	4.3456667008	9.0	8.99446680475	6.78157048517	8.91479617096	9.0	8.98587743393	7.3796942162	-6.0	-4.28424226744	1.04751494695	2.77427745434	
4.66212938563	5.74222114596	4.91683008817	2.82282692876	1.93456682446	9.0	2.38204223973	4.87066047617	6.97039490191	6.33715144636	5.62377944588	-2.17994442496	-2.04076489079	-0.32413517401	-1.37003954873	0.354201160943	
9.0	8.9999580125	9.0	7.99498782023	3.50424495538	9.0	1.60843267758	5.15538458809	9.0	8.99989783039	5.61152812272	-2.30438535317	-2.68763026431	-0.961032110399	-1.93386254638	-0.219310865395	
4.13628437961	5.50319592651	5.6452265327	3.32135654647	2.18449116838	6.68146069113	2.07688566103	4.15313900968	6.8894791333	5.32933266721	6.5498591447	2.59176499189	-4.67286308465	-2.92727601977	0.166595912339	1.88530679795	
7.90859128696	8.79095132577	5.02570111404	3.15868219588	8.41235654371	8.95823499801	2.69605950706	8.99998849812	3.28873106132	8.99892447648	5.48848146481	-6.0	2.76728167868	4.48786481254	7.27149373879	9.0	
4.20923638349	8.74970686718	4.50112780985	-1.04065102499	1.5907321143	8.99664771281	8.96939013851	3.83961209906	6.11548575676	2.19498350321	5.83693453062	8.59919193196	0.0141374820607	1.73460784734	-4.63061638489	-2.91010992344	
2.71101924119	5.13039013286	4.57143304942	1.11966856216	2.52662319719	9.0	8.84197583093	6.81479711212	1.70244219041	0.85381616736	5.69989536154	3.2474683654	5.11888313684	6.8281893757	-1.72697545361	-0.0240334718857	
3.2451546121	5.33431259836	4.33671464203	1.27269732878	2.22444976255	6.44260797738	8.59770561379	8.29417473136	1.76756387611	1.62544294875	5.76111545543	3.04454231332	3.46074405728	5.15440618059	-2.80899849996	-1.08238505203	
5.16007016341	3.62969579844	4.80695499142	5.33352087861	1.57968376012	8.99926762515	6.42010127524	7.26328478061	5.30403704014	-0.104495945335	5.77447872127	4.03735878601	-1.38225641213	0.338099016717	2.17935733002	3.9083401294	
2.58098299302	4.57301516847	7.26170923114	4.34898150192	2.82143274858	7.59570719569	5.04776946661	3.04357458104	1.55790462745	0.792248782927	5.70147321644	4.66318218471	-1.96583213551	-0.233898824864	-0.160644320321	1.49540305856	
1.97531002966	4.62340678377	4.39530245503	0.85758261312	2.65327832763	6.86728992631	3.17154395701	3.10820718139	4.08109744509	4.58485160784	5.7565599449	2.08296574086	-0.149610094094	1.51584402078	-0.565015637448	1.1124675378	
3.782596659	5.57343777491	9.0	6.22277409865	3.86970259235	8.97677355691	4.12486919026	5.32096189727	1.61234541907	0.713264811284	5.69285737483	1.35441455085	7.27330157282	8.99790601862	-6.0	-4.25923106047	
2.39197692701	4.47351699727	4.51041783504	1.42430370942	1.79790581775	9.0	4.20214058365	3.89371861181	2.39320542004	0.749311495087	5.63655269558	1.50980471934	2.73763736803	4.45732605828	-0.647048570809	1.07395281744	
2.203992594	4.81160828747	5.03184548451	1.43131047293	2.33827617591	6.71944098296	8.50398372501	8.00449458319	4.095105713	4.34435835205	7.20020688528	4.16170943957	-2.74938384782	-1.02522258156	1.33378182395	3.14813706886	
2.94386909619	8.88618809525	4.4763380489	-2.46250878858	3.20491429812	7.44454168329	2.01600596371	3.12179113003	6.62695870933	6.4627704922	6.19236014348	2.11897704697	1.54926675259	3.26749128045	-3.79165336752	-2.07600917544	
2.16252478996	9.0	4.52541816404	-3.31168405171	1.73458390315	8.8973692124	6.12919261146	2.48135679567	6.87323067436	4.47436262168	9.0	9.0	-3.32705492287	-1.60539109021	0.174303360187	1.89669000502	
3.08834441968	4.84854470629	4.26562893556	1.50037629222	2.03885608963	6.67936667401	2.22243947717	2.84228429867	1.92959014842	1.25771029746	5.80028687191	2.28988194528	0.938987231223	2.66516965813	4.70463877353	6.44768364392	
2.62894913072	4.94139525808	4.53319713737	1.07459779403	5.83257481443	6.45984739083	9.0	6.27739635504	1.75335278173	5.36452768695	6.4924370699	6.19574581571	0.19653981713	1.98957226297	3.44064237315	5.19670635428	
4.76785239031	8.18772319072	4.50654207491	0.0910335520925	9.0	8.99427088825	2.53459947656	-0.0267225234981	1.93691569634	9.0	5.8874460623	2.49909474811	-5.8964282902	-4.17465654129	7.27878550551	9.0	
8.98917413711	9.0	9.0	7.98987463547	1.62038704432	6.24350083973	2.99510214068	8.99998145154	8.99978245334	2.46028783658	6.74220538951	3.76939252191	-6.0	-4.27760051273	1.43490862512	3.15643997625	
2.69361042052	5.11690442702	5.14656609604	1.67780511189	8.11705375537	6.23588119315	4.97446038452	3.31194289232	2.61873425445	9.0	9.0	7.32156394779	-0.91637762305	0.758133347397	0.101287943101	1.78464534826	
4.13548059512	7.21318979077	4.44167873151	0.370863373936	2.25959999436	9.0	1.9739608204	1.6604785527	2.13447612923	1.92573537519	5.60531948988	0.492613762717	2.60921335957	4.32950870916	-4.78323567884	-3.05984260614	
5.57830262099	9.0	9.0	4.61944395013	7.80986410448	6.37096607973	6.26784683255	5.15414811336	2.80458444351	9.0	5.64270920291	3.07855568876	-6.0	-4.27536567121	-4.03245485673	-2.31539854288	
5.47298488916	8.97727131138	4.58218885736	0.100077609607	3.60968194582	8.92205748508	5.47061456144	6.15370903431	1.58355078328	-2.47295929107	8.24975264463	7.38114950858	-4.46278823413	-2.75138354837	6.38249129358	8.06162395202	
2.11355808297	4.40468174294	4.49429470229	1.20331370411	2.20170007794	9.0	8.18367092345	1.21416930006	1.89936180072	0.682654924212	6.50054778945	9.0	2.78803181515	4.52047731986	1.61646087189	3.33630982674	
3.02613880498	6.65651464396	4.64962356707	-0.00324701429928	6.35737491703	9.0	3.6347704092	-0.589259567211	4.24370757043	8.99887320593	6.37962771281	4.32995427363	3.26414507154	4.96320051165	1.57954266773	3.27841466368	
2.17108519696	4.79654513903	4.63601766131	1.07994421124	8.9993903286	6.44349396213	7.94497522	2.17977814281	1.91802842443	8.99510329046	6.05626829285	8.28137798111	0.249287187664	2.05912805308	-1.00747766443	0.770950754994	
7.4338175964	9.0	4.59746220568	2.03108378322	5.89087739368	8.99223385405	3.19882684773	9.0	2.64337690293	2.91448165465	9.0	0.943864903526	7.27885094693	9.0	7.27916229598	9.0	
2.33396656467	7.165368349	4.49407757323	-1.253633733	4.1201665943	9.0	2.15016326615	2.51548515852	2.71796373118	2.34717608565	6.72109178709	2.86027017668	4.10429448573	5.7787478712	0.301355540027	2.00701634443	
2.43881402482	9.0	4.48042056199	-3.04604660798	4.6784692353	9.0	8.13343551042	8.92361134403	8.9997944569	8.77949255337	9.0	5.15144098124	-5.54402583049	-3.81402056113	-6.0	-4.2759896283	
7.0929667147	9.0	6.10227753622	3.19087630735	4.58587177809	9.0	9.0	7.13198446604	1.58715041286	-2.72254596548	6.11741403564	9.0	-5.76468905845	-4.0412411116	-0.174071687867	1.54749984139	
2.1665742674	4.49217138186	4.32735743173	0.934301761047	8.98668607591	8.44007425504	6.56034325312	5.66460603521	1.62115022992	6.72507171062	6.67684148888	4.18204637466	-1.45365551919	0.410428226503	-0.132589241388	1.39822840916	
2.78215502121	7.6203152949	4.4068884295	-1.43807467304	4.09753978722	9.0	2.05268240389	2.35665707681	1.86509838022	1.5534284106	5.9680915578	2.1860198471	-4.29307199597	-2.54874496083	1.58301776178	3.34697601082	
2.24816710005	6.02721682909	8.02468782083	3.2602615245	1.93663285607	6.74417075428	4.81479018104	2.60433974229	9.0	8.88457988193	6.43682554319	5.04882041015	7.27227345719	9.0	-6.0	-4.27135761095	
3.34848308358	5.94303376607	7.03060802034	3.52481956534	6.66057428125	6.20231716923	8.28621917296	8.99560455999	2.0302440413	6.85486519369	5.63493492442	1.63321677603	0.825640476736	2.53883405489	0.709455166451	2.38539620551	
9.0	8.99527699518	4.45891232271	3.46898348561	4.76479941723	9.0	1.56627577295	4.99912387181	3.79513810518	1.74942675945	9.0	4.4888246616	7.24862701563	9.0	-1.21624099395	0.472928044499	
2.20672508166	5.39504532037	4.52527639955	0.336673219573	2.36092244768	8.9999994017	2.03030429051	1.20167169475	6.08438043602	6.10638675018	5.69476815481	0.979686506777	-6.0	-4.28316931255	-5.9918099585	-4.26679194536	
5.76472618573	8.08095841183	4.23435647474	0.944566896033	3.59163606444	7.0192426885	1.63670885487	2.31294115011	5.62348862296	6.95874438925	6.30462776481	1.91041954524	-5.11474082686	-3.34152530343	-0.829066195602	0.936663094218	
2.78446041391	6.22719043836	5.44717591209	0.970678394	7.07487664069	8.47890345486	2.95584299214	0.488604597021	3.68604719707	8.97920165835	5.99988218785	3.00223837572	-0.811316110881	0.918365956307	-1.68983729296	0.0024136174703	
3.53764313033	5.60281598282	4.64603938243	1.50091855051	1.78200404598	5.88724436003	2.2762689855	2.97599050978	9.0	8.8955151598	5.64812325044	2.08643686979	4.47454836998	6.04689680961	6.75647312931	8.51775361281	
2.22804789133	4.7031639169	4.37140833126	0.949882595279	6.05714430566	8.79560246362	8.4248662674	9.0	2.92698005676	4.76379646421	5.39303661244	1.29529374179	-0.679974463027	1.04916480525	1.92668534013	3.67317723388	
3.69151170996	4.34510117079	5.9432004227	4.2736736827	1.62263486314	6.64163413222	6.49023135183	4.72472218028	2.78065634356	0.667953517267	6.73612519108	6.73469160003	1.53425701067	3.27515567014	1.67266695563	3.41220021649	
2.60714378602	6.23041164488	8.996310176	4.37519932607	2.92454061929	6.87198772054	9.0	6.11130996824	1.93974083036	2.8306485742	5.83892452245	5.02333069942	7.27487341108	9.0	-4.07135173532	-2.37072604022	
2.05548287701	8.94028669658	4.52384025205	-3.31528814012	2.08091571031	6.57013529262	6.38939791762	2.92117776422	9.0	9.0	8.92819404287	8.90087067315	7.25873689966	8.98796815568	7.28450575535	9.0	
4.91998774428	8.14181120754	4.52564477898	0.307513441517	1.87839933803	9.0	5.47026549604	-0.0924712428269	2.24722977831	1.96827471647	6.88553322852	6.71275528032	7.27849270921	9.0	7.27819851253	9.0	
3.12234245248	3.60277605211	8.96722712705	7.48885401316	1.62094502771	9.0	9.0	6.31647839978	3.03429117558	-0.33351518275	5.85029990614	5.63627551513	7.27657182908	9.0	6.83847723304	8.56126730748	
3.95641389919	5.52683143088	8.99293487022	6.4732406094	2.3291972251	5.23892822567	2.38803537085	4.34376589601	8.42797563888	8.95364788326	5.24809252372	0.846463444451	-5.83994152355	-4.21636972461	-5.67174445713	-3.98216112296	
2.43475278071	5.8751561962	7.73174975246	3.32411650566	2.36034133991	9.0	3.01027459325	1.3853089356	3.99902068937	4.595882156	5.6225974822	1.096638277	-6.0	-4.27896923781	-6.0	-4.2793651756	
3.882389906	7.29246776769	4.413304423	0.00222421720997	2.07507054455	8.9991330649	2.79021338252	0.290437028624	2.59594891034	2.83108111679	5.68250038697	2.13310054191	-3.86824513877	-2.14804217918	0.918454920026	2.6470292365	
2.64391732792	5.98025117958	9.0	4.70589734131	8.99557098105	8.57265857971	6.17890798457	5.93658730781	1.6562720745	6.81289131	5.78436296348	2.37662342161	6.27450356942	7.98263203274	-6.0	-4.26719455471	
3.21315964324	8.43528828796	4.51327019305	-1.69347324188	2.68019357275	6.90918550438	2.37747085422	3.01754743189	1.82272887924	1.68519352661	6.02382952538	2.38809355801	4.493347168	6.23240222275	1.15978719203	2.87057245569	
6.95684995384	8.27198881363	4.53512234185	2.21952281532	1.60318492969	9.0	3.80007727828	6.02149675973	9.0	7.2941883712	5.64106217639	-1.15429672249	6.5084485034	8.23124505754	-1.62608163881	0.0943579194498	
2.66740548905	5.094285699	4.60883643632	1.23044789953	2.63827894637	6.73662961112	2.38490345554	2.77137196543	1.70805735494	1.80654249093	5.5025200183	2.02391772917	2.66541245357	4.3923168942	-1.17622424638	0.624411755705	
8.90523654381	9.0	4.48417850602	3.38723034626	8.57380855065	8.40031095375	1.90985034843	8.96868656757	5.04773508309	7.26633595069	8.9991748544	1.01357000452	0.0352406102806	1.75484198615	0.808430442723	2.54087105304	
3.1186204836	5.24999496212	4.3548272723	1.36887266397	4.20884479599	7.28768648719	1.84712823595	3.22697650548	4.19663769892	5.25320808277	5.46124352414	0.862558022092	5.19671565451	6.93581613793	3.93169674079	5.68608153264	
2.02293748892	4.47806384131	4.63860294239	1.25024511684	5.06283454975	8.95226323734	3.19967367017	3.33326908999	6.27535580159	6.61514536303	9.0	5.54964485676	7.26044428886	9.0	-5.99591617808	-4.28865991474	
2.69300475798	6.15826816825	4.48777933454	0.0148014568265	4.95133583141	9.0	2.62025399561	0.888087763198	5.71332722835	9.0	5.62165572287	1.13930239384	-2.69977829612	-0.970227535987	-2.84747242324	-1.13466885049	
1.81058597135	6.0906647477	8.04897774032	2.76550113904	8.01288004202	7.03267764351	4.80220031608	2.85422293967	3.02655497128	9.0	8.99996036711	7.07745292922	-3.05508214086	-1.33455413803	1.92626610753	3.64719153456	
1.80227998843	5.99705211809	8.29519537771	3.11132444884	4.17014331534	8.41743693551	8.99938954593	3.53947764692	1.99677885452	2.6949949108	7.37970908517	9.0	-1.31168356872	0.408159253896	-1.16025676483	0.560731702162	
1.61441649124	8.09026183417	4.59620447848	-2.79333370292	5.32404051313	8.96581724017	9.0	4.873668812	6.11012120928	7.22864447127	8.6762993863	8.99121876534	-5.15802238851	-3.4367705475	-4.84152077437	-3.12120637666	
2.09713043826	8.56861235917	9.0	1.56843993277	6.70698298325	8.90483404806	3.74702467789	4.11620969024	4.93620354678	7.24829511973	6.20149944475	2.34821306952	-0.202653369518	1.5215226917	-4.38840486904	-2.6594958873	
3.13623112082	4.26263874877	8.95153974015	6.88260661311	1.60336000381	6.33829532898	8.26723575735	3.63521707416	2.24297274701	0.802296043664	6.72313715075	9.0	0.247879239998	1.97862705556	-0.591177599991	1.12352081003	
4.22352140786	5.77162076263	4.31055677144	1.67350207494	4.25337865062	9.0	1.64536786632	3.35321241516	3.49398896922	2.77094519316	6.01172516812	1.45523743706	0.148573467275	1.84281559007	1.26381967794	2.99477256881	
2.86518919317	8.86318906332	4.50579203487	-2.48191729565	8.91495131058	6.36947356351	3.48574840222	2.55674207076	1.9704973898	9.0	6.13282730775	3.67925143273	-4.17814026939	-2.45808223664	-2.96419197539	-1.23292080778	
6.4710403289	8.17668615725	7.93309557972	5.2295222983	8.71982119188	6.8588258414	1.96482938603	4.26655978839	2.28921450023	8.99980001818	8.30201323343	2.27035848317	-5.95495037236	-4.23217752251	-5.98965719211	-4.26952798226	
4.22285005011	6.68719087879	5.10971141675	1.63587736128	7.9546019948	6.93336393746	2.9885707506	4.14451896602	1.67614001264	6.88977741154	5.53172098817	1.19596737161	6.84727719378	8.54428064534	3.08202602592	4.88205220832	
3.40334345309	5.74987591038	5.06108434848	1.64831149025	3.79637667341	6.19399139865	3.25118614901	2.98856674221	3.85353942376	5.92962061006	8.97202253538	6.0415940117	1.04291465855	2.77282035834	1.93760687618	3.56343816052	
6.82931777408	9.0	4.5246333231	1.35137785615	4.45926677359	8.65706471967	1.81430413568	6.29882323362	2.17283505005	0.46188296249	5.62437762779	-0.228649293593	-1.24734703767	0.478267828816	-1.12112468548	0.598398017438	
2.66314728275	8.76118877352	4.48367445566	-2.61087073753	4.86774767961	8.99730548781	2.38212134811	2.89118780942	1.90343106356	1.99391569362	9.0	5.38317920487	-6.0	-4.26941180926	-3.77370334665	-2.05108826519	
4.0261461144	9.0	4.5098570948	-1.47152989114	1.92290273798	6.26656892855	8.12334823206	3.4735639857	1.93979441089	1.06700607052	6.69238991937	9.0	-0.625285099299	1.0989365372	3.94982571762	5.67268006172	
1.80038531719	6.22148943888	8.32040535738	2.89852542842	5.74506856571	7.19876257684	9.0	8.27019696887	2.99656701229	6.52258723395	6.94259670461	3.8122934389	4.11037344067	5.83203181333	7.27812813456	9.0	
3.14532566857	5.10665141782	8.99974980647	6.03581584199	4.69589643655	8.98511480444	8.99988246511	9.0	1.76064616764	1.41287483434	9.0	6.23322086756	1.34943091236	3.07866182028	-6.0	-4.46476090896	
6.34312690087	9.0	6.6286027756	3.06277228954	6.24477808985	6.3460456415	3.52867759104	4.2393409617	1.80046070792	6.03688255619	5.66523174388	1.64291844417	-2.42850601507	-0.707074497346	7.11989242385	8.84866957489	
4.48490714718	7.06201821618	6.36065641892	2.83747911424	2.85523288531	7.09465038459	3.15179596289	2.55677879268	1.63378814365	1.6141678626	6.17459512756	3.61744857848	-1.00078178344	0.729358095698	-0.618008154111	1.12171333417	
3.35402331373	4.69154875509	4.36381554403	2.13611825524	4.47912211369	8.73110846744	5.62768270063	7.31325128549	3.71325242198	3.00573656598	8.30302713619	4.15277506524	-0.0425612144177	1.79002113562	-3.02041842912	-1.39541215771	
7.4644669754	8.99568216183	9.0	6.46405818977	1.85935871522	6.24418947166	4.41942103394	9.0	2.01233184	-3.00041561055	7.54212909683	4.72693986395	2.76945191393	4.50218722942	-4.84866988379	-3.12442241648	
2.05632267631	4.02052810949	4.68723166072	1.73663679039	2.21544572737	8.56859602132	6.49666240592	1.95004173012	1.95291520786	0.562777973769	8.33051619129	9.0	1.59817947953	3.31921184986	4.47803246463	6.21025479742	
2.92258083148	3.42923165096	4.4905351002	2.98684191167	1.6059045119	9.0	5.10322558999	3.35182629612	8.41621648864	5.0683950973	6.26396781963	5.08290303142	-6.0	-4.27183036875	-1.7970719638	-0.0690964619964	
4.7527700748	6.83351486983	4.25453453596	1.15593893753	5.86401993755	9.0	1.59885343485	3.21904073578	5.4290830234	6.37983218987	5.45760123351	0.888988084421	-6.0	-4.20553803836	2.88449235643	4.48548162212	
3.06089896184	9.0	8.84150095143	1.90269451631	1.85323784552	6.25946485267	5.70544794037	2.56497835797	9.0	8.89746059972	9.0	8.95351114915	4.41862369052	6.13969543839	0.511625575901	2.232851901	
9.0	9.0	9.0	8.00000034525	9.0	8.32228085393	1.6039447164	5.18852679556	3.79906979793	9.0	5.65217725002	-1.34205552682	0.856002813048	2.57577183181	3.06446743069	4.78831673567	
3.01050822487	6.28969984535	4.50153127777	0.219229449742	1.84003511287	9.0	9.0	0.0788588114636	3.14749086659	2.96306914269	5.93325865273	9.0	-3.94284223995	-2.21784730658	-5.48199931934	-3.76142102677	
4.60077020891	6.06681929539	5.94967352326	3.47044624339	1.89896625079	8.0686670415	6.87635765394	8.9685768391	4.64511465676	4.5081427132	5.66538471297	-1.32407773848	0.595579718013	2.31354366563	-5.77926588744	-4.0632946178	
3.71542558096	7.0527201753	4.51047802491	0.180855697728	1.88060634906	9.0	8.71676516987	0.0646352872434	3.03182085409	2.98374294714	5.81155704501	8.49635076516	4.44988180194	6.17517690667	1.78490214081	3.50229651695	
2.62137621508	6.00227684371	7.68796081029	3.3473050705	2.46918674746	9.0	2.94140402647	1.77761584198	2.51661309561	3.18220814607	5.66990999613	0.735926944225	2.36625780328	4.09726099935	4.58837832465	6.33432185655	
8.96145083416	9.0	9.0	7.95575706862	9.0	5.73169055813	1.90714567337	9.0	3.7530895817	9.0	8.9676503555	1.01706194948	-1.19388708917	0.530983038195	-5.99923749645	-4.27870656782	
3.20041521447	4.79647185646	6.15710322213	3.58348453564	4.16199968673	9.0	2.16648123958	3.2457156702	1.99028118171	0.897737604923	5.92708825282	2.159434203	-1.0483533989	0.731192623292	-2.42967296665	-0.543644181333	
2.72533659442	4.83418653701	4.94209102072	1.92801113876	1.86121871442	6.67911846228	5.97398293369	2.78319333552	2.71943138544	2.06097740227	8.93317142654	9.0	-6.0	-4.34699320145	-2.54984913147	-0.765851133922	
8.19759768941	9.0	4.96372738606	3.36137492538	6.60909334782	9.0	1.58582525548	4.34496998764	3.12061370064	3.3778056113	5.48996867732	0.947598304779	-6.0	-4.23424996118	2.43447254192	4.30180385265	
4.68094919031	7.62721511952	8.98361355534	5.00581533286	4.23537369495	8.71101401185	8.66262768597	7.74214874235	1.58215410932	0.0588392829521	5.67976873892	4.80144282634	7.29667906898	8.99999905589	3.70921201436	5.42255028961	
9.0	8.00469189568	9.0	9.0	4.38346373325	8.81674817128	1.7033449493	8.48134754875	4.49570275536	-1.57648016532	9.0	4.96969240853	6.36705958345	8.08772199047	-5.95535244178	-4.23451269907	
5.54692337886	9.0	4.51397872396	0.0609825618104	6.47767819596	8.95851199518	8.99997969559	0.400740635633	4.05595050541	8.93924532468	5.70042117206	8.05681702749	-1.73532781406	-0.0142281965738	-2.31157171301	-0.587991973254	
2.57495876056	8.90851959541	4.50530284758	-2.78683588226	3.15905893339	7.44415735692	3.02125237652	2.6991136736	1.68229522442	1.63304042744	7.18400495369	4.31107275011	-0.104666169043	1.61777041957	0.477079602802	2.2030451406	
