8.99534974239	5.71078156596	4.51542772763	-0.20710065278	2.51002599923	8.95856939278	2.63903917247	8.05141705174	7.79678530919	8.60273670904	5.67666530658	1.13882558616	-6.0	-4.27811845055	-4.685421125	-2.96418777997	
7.11410029449	3.95842536587	4.43681306289	-0.413976742372	2.77554969862	8.997264133	2.86328346655	6.79082028426	2.72250402737	3.86919279598	5.81984914653	2.6368710884	-1.51410665924	0.206900622493	4.44658329669	6.17634207405	
6.602893674	7.82598672489	4.50458375674	-4.71547516148	7.83770532466	8.75420482412	9.0	8.9846054529	2.74066407068	8.95972486865	8.00986471458	9.0	6.24875848791	7.97070111182	-5.98737970879	-4.26707237549	
8.82756494896	9.0	8.99210553997	0.878240735641	4.05473516861	9.0	1.7820769477	8.66221338442	3.49836690204	3.61395008704	6.0544872956	2.09946295024	-6.0	-4.2194170486	3.27937649236	5.03673744309	
6.72629492759	8.71597270321	9.0	-0.984260082409	2.31465810631	8.99915724483	9.0	8.7496980889	3.51653341004	4.16035342628	5.85841001626	6.88828642756	-3.40381530705	-1.68557243981	1.96517596927	3.6894885777	
7.28473241957	4.84602935252	7.2144675767	1.65703699649	2.06450546841	9.0	3.89234655794	7.92130354552	1.98680816251	1.7605918367	6.40357405147	3.78133631827	3.69823935844	5.42004643577	7.10878167367	8.83175448751	
8.99633568862	9.0	4.57331485086	-3.35232953002	2.28021747714	7.17537028862	2.72077810473	9.0	1.79900799971	1.63044665914	8.34498304903	5.30914282605	-6.0	-4.24631193804	6.76034727673	8.46061693817	
7.30293730857	9.0	4.55016363785	-5.14375628593	2.10600522638	9.0	3.59341791486	7.22740451136	2.00085529351	1.94372938055	6.71264682503	4.35995168641	3.63011720811	5.35249926865	-6.0	-4.27898453193	
6.71817357115	3.34455692682	4.47374959534	-0.133926988511	1.87195088545	9.0	3.73822638127	6.85672970501	9.0	9.0	8.95762453106	6.78716401092	7.11594574667	8.83065426187	-5.9999734009	-4.28378086004	
6.4969419226	8.54041769789	4.48439976208	-5.51695336036	4.77676778688	9.0	2.82528473796	6.39430479829	3.9968426274	7.17647304891	7.61934812171	4.67475079324	-5.96546957391	-4.21934958409	5.95485472172	7.70025050957	
6.48705160403	3.38655426699	4.42767799409	-0.447624574017	5.72074162059	8.96652067738	5.11563048758	9.0	3.58193844721	7.70659691035	5.82047446968	2.63240806049	-0.781448367836	0.944622677074	0.416566912438	2.13919808595	
9.0	7.20646920208	8.99883851316	2.78958139506	9.0	8.8217939583	5.63169622617	8.19034602366	1.59956078239	7.41812922684	8.99280652908	8.91672174612	-5.9333578918	-4.21327798566	6.96302418153	8.68513621455	
8.89979798326	5.66847110395	9.0	4.31588011652	4.41250800188	9.0	2.8873319065	8.84666302995	1.57916814218	1.89467578971	7.16251425337	4.29142748437	-6.0	-4.28447377404	-6.0	-4.27959295215	
6.94263699114	3.63293174801	4.45664282801	-0.228272704978	2.68242074135	8.97566376451	5.971139333	7.96762231808	1.89241332715	2.66134704839	5.81410739857	4.85428198223	-2.15661883999	-0.427591568685	0.768783690909	2.48771293536	
8.91998144475	3.90993648763	9.0	6.0790793263	2.20046314937	8.71258335259	8.4533097044	9.0	1.66146392954	0.107538900662	6.19108111482	8.70472911317	6.34670503847	8.07100470302	7.28434534226	9.0	
8.88522046159	5.44903750562	4.54006934096	-0.0139045538381	5.46509467641	8.30788245208	4.23499129661	7.1197142599	5.1257117097	9.0	6.19039675468	4.68012569141	-3.76727414111	-2.04652444894	-6.0	-4.28123952636	
8.95649445197	6.97521608694	9.0	3.05030541578	5.20959082706	8.84134911699	1.76304458167	8.74941187734	6.9612612003	8.16859431293	9.0	5.14542653619	-6.0	-4.28360132816	0.131222685032	1.85602356006	
7.19771888202	3.92464285478	4.50501782328	-0.219344844224	3.99839862266	9.0	3.93722536585	9.0	2.34014758715	4.47653524984	5.74225019377	1.65224554412	2.80619386417	4.5272153911	-3.73654251621	-2.01432883557	
6.57572053253	3.35631135605	4.4724704291	-0.300272818512	8.47963447339	8.89628247628	3.79498944886	7.08623813088	1.93154010518	8.6133576999	8.37947078289	6.05467860313	-2.35232497846	-0.622883885469	-5.66850389154	-3.95881139983	
7.01828335762	6.1125041807	8.95787958351	1.87321039609	2.78425603521	8.99555921249	8.80517510718	6.79366852936	4.2252756145	5.4028016152	5.90671752979	8.6279595103	1.45052359723	3.16961774923	-5.50332813688	-3.78623077282	
8.79371367522	4.16026297168	4.58115349074	1.21561604486	2.23000281007	8.77698783989	1.93888837306	8.64004793944	4.35808313552	3.25394326947	6.04049976563	2.00012854304	7.28047100183	8.9999245036	7.24105104923	8.97949866711	
9.0	8.99998979895	9.0	1.09993184425	5.09229080119	9.0	8.99999556053	9.0	1.53119221901	2.43964784261	5.87570470612	9.0	7.28223335929	9.0	7.27323744168	9.0	
8.13804774616	4.08505788485	4.55687884718	0.669693723071	3.13788652676	8.28674994828	6.20553005106	8.98386575719	1.6156606557	1.90590797657	8.70306688608	8.51897700656	7.24000251237	8.96892912722	1.03841849153	2.78091721811	
8.81176885038	7.6525162968	4.42758773729	-2.31342559571	4.60857082921	7.14686538598	4.98098095274	8.90508192631	1.61570159236	3.84990393436	9.0	8.25198184939	-1.19307694436	0.523501666322	1.25370579406	2.97075126156	
8.55412844983	4.32166637883	4.52785950022	0.758218103346	1.86913948259	9.0	8.02662684429	9.0	1.97396550554	1.04790303028	5.68730286564	6.62611102598	0.850332213349	2.57140073138	0.77444999908	2.49600383998	
8.52892225533	6.14416554781	8.9843972705	3.39747767124	4.38008102325	9.0	5.63247363216	9.0	1.57314065776	2.33919586174	6.00449862398	5.33636955414	1.73552331692	3.46384310307	3.16892981337	4.86473595104	
8.81462811689	3.67042400937	9.0	6.20427123207	1.96248532879	9.0	9.0	8.95581425492	1.75327555012	-0.181133395011	6.0328038833	9.0	2.57145100321	4.28977893084	0.398820872401	2.12076376223	
9.0	4.96554602117	5.12896838251	1.20729415981	4.60300568192	8.69071802936	6.35101934684	9.0	1.57432754666	2.2859461773	8.43827215939	9.0	-0.529492736223	1.19185764935	-6.0	-4.3192299241	
5.88425194138	2.87043178754	4.25018319361	-0.740656440451	3.19588797768	9.0	8.5068573966	8.99999829457	2.85566563026	4.56656207916	9.0	9.0	0.0533822373874	1.65803791492	7.36898957638	9.0	
9.0	6.91214619504	8.93429633631	2.93503884953	9.0	8.99997465058	2.74844317922	8.90221709836	1.7161192314	7.22720429804	9.0	5.59988787247	7.28144971067	9.0	6.5825331981	8.3060123775	
7.75315847514	4.28498476153	4.4378648459	-0.0910215262413	3.26824708256	8.42560532813	2.35969098279	7.0947503539	7.37072618697	8.95827549983	6.32925622385	2.9540341574	-0.788125110099	0.927630727637	-5.07067307747	-3.34894768399	
6.96918449313	3.60324317548	4.49178100584	-0.13657979122	8.67647231606	8.69141899669	3.13650991876	7.23153467384	2.10023364725	9.0	9.0	6.09228046463	-0.163497933607	1.56049239861	-2.11721035281	-0.398192795466	
8.3344392267	6.43906864022	9.0	2.96786447209	1.90763780306	7.250178564	5.09586119591	9.0	4.33542582231	4.44750518116	6.01975934525	4.69363519651	0.933685882758	2.6841334824	7.29033280706	9.0	
8.97310620702	4.87115141078	4.78589692567	0.944847336577	2.57235754178	6.52927769442	5.32326580984	8.63601185404	4.81865574506	5.76793279733	9.0	8.78745386369	-4.46276842436	-2.67793708882	1.02281394333	2.73343894359	
9.0	6.81024669279	9.0	3.27899718806	4.37768735207	9.0	1.85014393664	9.0	9.0	8.99585085861	8.9631738733	5.13676410294	-6.0	-4.2782049232	7.27997890766	9.0	
8.67663128286	6.53608428406	8.63117777545	2.80559346837	3.54692685693	7.36645740479	2.46479643182	8.52890992142	1.98740613071	3.56381186544	6.52145244011	3.12961882849	1.08154444055	2.8006711273	0.117478373373	1.8374233409	
9.0	6.0708389641	4.42183366345	-0.578575499452	3.94935307142	6.31309644031	4.61340231104	9.0	6.37489877729	8.77995792289	6.0250744416	4.83744710389	-0.114753409457	1.61379189164	4.32673821851	6.04272039609	
9.0	4.57022650372	4.46354146513	0.988522418609	4.39909864167	9.0	1.84463080849	9.0	9.0	9.0	6.52164718034	2.69542486628	-6.0	-4.27922468327	-6.0	-4.28832539738	
7.45152841442	9.0	9.0	-0.547883170636	3.10256054436	9.0	5.63649727125	6.37390959885	7.49571714639	9.0	9.0	8.97661342151	7.27796638724	9.0	7.2772950949	9.0	
8.99901726685	8.90167611478	9.0	1.18329024842	2.85979175955	6.30518249422	4.13396673185	9.0	7.69300847504	8.97776974325	8.67516628577	7.05383739698	7.27962148858	9.0	0.643681828762	2.36708010658	
7.63701607691	4.97566799472	5.74076811644	0.461097947309	2.97568586155	9.0	2.16830459391	6.58456383949	3.65730620326	4.84238817256	7.59610028135	4.05563857876	-5.98811648635	-4.30352275878	-5.9899334017	-4.30467608021	
6.98373734208	5.64442183079	7.93158980337	1.30090970997	2.48814444678	8.98676358778	8.51142963437	7.84853980893	5.14058223941	6.02603229418	5.56695031656	6.89608289454	0.293717070689	2.02031909087	5.52123607513	7.24322614904	
7.93137610305	8.29667713977	4.49694891993	-3.8674770028	2.02036856344	8.95984352586	2.36572049738	7.28172865906	2.82856797108	2.83125874163	5.82564550248	2.08279348871	-3.36226681438	-1.64114097766	2.07759763761	3.79766085939	
6.8375264583	3.47237200106	4.44636208181	-0.17153103933	1.88663974951	8.96604265917	4.83860954762	7.15811325472	4.14655770005	4.20084830944	5.9824427593	4.60643692658	-4.36996087323	-2.64928207125	6.80524509429	8.52879369759	
9.0	6.26254649788	4.47854527302	-0.701286537121	3.31592199377	6.95976062344	1.96540515156	8.99961944593	5.75424626612	6.83331373376	6.32418935715	2.52725884775	-1.50788342822	0.207918756002	6.07830019436	7.799381214	
9.0	5.55640085537	9.0	4.4481564872	2.74184927242	9.0	2.01684921149	9.0	2.75146208566	3.00898185114	5.6544205931	0.269831311415	-5.16541118798	-3.44392433713	-1.04666471941	0.669839416443	
8.89239684887	8.63568616797	4.47301975224	-3.18018200688	1.82316221419	6.53364075099	5.6856956	8.95962939039	9.0	8.94827341712	8.8802516457	8.87702370973	4.58259379407	6.30587572923	-5.9047804104	-4.18254565345	
6.28667010194	5.79309492273	4.4674544582	-2.99662512397	2.79565621229	9.0	6.0036630968	6.40476087468	3.77347661805	4.99931319479	8.80245710531	9.0	-5.31629106809	-3.60042304052	1.04412925491	2.75870964019	
7.82369847635	4.62797286601	4.45148646524	-0.328424667926	3.86003217552	8.78182642249	4.37688700893	6.86704113745	2.3617861292	4.58398266028	5.77484819318	4.2068066709	0.445646303646	2.17271810513	-0.223206555614	1.49685919882	
9.0	8.99145311818	4.49483917022	-3.42416079165	9.0	6.69128475992	8.73883597793	9.0	1.82759508101	8.94636656751	5.7140925003	8.60287491782	7.16036515791	8.88853494836	-5.90693506715	-4.20934674509	
9.0	9.0	4.49308527044	-3.50887579425	2.44807165819	8.91859727339	4.07037107102	6.69549940084	3.48095321455	4.26803072886	6.04893693704	4.28464157584	7.02783468832	8.75006508872	7.27889278345	9.0	
7.46344251476	7.29028764148	4.51225114634	-3.31557670771	1.62743321132	9.0	5.67203530303	9.0	8.53118316769	7.45615590148	9.0	7.49228298337	-6.0	-4.27828005372	1.25806131316	2.97807112567	
8.69393402806	8.56691900809	4.633579086	-3.1656474633	8.84436840648	9.0	2.61590063955	9.0	1.6852566388	6.37557518494	9.0	5.74452330426	1.51793343053	3.24646311638	1.23607828851	2.96596806511	
6.83526319718	3.67056542994	4.49290941711	-0.331350907095	6.46503932375	9.0	2.4363050725	6.83633094344	2.82145467958	7.55598313158	5.99226579413	2.4123422817	-0.177348256851	1.53466750037	-5.59196660585	-3.87164111134	
8.3474754745	4.68157936056	4.50153274907	0.189304106986	4.49162946225	8.37540202918	1.76597941805	7.46149320587	5.59535057458	7.9268195997	8.71753694656	4.87694522461	-0.823083387829	0.891541980285	-5.50291016421	-3.78742390377	
8.55210676171	5.96574342635	7.69092888261	2.30015629263	8.45319780964	7.17511012954	4.37391208633	8.96174153091	1.84211173917	8.37881175442	8.1588838822	6.39647888717	-2.28806845898	-0.566482543919	6.52712249703	8.24804437582	
6.96961771883	3.77397192272	4.47358967077	-0.307304035564	2.70322051642	8.84815968687	2.76454932132	6.7383689233	2.64843004663	3.66158398655	6.03146347529	2.94883534875	7.29251713188	9.0	7.27533478138	9.0	
8.99923935026	4.70627280689	4.40084530646	0.836982969789	4.70321717184	8.50843595526	4.29501633774	8.90209066404	1.5840674053	2.50056994171	7.59613475277	6.13963389576	6.27734004897	7.97835666593	-5.92375539553	-4.07114904116	
6.79522830134	5.7504923448	9.0	2.07317511954	9.0	8.94898849158	2.95431642954	7.30484257698	1.93214812739	8.98311513596	6.25754113911	2.97657041639	-6.0	-4.28893997889	5.98145697592	7.70300230888	
9.0	7.49349247941	4.54832839473	-1.95176145662	8.09441342963	8.99987049571	4.3077059182	8.37365171871	2.55474534168	8.99817430206	5.65730823673	2.36562326151	-1.23299150406	0.490881803172	4.25118600112	5.96587402139	
9.0	9.0	4.47521807752	-3.45402171928	5.22236229649	8.98559996212	5.72533447008	9.0	1.56113029276	2.49877653923	9.0	9.0	-6.0	-4.27880224002	7.28054792337	9.0	
8.3213534311	6.37284085852	8.9957623227	3.00023722424	1.8573035098	7.33067476633	9.0	8.81286965648	8.99804105905	9.0	6.26850091179	9.0	7.23258876758	8.93986130787	7.25556578195	8.99115433929	
6.51083533857	3.33112205432	4.50585443484	-0.301597531751	2.42308912559	8.99743811516	8.9976282843	7.19025979386	2.88535857705	3.63449517495	6.42365932354	9.0	-0.359959652327	1.35971297303	-6.0	-4.27694861922	
9.0	4.68159666104	4.66129859731	0.999676802004	4.30861314891	9.0	2.86584217981	9.0	1.62780965971	1.83760534889	6.29363495718	3.31439641396	-0.699645731932	1.03333572921	-0.376386262606	1.36108841207	
8.6812488941	4.76161475471	4.66164562215	0.629071814459	1.85809687275	8.99999982983	2.36640370769	7.67064537871	2.6155315115	1.93248867132	5.88881853176	2.20021703396	-2.96172766786	-1.25210813039	2.71145022795	4.4623448079	
8.95422191177	8.35313746194	8.41150590036	1.0023730429	5.72097256816	9.0	9.0	9.0	4.86859169303	9.0	8.27023193708	9.0	-0.290224506202	1.42901198508	7.15455355635	8.87590393816	
9.0	4.03060383574	4.54919734256	1.51192843261	1.7351754094	9.0	2.93900759759	8.8243092895	2.25872084543	0.521128651281	5.82593650649	2.5317441856	0.486779294555	2.19459019771	1.6535858597	3.37958405353	
7.95039762892	3.77518812667	4.60962781336	0.800899196248	1.97950258353	8.89962427104	5.11250127198	8.99993126133	1.90698893534	1.11258105903	5.98500834183	4.07815427123	-5.99862531202	-4.27883652853	-6.0	-4.2846029695	
6.56999283463	9.0	4.43836049441	-6.0	1.91407319815	9.0	7.98923348916	9.0	2.66546883106	2.68261728693	9.0	9.0	-6.0	-4.27683567048	1.80837888783	3.52873575418	
7.10044754219	5.24301727908	8.08457362671	1.94773160086	2.18924329574	8.85938542525	3.31052137532	7.43248593004	1.98481217342	2.08418795735	8.86473461739	6.0762130141	-5.88033164344	-4.15565122181	5.38543466621	7.10961117647	
6.70234216224	3.3505397185	4.44306582238	-0.196513463071	2.32449274582	8.99566896475	3.33477655816	7.34657211266	2.03960120627	2.44706181893	6.32257081013	3.31988965555	2.68585782695	4.41762799216	-0.172372805445	1.55549257041	
8.95160403501	8.33421583633	6.76333744744	-0.541725076475	8.9999947655	8.98349051836	1.82911718184	8.83033110528	2.76510523577	7.53249637515	9.0	5.2062097946	1.65644771576	3.38573927382	2.50025282488	4.2339336617	
9.0	5.68513307719	9.0	4.3236938923	7.43195492927	8.99530210155	1.96585516704	8.79772061907	3.54701218533	8.90629486011	5.63206272628	-0.0103796224737	0.878274449999	2.59961732137	-6.0	-4.27714251197	
9.0	7.9550193659	4.49469655756	-2.37550777288	5.35073915254	9.0	1.85589083521	8.88485719401	2.61913190344	3.73874467411	6.21012196711	2.36409486287	-0.821257645388	0.89293602531	-5.96360658188	-4.24628253668	
8.57216498616	5.31123464175	6.25603277033	1.62246622455	3.61041819793	6.75647366317	4.97354932482	8.91961981426	2.42526582924	4.38217243177	6.86746567659	5.80077903096	-0.447175532155	1.28113083575	-4.41184131727	-2.70262749891	
9.0	4.39434936534	4.63139111916	1.2868044755	3.42019392895	9.0	9.0	9.0	1.56002263232	0.926220056504	5.91420607732	8.99912935352	6.85797079708	8.58114778257	-1.94888910885	-0.23369931038	
7.22818733655	8.99823551088	4.49567074874	-5.27638757208	5.39281624312	8.85906763472	2.25451076418	7.27597443498	5.36563752508	8.90929587042	5.97722870345	2.05793000314	7.27830559619	9.0	1.55561214626	3.2788066671	
8.99024398998	6.93423528611	4.47856829082	-1.4016163372	8.99991807947	8.99906517706	1.86156003135	9.0	4.25586419188	9.0	6.47851753139	2.57653394311	-4.33469792751	-2.60911677437	-3.53623413979	-1.81774622149	
6.78733030476	9.0	4.24741504359	-5.97539221956	5.03491234559	8.62157237401	3.23302589563	7.93428518159	5.60082158038	9.0	5.74343358278	2.13707006766	1.21236002895	2.93288061174	-3.61261726453	-1.89232416499	
9.0	8.79931136385	4.48600917503	-3.24013391803	3.14806519798	6.2779088574	6.1841058183	8.95947000686	7.42208078764	9.0	8.48691337357	8.97565389494	-6.0	-4.27755120906	2.25758521762	3.97957483707	
6.57664709174	9.0	4.42440742946	-5.9976378589	3.81291845965	8.95707989863	3.92135265225	7.37189208373	2.02995367323	4.07735064307	6.30638574111	3.76126717443	6.45620845942	8.17939766333	6.6567821862	8.37796970522	
8.51903888423	4.46381832139	4.62766221946	0.787227008591	3.34440404071	7.24256828884	7.33579427631	9.0	1.6461615317	2.70222144482	7.30532100975	8.60289027407	-1.94555249657	-0.210577311739	1.83893722407	3.53433216708	
8.86699175131	8.9995292435	4.43364509982	-3.62658797497	8.99997390405	9.0	1.89752008512	8.99237184239	4.15952274151	8.99977514136	5.91283116629	1.94423436469	7.28111128817	9.0	-5.84893539736	-4.14465243442	
8.99063998302	4.17368185324	8.96735396255	5.90880855713	2.43367677109	8.2564636228	4.12595944082	8.9716653596	1.56830907636	0.396093721651	6.74631980895	5.2180615058	4.93094708611	6.61375563249	-2.44905414701	-0.735570246722	
8.77798243811	7.40502826118	8.2539255515	1.63622855017	2.08666484609	9.0	9.0	6.70619866787	8.03998837315	8.39829925577	5.87937168916	9.0	0.182788208855	1.90260240287	-1.54493334835	0.178549915152	
9.0	5.02771560448	4.53713916839	0.509769357678	1.7108435067	8.97574736452	3.92343725309	9.0	2.68836722509	1.9601468841	5.65532251661	2.15955126236	2.42926335546	4.15050685313	1.80255751536	3.52389795108	
8.79748673462	5.37746158482	4.53417342856	-0.0606687410201	2.08810300423	9.0	5.71646962119	6.69812273632	2.77161875788	3.02540390992	9.0	9.0	-2.86249688182	-1.14350494599	-6.0	-4.28036864703	
8.77324658287	3.64782372956	8.99936679216	6.18208503991	2.09777776519	8.9999930746	2.90548320802	8.92493027873	1.72212631472	-0.1096411502	6.27839645686	3.22597608028	7.2748617726	9.0	-6.0	-4.29178347091	
7.64835999331	6.14273278606	9.0	2.51653665935	3.84213879255	8.32793588196	3.44728826366	8.15726814663	2.04984920344	4.02940186804	6.34756726417	3.29158640665	-2.77772278689	-1.07253791763	-2.9961203825	-1.27292674501	
8.99822832576	6.91978324376	8.6067146746	2.68977795581	9.0	9.0	8.98776658297	8.7409545645	1.60359314777	7.13832828814	6.16630520286	9.0	7.27560284008	9.0	7.28030567831	8.99837467875	
8.82618938791	7.82287957969	4.43233398208	-2.47701539783	5.37308163337	8.83931826818	2.11085579704	9.0	1.95742121142	3.26950435866	5.87158628975	2.13867899491	0.202703365716	1.92537299711	4.84870447093	6.57792848421	
7.8078035983	4.05719614081	4.44524897747	0.183115420831	2.15486735526	9.0	3.04114331085	8.98369982324	3.16109670519	2.97325190831	5.67644022669	1.18575504417	5.31643181038	7.03474032787	7.27951947437	9.0	
6.56537531665	8.99987136314	4.42320594426	-5.99893494065	1.83935239741	9.0	5.29538031698	9.0	5.42101875224	5.34844524909	7.28213156759	4.59350352183	2.52360915944	4.24873759866	-0.320477618041	1.39624494036	
6.58998481871	8.03213503608	4.57125078051	-4.88201099855	4.30977481124	9.0	8.7818513459	7.41288239062	6.15360538319	8.84517314174	6.85625449258	8.99866288396	-5.39278193798	-3.67136635398	5.49180851343	7.20779795556	
8.93984279792	4.92621438464	4.96673820525	1.02848440018	4.71607887871	8.38381565204	3.61449445994	9.0	1.56419078239	2.82262970878	7.52960763483	5.25006717381	5.57379791873	7.3209333401	7.34700028027	9.0	
6.79113014242	3.53362315603	4.41833218746	-0.320602607355	8.99785830233	8.99381323468	4.54946018082	6.77884949419	1.70802547712	8.80820929811	8.95697282973	7.74203512626	-1.60179098535	0.146707273596	-2.99991063981	-1.30277791749	
6.64705265392	9.0	4.37534151137	-5.99399977371	1.91381708941	8.99999944319	3.67601037027	7.79759175687	8.99943483863	9.0	8.69447775598	5.60782959333	6.7851120296	8.51201761431	7.28844712633	8.99916233781	
5.50027965953	8.99999748486	7.43878986897	-3.77228981335	6.88991133808	9.0	9.0	9.0	3.07587726796	8.51396095248	9.0	8.99240529265	-6.0	-4.27830540567	-2.88581513838	-1.16355172194	
8.86289696283	8.95403545546	4.46631417658	-3.63622592357	1.95713113127	8.24041316714	9.0	9.0	2.28593106555	2.22683387969	5.615807158	7.51509397486	7.27496341516	8.99655867218	-6.0	-4.29264868296	
8.70622799574	4.36086383221	4.47744841996	0.924061597814	4.27135754282	8.98032443745	2.02239553599	9.0	8.96621035801	8.99954623636	7.84304853042	4.03892379488	-5.45560714579	-3.74623702071	-6.0	-4.27493880123	
