8.93641091079	2.67068765192	4.20245784985	-1.23388724193	3.33792833255	8.93133200414	3.02411573725	8.98943954293	2.61101933828	4.63193441146	5.58332939015	3.52653339169	2.56119649337	4.23512595788	2.23825257363	3.99381316639	
8.99146676524	5.07382168483	9.0	1.22966453729	5.01774888432	9.0	7.82123056143	8.97273585028	2.42993116479	6.10246705465	6.29174555125	9.0	0.93990743248	2.67296398946	-1.32397580912	0.416204085674	
8.88559708264	8.86842610534	9.0	-2.68705522948	2.597507317	9.0	3.17195041494	8.91943843367	2.45891427703	3.72291567172	6.48118855461	4.55766870954	6.90666421264	8.624579414	1.42209980984	3.16112137716	
8.99997582756	8.70614570993	8.83056639525	-2.56674802758	2.63900825693	9.0	3.78855292533	8.99995117377	2.33398990279	3.60962238846	6.39322586257	5.06098863173	6.77964388439	8.50680661064	-5.99998103951	-4.28838249145	
8.99999999998	5.06501689997	8.99936471979	1.22873731807	2.91641085799	8.99979904302	5.12913974013	9.0	2.57626063477	4.15090321034	9.0	9.0	-6.0	-4.28379379731	-6.0	-4.27449171714	
9.0	2.84366075296	4.2559997421	-1.24148252412	2.22495267993	9.0	9.0	9.0	2.14702952183	3.00605008138	5.13095048038	8.92177508883	-5.96800780072	-4.24895009701	-4.3234893237	-2.63107720004	
9.0	9.0	5.64527580788	-6.0	2.94693720317	8.99137884863	3.05978301204	9.0	7.41600370867	9.0	9.0	6.90072717049	-3.37105709585	-1.65634691346	-0.826135675799	0.894897510436	
8.92002653402	6.20575768382	4.08896437617	-4.93179340895	8.29616868051	9.0	3.33424173089	9.0	2.02550521466	8.97604029212	7.47190697746	5.70194484558	4.76152914189	6.48535652207	-4.67848410731	-2.97274734953	
8.93942650076	5.06823101667	9.0	1.19660332418	2.64270551469	8.95596092446	3.06052927761	8.87821927403	2.56731899532	3.87693930166	7.47059568323	5.49603241134	0.863189916771	2.58398765231	4.59909888064	6.31701117436	
9.0	8.28439432814	8.71216811934	-2.36853936112	2.30909226815	9.0	4.31291322573	9.0	2.660913685	3.63594664512	5.97807819683	5.15292471774	-3.48363400089	-1.7260425355	-0.923557834528	0.803076057565	
9.0	-0.00728007128268	8.92813359866	6.28669504407	1.56612224401	9.0	4.73466641484	9.0	9.0	9.0	9.0	8.71546571348	-3.45542143078	-1.73420319994	5.46829912187	7.18951224265	
9.0	9.0	9.0	-2.70697464879	2.83081198708	9.0	5.16552984129	9.0	4.03548190025	5.54225512588	8.97342093417	9.0	-4.41046044049	-2.71298511624	7.16367756546	8.86778212003	
8.97428640511	2.64839738848	4.17744581335	-1.20021402543	4.50633531453	8.95722753819	2.88872612754	8.99916802152	5.67332186823	8.86339687386	6.59558661098	4.35848154935	7.2461620385	8.95501650781	3.39116664188	5.1117788387	
9.0	8.99989452177	5.63594573234	-6.0	1.75184173372	9.0	3.96584305832	8.98943786915	8.72590985768	8.97797542678	9.0	7.89548161536	0.50536998394	2.23717404908	-5.99999278181	-4.29450520692	
8.92234407394	6.48450012024	4.24372227162	-5.01708808461	2.7959574059	8.99548210996	5.14950946035	9.0	3.07769435295	4.54822281025	8.99933612371	8.99256482749	7.27514573882	8.99199471031	-4.85908007678	-3.13747300014	
9.0	2.86142536667	4.46385860706	-1.07396511006	6.96236439007	9.0	7.99219188368	8.99823328638	3.07589053469	8.69678050701	6.00016199351	8.8356829041	0.0465471847006	1.76367868562	-2.13680982476	-0.405091217662	
8.99984524104	5.16614516432	9.0	1.15538562522	3.97769899501	8.99596903601	8.96118914358	9.0	5.766818111	8.45900426742	5.27556852719	9.0	6.10352089176	7.82333791624	7.28086922758	9.0	
9.0	5.07110758592	8.94256717061	1.16808614932	7.66461755856	9.0	3.57040026133	9.0	2.65894866822	9.0	5.83617749109	4.24971017081	-1.50237905144	0.212820286699	-3.61146588261	-1.88965658791	
8.56150085679	-0.54403411969	9.0	6.55836640687	1.44737269751	9.0	8.79797631855	9.0	9.0	9.0	5.52070296785	8.99997468507	-1.39064109121	0.228384600169	-0.0730909371364	1.56753713574	
9.0	2.66463982815	4.2450439637	-1.10641942269	2.42777449795	9.0	4.58536358138	9.0	2.30156862417	3.34707430553	8.9752066673	8.44508628964	-6.0	-4.28926459408	7.280709055	9.0	
8.96516620739	4.97280698018	8.81647908726	1.12407977224	8.35592975365	8.99162212803	7.6776064802	8.99787316077	2.0223668749	9.0	6.42880586435	9.0	7.2823310156	9.0	-5.01935002105	-3.29730698936	
8.93648196145	2.64927583928	4.246320603	-1.17877572669	3.09924855685	9.0	5.55983716296	9.0	4.20566533481	5.9894592824	6.21489165493	6.61598913752	-5.31728620674	-3.59998891671	5.29390353497	7.02580315915	
9.0	5.66569230502	4.3040190228	-4.06488574744	2.89824159309	9.0	6.45149525536	9.0	3.17805786911	4.73905950704	6.5418767859	7.86737362562	-6.0	-4.29202201916	6.65798309491	8.36743504098	
8.82382615486	2.67466787571	4.1619186969	-1.37064921694	2.49927615805	8.99931594024	2.53279418438	8.88198878618	5.47690472003	6.67446675207	5.49015515067	2.88891601251	-6.0	-4.26158376005	0.269844126367	2.05532393898	
8.97901377146	2.68304432173	4.15993003905	-1.21202577725	7.46785473738	8.92676020186	2.52334969232	8.94199243555	2.46186773334	8.59698812234	5.80175925675	3.26054795352	6.20209075013	7.90749742371	4.94793523001	6.64923423016	
9.0	4.99225042995	8.88818955327	1.1908443508	2.57449599115	9.0	4.84297238479	9.0	2.69848636969	3.92677296589	9.0	8.71848036194	-3.82576551416	-2.11147512316	-5.28610996976	-3.56821089007	
9.0	2.70239781167	4.3261863063	-1.08173925326	2.22002708745	9.0	3.20783616063	8.99211642335	3.31441853119	4.15953351286	6.89982756668	5.01056905846	-5.99999525743	-4.29447845334	7.30310141138	8.99885533085	
8.98507097281	8.98034273482	9.0	-2.70298924639	4.12537104336	8.99821692577	5.89731351268	9.0	6.19106670771	9.0	8.25103244344	9.0	-3.8917797876	-2.1697589334	2.0037242383	3.72473152153	
9.0	2.73563340386	4.27158863232	-1.15171268829	3.25875128291	8.97909109781	4.14690016717	9.0	2.28130876226	4.19507991384	6.23354123033	5.25321434617	-3.70219603198	-1.97481463806	-6.0	-4.27977068944	
8.97455576973	9.0	5.63913276011	-6.0	1.93701247639	9.0	5.14539724052	9.0	8.51261175813	9.0	9.0	9.0	1.66964211984	3.41449591163	1.38884869862	3.11664507521	
8.94513980807	2.52380501656	4.0842240411	-1.20369355616	2.11898803322	9.0	3.90030208341	8.96140423639	2.06924320352	2.80446613207	6.33528457912	5.1774621979	0.106961509534	1.8158740601	2.12406366982	3.84681616062	
8.99961912214	3.53088807361	4.16373121614	-2.10531226465	2.35156545824	8.89708460535	4.0234327649	9.0	2.45466412899	3.46630234502	6.22407292188	5.20767455347	-2.1983802582	-0.51852629688	-5.16360266471	-3.43633536885	
9.0	9.0	5.76132729259	-5.83330597816	1.56199839131	8.99042799961	5.6350995187	8.98224364544	9.0	8.95745264523	6.05714600104	6.66449162336	2.12947521812	3.84145474024	-0.253548065666	1.47833519912	
9.0	9.0	9.0	-2.67702993087	2.9682840287	9.0	9.0	9.0	2.82585827684	4.4980990589	5.23766475541	9.0	-0.526645255048	1.19646210822	0.510054633697	2.23313986864	
8.99731709685	8.02820691845	8.73941887827	-1.99754851642	3.16655385927	9.0	8.53957301303	9.0	3.47278842052	5.33421081974	5.6291306069	8.99146558301	-2.30472822835	-0.595357539564	7.03241226436	8.74315025013	
9.0	5.1061239947	8.99999999966	1.22053319638	8.73761437392	9.0	4.62987074921	8.97380123837	1.73272863419	9.0	6.77407506603	6.35604640804	-2.67041480072	-0.956687189325	-4.04883280262	-2.33400756373	
8.9762048505	9.0	9.0	-2.66669950624	1.55645700152	9.0	4.69564686451	9.0	9.0	9.0	7.91725623459	7.58714942421	-6.0	-4.27653741342	6.29169047272	8.01120036979	
9.0	4.98050979233	8.80845953895	1.12383225294	3.59971121374	9.0	3.48050324795	9.0	3.66772499154	5.94454484179	8.18944121491	6.52515040155	-6.0	-4.2631215367	-2.7199991269	-1.00574789989	
9.0	7.50486843262	4.20046899267	-5.9999043719	2.45665428853	8.99958386138	2.70172967289	8.93981132697	2.57534619812	3.67150738709	6.01437262396	3.64058540091	2.93074985189	4.65667818834	-6.0	-4.25988747089	
8.985249712	5.04401246747	8.98483013848	1.21808508976	2.9930991995	9.0	4.4354714226	9.0	7.2929890333	8.9637878882	9.0	8.29306447222	2.40010424919	4.11516723431	-6.0	-4.28262668023	
9.0	9.0	9.0	-2.67551265838	2.8563990127	8.99999475124	9.0	9.0	3.36840936231	4.92942292459	5.22525512758	8.98495648509	3.91713086613	5.63887656166	7.23745504521	8.96095815926	
9.0	2.69720173664	4.18629576748	-1.2134668073	3.29356875174	9.0	3.17652953189	8.9265828298	3.85059486875	5.83434696852	5.98834926414	4.0699535684	2.01363629033	3.74399891091	0.579247155272	2.29719681053	
8.98940128858	7.23681297877	4.16438179372	-5.75342893364	2.3427901001	8.87774650204	3.00999329162	8.99411649579	2.35560935398	3.34283636586	5.76360967711	3.7075845393	3.78085631033	5.4881896429	0.345438850016	2.07857831269	
9.0	7.50951445063	4.18545578552	-6.0	6.62000866185	8.98980610054	9.0	8.97254323405	2.82542693807	8.16277129107	5.20535706626	9.0	-6.0	-4.25777162651	7.29981573576	9.0	
9.0	7.57602726309	4.22059351827	-6.0	1.56788108364	9.0	4.98122858224	9.0	9.0	9.0	9.0	8.95963779372	-5.94099681439	-4.21955896998	7.27515610451	9.0	
9.0	5.05984276154	8.9975196255	1.23094372524	3.30623558796	9.0	4.43176707353	8.98463545453	2.61011092486	4.57952362496	8.84252728217	8.15324824385	-1.11571882826	0.603322731208	-6.0	-4.27629522663	
8.99424294687	9.0	8.9993374352	-2.71567020071	7.23148106266	8.99999999622	5.33148858571	8.99692135192	3.07971809657	8.98881446421	8.75156069247	8.94311498303	-5.9973719159	-4.27491022588	5.68256770868	7.40443590608	
9.0	2.68229135592	4.31204484532	-1.01689223335	1.79640500593	8.9745534655	2.65574904321	8.98062629796	8.66851784008	9.0	8.9925917123	6.58877998179	7.24447104011	8.92005765861	-4.16156928701	-2.44587234531	
9.0	9.0	5.56077567836	-6.0	9.0	9.0	9.0	8.99844370945	1.55809958196	9.0	5.14696073581	9.0	2.80127459922	4.52284933664	7.27834353555	9.0	
8.80805882653	2.56616863137	4.16894131538	-1.25542278945	2.15195261323	9.0	2.9009718508	8.80362378286	2.76654023179	3.58811397544	6.49723036668	4.3709747475	1.13671860563	2.86084416899	0.795290336863	2.50093194018	
8.92550453196	5.06020928906	9.0	1.23252262578	9.0	8.96566705968	3.06118247423	9.0	1.55098752209	9.0	5.97913782738	4.00575807025	7.27592340957	9.0	0.97313402484	2.70571229254	
9.0	2.80375945539	4.34018678543	-1.10634657148	7.43484235605	8.92272434437	2.76990129295	8.95522313733	2.42209313684	8.50635207732	5.80273225169	3.48432078047	4.76395408993	6.48328408775	2.17303670942	3.88177819693	
8.99998701362	2.70911104885	4.18227628	-1.16983401571	8.99978831628	9.0	8.08214387052	9.0	1.53542788769	8.95804869428	5.93824436478	9.0	-6.0	-4.27632656612	6.05057920324	7.76733646463	
8.94282547845	8.84537987929	8.7264819437	-2.87498694992	3.44371138797	8.98844191064	3.71317494587	8.96593387408	2.50095026528	4.61988233965	5.91566351115	4.50643028374	0.112751058567	1.83388114981	6.96424203131	8.67167844653	
8.98986055091	4.78399428602	8.39239078578	0.905301564724	2.52191361332	8.98464326928	2.64767518904	9.0	2.55771073302	3.72982947213	5.59023077971	3.10104458592	-1.05130986632	0.66832291351	0.637885597784	2.36656040292	
9.0	5.7546012007	4.21065826138	-4.19063330605	1.56481642352	8.99192348796	5.01442966128	9.0	8.99745842931	8.99622218844	9.0	8.99999993421	7.23625017365	8.95671577075	-5.97449458811	-4.25299529206	
8.9587953131	7.55694924958	4.29568509237	-6.0	6.27975502546	9.0	5.15779620233	9.0	4.04344141981	9.0	8.99997235109	9.0	7.27535197711	9.0	4.04219010114	5.76899845105	
9.0	2.85514346592	4.36796562076	-1.1885681377	3.47121104346	9.0	2.89161834271	9.0	3.16135106273	5.29037249112	9.0	6.78036975675	6.26598245913	8.02404825352	4.76309409433	6.49037295633	
9.0	8.99541615343	7.76015453148	-3.90669200222	8.61263185638	9.0	5.16762738489	9.0	1.80837560837	8.98218159769	6.93739475121	7.02001517051	7.25171141839	9.0	-5.99827350017	-4.27287535982	
9.0	5.0690205187	8.99989227198	1.2216179047	3.40605255997	9.0	5.75613385823	9.0	4.56055835326	6.64806638687	6.6380462645	7.2499837574	7.27783255297	9.0	1.0882587885	2.80976720518	
9.0	4.8757552472	8.5652862528	1.01040019599	2.80759198776	9.0	2.47839669528	8.93485304394	2.60688617659	4.05351368383	6.97649558611	4.3782560828	-2.69212512116	-0.969996810352	-6.0	-4.27528507559	
8.9420025312	9.0	5.71105590457	-6.0	2.63257680456	9.0	3.10522648346	9.0	2.54691041736	3.80665109628	6.57905876356	4.53822382769	7.2923305241	9.0	6.9598024084	8.68586023043	
9.0	2.7880964711	4.39189772362	-1.05254988211	2.14664455276	9.0	2.70933006383	8.97284840482	2.25221366004	2.98718669148	8.73568740187	6.33494969885	0.0502953974665	1.78216613585	1.94212736076	3.59192380018	
8.99308275457	8.99055055177	6.17980650216	-5.47619972664	2.26120212826	9.0	2.91142468019	9.0	8.0739595969	8.91393427286	6.90177137044	4.72078236927	7.34564544137	9.0	-3.96926445332	-2.25741349576	
9.0	9.0	8.70700831653	-2.93491844794	1.56034452388	9.0	3.11314620493	9.0	9.0	9.0	7.21729373927	5.301626279	7.28646392138	9.0	4.34647300053	6.07032382258	
9.0	4.91065163936	8.57426505163	0.956931281601	3.40412550784	9.0	3.95031007881	8.90278963597	6.85469891546	8.99791605462	5.81340021682	4.59165036421	-5.99742348931	-4.35393782497	5.53777128217	7.2080915646	
8.80932791548	2.63613243159	4.22691426242	-1.27180276114	4.49504062308	9.0	2.5499519952	8.88656287232	3.74616816762	6.94390370385	5.43542358484	2.85999725592	1.23890153648	2.95993802182	1.68941693657	3.41237055	
8.99797623674	2.72501422815	4.24071068491	-1.17124919454	5.7014634088	9.0	2.64662575179	8.92112282798	2.36595997564	6.71313595049	5.97718383648	3.55760261533	-2.51446837495	-0.785936740767	0.925386566122	2.65183375379	
8.96255198336	2.68794120752	4.20851823846	-1.21037799451	5.81234966564	8.99999807663	2.36013743244	9.0	2.86743135539	7.33520378274	5.4825901177	2.72566386817	-0.535733413466	1.18641672348	0.854551803225	2.53202874927	
9.0	4.58246223034	7.82369740293	0.563586753311	2.87993518064	9.0	9.0	9.0	6.93213386773	8.52051281236	5.23635915079	8.99934497824	-6.0	-4.28003756861	-6.0	-4.27927264783	
9.0	9.0	8.30649203015	-3.39974349722	2.49910028731	9.0	7.96803280851	8.99111643495	7.84208039884	8.99999991471	6.12335480849	8.96322681016	7.24815987757	9.0	7.24294394443	8.96691163874	
8.89808587023	2.57508968397	4.20933530069	-1.18685894902	2.65761627157	8.99077607418	3.09614683558	8.90804940634	2.31707921516	3.64466856816	5.65807388763	3.6714275209	-4.05936374746	-2.25320492026	-6.0	-4.31094316985	
9.0	2.7334435685	4.29786765438	-1.14076354602	3.18262161283	9.0	2.79034196163	8.97919515392	3.83291304798	5.68013059033	9.0	6.66026526523	7.26812536891	8.99986674726	6.82906269433	8.56441433171	
9.0	9.0	8.97977671685	-2.72761219394	2.89444448314	9.0	3.01701494238	8.98105736507	2.90133884004	4.45597383549	6.86702947317	4.77291762077	-6.0	-4.30235307213	-3.26212494611	-1.54317231349	
8.99780020126	5.12147904294	8.98120350365	1.17175206197	7.39742022645	8.99662614783	8.71066356368	8.98741043334	2.66929785173	8.76108011437	5.46726023723	9.0	-3.7347887513	-2.0016677928	7.12112860298	8.8474689717	
9.0	7.49531569621	4.21027897149	-5.99461316123	2.4347653165	8.99977281861	2.87843224017	9.0	7.65836681317	8.74840315105	6.02197139839	3.78391341207	2.83440564207	4.55883315832	2.30172406464	4.01758147125	
9.0	9.0	5.6553137766	-6.0	2.74986981521	9.0	4.43335455325	9.0	3.21813483007	4.61009697991	6.92619133064	6.19941399679	-5.93242050517	-4.20246287606	2.70115533856	4.42122438302	
9.0	8.08919378131	9.0	-1.76570420641	3.00243244581	9.0	9.0	8.99863016792	7.28328916577	9.0	5.24622853262	8.99905191875	7.28015329744	8.99863917304	-5.99986481734	-4.29370806523	
9.0	5.10027248118	9.0	1.26751994868	8.99923934338	8.97657614028	2.927055259	8.99975877226	1.57217836657	8.99999252689	9.0	6.92581747939	7.07997530793	8.80701906765	7.29043105467	9.0	
9.0	4.98312469608	8.82594463715	1.13589573165	7.541705314	9.0	7.56284161579	9.0	2.76730374731	8.97154396926	6.44699505385	8.8569956489	6.94251335956	8.68190039904	3.76675512431	5.48836180382	
9.0	8.99750046408	8.98595146032	-2.64484729471	1.56521796307	8.98448694009	7.95517874511	9.0	9.0	9.0	6.06292116003	8.99259506313	-6.0	-4.28112267792	6.03207673097	7.7536485641	
8.96285553988	7.54222549442	4.27925782753	-6.0	3.0017154635	9.0	4.90117395222	9.0	3.74194827319	5.41748100645	9.0	8.74670932332	-1.01769656697	0.702942469974	-6.0	-4.27639152581	
9.0	5.05296726265	8.98526367976	1.25436623265	2.33874557256	8.99993677506	2.60853117481	9.0	2.45724894509	3.39690874573	5.88887498413	3.39453033562	2.82793239803	4.54150536019	-0.0733377357916	1.63209880925	
9.0	8.91764974259	9.0	-2.62497852511	5.96952078031	9.0	3.74941184989	9.0	4.34881802215	9.0	6.52357373874	5.12702210381	-0.651121275982	1.07095017987	-2.38116159335	-0.661317896895	
9.0	9.0	5.59714171485	-6.0	9.0	8.99998044891	5.04306501895	9.0	1.59146835554	9.0	9.0	9.0	-6.0	-4.27875394511	7.27544375937	8.99664753674	
8.99561468293	2.80368432626	4.17955288874	-1.24315662321	8.98418915117	9.0	8.9172622051	9.0	1.52653622967	8.97341551054	5.11996751661	8.9137495811	-4.95586597432	-3.23274141049	2.37238765206	4.09408877069	
8.99940679869	6.51186101774	4.2029289368	-4.9695994673	8.76019947915	8.98446479462	3.12726025743	9.0	1.72547440087	9.0	6.21598345077	4.28709888434	-6.0	-4.27336531116	-1.31653140841	0.407638005529	
9.0	7.36195084121	4.20508668363	-5.87802529695	4.77476049751	8.99097555773	3.3887324523	9.0	5.54042132097	9.0	8.74625587966	7.00201719626	4.5163646623	6.23735510498	-5.91708373231	-4.19593628815	
9.0	7.63305727056	4.2653123696	-6.0	9.0	9.0	3.47369847964	9.0	1.58786226687	9.0	6.38854540314	4.85006699287	0.0734501040117	1.78813936068	-5.99994873442	-4.2715704929	
9.0	5.56185330341	4.2025312251	-4.00803193875	9.0	9.0	5.84618188934	9.0	1.56609358313	9.0	8.17314216186	9.0	6.88520121525	8.60660521926	6.61191154958	8.33277245721	
9.0	4.25289500006	7.32765210305	0.381779011044	4.25486576063	8.94888439571	2.69064661942	9.0	5.98426028429	8.91231375604	6.54730325029	4.12432387771	-3.89625740434	-2.17467809433	1.16447737256	2.88525351556	
8.99997159903	4.89530428892	4.22463442359	-3.37568126904	3.42155697979	8.99962658293	5.02544720161	9.0	2.49076991865	4.57338818642	8.84919577695	8.74434275803	-5.99407547008	-4.28595705041	7.27366329936	9.0	
9.0	8.93428714715	5.53624542696	-5.99090079908	1.59102467532	8.99894626279	3.86225209629	8.99989920958	9.0	8.9985954355	6.59533552751	5.41702775589	7.03893934205	8.76396476177	-6.0	-4.27637328265	
8.82946621053	2.55663744533	4.13666360071	-1.29079681253	2.85293224311	8.98736911718	2.63262958011	8.84479089136	2.4425028681	3.9886695807	5.79947245731	3.38462262298	-5.8098874083	-4.08728732726	-2.17334073443	-0.454993058816	
8.99541679487	4.90970596824	8.6241272282	1.04491168193	3.90624825779	9.0	2.63963810131	8.99220968341	2.86128012755	5.43049991412	5.8478040202	3.32602926601	1.50786385854	3.20481218955	0.223238861328	1.90514271068	
9.0	7.65507379863	4.28786524463	-5.99933346066	3.06446782353	8.98292436467	9.0	8.94862328911	7.13512293162	8.90253296212	5.21587311623	8.99951058958	0.0364378209778	1.75601910474	3.00631201829	4.72560888833	
9.0	5.11522557387	8.99999301192	1.25440645417	8.99999823983	9.0	2.65014224667	8.99952622968	1.57042389657	9.0	5.75393014144	3.36706017693	1.62353091636	3.35730126942	3.64806157432	5.38650250314	
8.96913155586	7.6272353853	4.33794447888	-5.98288897161	2.7937016887	8.95367251036	2.72860490102	8.93582740471	3.14574944617	4.58527378284	6.77923883352	4.43330941962	3.4963541274	5.21436400449	6.17276753005	7.89772573609	
9.0	7.43194499301	4.31266078807	-5.80429260674	2.2767565072	8.98303169614	2.72949569274	8.98126614835	2.34715180803	3.23683124868	5.91669033318	3.55810117397	2.39371967219	4.13767737935	3.74642167636	5.45124331809	
9.0	2.92976059186	4.62463557655	-0.951026631107	2.6616873939	9.0	7.68719650434	9.0	2.52382541715	3.79785525878	5.80857300669	8.29970651915	3.51188890472	5.22391195403	-6.0	-4.30184518824	
