1.82803696634	5.35783173082	4.48930421419	1.95188652691	4.20601628231	8.77346829447	1.9791998796	0.718919337933	8.47537132858	9.0	5.65565293414	0.949115983617	0.636715944709	2.35695090162	4.12467983141	5.85042853209	
5.42452944819	9.0	8.81316003127	6.22739703706	1.87927936048	8.73894866977	9.0	6.99049753217	2.29361863735	2.02827112767	5.64631744951	0.188399808311	-5.96839776543	-4.24636089417	3.70208988367	5.42529403247	
2.11458997392	5.60308199391	5.41715240506	2.91017452613	2.17150415884	8.53213418548	4.57226116935	3.72997566625	1.99004214394	0.513287394689	5.62007308507	0.712000790064	-3.51299040394	-1.79312164099	-3.65045703976	-1.93088910386	
2.32438926764	8.98537458464	4.54954142872	-1.10979401197	4.6270692099	9.0	2.14272039116	2.60257371427	6.18969493403	4.43598711189	9.0	5.04357772722	-6.0	-4.32011309316	7.3079891194	9.0	
2.02548315597	7.06200449378	4.7032552092	0.643635505069	4.59217534262	9.0	9.0	3.92198497143	1.85357675034	0.41313194479	6.22713744406	7.48872719196	3.71225400923	5.4200224656	5.79195297744	7.51885631431	
1.97175250414	5.6104338522	4.76274249124	2.2535694703	8.81646168179	9.0	1.90746566012	1.01649265085	1.95185793261	5.30932707623	9.0	5.32021027941	-0.143265444384	1.59953084386	-0.906358292812	0.917665005516	
2.05553287554	5.66904648563	5.2717733129	2.52896080951	5.87055309594	8.50413919654	3.18743670154	2.45440232826	1.80483925375	2.83782509076	5.33212743976	1.75434438328	0.177893971417	1.87324510934	3.26848324958	4.87576523719	
3.66297979111	7.95747208274	4.59053289835	1.29834709468	3.48495261411	8.18239987611	2.52964511519	4.02761843567	7.27859576231	8.96704829381	5.60082027375	-3.17725897354	-2.67216863537	-0.951947875225	-0.630257971875	1.08801019869	
2.25282531713	5.74642356133	4.4052298836	1.82665656453	3.39936387174	6.57701217354	2.27022404886	2.38194605274	1.95434676309	2.35251560455	5.41662245936	0.964223750423	-3.71435178742	-2.01013066515	-6.0	-4.27447876526	
1.67341103762	5.12008195729	4.13360453484	1.68717373354	3.25316221031	7.62046645542	2.18683256185	1.18632693384	3.52577840206	2.81166552958	8.60730973004	5.09842721568	-2.36722468907	-0.735508233721	-2.0546829776	-0.249677380672	
1.79539738021	5.20155677895	8.92319147777	6.5394125704	2.93897125216	9.0	4.71366640124	3.754129499	2.16081689177	1.20755547217	5.61678310806	0.573938493176	2.48216954476	4.20512651017	-1.99865739762	-0.276320760076	
5.16849797368	8.98994577757	5.04011138709	2.09814133808	8.68681785441	6.78979427006	6.10417849878	5.75133563625	1.6323533877	7.31941530521	5.67859334663	1.57741052391	-0.103546594528	1.64607501653	-0.651508054854	1.10749623233	
4.70029213072	8.493750958	5.55672783419	2.72382708986	4.54706680469	8.97916229582	3.43410188009	-0.915109676744	4.50891240125	7.47467471885	5.5701354329	1.67878634873	7.28231074027	9.0	7.28437613022	8.99999983953	
1.82151873278	7.20194886362	4.49655562365	0.116966317973	2.05968902137	9.0	5.49352897708	2.63276062014	2.71564335169	0.932896214872	5.63010438994	2.4460705629	-4.83397393709	-3.11247812387	1.96606558329	3.68720367955	
2.01322718076	9.0	4.61118341434	-1.3636191413	1.97610444827	6.3659750207	5.77829991599	1.57943195599	2.41198982297	1.32215751217	9.0	9.0	-4.26690185672	-2.54104139525	2.43500715555	4.17423462222	
6.59796993622	9.0	4.97354591069	3.57047917519	1.60029316391	6.02170289991	5.57820171852	4.5906395044	3.29904941222	-0.955325749519	9.0	8.93983448707	0.163002277421	1.88380188889	-5.29081556837	-3.56843685583	
2.69279145285	9.0	4.48674790801	-0.826189982506	3.1320768027	7.55539110723	3.64070112277	4.691934232	4.64557583583	2.31075878624	6.91823039622	2.9000287916	2.80057790442	4.52004834472	1.86420934374	3.58391166893	
3.24941395174	9.0	4.51128238841	-0.235836081348	2.20070605965	6.4950998199	8.87332708309	9.0	1.78689448236	1.29270455967	5.61463056319	0.801508436972	4.19574860486	5.91627767243	-5.23441251015	-3.50894414273	
1.66416843988	5.10994191033	4.94185837907	2.37515436994	9.0	9.0	3.63500805661	1.89883761554	2.00599039535	5.86063891351	5.80913839011	2.81601743582	1.37165772688	3.03301529073	-5.93235783115	-4.12446708981	
5.82421245585	8.98873716346	8.73969483469	6.54756341337	1.71767994837	8.99999998424	8.74468983672	9.0	8.70539575715	8.19708270904	5.62852780844	-2.27431466098	-6.0	-4.28611547458	7.27719431712	9.0	
1.52078668448	5.25674550685	4.15032798664	1.58404123625	6.79034594764	8.72332494745	7.14112575057	1.46470242528	7.39068266116	8.99999870037	5.6628199428	6.74051335417	7.27397398834	9.0	-2.57003409561	-0.829603622945	
2.56547577495	5.7408345918	4.4472509891	2.14476889163	5.29810346564	9.0	1.66937916639	1.71863527162	8.94959635526	9.0	8.80592264773	4.36480479714	-4.13820284995	-2.41189724042	2.44886527093	4.17624419015	
4.98501548103	8.5036010401	6.68750877912	4.08483199952	5.06946417202	5.2039030962	5.20727431963	5.46655931578	2.53542801084	5.99060161825	5.52340547749	0.867508537405	2.2278611257	3.93390714758	6.99950124078	8.70032626461	
4.0888953967	5.07749129627	8.98427964453	9.0	8.97596339226	8.81208498942	6.49976105377	9.0	4.86260136023	9.0	5.6567535137	-1.69195843396	-5.99794144666	-4.28083782272	-5.16310378801	-3.4442316351	
3.5296459364	6.23855992121	5.14367819671	3.43297281137	1.65095283038	7.25014108903	7.59504197119	8.36508485231	3.41304095227	1.99504063179	5.63943474061	-0.195976791472	-2.47100157944	-0.754433165087	-2.02087866884	-0.297161025786	
5.28693437757	9.0	6.06349043737	3.29224341839	9.0	7.18963003814	8.98858306102	8.00867084531	1.88809881463	9.0	8.68061555827	3.53096770574	7.28675435031	9.0	-4.12921275372	-2.39395418231	
5.33837721039	8.98978664487	4.33910960591	1.76197955455	5.45016270268	6.66736463323	1.64344067327	1.41983062266	2.67070475282	5.1238471465	6.11508135277	1.84650216843	4.44812971417	6.18195137141	-2.28011652653	-0.655781759303	
1.89100277185	9.0	4.59900401259	-1.50023740565	4.66575105712	9.0	8.81088171035	5.38433946718	1.9792425463	0.551958387318	9.0	8.61767502537	-6.0	-4.28050187389	-2.84684522566	-1.13622002005	
1.70626287912	5.37567075777	4.56957051074	2.03883491091	2.37058285282	5.66702081067	2.59446917791	1.04953863544	5.02615385137	5.10853578841	6.9837658121	3.98932455277	3.79722039639	5.51690318742	1.27904502839	2.8593433419	
5.22499258031	8.95160036686	8.00589422983	5.22680054387	3.80339334864	6.61573691467	8.95513624939	2.76079185706	5.83492790188	8.04903011205	8.18847754559	8.5315325901	-5.99992989835	-4.27975815904	7.27857440989	9.0	
4.02529683183	7.74045307918	4.76001690514	1.97078929139	3.94679538962	8.88488728162	8.90130357249	9.0	3.3361863577	5.68960415124	5.62122919891	-2.57941270696	-5.67012707995	-3.94773372278	2.49045021891	4.20891930306	
5.57014028092	9.0	4.77873914233	2.29720045865	1.8437379014	5.55198047811	5.35031954213	0.839251363847	8.99946741125	9.0	9.0	9.0	6.39219309443	8.02065362349	-2.05881937111	-0.316167558372	
2.09415990313	5.70473197617	4.77293394421	2.14566588127	1.96881271459	8.3356446054	4.0031377687	-1.34669183932	2.40674461687	2.09244249471	6.38573067369	4.7986953883	-6.0	-4.28136143961	-6.0	-4.24631195982	
1.82500909971	4.2719750253	4.30536977154	2.85834785015	1.77730705711	6.37655009273	5.86957560523	2.68675632771	9.0	6.860559994	6.70597371284	6.38774048108	7.27057175213	9.0	-0.0991981757605	1.56022157923	
1.60022839932	8.98922964969	4.51267829128	-1.88232944065	4.88357295357	8.98772330021	8.27713254789	1.07208423983	9.0	9.0	6.05337253302	8.28134639644	0.763452864059	2.48382818238	-0.279658626919	1.45111443312	
5.12435964285	6.08335248401	8.99996050975	9.0	4.29010262376	9.0	1.56457293456	3.67713201774	4.28208267194	0.75945258684	5.51702348079	1.33088543158	7.23521545289	9.0	3.45575642723	5.1534933478	
1.76171486996	8.9198248301	7.03245009146	0.875736199908	4.28613527062	7.84532378839	5.68170602642	0.776347351301	2.08376808677	2.54929100278	9.0	9.0	5.96782715838	7.68739065807	-0.418441174474	1.30188293775	
3.04044719392	6.25153538823	8.9991036082	6.67745056718	3.51243812357	6.00893918529	1.67298364224	2.11333207965	2.48205218669	3.14798914684	5.39468525764	0.952876334486	4.29271062008	6.03538958102	-3.20644467577	-1.4595243701	
2.69624429495	6.76591104503	5.04807805882	2.04676439848	4.13012178649	7.53653578415	5.59039607475	0.905760488808	1.66688826945	2.06421219372	9.0	9.0	-4.96842019493	-3.27135027803	2.85734430304	4.54826845431	
6.08149017632	7.21635021439	4.5095228124	4.44974270345	1.92642733696	6.68303645537	1.82572784825	4.12303493875	6.26937905375	2.83103782297	5.53259910049	0.969227398019	0.989929708142	2.69695623351	1.00761828089	2.72855873211	
5.84119839726	9.0	4.79973479267	2.63801354094	2.90239608866	4.34426267108	4.45036487625	8.64119049068	2.79707249595	2.67604031104	5.61079533542	-0.782328398445	-5.96321243919	-4.24226838267	4.43096076087	6.15361243249	
1.78406507299	5.48265046322	4.61446320129	1.87752078665	2.9102962583	8.89110085073	4.22689679581	0.00144155536024	4.61897683743	5.45105098129	5.61050364739	2.17854102845	-1.69793478615	0.0248757396625	-0.394985043136	1.32951648046	
1.67331814415	8.89918547626	4.51843478408	-1.70476428092	3.29599172867	7.70120934823	8.76218430346	7.41607353567	2.54256450468	1.21606314145	7.5580824491	4.93948249767	2.92793306008	4.64928105138	2.60781807672	4.32923334677	
3.50294329822	7.42210318692	4.49910270405	1.51485527459	4.53549241796	5.41626948353	3.23382684385	0.852247381159	6.00618302102	9.0	5.87437912949	3.56804888344	-4.26339084753	-2.57260659388	1.30044492356	3.01605104895	
5.83744568855	8.96864607445	4.67416793738	2.5363630738	1.61646152383	8.63502079782	9.0	9.0	9.0	7.81593093895	7.91373977435	1.2084451974	-0.124251014178	1.59907025568	4.77036404413	6.49340449579	
4.80674674676	6.96791701722	8.99974179797	7.83744287677	4.5844966492	8.98724977566	4.44058213095	7.65743904665	9.0	4.60035570995	9.0	4.9028669208	7.27408519048	9.0	-3.7936512791	-2.07225103743	
2.4387446582	6.23212231587	8.99997583527	6.09538205658	9.0	6.70025126671	9.0	7.94470181024	1.82415570459	8.09272026366	6.12905944577	2.35361229684	0.447129810974	2.18649203322	-1.94978671108	-0.191384856863	
5.02537203049	9.0	4.6773463487	1.63327089607	4.17182748287	8.99868038956	4.13494841919	3.00701233918	2.75663771295	5.30969075602	5.60905080031	-1.44521053726	7.27730877287	9.0	7.26312337216	8.98932803549	
3.75036803393	7.49602843794	5.52410701131	2.72076783809	9.0	9.0	8.58705026525	7.14407523027	1.88982778202	9.0	9.0	2.50817500622	-4.56722890077	-2.84586420235	-1.40001706184	0.321750304098	
5.15346081962	9.0	5.01863740645	2.19279117992	5.82542387768	9.0	1.69994746672	1.13429818669	2.46241044403	2.7377872294	5.95496639505	2.07955548419	-5.7443520585	-4.03572968345	-0.256995170678	1.46996019249	
2.29221938306	5.7101311146	4.372566155	1.89322633906	4.904510562	8.90025519138	1.72915796408	1.61001442013	2.7717238732	2.38539469926	5.79962052938	1.3427593219	-0.472092962748	1.15283169476	0.433930627751	2.05163871953	
2.22299641327	6.03352944474	5.33542725808	2.48026234115	8.99499426348	7.04836379549	9.0	3.15156819248	1.97250670036	8.95165414718	9.0	9.0	2.90404655557	4.63704909475	-6.0	-4.29114439995	
1.84079897777	5.48114824232	7.92654830627	5.27789242561	4.0069070422	7.8384602284	3.91863460757	2.94052464413	2.26727901368	2.17965818496	6.52254945158	2.93357973597	0.837288239446	2.53218022113	4.69007970582	6.37368963176	
1.74708158185	5.24113421065	8.1807563151	5.61751527079	2.80780861273	6.37495364944	4.95317509515	4.10304053185	1.82253316658	2.00434045458	5.50870747308	1.83726943001	-2.91514499886	-1.18215334338	0.587555144967	2.22246285047	
5.18207995604	9.0	4.59711985745	1.76970220814	9.0	4.4336421555	5.28544582621	8.7410527156	2.38512187109	9.0	5.59227292424	-0.793301969228	6.96929239498	8.6880168898	1.79121727786	3.51348393599	
5.8551877924	8.6699872848	6.51468231428	4.70161930378	5.41348785195	8.67192126036	4.5878759684	8.88571925722	3.27734828037	6.16143415565	5.40057611461	-5.98254651169	-1.61319737648	0.110668799213	-6.0	-4.28826867213	
1.60046440346	7.95506241531	4.51625743495	-0.93370183909	5.4798145275	9.0	7.93925210795	6.64973954815	4.6552927097	5.11550802892	9.0	5.61915390062	1.22678866695	2.94942631318	0.486077164771	2.21225398591	
5.36211847213	9.0	8.99998440939	6.34596160925	2.02469287324	8.96748861816	5.7826686727	-2.24126681611	2.24293031421	2.29940223007	8.84167880773	9.0	7.26022537806	8.97704289909	-4.75115024647	-3.0313378868	
4.80126673817	9.0	4.8109338464	1.70347109112	1.66773577284	6.17742482428	8.89185552957	7.11282383922	3.57562191636	-0.253406640577	9.0	9.0	-1.13879611213	0.591454287235	5.67978890803	7.42646484192	
3.12607449699	5.14379641248	9.0	7.98354192205	9.0	9.0	4.5795114448	6.09325393426	3.79997066976	9.0	5.64226757691	-1.95204806274	7.1481222514	8.86994007657	-1.65835845966	0.0632372121312	
9.0	9.0	8.09002808457	8.99947469304	1.65807068567	7.21439965548	8.97162473233	6.41107850466	6.4877005185	2.77683101002	9.0	8.95822396137	7.14110573772	9.0	-6.0	-4.21252882831	
2.1975514878	6.048466619	9.0	6.14796990769	8.11646108901	5.70193877716	4.69414218597	2.12929374467	2.59531818092	9.0	6.2066533127	3.86058738746	6.87341014622	8.5478019951	-0.629570899831	0.988361553227	
5.05133507002	8.75357905081	7.01901159849	4.25896122058	4.2145607028	8.17261654789	4.66018996181	4.00654063435	2.10874527493	4.57700399355	5.59736536492	-1.00648401649	4.8059514969	6.52465886498	0.740141550384	2.46059836397	
1.80738531966	9.0	4.49635874772	-1.69808075299	4.51482460507	6.45101451628	5.26170458356	3.44359529322	2.98745486237	5.4600511307	5.64890287271	2.17566762291	7.132292782	8.85450205822	0.531638015438	2.25993245712	
4.77563240349	8.50379950097	9.0	6.21976381671	7.92478710955	8.96028634075	5.62325628333	-1.715208972	1.65868216979	7.13899896655	9.0	8.99162768674	0.968588054173	2.69007032243	5.29459402292	7.01596627572	
1.65934973835	8.99899041012	4.55600034471	-1.77656081242	4.65293140874	9.0	3.13451519632	1.21154215578	2.65834275027	1.97768157418	8.99564458199	6.35846482603	7.28297069461	9.0	-5.99733528947	-4.27543239469	
1.6630965761	9.0	4.49413931703	-1.84582153733	4.32397216149	8.44136212222	9.0	6.73116757578	2.41185977219	2.40047801496	5.68661125224	2.97218161062	2.19849994891	3.91724024094	6.89192642491	8.61371118907	
1.79799981179	8.93221720269	4.42627633575	-1.70784567795	3.32104797482	7.68483490981	3.4129109363	1.40933817327	2.01311966394	1.16804592813	6.67825562386	4.27761298273	0.559526498483	2.28050650323	-2.7094010574	-0.992126963513	
5.68840286454	8.87694794457	6.0036938932	3.89241521858	4.70512752303	8.1713769513	1.67995513571	1.85180743344	3.05675283947	2.64902578122	9.0	4.85437234796	3.66069793042	5.38796271375	0.291305759539	1.99231717345	
4.16622310656	7.42285401963	4.93857020845	2.70704829183	1.69809305759	6.17503419826	4.63413957131	3.85234455805	2.1758704398	0.967733117782	5.47385891427	2.00213488016	3.52299263462	5.37962289002	2.63147784584	4.36932524182	
4.01544624154	7.29912541997	4.55553938664	2.25561669047	1.61758650211	8.97891981566	3.20979197283	1.27266293931	2.77799918871	0.415678045971	5.60642242424	1.67441090865	1.51463803341	3.24179522378	-5.95475176994	-4.23021737819	
1.59451955983	7.18729288972	8.55700284023	3.91798731298	8.92730699734	9.0	9.0	7.23041973957	5.00193577266	9.0	8.89769213878	5.81866285393	7.27975262687	8.99989998362	-3.71007416006	-1.98901228511	
1.58852188676	5.26428618543	4.49055883394	1.71438762305	8.97732490949	9.0	7.70096215911	5.12237279394	3.09456497337	7.26288045787	8.6197189766	6.31630409325	0.875111356268	2.59485089866	0.858851941689	2.57762748825	
2.45533598408	6.08116024842	8.99948467378	6.3445485565	4.60363462586	8.97778520924	2.22773607242	-1.0460507161	1.81937965858	3.27957592006	8.04253485718	4.63009238779	2.05229826957	3.77529551708	7.22890820904	8.94532306791	
2.58564736986	9.0	4.52510595079	-0.895599056946	8.9004788639	9.0	6.04947715462	3.80486992074	1.64308692432	5.94744153513	5.660925414	2.63010307827	2.39087765937	4.11057175517	1.02549714102	2.74912030715	
3.48784108508	8.93966055569	4.52914451759	0.0811904547843	7.28800705673	9.0	2.80722803137	4.66458780659	3.62572431844	5.48725255527	5.62534252214	-0.69233881596	-0.213210271244	1.5078769874	7.26734996454	8.98640343097	
3.53803754819	4.552188225	9.0	9.0	1.50277405897	6.04635829463	4.77950151256	4.1307259749	4.25392814307	0.667507830676	9.0	7.71343501606	7.41774263035	9.0	-1.07036381674	0.625196701242	
1.71889687444	9.0	4.5127945123	-1.77007191925	9.0	9.0	2.64555436395	0.404461849854	2.37115981324	6.76797219112	9.0	5.96868044517	6.61755922879	8.33729020856	1.26026055929	2.98108173085	
2.17336977582	5.25839583407	4.56142737632	2.44422660394	5.65359572209	6.4603259511	3.25270813704	3.72011299956	6.5128672844	8.98742559825	5.47145412101	0.861294617243	-0.118387638148	1.64976044849	-5.97933641188	-4.34141503092	
3.78918885912	7.46926371796	8.75875958564	5.9427808828	4.98834598311	8.9997774903	8.95712225941	1.97965879351	1.61409348084	1.51125323396	6.13700065712	8.50892306766	-1.06648804279	0.701867521218	1.06281898511	2.79939745294	
4.63996493449	6.47369472793	8.86667417742	8.00072267824	1.55141318469	5.92510479116	3.55053602685	3.64954028129	3.62499355508	1.16132843363	5.45293793122	2.63562165265	3.78254051023	5.71653827999	4.67427808841	6.31724381421	
4.06303517604	7.11957495399	5.64352779978	3.53317245716	2.27996242827	6.60882173313	1.76832950589	1.83681993066	2.21621167302	1.19129225146	5.56006374237	1.3835202437	-0.00274994126549	1.81314144761	-0.19827808845	1.3987896554	
5.13863092311	8.81033711355	7.65248467804	4.99901559719	9.0	5.39329122903	8.06761668308	4.819083294	1.77232662577	9.0	5.39528491584	4.00285927989	-5.53129014856	-3.8526595253	-5.99620051254	-4.35696693287	
5.46156276984	8.82416401322	7.47469899846	5.17540730205	1.71431470812	8.60062001983	9.0	2.13065141241	2.60201318772	1.67515036239	6.024294945	6.02569135156	-6.0	-4.23104042774	3.50866149389	5.29600573066	
1.62415623356	6.33451294078	4.52494375005	0.813221133172	4.55528159662	8.95415285911	8.98767077712	5.66560008775	2.76362775057	1.49476992331	9.0	8.31193521981	-5.99999977759	-4.2741017428	7.27850670879	9.0	
1.6858331702	9.0	4.6727068094	-1.60258177242	5.00304833481	9.0	7.59105720705	2.41375328223	3.42322494287	3.11388284125	8.37200824425	8.99851560559	-4.85777131391	-3.14275649448	7.22526537038	8.99964858191	
9.0	9.0	4.4722664441	5.34828199447	1.63600398989	9.0	6.52830999603	8.90667858815	6.4526361916	-3.99569074393	9.0	9.0	-0.723434967419	0.99943471677	-5.95621340407	-4.26697110447	
5.30698674078	9.0	5.75981413721	3.01065397464	6.34257515341	8.94698553497	9.0	7.58024844317	1.5853026343	4.03490908772	8.15967352328	3.69581839488	2.9965571487	4.7179578947	7.28427149409	8.99814985204	
5.35130871853	8.9725436931	5.13361373824	2.54576954707	1.79246636075	5.32034684292	2.88781840166	2.81195170493	9.0	9.0	5.717896146	1.33959514202	-0.56844687162	1.26576552306	-4.03222278369	-2.38183550761	
3.76333087587	7.22561622021	6.26691437731	3.79169441634	1.79830075994	9.0	8.83848568083	-0.182775050528	2.0203163419	-0.00813300498054	6.02258709948	8.99992502872	4.9814496891	6.70193816804	2.20771637114	3.92942812282	
2.83586049119	6.45418199351	4.57901757752	1.92250060044	3.76424287078	8.9969703994	1.69062267131	-1.87064769927	7.3650131761	8.85994053516	5.99670141339	1.98026666147	-2.94170318125	-1.20849360493	0.379229733317	2.10466571229	
2.31366524107	9.0	4.43128724473	-1.25884795015	2.31026934166	6.75025252947	3.46472762394	2.45951607768	1.77507008285	0.204326869107	5.88821399914	3.12912730263	-0.692607882584	1.03395118931	-6.0	-4.27233176573	
8.32636883106	8.99693744739	5.63694976941	5.76152441748	3.32389621427	7.64786701856	1.61790953229	4.23188062301	4.70758211998	1.09617261557	7.74419844953	3.83125234388	-5.93637756388	-4.1857359771	1.30314974481	2.96022731976	
5.59190613351	8.99814835537	8.99092320846	6.58453885554	6.37955692962	9.0	4.49247498359	8.500509071	7.89101014461	4.7039843719	5.90195153842	1.57651511833	3.10410409323	4.82504616049	4.53367646573	6.25606974575	
6.31773328857	4.69068154996	4.40570922441	7.02713993567	1.58662696845	6.29425747996	3.99491497163	6.18836284933	8.33364360015	2.06416689745	7.70992608739	6.17218417765	-4.61770783176	-2.978547313	-0.868802482681	0.833511123701	
1.96743891183	5.44447547841	9.0	6.53555573029	3.22209970076	7.59228659179	2.22826035017	0.590786883451	2.63795982026	3.65394989615	5.65312506202	1.00816530504	-0.404907498605	1.31881592828	5.6169740076	7.33681935134	
1.91935143134	5.44372735431	4.44352291158	1.84934275342	3.49890069935	7.78925595998	2.525261519	1.58836785494	1.90182651495	1.21819047	5.55465321743	2.01153819877	-1.32174219073	0.433288435951	7.28080789861	8.99620734645	
3.97423210248	6.03029522895	4.99281180252	3.9004030063	6.02648621686	7.12948135451	1.81002394896	3.36939960526	7.47274605304	8.30292156745	5.72579118882	1.35966759282	2.34367273726	3.94448266151	1.65393428886	3.30606637307	
1.78757045391	8.00101453533	4.50837314025	-0.703896973486	2.03884803273	9.0	8.9791510227	6.47590314229	8.90224540626	5.26476774988	5.87440439988	4.1685868661	-2.12730877492	-0.406130553804	-0.702201535229	1.01809079486	
1.96460773715	5.44117537036	6.03460467457	3.57478444362	2.44062574323	9.0	2.44611192594	-0.234725884429	2.35830815841	2.31791447061	5.64170556599	0.904882453164	7.27139932608	9.0	4.92204279925	6.63782736224	
