3.03267858953	3.64179769275	4.76365093463	2.15255854293	1.7378643911	8.50724934509	7.66661277426	4.00632927923	2.18223464816	0.261244827868	6.27727426482	7.20445733842	2.59042652742	4.30582419929	1.19848988975	2.91047001851	
8.99734758409	6.94182302305	9.0	9.0	3.99569876054	4.89689209345	1.92774685985	9.0	8.77841809022	8.21924562213	5.71901177937	0.481854856426	7.27035379924	8.99315161528	-3.99651613152	-2.27503831002	
8.30258643989	8.99553213758	8.33346062107	5.57668559962	3.02553018696	7.68270100573	8.84636546619	7.98072764998	1.76961155525	2.73261943836	9.0	6.41544470361	2.21583435919	3.89327511776	0.473842224814	2.17441989475	
3.10051740827	9.0	4.48015915157	-3.40885048317	5.16745265611	8.59623642414	6.93456340312	8.44076158512	3.76456537024	4.85161466858	6.84684964703	2.90683938341	-0.962478095762	0.7335376702	5.62898900092	7.33938583135	
4.33600150713	5.04971427149	4.80790943436	1.99471566456	1.91941308876	6.16207097949	8.41085014474	8.73740107473	2.01369577468	1.68498269014	9.0	7.013259786	7.31783165916	9.0	0.87980326683	2.64174911674	
8.99082130879	8.96593898555	4.26170719028	2.24281524215	6.42452174613	8.11714757562	1.51703354374	5.18843122151	3.72537514394	5.28007038688	6.14997036381	1.39463016243	1.73955703635	3.49335257782	7.28712249796	9.0	
1.69204595524	9.0	4.47940218298	-4.81420460811	3.03900041834	9.0	3.56086519393	2.8243822083	9.0	9.0	8.54031313692	5.39578070477	-1.25385925689	0.466601458054	1.30209954423	3.02021224616	
5.03034314801	4.33516836064	7.97009089987	6.67989639819	1.58557352798	6.53952075243	5.97411522003	5.87660978221	3.35294266213	0.93549123345	7.8820798856	7.45448252396	2.18922863316	3.78715115854	-4.25151810538	-2.50438643657	
2.29940531009	3.51733463489	4.55097546127	1.34012296939	1.90507128016	9.0	8.48861985835	5.91985512542	2.05626801583	0.574150356279	5.99758104306	5.05060562981	-2.34913729244	-0.63076399429	4.48962212684	6.21218720871	
8.98069902093	7.08909130624	8.96433293136	8.98858597803	1.64167720638	6.02137912269	3.26894327606	8.58689176491	5.36312951515	2.34306735572	5.8780731879	1.33299582493	0.576440298063	2.39166551759	-4.27907569544	-2.57633403739	
3.97730815052	5.55699974283	4.62661942584	1.16042092291	5.10954691863	8.45522388343	2.13858205477	2.86609651751	1.60697668851	2.92872683645	7.04774855686	3.58839198288	-5.22002942188	-3.56578562476	-0.871344251974	0.747128501858	
7.93012349124	8.27977940394	8.99303741699	6.64451800753	7.58833742442	8.15657652872	2.26290568025	8.32466621857	3.24894513012	8.6854915789	5.5860763857	-4.37149585628	1.31323256833	3.03196033088	5.73106412541	7.45370934086	
4.07440258568	5.78720791896	4.36452095399	0.710576831669	7.94380267783	6.2147073938	5.30453310286	2.80777413941	2.30014727919	8.72477358323	5.63113744756	5.39426813206	1.70358256558	3.38469954655	-1.85199260388	-0.219373942921	
7.45816983299	6.31705955251	8.98095870594	8.0534149093	8.99741849958	5.35978424667	2.95079874592	8.76039836633	3.89072973872	8.98398617517	5.73218917859	0.659529518061	-5.37177908642	-3.65510385539	-1.13028259753	0.596219735383	
1.61971697279	3.87893835701	4.52874849964	0.293282063354	3.82755791271	9.0	4.99338194095	2.23733473591	7.41476784384	8.33979478103	8.7360046272	7.46138226176	-6.0	-4.27922166204	-1.78604477189	-0.0613675526153	
3.57849494319	9.0	4.47473172701	-2.9298097651	4.84898071502	9.0	9.0	9.0	1.58672767551	1.65837853767	6.12467723226	3.98661044646	1.44824461765	3.1630199194	1.74994131926	3.47345361911	
3.67471490122	9.0	9.0	1.6797575362	2.68805058392	6.71308145655	3.67787320428	5.12957689941	1.8706647038	2.23925588163	5.84236632335	2.09671847007	6.22252989014	7.94556172014	1.4258006821	3.14548534909	
6.99506779687	5.14499815608	9.0	8.8431868449	1.58404999809	9.0	7.61722688462	8.97953286887	8.3555633797	1.7033591917	9.0	9.0	-5.37638037895	-3.64964600042	7.25483596975	8.97608419042	
5.47115766343	8.99892513557	8.47337143952	2.953567863	5.01818992468	8.94995848273	5.64438702635	0.37352716332	3.81418505687	7.2450456049	8.98282447961	9.0	0.9297870965	2.65097579967	7.27953332282	9.0	
3.56874904247	9.0	4.44595336346	-2.95953156828	7.54345532208	8.38142296646	1.77341549375	3.32873638498	5.36611301669	9.0	9.0	5.04464317153	7.26511198514	9.0	-6.0	-4.26910935129	
3.05676375973	4.51612892785	4.62019155801	1.0531424459	5.46734746339	7.73989698741	8.90988675284	7.06952686528	1.60125141571	4.00927094759	9.0	8.54818282135	-4.73767921151	-3.00398509025	-6.0	-4.30195024501	
1.94357183377	4.09883642399	4.53820581745	0.411859380241	3.3944172262	9.0	8.98657214955	8.99661674674	2.93019174518	3.33008084005	5.84896565585	1.90277844572	-6.0	-4.28427913759	-5.97802824121	-4.25508691712	
4.51336242139	7.93007554409	9.0	3.58148038365	2.21334366503	7.13114105376	1.86773040138	2.83529536037	9.0	9.0	9.0	5.23199310039	-0.178078726399	1.54362395868	4.268476314	5.98844346197	
4.45436912697	5.22363959892	6.07242795802	3.37275585159	9.0	8.08093903087	2.16564751497	4.72061083483	1.98899573928	6.78018764692	5.79367405612	1.39686399746	0.590778093874	2.27062005084	0.11064973755	1.81523791184	
8.98812652455	9.0	4.49908801258	2.48645796365	1.58885085341	8.94131304676	8.98134783882	8.84557551905	9.0	6.19101173378	5.63320581465	3.34439685026	-6.0	-4.27864707187	-6.0	-4.27956457889	
2.46501662046	8.99995558005	8.83462166965	0.327981141218	3.93467338197	9.0	2.31293285499	3.06623070779	9.0	9.0	6.24425385971	2.43046569051	7.30602132144	9.0	0.809392239145	2.53793418173	
3.8737744801	5.65742775752	4.54701764383	0.766568954273	2.9568990659	9.0	2.01291926711	3.74913740667	2.84500814229	3.58605472677	5.62800939483	-0.7778952742	-5.81304806803	-4.09163736182	0.409044922465	2.13036840592	
8.99902029522	6.30060716873	5.29148404671	5.9813134777	8.73756170492	7.06576402711	1.87892766577	9.0	5.71992649289	9.0	8.99348461284	2.38615749907	5.01246346333	6.7347202741	3.47296362255	5.19528856975	
2.02122828903	3.84484330568	4.45730155982	0.629796938916	2.13189311429	9.0	5.22121060024	3.04113210286	2.07740216763	1.38462741919	5.81705933104	3.9389500064	-2.32172390577	-0.598887676743	-2.50238263773	-0.784340481145	
6.67693372337	4.00072540778	5.2071121244	5.88186933341	1.67638637219	9.0	2.59564181906	6.42859822455	5.30537141934	-0.176330202158	5.98268741435	2.42825814664	7.27444096274	9.0	7.28050890944	9.0	
2.59620338583	8.36154881882	4.64172265208	-3.06756694692	6.02222646482	6.71384542258	9.0	9.0	4.70712175692	9.0	8.95749707441	5.98762485332	5.57043159565	7.26740365446	0.417035832711	2.16954728529	
3.29410899414	5.00136200889	4.70986377982	1.17617507231	9.0	6.9120492642	2.07721211011	2.9538571429	2.1468880551	8.83731297254	6.50040592371	2.84381619717	6.37693141816	8.16461019646	0.374314320002	2.03921733225	
5.34319273323	8.72760726493	8.99281551183	3.61685971005	3.35839799321	6.79034986159	7.85820142866	7.36560157379	6.76245447396	8.53183084355	5.61155718823	3.01213961532	-5.99712474877	-4.27592834767	-1.71206153722	0.01182867862	
3.32631372154	8.21877682475	4.46079801158	-2.40478533552	6.71750179511	8.72461352535	2.02797214472	3.58509617589	3.45677889264	5.9819410316	6.16607366848	2.12570505888	0.915461420688	2.63605004966	3.03724719139	4.76525512194	
3.56049846415	9.0	4.4938992048	-2.94274097195	9.0	9.0	5.37824394968	7.3492302895	3.84330331811	8.29671143803	5.87572684241	1.55850839145	-6.0	-4.2776451473	-1.4858572511	0.233509722822	
2.01490278462	4.26252995865	4.48645082682	0.24909131705	3.11556948701	9.0	2.76503543561	1.5682106931	1.93830418457	2.35004209166	6.53242212736	3.52681606332	3.09414413108	4.81149197323	-5.31499072237	-3.58632143596	
5.03342617597	8.11039087144	8.90562194155	3.82705570409	1.64200702747	7.13906064071	7.89397807256	3.49503057074	9.0	8.10328325802	5.92423621772	7.84250564757	6.41569721843	8.13812690376	7.27739405763	8.99891797268	
6.10300174119	4.37279111901	6.69344991953	6.50858255285	4.17584668256	8.92436728204	2.2759225035	6.68862438312	4.30703701489	0.920147120162	9.0	5.24261097451	3.71861231268	5.45825299559	0.664352631432	2.50975215664	
8.9475283627	7.2498690919	5.17034125131	4.85380886367	1.58387948782	6.74935009121	7.31730967041	7.56836763194	8.90427086305	6.27910359104	9.0	8.33798278422	4.96782119155	6.68351635952	7.27860866925	9.0	
2.84058102504	6.36042573036	9.0	3.47913431517	5.3896260186	8.98755734874	3.14011988159	0.560594962921	5.17400374232	8.94878267178	5.99691884563	3.30330810209	1.66515088785	3.38506982087	0.0499077630772	1.78389030268	
9.0	5.48210104981	7.47757422692	9.0	9.0	8.78700223351	1.82853840175	8.86925882486	6.16577256935	8.54631313091	5.63138537447	-1.46200631501	-5.56823471062	-3.84638691273	-3.59204339014	-1.8685625597	
8.15971874604	8.81082540924	9.0	6.2327813066	2.12903322545	5.8272547946	4.8921772053	7.55696980993	2.32811346089	2.66542520684	5.71025286959	1.14805379008	-5.35764128849	-3.47188326154	4.06456058808	5.90344296939	
8.99786164005	9.0	5.26755456933	2.95068912768	7.23680858438	8.67171965514	5.48456029554	9.0	3.37303678338	9.0	5.64931861026	-2.49726895734	7.26719835026	8.99174016952	-5.9763520905	-4.25426791358	
4.71732211449	5.61570851251	5.0075814955	2.10997412099	4.32373980162	9.0	2.9682003182	5.61900533367	2.51400847588	4.96339784683	8.805448618	1.14643978165	1.68239401516	3.40354261422	-0.228990597855	1.49225429788	
9.0	9.0	5.79547159723	3.85064983257	1.69586815342	5.62620840092	4.81036845956	8.8052384533	5.4225897432	4.18185312328	5.87261633309	1.27116515099	6.4403479512	8.14737938969	4.33594550726	6.0384072193	
5.5824464459	6.18740168079	6.37031223034	3.79097689337	2.19660041225	6.77108499475	3.79050262348	4.03661598359	1.69593475138	0.96152551411	6.26064256065	4.35648973124	-4.49846934542	-2.63428043869	1.37509937036	2.96638049433	
9.0	9.0	4.63757022761	2.69300549253	1.6524015793	6.13340169473	9.0	9.0	9.0	4.58738900886	6.94747980236	9.0	1.8760434619	3.58021297367	-6.0	-4.1579424762	
5.33743672475	8.9195792733	4.54145703262	-1.04006137952	7.98229463755	9.0	5.2691426035	9.0	5.66840372102	9.0	5.72300455864	-0.23221647013	3.48005280555	5.20824110644	-6.0	-4.28471462531	
8.99328737439	7.2064742108	8.99977883908	9.0	1.29069594005	8.99787632826	6.85056791542	9.0	3.784636536	-6.0	7.38224755615	9.0	-5.82777594392	-4.10748962179	7.27912204934	8.99989600245	
7.1013869066	8.56110388441	4.56901406835	1.10627785785	2.16431587655	8.99999819826	2.36650301243	4.45173186191	2.37736735772	2.55814486892	5.63999070137	-1.34238936288	1.94598488676	3.66641443219	2.65921116212	4.38120225251	
7.90049785047	9.0	4.72229781063	1.6827226624	4.30439782507	9.0	2.52462463603	8.75428461492	5.46861988888	0.533145110124	8.99520320362	5.08339201493	-6.0	-4.28772380265	3.79157771709	5.50896059251	
1.87539106618	4.54947934017	4.53712718998	-0.133178361482	5.11950486923	8.98276942247	6.3781950477	1.09938529642	5.76653711027	8.96550277161	5.88072915079	6.20761122566	3.02062287873	4.73857820842	-0.287969668645	1.43263642536	
7.50604851708	5.34630704517	8.70455133908	8.86245251038	1.60149928535	8.77003559799	5.64219548016	5.51789512903	4.7029494818	-0.197478935839	8.99728678201	8.97211919069	4.61710080995	6.33758038064	1.47433443297	3.19467819437	
8.82258574769	8.75798619745	5.11687884531	3.18066730817	2.66654410857	8.79513741389	1.81752629045	8.48793167394	9.0	9.0	5.6004147699	-5.08644443717	0.348083711082	2.071902641	7.25736198341	8.98554133276	
9.0	8.99839136959	8.99843042856	7.00313975402	1.65627001898	9.0	5.67288543962	3.28709348059	2.56275741041	-0.272420409043	9.0	9.0	7.2797847	9.0	6.64555588396	8.36704574809	
5.79325375951	3.19154781188	8.39289125482	9.0	1.58344463067	9.0	5.21425497527	6.9523627188	5.09944472769	-0.369507737358	8.26689750569	6.68601474255	-0.801301623435	0.920228528267	3.06985427303	4.79003731034	
5.57027523888	7.52601773177	4.51108136522	0.559511335359	1.87053623647	7.81296374931	5.50651684204	2.142372433	6.09631536275	6.05328670612	5.89188217026	5.46258320481	7.19932393791	8.92117555832	-3.55793554433	-1.84237205988	
6.97268783653	8.41207393523	4.35534052697	0.999306012313	6.13973467351	8.99992518956	1.69467276281	3.84097023137	2.09370305487	3.56564400565	5.39299473614	0.836123098076	-4.3408861192	-2.60927592726	1.0002880563	2.644961579	
4.43965363366	5.29614571649	4.46394043997	1.61899041662	1.70753676526	6.63139013541	4.03321826162	6.0274795889	9.0	8.19525521699	5.59008189734	1.53403581386	6.77480018313	8.55479799211	4.04684828019	5.76278816795	
7.35829654318	8.44154838718	4.38513373277	1.36614033008	1.7890301818	6.01855606662	7.17397675271	5.71727824393	4.32433005996	4.1412701465	5.70187166796	5.09874423982	4.48024047051	6.35205169626	-2.92684963097	-1.10499199694	
8.99999759662	8.86222762706	4.68434255114	2.82589929761	6.36787512815	9.0	1.61704667686	7.42025461349	5.14750036745	8.46445899483	5.62347869549	-4.02162106549	0.0278933084142	1.75036945407	-5.77581053459	-4.05313529324	
5.93220215182	9.0	4.50863403679	-0.558413792417	1.88531541813	6.0145790187	4.17254142726	3.60595775009	9.0	9.0	9.0	7.55221442277	-3.79431595128	-2.0750144689	-4.68292718349	-2.95735064933	
6.73772041156	7.59526054305	4.53592817905	1.67681704841	2.54054887446	6.44014552457	1.6884119689	4.28600934921	5.85060754802	5.86241154719	5.75779450155	1.36559479568	1.38496912054	3.10245146197	-6.0	-5.9946400296	
2.80122659799	4.37207144757	4.29994130919	0.847099691813	5.11635013925	7.26843646453	2.77187744231	3.86101915009	4.21373723046	6.72536107612	5.96508051805	2.10069598908	7.27638641078	9.0	-0.511515059842	1.2067007782	
2.21597770365	9.0	7.39226957699	-1.38412240189	6.17603251835	9.0	9.0	1.25882750318	4.51818185576	9.0	5.65333268258	8.19205632611	3.67787207349	5.39621060659	2.33513783411	4.06350267772	
4.60816762739	6.3266270463	4.40635599208	0.738605169644	3.32468569703	7.49660031979	6.10243773788	5.31236726446	1.62776971214	2.33682772404	5.49861924703	3.46984685545	7.02937274219	8.85434817402	6.10321974868	7.81252236103	
1.41135536978	9.0	3.86253359184	-5.92147082072	3.45264170903	9.0	4.3224865107	2.11777606334	2.89837030839	3.62876023102	9.0	7.214330974	-5.62191548343	-3.90375647959	7.27952281233	9.0	
3.98684229756	7.8824306767	4.5213921489	-1.37723963943	1.99940663859	9.0	7.60499097355	6.73043189877	1.81164074444	-0.766332822593	5.73958834283	4.30605916573	-1.06838642848	0.662500193074	1.72571084512	3.44071220862	
3.81460075207	5.09889010035	9.0	5.84366831643	4.14086862552	8.84587888349	2.71130260115	3.38880799685	1.56063749235	1.0758022355	6.01892665214	3.06490915684	-5.52300171036	-3.80811832214	-1.94422160564	-0.233339332416	
2.51186794914	5.30583118092	6.47051122953	1.75894607279	5.89206021518	9.0	4.12028725217	5.01488551558	7.28050869006	9.0	7.04853366385	3.28471600515	-6.0	-4.28187918568	-2.05271399713	-0.306776426534	
9.0	8.86850759117	4.52266599586	2.65559785621	4.75407283825	8.85338321231	1.89136048482	9.0	8.38759727707	8.79490530557	5.62563457122	-3.87612880158	-2.16294182967	-0.441557278466	7.02821386683	8.75091921203	
4.08188178968	5.26535175906	4.80502150889	1.75918564313	4.13958538538	6.22132873013	4.16679855709	6.37043908524	2.16580193233	4.19634222597	5.72916573752	1.54820513911	-2.41178693131	-0.806996604172	-1.32810689262	0.255730952374	
2.3624965519	9.0	4.77616786379	-3.87493051617	3.76618718776	8.86522146855	6.24898833165	3.1621035083	1.77729768492	2.20052422712	6.29014964945	5.96369147076	2.0243065412	3.76825952612	-1.97196361671	-0.275762351124	
3.85114474278	7.24330480894	4.49252554995	-0.887242819109	6.05026103293	6.54172772903	2.1408231433	3.28270732933	2.09911620848	6.08683150974	9.0	5.46923638829	-4.8372572521	-3.12406977795	-3.91417370608	-2.19528372466	
8.0743891853	9.0	4.1761599429	1.32232652286	1.74927381728	8.89326905098	3.33422210372	9.0	1.67748392989	-5.97723361311	5.85085463991	2.62334754335	-1.61805994477	0.185676073621	4.0467157709	5.80092245593	
4.58688815004	8.90613595982	4.47841364768	-1.82362126023	2.15002718236	6.4020443281	2.66277576695	5.3773557799	5.5491251503	5.23796022231	5.67085873503	1.11171867963	4.6408405761	6.3638878949	-2.60580613791	-0.887985067137	
8.97304749587	8.71351593777	5.90695629446	4.1724469164	1.61445561883	7.27698079795	6.12127539514	9.0	6.87093110131	5.64462981024	9.0	3.7936629204	1.21880279409	2.93754069546	-5.99999683363	-4.29952514152	
7.04388441133	8.68190476555	4.40790162249	0.752815838288	7.96287721233	9.0	6.84543477521	2.95655708266	1.61001744698	5.1679943815	7.73183195946	9.0	-4.23283729198	-2.42238311797	1.18796264565	2.93014606504	
3.51699778855	8.3793587887	4.56909333915	-2.27611741975	7.73048222609	7.13906101185	3.17103193724	4.21586841903	1.72102836586	6.77803997052	6.00962775079	2.58107819133	0.0496527594901	1.76400210726	0.793801054263	2.51988648605	
6.05161055452	6.89578219992	4.61407350574	1.78942893172	2.86479442741	5.57296274982	2.73996930486	5.86965516377	1.93780362338	2.93686224114	5.46002691204	0.760770936458	-0.328533437307	1.34848712602	2.60788537823	4.37394702727	
2.77147955088	4.4062433634	4.4675656207	0.884129695851	2.38275436852	6.54842014714	3.91536498074	2.91609521904	2.21340782922	2.83804936889	7.31193564283	5.45392838399	-1.36105971415	0.350846490917	-5.48826228802	-3.70107010364	
3.01266694601	5.42142299097	4.50782714351	0.113511950181	8.98632526534	8.50584187297	2.11683071262	1.64971195483	2.06882736075	9.0	5.8087598473	1.91943078359	2.12990841997	3.85812673702	1.13510851768	2.85828770709	
2.17313690644	5.46196626297	7.45983913131	2.25506760079	4.91139217111	9.0	7.03001704495	4.02025792209	1.61482308724	2.72845898558	9.0	8.78784209523	3.0058001912	4.72763912709	-4.78087110016	-3.0724086702	
6.55411985455	7.8985851314	6.37651260572	2.97641115758	4.73475352077	8.99423616714	3.61519235594	4.99702763871	1.68859027162	1.82859630542	5.93877200939	2.38880396754	-5.92144060389	-4.16931152378	6.4008950969	8.17459630893	
4.25580227054	6.05135017877	5.01614655346	1.16913320157	8.76754843903	6.89481964396	8.96424335519	8.98731695708	1.7943837984	8.3415803738	5.7137481545	3.15213031938	5.12965050138	6.82469572517	4.98510700008	6.73998629386	
8.91908730834	9.0	9.0	6.92145986555	4.57929801696	9.0	1.99072407953	8.98078399555	2.42979106752	-2.89000868029	9.0	5.02335858078	7.17100799191	8.89427200938	4.29733931571	6.01964992554	
5.58373583002	6.58556673453	5.6435388295	2.52563413822	4.16356312832	9.0	4.82052968336	6.57478347654	1.5769768877	1.18543280947	5.80072718235	1.9006412081	-2.00310013056	-0.23873543282	1.6212887165	3.37649496872	
4.42362810925	5.26976939461	6.40576802131	3.58333343851	4.49215259982	8.76232685362	7.57783865238	4.60553533182	1.48172011174	0.959881743603	5.31344544876	6.61201132688	-0.474168259361	1.34126618871	2.53829214858	4.1928844457	
4.71099699134	9.0	4.49359234957	-1.79658331717	8.98350178998	8.16173552004	5.60522616876	6.48201835372	1.59127009104	6.83431633536	5.6492356037	2.47001766203	0.171195937614	1.89188028441	-2.23228551713	-0.509817009899	
6.0199187535	8.89161382308	7.10980642926	2.24715860746	2.7203035093	6.61989688237	8.78694396275	3.67462854294	3.32347947366	4.41215165109	5.68504107804	7.92141797555	2.49650996583	4.217294594	-4.72535096789	-3.00185479044	
5.71280363059	9.0	8.8768905466	3.6603777911	5.01599554737	8.87891997141	2.33342961153	2.65209614979	1.71137888151	2.92986669967	6.46435888951	3.10994617274	-2.8107454701	-1.09746050824	5.64986564	7.3832237922	
3.6331989327	7.23629763319	4.48755778187	-1.09339449349	1.88353115831	6.08081127205	8.97943493957	9.0	9.0	9.0	6.04106062161	3.89589438568	-6.0	-4.27620390731	-5.94045253498	-4.22636067833	
3.10838132483	5.29495631544	4.51468154595	0.329334097204	1.75750597744	8.67680273694	8.99999422117	1.46198474423	5.92881624444	5.57242706139	5.90649235865	8.9990069356	-5.98609921602	-4.26289065028	4.56569168612	6.28848766641	
1.66984270648	6.05566315121	8.97809322084	2.69733661094	8.98399258576	8.67871038902	5.61362985313	2.98490799496	2.88495879153	8.97742675693	7.75335391036	6.52955615198	7.26496726768	8.98609447131	-6.0	-4.2774775197	
7.44345681168	8.99999608183	5.24323302294	1.68682689954	8.05969761316	8.99958005075	6.85863111858	4.54285601264	1.67082630094	5.4300358359	6.20770157	5.98131036285	1.67437974139	3.35858413493	6.36635347362	8.08520051168	
2.92430734223	5.46929896702	4.54135973636	0.00566120916442	3.87919601129	8.6276260131	2.09570611997	1.40548892638	3.31937892175	5.38051483404	5.83954063841	1.82560933681	7.22018530215	8.95003049161	6.26660609321	7.97923471193	
4.05080938527	5.44316637158	4.50165561612	0.986888253865	3.3542365473	6.63084560704	3.33032665482	4.18941356513	4.39655996511	6.04527499783	5.71903013733	2.23573272704	7.26199406082	8.98144144837	4.12702764144	5.84507968176	
2.97165208266	4.77577270685	4.46584459232	0.721794746859	3.14841679974	6.04252222699	8.98708623272	8.7512842407	6.92054640947	8.51653523417	9.0	6.81510901303	7.32891560045	9.0	-5.96763503818	-4.17119256958	
5.2518522011	8.99978032884	4.93614727953	-0.721822347472	3.99118419769	6.5366949433	2.11201872871	2.76437399221	6.79538805394	8.99933985124	8.42162006745	4.99621491819	0.981101672776	2.67779848576	-5.98051833953	-4.21430463481	
3.77386696674	9.0	4.52125795347	-2.71398892352	6.48547590893	7.26645954991	8.94188211459	9.0	1.63202800501	5.24576225716	5.9320902592	3.61061453302	7.23646344029	8.95717096523	-6.0	-4.28474214129	
