0.196411554523	4.63468454737	8.13497397028	4.56180495576	4.99448614033	5.6494229564	3.44117841883	1.61163348234	0.68501408493	8.4063384013	8.56121759453	8.86374187119	-2.25625605899	-0.414189969962	5.24499404203	7.07753209797	
0.180692307054	4.61950771472	5.21630689062	1.6425954562	0.527429957279	5.64907511944	7.32751470117	4.99675837624	-0.677160853976	8.99182801011	-2.11509317609	5.10227620202	-5.84902803054	-4.00716771095	7.13319922914	8.96582805183	
0.19195250167	4.63071802319	8.99530601966	5.42164447421	3.00467610736	5.65041274087	8.2360275836	7.73176514516	-1.54250285708	5.57833236766	1.86727058275	2.23383253033	2.53780138914	4.3798679751	5.85341104124	7.68594398347	
3.66928319572	6.57830318093	8.90791273276	6.8639967278	4.75881417101	7.91179857111	-5.99438063208	1.71406396095	-4.48003311045	2.49866608781	7.12196104483	2.70038782587	0.563073835667	2.40516026622	3.63905585805	5.47158390121	
0.186003343136	4.62469545175	8.99999977312	5.42641163914	1.35609655089	5.65020792259	2.24497992441	2.56975187725	-1.29959922477	4.01408074065	2.45319103702	1.83208443238	-5.70169726632	-3.85963227984	6.39487613201	8.22740819494	
1.60108024912	4.61828909891	8.84535084124	6.69324596742	5.10400585787	8.73211994106	2.97080642003	7.5727993826	-1.59575849913	2.02154526966	6.24272498341	1.82489857771	7.15593656443	8.99806230601	0.115562436411	1.94807160794	
0.179497841609	4.61828636096	5.18644609569	1.61276155209	7.37622959338	8.98457460965	8.07625009428	8.66772280225	-5.99925648049	4.04114692775	7.635181756	8.78806821264	-5.76351525423	-3.92140438744	-0.438718075708	1.39379665199	
-3.01962963558	4.62914935037	8.39107104939	1.61139701809	-4.98161530679	5.62704437264	8.84571186013	8.81881444954	-5.85092057994	4.83621920027	0.622994210843	8.84668483519	-5.98334542058	-4.15215901485	-3.64229237873	-1.66317544356	
5.46919695937	5.03951225432	5.21430795904	6.50909671867	-3.9395203026	5.64925103563	-1.31978283206	5.25502624876	8.99999988754	4.13309870871	4.81342494003	2.79321927639	0.304341440214	2.14641580477	-5.93718573799	-4.104561144	
0.0999743458918	4.49782600061	5.15534027261	1.62225563216	-2.09613260435	6.15560458414	-5.14994987785	3.12207786411	-2.89840028471	8.55567099657	4.62157449987	5.74802829698	-2.02561558971	-0.10196720447	6.16355180035	7.80927000071	
0.181913308283	4.61830441832	5.18247914675	1.61119199829	-3.49933725358	5.64925232701	-2.49382493535	8.51440026292	-0.900790688676	8.68623126721	7.7491837791	5.57703153747	4.4459941638	6.28805415205	3.39416455264	5.2266819725	
4.62312242682	7.99213500853	7.04388455225	4.53918064817	-0.372340727068	5.30553411216	2.42854203675	1.61160745569	-0.0404697685734	5.75851726864	3.67041603048	8.08812641829	-5.73328145556	-4.38076470471	7.52566041183	8.99999739218	
0.195290160929	4.63408634294	6.9518230627	3.37813085701	-4.21083189349	5.64925432039	2.12146873201	1.626973145	-5.13493125239	3.33956397633	0.0545702720093	8.97931826284	-2.72668227777	-0.884617617401	-1.73363809577	0.0988973371225	
5.41081405324	8.78375763113	8.54901661129	6.0403810877	8.97537616635	5.81163992337	-2.39655152382	1.6110792108	-5.09141899815	8.62926950909	8.99999985425	7.67526738905	-5.99999961946	-4.64965045452	-5.5966470447	-4.11558179148	
0.272797427609	4.62227662767	5.38427422368	1.89989900071	4.18641756262	7.61179372542	-0.411281801088	2.30815980465	-3.08810302964	2.22867216038	6.67645267497	2.97341078409	6.67911797612	8.52121672358	6.85288025407	8.68539898633	
2.64486039015	5.19942886869	4.78594012248	3.09707776816	5.23970608914	8.99999098744	-2.99425375709	2.08481104669	4.62981955342	3.36903811665	8.99999999936	4.57838599593	-3.29408505382	-1.56592824615	7.19683969822	8.91768976638	
6.01136722911	8.85943110081	4.56614103897	2.58318114177	-3.45081440069	5.64920255982	-5.53089440627	1.77028911079	3.65462736704	4.15887718196	6.8161848769	2.39650489542	-5.9665230904	-4.12451404894	2.45447687862	4.28704525234	
3.33976630826	6.29610752208	6.22589957182	4.13472402422	-4.28411149743	5.71082794202	-4.34702020856	1.64103184969	8.57777594642	7.26431682973	8.77970085266	4.53541437323	-5.91969007818	-3.93553314765	2.48513931707	4.34687637748	
0.179618023358	4.61830375676	6.47249141494	2.89890965561	-5.44947219218	5.64925370884	-0.168144230165	8.99632023176	-4.20463716682	2.93199503583	2.48978913754	1.6565745244	-0.142155151371	1.69990885664	-0.986153256823	0.84638114725	
5.44322676595	8.80626614343	8.83822167756	6.3394919892	-3.45823946763	5.30798959285	-2.28049499392	1.61146237831	3.0475659191	8.9971489136	1.71021938493	4.6564443065	-5.99999976861	-4.64498357359	6.86391362777	8.32932505057	
3.97148854803	6.44498237236	6.47737915461	4.86898930778	1.39624264309	5.64926715767	-1.26619965536	2.15174832588	8.2892788354	8.99858110809	6.18855481377	1.75923532419	0.885141008364	2.72718849704	7.1672731414	8.9998107114	
0.430101338582	4.61830523648	6.88247977385	3.55937985099	-2.41789459158	5.64925310943	-2.50254820532	8.78064167529	-5.73604055699	2.80666248255	5.72148555829	1.64501083756	-5.99892745085	-4.1568757951	0.980344937402	2.81288262057	
0.406083119581	4.62191614778	5.97279783777	2.62206878447	4.80769378147	5.70206970138	2.14683690631	3.04483640689	0.225396029421	5.69782059577	5.71518011611	1.72556750857	6.49159737255	8.33366814671	-0.830376587575	1.00215581106	
3.0461583347	4.61831840015	2.31999123101	1.61293513947	7.09755923224	5.71169391092	2.15416804144	7.4222749787	2.22169401672	8.61268510345	8.43119699125	3.99713807061	7.09740888121	8.93949079609	4.56185948261	6.39439131391	
3.61588038521	5.22822107935	8.79875782503	8.05152114144	-5.48722401529	5.6492709949	1.6281621672	3.36345093452	4.99214376046	2.166360086	-0.552259111722	1.77173927524	-5.99744587016	-4.15544105453	6.44140708899	8.27392597979	
0.554616694863	4.62149505923	4.85278803366	1.65101364315	2.52789772492	5.64927067685	-4.0874993631	2.68682054867	-1.67679876484	6.94216828887	8.23741538347	4.04293951391	0.158033528233	2.00009890717	5.67502339335	7.50755775553	
0.576362405697	4.61830695552	4.86362506719	1.68678448223	2.63822676011	5.64924854645	1.61144635469	8.81384849368	-1.03962620675	8.05039980746	6.61941372459	2.40745246023	-0.982841759563	0.859189117817	7.16704867497	8.99956302674	
8.60060866598	8.99997743527	8.51990623344	8.98564144489	-5.39761805937	5.64940663414	6.16393228298	8.77021298975	8.99999789082	4.96064282646	-0.962991481354	1.61261398933	0.799971671862	2.64221093112	-0.349194240557	1.48324831027	
5.00597605904	8.37394266241	8.0984905091	5.59483252858	7.72139543284	8.59223523349	2.00003554982	1.61176802838	-2.33776869854	4.43519048864	6.69444330161	6.85078149084	-5.96199445283	-4.60922158019	7.52609860338	8.99943985403	
2.42328582392	5.15326309135	4.22406521918	2.35919191775	5.66227312183	8.66703407793	-4.01300941661	2.03815302783	-2.46214882752	2.64491638264	6.48724050817	2.06122644307	3.32020911659	5.16229525835	-1.5989318106	0.233645155929	
0.180586583256	4.62048265793	6.31345967835	2.73866772022	-2.74250965568	5.64460762624	4.59550829127	7.64559466623	-5.32854855538	1.64479536086	6.20153712682	8.61495750829	2.79010083915	4.6268452624	6.92513621323	8.76059295216	
3.6994749132	4.62523234368	8.98918645072	8.92853299528	-5.99863278557	5.64338497712	5.65405386428	5.85441864254	5.12527359047	1.61126316165	1.01081198394	6.07199656227	2.13006756497	3.96540513724	5.9883589652	7.82438373625	
3.64238820242	4.618327209	3.82844186276	3.71760683013	-4.31319556137	5.64925157433	-3.71275725825	7.92932237483	7.56541213045	7.78930813833	6.05095328904	1.61660809028	-5.90735385803	-4.0652852032	6.85194597533	8.68450144646	
5.12993316985	8.49460098854	6.81276804353	4.31233384135	-0.453882443723	5.30705315632	0.539303149773	1.61208983452	1.14908142993	8.39903486308	1.0114335643	5.07349607034	-5.99999989521	-4.64590852724	7.52793161318	8.99668441547	
5.72028971736	8.72684870336	8.01383870034	5.87238368742	-1.33865989769	5.64922410086	2.29721396421	1.61180931616	8.9999437298	7.58416145281	7.50310901997	6.72081909855	6.88412752401	8.72615595229	3.76618042561	5.59873266614	
0.195276565427	4.63398443679	6.57800535854	3.00440141442	1.83998420995	5.6492890307	0.775461872262	1.62941960991	0.360598741799	8.86565485441	3.2238165257	4.78024849767	-5.99847394223	-4.1565756679	-0.641310021535	1.19113317051	
-1.65117975633	4.53266165926	9.0	3.68130697444	8.94011841409	5.85413475334	-0.998992214726	8.98291678931	-5.99623942917	8.99999999999	6.04456594698	1.62207688154	1.55462935516	3.28306284708	-0.181320207988	1.53954841817	
4.85381268767	7.85298962472	8.90144933576	6.76744114479	8.62667734587	6.04174517738	8.99997250139	7.60248087589	6.84341883219	8.76987418046	8.99986727351	3.0256925348	-3.11062906618	-1.51989999374	4.05762130218	5.90085786683	
8.33200988911	8.97582560549	8.77791522058	8.99920350625	0.668596504049	5.6959838894	6.95690269048	4.01944466667	5.4548167246	1.6131543182	6.11065243246	7.91950310755	-5.84064960077	-3.99860389576	-4.32017311801	-2.48762594281	
0.200626652183	4.61830341753	5.18457505898	1.63200226933	-1.6876534016	5.64926520583	7.66200694765	6.4475600949	7.68725942013	8.99545724634	8.94636218583	8.94383383367	3.22643225155	5.06849818582	7.16746832875	8.99999981393	
4.44653429409	8.85220971564	5.15174969871	1.61105630566	-5.99478863297	5.15242305772	-5.76485440396	8.99968279698	-5.70463564082	8.99422315972	2.91784395865	8.99936212187	-0.352535954689	0.832947565105	-5.99999976869	-4.28844180128	
0.195907631518	4.63468183364	8.99999975923	5.42632952407	1.9303024255	5.64925439499	8.99999986937	4.17339321732	-5.99991352581	7.63179045625	-5.83394082677	6.43901672062	-3.53733832091	-1.69527634304	6.65922151859	8.49173917461	
4.46396130109	4.61831917172	8.14542140512	8.85616750743	-5.9931638477	5.6492551861	-5.8768198149	8.89472226591	8.96648861689	8.99653093871	6.04568521517	1.61114501578	4.76123865401	6.60330521775	7.16746490069	8.99999269603	
0.284078621382	4.61807969562	5.1844971321	1.7155996494	-3.76969809017	5.64973835884	8.90300928341	8.79717504044	6.69788296555	7.26347030181	8.2614513554	8.65590719728	7.14852913191	8.99267647974	7.14297534004	8.9752607201	
7.94870342171	7.32645925893	4.64280952092	6.13015768343	0.764615167728	5.64937119168	-2.73371289646	5.24139926459	7.09076242492	5.52896252592	6.04644953025	1.61179205269	0.565297491227	2.40756508373	1.38729399419	3.21983058534	
8.93394860803	4.89667152915	1.98667265915	6.88905371812	5.88675911288	5.78424107781	-3.46098903374	8.98052257644	5.27379124097	6.33542512707	6.04574174532	1.61115562512	4.32889155588	6.17096026189	-4.50181007674	-2.66927698518	
0.324470189031	4.63661884192	8.99999988034	5.55295520685	6.26872033305	8.70845843184	-0.066565100315	1.69104618579	-1.9286026939	3.20993822864	6.29456029773	2.46411027729	6.61167468962	8.45378969361	2.41165215234	4.24416746601	
0.386798963278	4.6183038625	5.00656818431	1.64016725517	-2.37266992137	5.64925349365	-0.12139928387	8.52521905609	-0.112135077385	5.98848741721	6.8147394265	2.80091503625	1.16681298013	3.00887255687	7.06017703461	8.89269992302	
0.180737159493	4.61951670181	8.98902664131	5.41535107158	-5.3451857861	5.64925610648	1.64609083111	2.76601176439	-3.11116197582	1.68015419136	-2.00372809623	2.7577961306	-0.0527641243967	1.78930537452	7.00135713565	8.83388213976	
1.40314661437	4.6404313153	4.23650579679	1.86432506914	1.45250968909	5.7215245646	1.21665744222	2.70146756559	8.51028076826	8.84064661797	7.01338736708	2.62665902075	7.15792122379	8.99998254837	-4.05027557086	-2.21772589846	
-3.52999287568	4.62422177437	8.99853670911	1.70942605502	-1.95256003502	5.63692588866	-5.5878731462	4.06834615973	0.629678218633	2.88214958274	6.91169902865	2.46192552646	0.750898222791	2.57548307214	2.69361932911	4.57949591307	
6.30875278659	4.61946863372	-0.225384101145	2.32900402334	4.99278536317	8.93825797942	-1.2383814191	8.87015598249	4.73843851796	4.11518311424	8.99670564531	4.56210468224	-4.21990407954	-2.37777661533	0.801705941893	2.63420819983	
0.202432695407	4.61979540274	5.22447038958	1.67221165773	-1.3637489886	5.6492733462	8.49624654713	5.10894445278	4.1885049335	5.49562490115	4.20870881792	6.05469375776	0.210295064928	2.05236006263	4.82371587796	6.65625454984	
0.725592281937	4.61830344582	4.65138449654	1.62377730666	-5.54564918559	5.64925515263	-2.03878477211	6.84669708979	6.62209573028	8.83663854026	7.542644148	3.254441545	-0.472063463674	1.37000230054	6.84301204084	8.67553949495	
5.50113859412	8.8570160561	7.1213731964	4.62980538427	-3.93308515124	5.30907478168	8.99543183945	7.02580573796	2.95554949012	8.99999976874	-5.7980937489	3.58573946485	-5.99994839446	-4.64339598703	-5.6557185009	-4.19348334891	
5.23940659579	8.99999976872	7.94411627602	4.71859910895	7.24346623004	5.62619321395	-3.42256960442	1.59290875456	-5.99999999999	8.98232315686	2.29252139226	4.14663338763	-4.53421807477	-2.81183312021	4.71734350553	6.47144720593	
0.131670677461	4.54190891235	8.99999811374	5.45533101226	2.6923658965	5.58692998854	8.99999702504	8.97510492084	-5.71543747869	4.95182268512	-2.35528301513	1.93236337323	-3.8376564234	-2.03561468997	7.06475548311	8.78362490294	
2.16947975497	5.28142767198	8.23789887746	5.99105495154	-4.69767432211	5.64924833897	4.84613143423	1.64056916544	5.48889999594	4.18300517807	1.0290166499	6.0249882332	1.09402962979	2.93609038554	-0.891091882078	0.941450979938	
4.18398993028	7.14030580466	6.13128889943	4.04007767696	-3.14130935756	5.6492378491	1.34543974622	1.66330525923	7.52161538989	6.05368662324	6.50545225819	6.57087076205	-3.17513230461	-1.33309601667	7.16745762635	8.99999715309	
5.99099029921	8.99783580322	8.99999945721	6.85825792944	1.47849911191	5.64924684103	5.95327795477	2.80699696195	8.9144617667	7.49884953093	5.92529756323	4.78639304581	-5.90182684427	-4.05982213805	5.45317251122	7.28574061494	
3.27880258826	4.73506690055	5.37596107171	4.78480076372	1.36331337296	5.84266240234	6.54608011359	3.79149375181	8.96281158607	5.79236697946	8.78075637462	8.90502908881	-5.99079327181	-4.14871922291	6.66696365476	8.49955722648	
0.179512405341	4.61830358051	8.94991146337	5.37622426228	-5.9625805492	5.649254266	3.91568547295	6.9050148974	-5.96239956314	1.61122175686	2.63979288889	8.93159571898	5.19045348912	7.0325175652	6.61212032802	8.44465092015	
0.191891410425	4.63063919415	6.23460548233	2.66096167426	-4.85498376472	5.6492539433	1.66170041824	1.80176259969	2.27742982432	6.22920104778	-1.98893916915	2.42277547233	-0.835574021035	1.00649099503	-4.7993134935	-2.96677672867	
5.61126308013	8.95104359187	6.98100997951	4.50549644495	7.34987927578	8.23796444047	3.40882940615	2.15015645663	-1.35097629234	4.42303526022	2.97949286259	3.04289523936	-5.02572126314	-3.67355471756	7.55000873523	8.99726078041	
0.180551920276	4.61919649737	8.15578816489	4.58224744733	-0.0461649856619	5.65676170046	7.66206704457	8.0979315399	-2.33747991367	1.71380572048	3.01136758958	2.42568176135	-1.45762037849	0.384455668116	0.838766732942	2.67124244166	
2.6066706045	4.56296806255	2.70694319798	1.61582914383	7.11078167207	8.99996115877	-5.54502651751	4.60232068091	2.54347653486	4.89613661618	8.46783346139	3.95456607945	6.98826208114	8.99999976875	2.63991019125	4.39627453652	
0.180201543459	4.61900090195	5.59095517973	2.01725979577	-2.06848447667	5.64925409824	-0.197708030255	2.97800144631	-4.19143534096	5.46222302015	-2.43146694858	1.8598859582	6.67016314503	8.51223602638	4.42638768423	6.2589342839	
0.295086898756	4.62583854615	5.40427166325	1.93862389306	-1.39820414101	5.64932725417	2.06117130392	2.0539887957	2.4645903034	3.03160097281	6.45686164374	4.39015602594	2.02695975182	3.86899237166	4.68350279779	6.51586131692	
3.82415780066	4.6183065281	8.26698987619	8.3379451221	-5.96186173654	5.64925484233	4.1307079395	8.94275345248	5.25604661671	1.61150455368	8.45081974656	8.99031148668	6.98788706215	8.82995053025	7.16738501305	8.99991394574	
0.909109412356	4.6186987641	4.48522802687	1.6407426475	4.97594319803	7.80337328248	8.48411469371	4.04967201567	7.81581107912	8.99998068935	8.99993000485	8.99999019153	-0.579135413395	1.26296624088	0.619250853448	2.45176692943	
1.64341484991	4.74151851464	4.73958361599	2.50658385534	-2.78646891398	5.64910630339	-3.8493727111	2.12775491268	7.77239912337	8.13153370391	6.30628861115	1.90122170605	-0.0595335786461	1.78236174255	-4.42648550494	-2.5938635501	
0.180184827454	4.618680815	5.49259706546	1.91920505261	-0.228078794329	5.65229019882	0.149559439532	3.24157969522	-3.91628675803	1.92575991147	8.0246343403	6.75130320298	7.09507283329	8.93713590745	-1.39271010297	0.439826074408	
0.179853451322	4.61830390744	6.10350023804	2.53015375929	-1.11703323211	5.64925398294	3.55063365067	8.27366188549	-0.321849295872	6.19664367199	3.00881155153	1.66693081654	1.17573459723	3.01780107439	5.53365749647	7.36619909942	
1.32324122802	4.62310811513	7.62196534929	5.18720246439	-0.985008812675	5.64927077831	2.72076422426	4.40831428951	6.06837972223	5.057155651	5.31291509183	1.62212377472	-0.809569595145	1.03240243726	2.74016570475	4.57274044422	
0.179998769981	4.61830395869	5.18525333345	1.61205212126	3.22613479256	5.64926812311	3.89635662186	6.45602554687	-0.835683304407	7.71359797881	5.78662667465	4.29602961166	0.890213861396	2.73227986008	-0.522992684573	1.30954703963	
0.216775751034	4.61830380788	5.49623678576	1.95981270283	-5.93960656481	5.6492536207	5.15851168228	8.54463049504	0.853565169962	1.90198903385	8.87923519887	8.30060753133	3.46677451031	5.3088399278	1.07204984405	2.90458702644	
0.18039177379	4.61883124648	5.20067692136	1.62734146781	-1.79833379537	5.64926101615	4.50106205128	3.55663746252	2.30863864023	5.30432861156	2.73624117855	4.22040743761	2.19281918492	4.03490003342	6.83949080198	8.67209483229	
0.0523073565756	4.61532086328	5.39641091834	1.69850138168	3.63776936403	6.86396700203	-3.41414844002	3.00758236653	1.49569440254	2.6699755453	-5.93515218227	8.277979152	7.09219983004	8.9979260973	7.06816680629	8.95052507817	
-2.97652400993	4.61485400906	8.99968279602	2.2734088743	-4.17441714861	5.65696634318	3.21457097336	1.71774364201	-0.194211600119	6.30991767727	-5.9627185806	8.95177484738	0.361926846311	2.26762117332	7.05184508949	8.93435351981	
5.51314502811	8.87524886346	8.64594277289	6.14814881287	2.60245961267	5.30395705021	8.93112437932	7.3308948751	0.936160771156	8.96226938021	-1.24455954522	3.22207531136	0.794952330913	2.14639530023	7.50738445033	8.98803597766	
0.181164209619	4.61830526383	5.18325430972	1.61121724422	4.59092977709	5.64927296643	2.13343634682	5.41216801762	-1.09975133674	8.99897448356	8.71246030824	6.68981357372	4.93630124161	6.77836638444	-5.1700237187	-3.3374557083	
0.194528853042	4.63268498491	7.20051851428	3.62746635988	-5.05913427629	5.64925476108	-5.14980740975	1.66729151262	0.967847853127	5.38660658328	4.15696772458	2.56396791802	2.65388935946	4.49595689019	1.21706465599	3.04960408754	
8.93064608814	8.99919349465	5.27147229258	6.06802888008	-5.8321806926	5.64924997593	2.51871617408	4.54985408263	6.72700321369	2.3567528349	2.34871795514	6.26495519286	0.982023395395	2.82408597185	6.79873313507	8.63128459833	
0.182435373533	4.62102239066	5.65974528091	2.08626223861	3.63375874057	5.64933388523	-2.27670217535	2.38454123582	-4.06335800607	7.36718882739	3.03415955972	1.91512861548	5.92391749681	7.76598322011	1.98197450371	3.81451342525	
0.191462799474	4.6302504854	8.9976115342	5.42392782348	-1.14972923444	5.64938104895	0.864155608204	1.75359105874	-2.67544749455	2.38492690896	1.55228133395	2.61801592491	-1.68818477605	0.153879306772	-0.144199755598	1.68833338403	
0.179506376088	4.61830416801	5.39646847271	1.82277465614	-1.99549642036	5.64925283545	-2.0713415565	8.23617535867	-5.63094398747	8.48754505097	0.473485045268	2.02487938964	7.15793670909	8.99999806289	0.101626513141	1.93416465042	
-3.61877924127	4.61714150538	8.9906449676	1.61983968234	-3.0615102208	5.65164431921	3.91090874506	3.84190462562	3.05002945406	5.09449222831	7.13735955974	4.26641150808	3.19292800293	5.03885730945	4.62941040901	6.5287039285	
0.52814073337	4.61978799448	4.98904735039	1.76250406355	-0.46415939185	5.64951248495	-5.84724564808	2.99360306837	-5.00045344536	2.7615156578	6.52612316165	2.35088160751	3.88670837889	5.72877545205	-2.30082435422	-0.468289014007	
0.189374899017	4.62816491303	5.58994103026	2.01625499168	1.30222467823	5.64925438932	8.9997091183	2.19513732069	2.70206754957	8.78620619565	1.54530673862	8.87672939545	7.13306787481	8.97513002916	7.13028252766	8.9628128871	
0.188100390727	4.62684126087	5.52242555255	1.94878865838	0.462985124767	5.64925594861	2.96752786885	2.01390054984	1.69919322288	6.08436811842	2.82901832064	3.44987248598	7.15793698938	8.99999948006	7.16745800299	8.99998870246	
0.179669765728	4.61855403698	5.34478416463	1.77100384009	-5.62251774834	5.6487161841	0.230189459125	6.05473835815	-3.04455488936	2.76402008178	0.883512769956	2.23533619958	6.44413451899	8.28558205679	-2.35566997178	-0.52282561227	
0.180570648764	4.61919150951	5.71113935609	2.1376224685	-5.5640029685	5.64925354834	1.97568008559	2.8696706525	-1.60020366617	1.80010264541	2.81636470054	6.63195756565	-4.51973781414	-2.67767409583	6.7107550833	8.54328862204	
0.239394972866	4.61830370442	5.1769626578	1.66315790035	-5.96712838047	5.64925406055	-1.87337421897	6.86224498183	-0.433560549221	2.9269938771	6.34715082037	2.80391141228	-2.57811998276	-0.736054269351	0.542546508784	2.37508171994	
1.20166160496	4.6163082015	4.16443168325	1.61488905612	6.92845027076	5.69026129382	-5.30470899212	3.67701222856	-3.7796994822	8.02646422971	-1.40921090555	7.42254818548	-4.73069627222	-2.82504211929	-2.25103137772	-0.368438456964	
0.119140657924	4.53137148175	5.35455755373	1.80823442961	4.23555299015	8.23069355067	-0.417327730421	2.13068317221	-6.0	8.10130444685	-0.271084781891	2.76471336021	-2.97130973893	-1.24192998016	-2.63418311093	-0.914005559586	
6.66347435575	8.94348790001	3.59489792834	2.17998836259	-1.83792690043	5.64922072702	-4.40050697997	2.33833439498	4.00078915063	4.40879271235	6.40237130824	1.97201544268	2.86107677454	4.70308732094	-5.9031305509	-4.07056072625	
5.91718833777	8.91040932248	8.86011203775	6.7319950305	4.40387126684	5.6492346069	-5.99649278822	1.62512763997	-0.388655485387	8.58197157721	7.52912955729	3.11041504812	-5.95450242077	-4.11248957994	0.736588701354	2.56915405645	
0.180987168434	4.61978346022	5.22829993304	1.65460761546	-2.53168673499	5.64925332613	-1.63050049481	2.64791117144	-1.72080253881	8.41509558013	-0.0478429500393	4.08625584056	3.60179530224	5.44386005891	3.13247788784	4.96501596424	
5.36952475939	8.72772384545	6.24085113063	3.74694223443	-3.93503010616	5.30888192806	-1.90333159528	1.61425198921	1.40541065632	6.90457933352	4.86710897577	8.21782030192	-5.99818432973	-4.64241818352	7.54651526269	8.9957787231	
5.614428377	8.58132704619	6.2372880083	4.13549330985	-5.99999974642	5.64922560928	8.97827724681	4.41840920098	7.90719015792	6.45019993961	-1.57954099523	6.21207712489	-1.20192722453	0.640104938165	6.84557670093	8.6781238581	
