1.65632042256	4.67414343542	5.85967469991	2.67093485908	4.85458521109	8.76956698419	2.85435868774	2.73413934349	1.61015028724	1.77087044482	6.94925785667	3.04664760576	7.15784918322	8.99999167752	-2.99687453431	-1.16437061088	
3.57715787531	4.86801287056	6.93072922497	8.57839239536	1.59476814324	5.70134680134	2.27983998381	4.38626466037	7.38365866539	2.51631886335	6.07925031374	1.67702544037	6.48574535854	8.32780825443	-5.4281433853	-3.59566127872	
1.36027028008	4.7707173915	8.54216827568	8.78836711121	5.10731893806	5.64943518534	2.71493211924	2.35842039232	8.60023292145	8.69881604405	6.27053657702	2.21165896489	0.1868639105	2.02893878348	2.04410989923	3.87665770428	
5.36340639246	7.53061067981	5.55969963729	2.75593573564	2.5909713609	5.72850107492	1.27684337339	2.58305512252	4.09103029637	4.64414378749	6.20696202082	1.72862255205	2.33556590899	4.17761854434	6.62745777063	8.46001252575	
8.80462489748	8.99461910429	8.9999974164	8.63048626919	4.97527011002	8.99986662866	-2.79046809056	4.43423025315	8.67382856334	1.93578549888	8.82552122985	4.37574111488	-5.98103316488	-4.15643454927	-5.29054568683	-3.40456830739	
7.89556604436	8.99999992382	8.99999998779	1.61708523565	8.85681957556	8.85393952288	-3.06989348486	3.51981311291	4.64039089652	8.6637650686	8.99745433801	4.54769039601	-5.99470029251	-4.17017688505	6.60659543019	8.49261751921	
8.78500476508	4.9278386317	5.25255154254	1.81913355789	3.11533574777	6.76737606842	1.78405871765	8.76865636443	1.5505232906	2.21881318492	8.84583643979	4.71344799025	-4.88339603241	-3.04131084933	-5.81624036209	-3.98370723095	
1.38483714977	4.61883200362	4.99355511326	1.6739542995	3.85037380076	7.02804798174	8.99997721798	8.31448385742	1.87341113268	2.90225929754	8.52947179496	4.97600367965	2.11818116644	3.96027348778	4.07957712766	5.91210010224	
1.52191266353	4.7566505668	5.28251795041	6.91822925264	1.92591105922	5.810606421	3.29244848143	3.16322068876	8.47218054821	3.83868685824	6.21468010919	2.10421342811	7.15729431204	8.99937648353	-5.99960682324	-4.16709572947	
2.41899420708	4.63191566189	5.12645778594	2.20076107182	1.67366014662	5.9091122106	3.52914343848	4.44217377102	3.58450337987	3.16165139382	7.28739630467	3.15649690427	0.234957753573	2.07703561353	2.87242619631	4.7049682178	
8.88928655671	6.66998586922	5.19656046581	1.90954570889	-1.85996365924	5.66630375736	5.41639181761	8.99034656418	8.97478386573	8.99999980165	8.99999983772	3.26283311213	6.9685177965	8.87737313382	-5.60709542037	-3.77967066937	
8.49316126762	4.86255528357	8.99999992996	8.99992422903	2.60709292477	6.67416819293	-2.29229094515	8.6291329988	8.88515010735	1.85909983009	8.97135523612	4.52154474545	7.0073168525	8.83195723008	-5.95227966631	-4.06628981635	
1.36688861877	4.68327535354	8.99977374703	1.84179444195	5.73869870509	7.0792050164	-2.11911290251	2.20348918951	2.86205286092	5.37225722307	6.87228763177	2.42252557231	1.64659768717	3.47121072511	7.11396216628	8.99995127821	
6.42692465581	7.91932305354	8.99984588162	6.61708235869	2.3427660267	5.69072477236	1.25172891845	3.27707799321	3.42026511218	3.34194986975	6.15570882105	1.63303663039	4.93738720755	6.77943045157	7.16736807074	8.99991022633	
5.9936794188	8.99521424709	8.30255464859	6.59383321721	2.21483047849	5.64932628581	1.23821587785	1.61917644023	8.99815258198	8.15922398944	7.88853398017	3.50114771375	-5.71592861879	-3.87392364292	-0.150653599657	1.68191227774	
2.73355598323	4.80243979088	4.90701701076	2.80729437234	5.1968506849	8.94327696034	1.81399624503	3.21915545332	3.21114054599	2.45142100479	6.50366155343	2.02459013969	4.74902691598	6.59117931167	7.16755990121	8.9999999801	
3.7279321275	6.09899354143	6.1792877703	2.59434142096	5.17640149619	8.99374377059	3.24393490512	2.87078424655	1.19456937355	1.84911622211	5.76053290899	2.75763422282	6.99239995873	8.83451555811	3.84125032342	5.67376077427	
1.24269319346	4.77296667432	7.12886390951	5.77206342933	2.59409540877	5.65116992397	2.85805302413	1.6127823155	7.52236521355	6.70901243229	8.66026827729	5.37030018917	4.24344158781	6.08551562992	5.55675003946	7.38920383089	
5.7941278297	8.71639618349	5.96351852069	2.52980107862	1.68200082772	5.67744969763	7.10125826345	1.70635813175	8.32773848854	8.65287387275	7.25445209007	8.7221726772	-5.90625041572	-4.06421274748	2.37885046856	4.21141415462	
2.27005487287	5.36317062497	8.81928136872	8.93576360414	1.22634855673	5.64932661362	8.899573064	2.02068443923	8.84886401195	5.19629084625	5.92381373173	8.70465438952	7.15495255711	8.99700198784	1.62260272341	3.45514481216	
1.97565109825	4.92589354378	5.46892195966	1.91083376083	2.39905305916	5.77214392214	6.98444979254	1.96681019737	2.5058136179	3.57769650269	7.93746946892	8.99993693423	2.83577772777	4.67783714074	7.16627462583	8.99882257467	
-2.82865008944	4.62420362321	8.93028840808	5.48691446969	4.92892422619	8.95400006639	7.6240807566	7.16341310399	6.47064879804	2.6387144456	8.75369625896	4.89369203638	-5.74449881253	-3.92001170997	6.82118319856	8.70701062804	
3.71727462075	4.6532493602	5.97266703997	3.76462863333	1.20793017581	5.79292631274	8.99924463759	6.84134851633	3.21177153105	1.72170141147	6.73894874099	6.9559381441	4.73283084868	6.57489132821	1.14182146848	2.97437187615	
7.95649447361	4.66182965546	8.99982955141	2.2326946144	8.68210822838	8.92089672356	-1.92170918273	8.99999997488	3.00792416739	6.24097486849	6.17965486958	1.72986626912	-5.67010912847	-3.84548851413	2.40825703337	4.2942414796	
7.24960174204	8.99167353493	8.99985508222	3.55188993689	1.91865557425	5.79311344218	-2.55060332934	2.88220333924	8.99996228373	7.73031520372	6.20254962714	1.75278082728	-5.83064620338	-4.00609459939	5.33109171489	7.21709985113	
8.96137046863	8.72247861147	5.31760927697	1.61140333005	7.7734924196	5.89860926549	2.86590640909	4.8574443041	1.85642650749	8.32440412763	8.93961414963	6.182035443	0.530258007434	2.37231956198	7.16474753516	8.99729329004	
4.88324807	5.06695449203	5.33025887926	1.62181607587	8.55051867203	8.61288396574	7.50648650132	8.8864893546	1.19150954115	5.72448862616	5.8143301891	3.24567440038	-0.115474341347	1.72659599213	0.0415276416409	1.87406281414	
1.84268342997	4.76426988974	5.66966182283	2.96086302014	2.75576695514	5.89238085038	5.27324649095	5.727602784	2.56943387846	3.02853682691	6.16785153245	1.78694710079	-5.39270650187	-3.5506060551	7.1156601629	8.9481964349	
7.96811810802	8.99999728744	5.33235828097	1.62286323517	8.33203134437	8.96962800183	8.80822843259	8.95056448923	1.18794227511	5.17391013574	5.62191603673	3.40724252025	7.15804081352	8.99991025377	7.16746988138	8.99999927027	
2.64295293563	5.20079802418	8.86038574131	4.07331450234	3.41811563319	6.69546452431	-2.65260448734	2.20016257541	4.63693567172	3.06778536857	6.30046678109	1.85068384262	7.09178677354	8.91638579666	5.20772357598	7.09354810347	
6.04108328392	8.99997387704	7.75354648772	4.17940853378	7.3119425999	5.75148181427	8.66047786279	7.71980031197	1.86848452193	7.88993442814	5.62324049368	2.60013142483	7.14016621885	8.98217819236	2.43129690908	4.26386357012	
1.85513909355	4.80232680863	5.36101918625	2.01729318782	1.65288301836	5.7753212192	5.57859365045	2.99540228784	8.77583556729	8.88400586695	6.14902253714	4.78009985274	7.15739018577	8.99944760932	4.33062243296	6.16317916996	
1.28338699665	4.78566205065	8.773513618	6.19190616885	2.21492374661	5.64931045534	6.61186514489	1.64993091269	6.4642984747	6.498408571	7.18703956258	7.6417649446	6.91063442724	8.75268167755	6.90813849325	8.74067741518	
6.07463717552	8.71492103244	5.6420320841	1.91539197775	4.2532760232	5.84076300143	8.99836892506	7.80066416409	5.8100206697	8.81407189206	5.55931416237	3.13381895064	-4.23534173512	8.99521279958	-2.42901722182	8.99999856068	
8.41266339782	5.37601587878	5.21978544627	1.88534975068	1.73148739015	5.83560709133	1.74939305148	7.77383497213	5.33028239245	5.44748679756	6.8119316019	2.81920453251	-5.97289194066	-4.13082826273	6.96724596638	8.7997964519	
-0.962020069546	4.62533501852	8.89269179792	5.66931484474	6.61312188192	8.93560591026	-0.367298980339	1.62048521946	7.41780805928	5.07086849559	8.91294612224	4.4675962229	0.745445789266	2.57007682494	6.9363331811	8.82228187898	
8.97167957956	8.9901217038	4.76940934354	2.6414062035	4.57534410671	7.44214662018	1.18911508435	4.71966772393	8.78086184344	8.92897978697	6.24113884985	1.68718217483	3.35180122865	5.19389393613	-5.32024442722	-3.48771351344	
8.96528446875	5.49155268074	5.18793292295	2.94723007141	-2.03312313491	5.66635749878	4.97308818943	8.99855077593	8.99902621685	7.68466159902	8.99999844152	4.18580811986	-5.92883460751	-4.01993777755	-5.32024522693	-3.49283894655	
-1.36618465708	4.62465900762	8.63743615255	4.03376911076	7.27531158648	8.88741805051	0.294086355592	1.61497432035	8.99262921222	8.9839494142	8.99992518991	4.57039026554	1.64034109751	3.4649618917	7.1020027197	8.98798419206	
4.89184427565	5.28161109269	8.94607756671	6.32681328078	1.62834046499	5.95832624877	1.57456314828	4.33523103436	2.4362783846	1.61245702995	8.77536848104	4.61998887199	-5.77445804673	-3.93238970723	7.1672416063	8.99977258419	
-2.71873610797	4.62422394019	8.9986040273	8.99545758995	8.06454188712	8.99928271067	6.26516745137	1.61248071688	8.90203595277	4.95922784675	8.70551183449	8.90840773798	-0.843915166445	0.98070955356	2.29051737006	4.1764941328	
1.55202281196	4.72974201951	5.27480615675	1.78860743362	5.04897099982	5.86668367201	5.22641783203	2.12543415961	2.33872828297	5.8941084248	7.32868350875	6.24701039437	7.0602598743	8.90233270024	7.15105584727	8.98360500462	
5.32196870787	8.23086997994	6.16349531291	6.1662075629	1.19055445161	5.67982423888	3.5835682397	2.00606410768	6.31307974904	2.70797313394	5.92890274003	3.5925852264	-5.80320101228	-3.96115756594	4.33670115536	6.16925383175	
1.83561556622	4.89811798421	5.16585706525	2.11026642691	3.82301945316	6.03023981769	1.78576887645	1.95895223404	2.42993554074	4.16521797172	6.72152456365	2.48088503091	5.11911200116	6.96122726738	7.15117995356	8.98374101687	
1.00786833854	4.70416938166	8.99999679847	2.64965844079	2.3043945057	5.80584961553	-1.80432954889	1.7022399404	8.99999969692	8.97761615054	8.92905079961	4.47940140543	2.28378703155	4.10837389277	-0.686125618256	1.19987479419	
8.94280483882	8.99425926699	8.97739407241	7.20867580503	-2.17246593312	5.66623278973	5.70953258091	8.65707106285	8.99999285721	7.19998832812	8.99871618296	1.6117047889	-5.7130788313	-3.80415926426	4.81586651316	6.64328537306	
8.93488192892	4.9844522825	4.95415850176	4.21181621387	1.89297444252	6.09692968822	1.53755257788	8.83288128313	7.54248667382	4.96777942319	7.21996578176	2.87011605863	-1.69810052515	0.143972207834	7.14824212711	8.98076949957	
1.23917897021	4.77110895035	8.44731409364	5.85795483193	7.28718277136	5.73242916789	8.33032812553	6.17180334607	2.93225457344	7.96327420643	6.15106666235	3.77271083994	7.14221791529	8.98430192536	-1.8214552316	0.0110862451989	
1.91134826597	4.83728662576	8.51121419261	8.70505145905	1.47549700231	5.69784053175	8.80890195837	8.99974472644	5.93217323659	2.40287968322	6.02552140099	1.90380909366	6.98236030243	8.82442047315	7.16167667535	8.99422426869	
1.88221534854	4.65489955239	8.99185804299	5.52264479158	3.13354849339	7.16414172609	8.54298156272	3.06821912679	1.30664796151	1.63218447389	7.30236122142	8.9994782218	5.54262944134	7.38471744852	-5.89289755572	-4.06036897478	
6.29224131322	6.82751567938	5.24715333607	1.67154638187	3.97104708881	7.13835763805	5.49364614366	5.12360192882	-2.11138317254	2.51393654946	8.98931012133	4.489011338	6.76908672805	8.67807666056	5.38611862989	7.21350409985	
6.16076512303	8.51842901021	8.87408395725	5.65409629541	1.71309945073	5.94486058166	1.77669410877	2.26361316177	1.84893064793	1.72403262844	7.79907856807	3.94957599946	-5.99996697552	-4.15791723701	7.13875294087	8.97130966533	
1.28874778827	4.77688966538	8.99847074326	8.99888218503	2.03608329832	5.64930301094	8.96189084054	7.86468843256	8.99857699234	6.2718446721	6.13765094027	2.74176866662	2.81984943505	4.66192447442	7.16744497824	8.99998643007	
1.72328205805	4.61927538916	6.54915793231	3.23459585709	1.97043807342	6.15829592732	6.92773203558	4.49954561879	1.61916857561	1.63278305636	8.86308779503	7.39032655982	2.03475586988	3.87684371392	7.1674657627	8.99999996007	
6.375569872	8.99386324574	5.46885593421	1.88133753421	8.99999642571	8.42172277805	1.9566968517	2.04981078012	1.27079900778	6.32343132398	6.58882235054	2.87253015258	-0.360772536487	1.48123213005	3.44525989844	5.27783705523	
8.83088584425	4.85139212859	7.77565058059	4.81930628896	1.63554263545	5.96239883891	1.96682597088	8.97990606245	2.09607021246	1.61245359428	8.94732638967	4.90880104573	7.15784107669	8.99991523556	6.50226162564	8.33481255376	
2.77235642206	4.62564441281	5.31235391946	1.64283827616	2.3704882632	5.79446743027	4.94835301374	4.62704596261	3.72005652792	4.85251110186	8.14151663478	5.6045730824	7.15749712721	8.9995616801	-5.99998276997	-4.16753003421	
4.83035549555	7.79825208695	8.99998815723	5.42443623156	3.36887637534	5.66624241413	8.66089279044	7.54177223624	3.18039307107	8.68383471824	8.95420467918	2.76214831247	-0.413896407476	1.49503957661	5.34230542159	7.16972094897	
5.67804952442	8.12271407881	8.85943869486	6.08000857857	2.3776880894	6.36551325595	1.2996800749	2.17519804607	2.07565818149	1.754155674	8.10979825754	3.78467830173	3.07404116198	4.91610069131	3.36136925174	5.19391016621	
-2.77213085127	4.62420054115	8.99892961971	8.99205786052	4.9556068278	8.98045564604	8.99999966215	4.49633372469	8.99982645806	1.91724290975	8.91926449033	8.97316061706	7.12604126556	8.95063806589	-2.23471853621	-0.348748309695	
2.30289184468	5.00566312799	6.47115350206	3.00150835753	2.473149916	6.13904095126	8.6880538924	8.80069850308	1.4753481491	2.16599714895	5.85229240577	2.03193740246	5.72511411836	7.56718307036	7.02190600711	8.85444843913	
-2.27075038367	4.62426844486	8.98896766401	6.0878570543	8.84597116955	8.0975679493	0.904134950367	1.61272873688	8.69993936014	8.99999090071	8.50505393009	4.1328604237	7.14561977856	8.97018077521	-5.3563466839	-3.47036885847	
8.46553810228	8.99999964467	8.99998919092	8.8852118984	1.60465472142	5.64926750103	1.39915397385	4.29114400355	8.99602866942	5.95306107101	6.04401998577	1.6126551916	4.1003666339	5.94239513983	-3.48886485191	-1.65630991049	
5.88788373608	6.33349959169	5.28691658856	2.07158189025	2.13009791488	5.80342132213	1.43784728172	4.31153486496	7.28840498634	7.71730137522	6.21779309151	1.89356039688	5.24181198372	7.08387085361	-4.92012456413	-3.08757197893	
8.85568320575	6.26978442176	5.63063246952	2.98931462576	1.73198210038	5.72320557726	1.4161700491	7.39637852551	3.79570750405	3.33269368914	6.09786399083	1.69861850795	6.93608842942	8.77815733236	1.76904554245	3.6015991525	
8.922976214	8.27764196475	6.53573792244	8.3644108546	-2.17948279818	5.66631388775	8.80607823016	8.97729448349	7.03558230231	1.63129305484	8.99904191383	5.08493435143	0.430496508397	2.33943145996	5.2157436948	7.0431461721	
8.97620386138	6.92728739023	8.74883156715	7.80164240524	1.19266132238	5.64928517696	3.49726757198	8.56096830121	8.94130361737	6.31875166842	5.63098707789	1.61127497916	3.4378838867	5.2799298447	7.13765279315	8.97019391676	
8.29857037876	8.78970146666	8.99915897381	8.95921580829	2.7874670385	5.64892184021	1.20016894529	4.26944490196	8.9982260754	7.06298922964	6.17714594647	1.61247344528	2.55808840663	4.39254479845	6.3945540537	8.22433916029	
4.85403448149	7.5658285097	8.94945098721	8.43773742328	8.59237216839	7.37561645457	8.99999771502	8.98968230669	7.7010852737	6.94725627633	8.9927203101	1.91736566709	7.12100006254	8.96287884823	-5.90375132435	-4.07122188297	
4.10291741918	4.7272978771	5.1977701119	1.67459747066	3.4157536132	5.84779662546	2.42337977466	4.90709156257	6.26959167399	8.24761688226	6.62406703485	2.51103554538	3.96966952902	5.81173852858	6.40343096172	8.23597623454	
4.1688517993	5.65914920984	5.27826592572	1.64467193931	7.354195574	8.95048496413	3.14427966923	3.58462535334	1.46487821447	4.07260521629	5.47654708886	2.96942131068	-4.40008901383	-2.70572007233	-4.65909387952	-2.82163260936	
8.26660591325	4.85518456939	8.78627270131	5.21276250222	4.55919687232	8.59764399542	5.99421603137	8.99936707958	1.18938387549	1.61134735777	6.12745057031	5.52877620696	-0.587755016982	1.25431517172	1.30208209192	3.13461949644	
-2.40047994566	4.62422297665	8.99999985577	8.99042209338	5.94745996361	8.88340663136	8.91940400763	8.99992472474	8.94052595099	2.97804723864	6.0977432701	1.91058409338	4.93567402257	6.76028211459	7.04551478712	8.93139139231	
6.52260838148	8.78071606381	8.75614494434	8.99583366952	1.24780306225	5.78145353875	2.08428003564	2.36043073214	5.58309692929	1.69662318868	8.98427197629	5.44510368064	5.19612644455	7.03815925467	6.55609422938	8.38865287514	
1.18897105967	4.75109136047	4.77171347594	3.30109672173	4.73512076887	7.3221782934	5.56393694356	1.64628424533	7.39627298528	7.16659738534	7.82305326277	7.17377039401	-5.78516865315	-3.94330607699	-3.94945363438	-2.1168958063	
-2.87631810839	4.62423147483	8.99989160936	2.057244621	8.13835081292	8.23586244295	3.28055817195	2.2158105679	2.41768157367	6.05811304146	6.46612117586	3.11698097481	4.2908981675	6.1154784779	6.14374491313	8.02972896029	
5.88464980069	4.62136552239	5.34199076358	7.62419219065	1.18867512237	5.78851306802	8.94895288107	8.90673677482	8.99999996583	3.00485917938	7.83925851858	8.13981567792	-5.91630005558	-4.07422819385	7.00774146856	8.84027873294	
1.41080911724	4.7358310761	5.2527641397	1.90910527374	6.04853422267	7.46577489719	5.04438726741	2.52727690233	1.59820145904	4.4115351855	6.37097593077	4.55810468689	6.50519772252	8.3472878827	6.2238390038	8.05637049	
1.40036360628	4.82655802749	8.99995952793	6.73091347465	8.93461307352	8.24866295677	2.08145700709	1.61180562556	2.49442585004	6.3362841978	8.99479259308	5.03334360878	6.1293961225	7.9714303648	0.238551097826	2.07112072218	
4.17800385959	6.94924382993	5.56181510475	1.99752785202	4.69707478964	5.72431307769	1.94672761858	1.85924793932	5.31597012539	8.73989309966	7.26199474849	3.57331576514	-5.99999354125	-4.1579606599	2.63825733496	4.47081092163	
2.89754552296	5.07850331832	8.99977428008	7.59575089458	8.82479416797	6.65846472271	-2.80731507744	2.63124579486	8.71742186521	8.99999999491	6.1045088953	1.6547246428	0.155394706984	1.97999800536	6.98876354911	8.87473023585	
5.38039640106	7.14903768561	8.95183856783	5.41146557506	4.75586659293	8.7684508889	2.3232862956	2.85117414301	1.22234070647	1.63704694831	8.88407291764	5.58258123662	6.52862392695	8.37071114758	-5.94240357865	-4.10987602733	
5.91261400528	8.8889173049	6.35919731541	5.17891255086	1.19038367025	5.66033236306	6.55433610221	1.72589024189	8.84072865694	6.43791103811	6.37881753881	7.22606901172	-1.88528996163	-0.043289577207	6.04525450125	7.87781559944	
4.502734567	7.50630139428	7.86844244938	8.86952161902	2.8108842983	5.65403324636	1.19994382104	1.61679556126	7.75456678845	4.79721754075	8.09003857012	3.66469608528	-4.72042117222	-2.87837848732	6.5156709698	8.34821823944	
-1.64360244309	4.62421045386	8.99426226469	1.86823157739	3.82445079895	7.48666934391	2.86873487364	4.25158238683	3.33467608802	3.46193957473	7.81383669437	3.38168162979	-5.41280725344	-3.58822022264	7.03064394874	8.91652735084	
1.303081878	4.77224955706	5.95984189956	3.25360564873	2.19811651933	5.8056212411	3.90339966286	1.69817850144	2.67790293218	2.66353850454	7.41921243194	5.15031850901	5.5369389641	7.37902194387	0.0125032634375	1.84504872201	
3.44991901948	6.26693836336	8.74713072882	5.70329083761	-1.61624023351	5.66632878161	1.96789764171	2.0453561099	3.52794060559	3.14748634363	8.96586640247	2.09507354251	0.574809930541	2.48405918244	6.63905183429	8.46642932727	
2.4162633198	4.68679359964	5.35814702317	1.71280019303	2.47467642207	6.01223057164	4.69752444635	3.85564587071	1.62169627463	2.6163780185	6.56315679721	4.12957273233	3.80695110443	5.64902258538	4.89377748779	6.72633598097	
1.2585977342	4.77786160756	8.21731297258	6.20717503115	5.19912819571	5.6497175897	2.61753672002	1.61224368264	5.88902927294	8.33547042744	8.77811992885	5.25921202673	-1.02778835516	0.814276765828	3.5374091577	5.3699562223	
3.44733263731	5.19473435073	5.28245846848	1.86735482508	2.38455594769	5.81005785996	1.71899640071	3.15784726854	3.46908127513	4.34556350888	6.28417093615	2.0929941032	5.29742559061	7.13948542496	1.5051038246	3.33766707107	
2.62030842884	4.77931206894	5.23943940966	1.86530432426	3.81050654	5.89945810218	2.38037862722	3.48898662815	2.36882829313	4.54090818814	6.28803108797	2.01548006361	-1.97247946341	-0.130395620154	0.0698894936887	1.90244885808	
5.6889615782	8.64918654246	5.10337582527	2.8973565879	2.83786912997	5.91365343169	1.20906050949	1.65830835955	8.67936061079	8.69648001636	8.99999974277	4.58559744993	5.49317998501	7.3352259479	7.16537123556	8.99790817011	
6.29603540029	8.99999986165	8.99539942982	8.98470393157	-2.17022688464	5.6661984689	8.99995312723	8.9886951535	8.99903537239	5.43428748674	8.9896203084	1.91797173509	5.85701392432	7.76586552776	-5.99863293702	-4.17188486231	
5.09199327827	8.09197043327	6.91847161428	3.4069358227	2.65649439128	5.6522750357	2.1666862231	1.61866502783	7.52337024256	8.92600239468	8.999996875	5.54311891436	5.43366676035	7.27570616306	7.16745492432	8.99999782047	
1.43992957591	4.77071198202	5.37357000603	5.37038004582	1.5465343017	5.77122528723	5.04454037988	1.8169033104	8.82573112304	5.49112095083	8.99999562835	7.89191574061	6.60280718809	8.44487780702	7.15557317137	8.98812727293	
-2.45535842524	4.62422034427	8.99998981295	8.5460195903	8.69592214918	8.90299610999	8.99999988909	8.97677291815	8.49857175894	5.70807402184	6.06100524032	1.92400684703	-5.72734071291	-3.90271079284	2.07311328711	3.95908347178	
1.29482016973	4.68108787572	5.02924082988	2.13133448089	2.10833805447	5.98761204932	6.60924203917	2.1030074677	8.99962942712	8.9058794757	8.87786682307	8.99217172457	5.06716950669	6.91003039187	0.361666260804	2.19417168644	
1.82346487985	4.61870885793	5.24394351748	2.13309451116	1.61195677432	5.87962947428	8.93084227092	8.76983093499	2.73909167887	2.46917361293	8.65072508534	5.011542495	-0.566339077475	1.27573994133	-1.98325979779	-0.150722558524	
4.10807722026	6.57182781962	8.60931708156	6.25156506927	5.50921781994	5.65156867398	1.22276200623	2.27108395505	4.68743293261	7.78971604034	6.27261428858	1.75561493743	4.92977926608	6.77182660153	6.95502073471	8.78756496815	
8.37933437252	8.99995105579	5.21008016966	7.70479712573	-2.11308268241	5.66631562618	8.97479854962	5.43923595241	8.99997304757	2.92960898254	8.94813851883	7.54132736219	-3.57640127989	-1.66747387966	-0.0765351109262	1.75089642162	
