-0.569731399408	4.62430185301	8.58516334811	4.25623409835	4.86094956459	8.75964659037	1.05952339445	3.10391819699	5.30358015102	2.82322327564	6.71872613506	2.27284214845	1.04518941033	2.86981628708	2.09676101383	3.98273874656	
-3.42320387184	4.72008211515	8.99841409392	1.71991931668	5.68229524412	8.31380912846	4.83740708807	2.53399411564	3.56643367946	4.70967164694	7.68614297956	5.25847996552	-0.946608821688	1.00619946443	2.44110864328	4.55885135907	
1.4516320833	4.66005342104	8.74970471549	6.40638734715	1.59158671633	5.90852639603	8.60394338493	2.85616766002	2.76636298174	1.67962929447	6.87612270191	8.41054560129	6.83533891685	8.67741615606	3.01330072357	4.84586738637	
5.45054081298	8.61374431346	7.38128556081	5.08205499546	8.99996124156	8.77780852541	8.98966329353	8.30819006687	1.95443972367	5.59249609553	6.09123360294	2.37445291762	-5.99999990434	-4.55966105611	7.63815184775	8.99999976876	
1.19826315985	4.66316710777	4.82615618298	2.22635579348	3.54213550377	7.26856071945	4.6863145572	2.19961608944	3.10919249037	2.86948277727	7.71810230182	5.7349735991	-4.03546966484	-2.19326352792	-5.44568589071	-3.61292623697	
7.44879345688	8.80115402803	8.62033557411	8.1334371554	-5.4905956498	5.64794913501	4.91931289342	5.59491353935	8.99999976958	2.5917442126	8.98223134422	2.59267649559	-5.86020954534	-3.94540110304	1.57099454331	3.54678100414	
2.57061629093	5.05107138515	5.75999596977	4.14464489076	1.21157886752	5.77066261226	6.00290579243	2.8813204176	3.99068010472	1.93382561857	5.96972225198	5.60592949851	7.1579058155	8.99997250011	7.11501583948	8.94758144092	
1.29392257636	4.78412830526	6.75583102211	4.13072927021	5.52656611032	7.71398531412	2.73561121928	1.71820859596	2.14548081759	3.47009284139	6.84192391659	3.36414729213	6.44712137216	8.28923147339	7.16725688887	8.99978050925	
5.83696162118	8.79953244011	4.77248060669	2.67501375947	8.62261536145	8.39871177357	1.1890339119	1.65761998511	4.33697270575	7.54522665155	7.99513113577	3.5590461953	5.86445584309	7.70650156278	4.63921362514	6.47175722016	
2.10325142379	5.13615062827	4.98748502019	2.81968974226	2.48862834695	6.04527740316	1.43619648059	1.74298820334	5.14474750259	4.64279601591	8.72971221868	4.38507700584	-2.26154568511	-0.419491016091	7.16472902729	8.99725248264	
1.26246149468	4.75810690333	6.27722716423	3.6479498139	0.865051212403	5.60736713174	6.1673908095	1.81585644082	7.30514791548	5.70567863338	8.63395030784	8.86770467763	1.26315868455	3.24887493224	6.55328897718	8.99999976602	
1.24805037833	4.77382100112	8.66254328465	6.00187663474	8.17419472707	5.71190483644	8.98988503244	6.80315898481	2.97390142625	8.98375898997	6.14469699845	3.80070755567	7.15790937518	8.99998452989	7.16562251428	8.99816214264	
5.98850747368	8.99522459327	8.99999091797	6.85837776867	4.23131514308	5.64925554402	1.20545348442	1.61181735606	6.83368015586	8.44420153491	8.98499005382	4.567015291	-5.95013010334	-4.10812322236	7.16693577948	8.99949428937	
8.97845172709	8.96704488177	8.09742822752	8.97393904956	1.18874016753	5.78859363131	8.93874630118	6.70707233619	6.20158745903	1.61229665573	5.62701130752	6.86497120305	-5.96226461156	-4.12001962799	-5.97683065291	-4.14441780157	
2.40016074347	4.82444530489	6.34070536679	4.78152478077	2.13730726048	5.66311427411	2.19262525927	3.25998203511	5.50149909588	4.42175504098	6.15787277924	1.66130545472	2.38191393895	4.22399982694	2.49369940867	4.32630998554	
5.78144022238	6.1053861274	8.4009165432	8.9420768105	8.86666003893	6.17806476206	-2.03276163089	4.31493991867	8.9919568626	8.79955228674	6.06185532101	1.61200226431	7.17534818849	8.99996102067	0.328086638369	2.2141206671	
5.87070534869	8.8033796066	6.42429681108	4.35672652886	5.14787717773	5.65902233278	1.20219708513	1.71131664437	5.93190032024	8.37517170727	6.86496863609	2.41828340841	3.00084916502	4.84285425482	6.05556676563	7.88813102108	
-2.99878007496	4.62436043591	8.99996829751	2.24193014504	3.43807129483	7.16461597709	4.38109483702	2.28601601144	3.1040574343	2.84118787104	7.23476539392	4.88306687744	-5.12033857117	-3.29563491174	-0.762546075556	1.12214961112	
8.94759965682	8.3666525784	7.53341945334	8.97947050114	1.18872965639	5.78863206656	8.9192186273	8.99232144973	6.77296600558	1.61408087667	5.62348810661	5.126216604	2.65953405214	4.5017695882	-4.94846817217	-3.11605825923	
1.77426929411	4.75518044937	8.57753160454	6.46172442771	1.42309529015	5.79712307907	5.55794981211	5.23215410077	3.18651814526	1.81519430516	6.1917536226	2.5316973764	2.64253881954	4.4846135956	-0.270994407115	1.56155342176	
6.80996380849	6.89259148923	5.32347623322	6.10595300219	1.19113196349	5.789269991	3.47486456486	4.53826975711	8.93944595444	4.44580835419	8.67602196982	6.52496841743	-4.10858073339	-2.26734711279	6.15029090189	7.98257703198	
1.29550953189	4.75807933187	5.31410018898	2.71663435723	5.18353177293	6.47445360337	3.84867021634	3.10117668515	2.4092163534	4.60267665723	6.20187645103	2.48184039863	-2.04510087643	-0.203006336523	-4.04265128776	-2.21011679176	
5.63164081831	8.99403739221	7.52012393757	5.02203033319	8.99999855955	5.86440245347	8.65664452938	4.64166721041	2.00211959053	8.58577053991	6.04206648597	5.62665579423	-5.9999997686	-4.64448475082	7.53600522139	8.9999993132	
-1.50188511128	4.62461250705	8.4534042565	3.19210671017	1.96100142194	5.8314551238	3.27474416397	1.75707828621	2.76162646002	2.34509995343	8.27139744206	5.35206842438	7.11838040316	8.94298300408	6.35409150791	8.24006225433	
-1.34087447459	4.62452534849	8.99997001113	3.8996738288	1.72041635731	5.71778276087	1.09516040475	1.85717299179	4.36319868544	3.0011751352	6.63251242633	2.25201065789	7.16234745019	8.98665178878	-3.66713122039	-1.78111505126	
1.29656528219	4.7629142077	5.09128657207	2.49004158733	2.84164134696	5.92424394242	2.58860990413	1.70254738139	5.74107725375	6.14661690299	8.3832657148	4.79804067781	7.15150780544	8.99356130592	-5.93184255032	-4.09930848895	
0.914778813718	4.72005382965	4.5613018789	1.62072315885	8.59951310721	8.98415150686	8.77915551666	5.24083069887	3.92138029694	7.40793589864	8.10012590159	6.81924617209	5.81049697703	7.84305275222	6.99357721093	8.99999976868	
1.1535831258	4.64396289277	4.76044020352	2.13510327439	3.63259551604	7.44437614975	8.99999697061	6.3804655973	3.41477631499	3.11596290595	7.23290690941	5.36166767799	-5.63313230273	-3.77319895657	0.656637593185	2.51530515068	
3.86399232955	5.00118851095	8.97139395199	8.69930175909	6.95227663254	6.53017422561	1.55605229667	3.98597840182	4.55153787326	6.13271681154	6.18675527724	1.61460490412	-5.33473505894	-3.49240023798	7.13806843612	8.97063251366	
3.27548320514	6.27880398912	7.0457318141	4.90751500729	1.20852312108	5.65405440675	7.76978409802	5.03747682706	4.85934505655	3.43891484253	5.63300348422	4.35706064596	7.15737162602	8.9994176855	6.58284002466	8.41538011283	
1.20830888089	4.6409762507	4.97808915113	2.41052547298	3.71333929641	7.60500161526	5.07640478527	2.56096799349	2.61413982605	2.17696827471	7.6887079287	5.76653149796	0.548812201827	2.39098884925	1.97572621309	3.80837274298	
1.53054511775	4.77705131711	4.83493674109	2.45353435147	3.24612992097	6.46143642274	2.15021346909	2.11245185125	8.15209838577	8.20511269067	6.52843233277	2.31473926372	6.82826980642	8.67039640103	-5.63967555681	-3.8070794471	
1.49157595277	4.84633252579	7.01686352039	4.52721092389	3.18982405235	5.69470232352	2.01764134198	1.73888370624	3.30054833766	4.17222715669	6.75534448773	2.67439758755	5.30786467889	7.14994704277	-5.3992508186	-3.56672143493	
5.5316989924	4.7589249232	5.83015507254	7.46803311461	1.97021611871	5.7824130603	4.67383203678	8.93818275892	7.14854206957	2.58536930303	6.18184564241	1.68532316429	5.00870915488	6.85078782771	7.04373995354	8.87628076851	
3.02273257586	5.63379497968	8.61715544895	6.87119736571	4.10549224876	6.49817354622	-2.50679792538	2.05788059184	7.61573835106	4.12500949806	6.26684460074	1.81706013434	0.900583997755	2.7251776222	7.04853049755	8.93439258903	
-1.22425716043	4.62421886018	8.99986644	4.0164944242	1.63619093647	5.94041984396	2.9905308301	3.99503790478	3.67858496907	1.79543263801	7.48951697671	3.08078496501	-5.23133461219	-3.40680358057	4.60976913635	6.49574893839	
2.04813120799	4.75246335061	8.74547402715	6.90624586342	1.42033537609	5.80194580039	3.24008687331	3.49388720202	3.45135105313	1.79586374738	6.24403727063	2.28096588694	3.28677073033	5.12884481673	4.35900441899	6.19155581907	
-3.23723887473	4.6655106459	8.99784049131	1.96005272918	5.36457485633	8.99905426669	8.99999976875	6.37911896898	8.99972932275	8.9676741436	7.33904645812	5.38718453936	7.12783875537	8.99999917659	-4.4012581455	-2.41219133349	
-0.23758621553	4.62714176009	8.655474106	4.65603006034	0.311253240627	5.63977669368	8.25536455402	8.8261489458	8.94214786395	6.38571195482	6.21123627889	1.88558735924	-5.75597044019	-3.93048470035	-5.76543093848	-3.86515469161	
1.24821687737	4.69728958591	4.76532355733	2.18135468471	4.45465971269	7.80546556263	8.99995222787	8.16357808335	7.67647293459	7.79656916745	6.4025096873	2.78484539508	-1.98090432113	-0.138766051267	4.38436474361	6.21693769901	
1.39449147426	4.82430800223	8.92663468439	6.36192213698	4.6279152197	5.65172882515	2.16607726515	1.61197498854	4.44829175964	6.87608876147	8.87724909849	4.99659192843	1.18417850445	3.02624597027	3.06959288778	4.9021321853	
6.22231438723	8.95433876431	5.89576889423	4.02884845055	1.19665354796	5.7208094826	8.96645476832	2.68383308875	4.00082337272	2.23046018621	5.69867332307	8.24435384013	-5.04320778041	-3.20119523643	-2.03960916917	-0.20707689153	
5.14168751082	4.76960433354	7.41419551134	8.65138267136	2.09071259055	5.69459606541	4.84217721912	8.73686732652	7.01333322614	3.05918885229	6.15490805979	1.62733137781	-5.92689866533	-4.084851567	-5.99973498636	-4.16733917886	
2.18014710936	4.75189893977	4.7783380732	3.07169019394	5.16132738795	7.32406095949	8.05525645208	8.99975200685	4.87863148023	5.30948551497	6.2003292291	1.67910026541	-2.18088831006	-0.338770015969	7.07501176287	8.90753381512	
4.29786275519	7.29823427856	7.36803057788	5.23276303015	6.0066054157	8.25650330946	1.20601423036	1.61901969757	2.62924365488	3.40151985362	8.99948331119	4.58115473342	6.64361305979	8.48568607841	3.23123689718	5.06376769533	
5.87763866366	8.43171468117	5.33238421056	3.64341216109	3.50030154819	6.61120773359	1.19505786164	2.14511226368	3.27978469329	2.74475123287	6.39339082715	1.88431522969	6.28100671393	8.1230690818	6.96830578127	8.80083369271	
3.66017325227	5.48496527362	5.13758798243	4.17789990685	2.28032084849	6.21967679958	1.30129000835	2.92717260112	4.31174910015	2.21899155069	6.5127918901	2.05716406684	5.83148279384	7.67355241768	7.16747831519	8.99999984225	
1.64453668569	4.75575606237	4.80838326709	2.56226773324	4.90066940921	6.74754278817	2.75789022294	3.00491817417	4.19447818066	5.48064952614	6.24400567342	1.88079597361	2.051107898	3.89323628193	4.92648842234	6.75905717802	
6.83643040447	7.76276770332	8.95149139675	8.89026009243	8.40384758966	6.25480731064	-2.65235468578	3.69823024727	8.99999121733	8.26507665688	6.06448971099	1.61471103107	7.17541439942	8.99996186222	7.11397840888	8.99999994693	
2.119567302	5.02354648025	5.67948311479	3.64060791549	5.71174401544	8.90031266106	1.52133734108	2.04584368775	2.77977536602	2.51701153073	6.47530056705	2.04184337452	3.93059583891	5.77273004816	-5.7121407779	-3.87958696316	
1.31082003076	4.78228151816	6.60857586949	4.00221835844	3.10897213091	5.65548816727	2.90277954835	2.05676937002	7.42389552101	8.37063401018	6.34123814791	2.71084568484	-1.46771314729	0.374361892305	0.6195002318	2.45204913886	
2.05527532609	5.06229812081	4.77362163264	2.63171791539	8.02465785372	7.81748431671	1.45427364575	1.87478718196	5.76566873589	8.99691484243	6.62216033543	2.1951078287	2.97550004262	4.82925686723	-1.10770958048	0.743349389759	
1.24323199707	4.61950910187	4.84944324492	2.33826996877	2.35786096893	6.38947072059	5.49874217287	4.09478054808	8.09142416252	7.45788812174	8.51383507708	5.53658818022	-4.1547184726	-2.31260586254	4.29044419538	6.12305023913	
-2.12302738415	4.62425334235	8.69747410377	2.81529771377	1.96437905746	6.12211129556	4.6751584968	3.30565472769	2.54811023032	1.83887418447	8.32669130125	5.26455466906	6.47431495356	8.2987771897	5.7733590482	7.65948484396	
5.96323029272	8.88104888162	4.77019778063	2.71748302809	4.52409078036	7.39753691262	1.18912104705	1.70714281193	6.37837306597	6.44455969005	7.44433561548	3.00353895237	0.20484031004	2.0468963798	6.29980363979	8.1323159151	
-1.59511470343	4.6242147619	8.99999713996	3.6457716447	4.92257047017	8.46024475801	7.6935671491	8.97116746083	3.95044700562	2.57948159434	6.2372850963	1.80982876409	-2.95120803184	-1.12660098963	7.11402488913	8.99999824091	
1.5178830068	4.6184918936	5.64532045308	3.40981552001	1.67392631052	5.97891373451	8.64246003354	8.18767130939	2.92370672655	1.74112502777	8.99935670571	5.34859311269	7.09646567106	8.93854158616	4.28329326247	6.11584188934	
4.5930999756	5.46494113504	8.97417020636	8.96743303597	1.18895221051	5.78782648436	5.94804317009	3.81358731879	5.31923145444	1.61397870464	8.69811063522	8.95579645641	2.14622329637	3.98827936215	0.335887081387	2.1684378562	
7.45697423647	8.99999976898	8.98844456361	8.31052296345	3.20447431842	6.75671658575	8.99859325447	8.96276614917	6.0811637044	1.61361389991	8.99999979786	8.96794103725	0.748337136889	1.93439846071	-5.86533852836	-4.15352817362	
-2.77013492797	4.6242945269	8.99944473479	2.47011897621	2.58680765276	6.53941459514	8.71519967072	8.14231399434	2.89255047945	2.30392172159	6.97420533064	3.19999119063	3.25694409185	5.08159784996	7.08126519166	8.96657603977	
8.95857807983	8.99977133595	8.1731553889	8.99706610783	1.27856211507	5.64957670214	1.91700045452	5.05667927325	8.99840190748	4.69035944614	5.79814094915	1.61234114173	7.13047221744	8.97252063609	-5.7350678188	-3.90251657579	
1.29364606019	4.65459492164	5.20973307268	2.71388812157	2.04966180113	6.12997574363	4.15466780097	2.60790507571	2.7716082455	2.07403484489	7.07281236746	4.25369220129	-5.42077519567	-3.57868483215	1.68742681415	3.52000330642	
1.44546423832	4.78620225589	8.85923803283	6.3836039949	2.11190656375	5.64932980482	8.99963368595	8.64963882849	6.30657223514	6.1316813807	6.11723260016	2.12154637281	7.15775885105	8.99982553598	-1.76077501351	0.0717632209205	
4.58607822868	8.94574686296	8.99999956771	5.5054334372	4.99039813304	8.5317687257	8.89013608612	8.9995089865	3.22707144262	1.61345801787	8.73759533141	5.71730511328	-4.58138852107	-3.39577137361	-4.13362583539	-2.42354216874	
6.09274771781	8.99993957811	8.99999780401	6.95790992295	1.20162061723	5.67656602866	6.65431605321	5.34187189918	3.93482338086	2.38880736102	5.62333658563	3.02370240582	6.94792985292	8.78992991447	-2.67956573408	-0.846996058567	
7.90655314107	8.79646168186	8.95416136915	8.92935678838	1.18879373208	5.64942191226	6.87003270487	8.98344972196	8.1190963452	4.57013217619	5.6232585275	1.61502845186	-0.344991348539	1.49702607446	7.16744762462	8.99999936214	
5.04526328163	4.75763331393	6.01640308478	7.16913702423	7.58345273611	5.72818214274	4.95658918128	8.81305919656	6.87183519531	8.46127172632	6.18499046259	1.61120668508	2.85991680856	4.70199433385	1.35043327269	3.18298072036	
1.43807547881	4.75748518412	4.78930759222	2.33500172788	6.27539572852	7.10816349983	2.48480401403	2.31619034873	3.90018354608	6.4086584563	6.37269584106	2.21693003574	6.86622630232	8.70836513091	-0.429448664698	1.4031168356	
4.55320143226	7.54772795006	8.84546680045	6.71604426351	1.25435410174	5.64931658284	2.172258548	1.66851754744	6.75588964581	5.37724795753	6.6377900943	3.14206124266	2.24933110954	4.0913932898	6.1067495217	7.93925808375	
-1.41992157065	4.62446737125	8.29938113611	3.12009603297	6.2727332133	5.92768631453	1.47461189817	1.96016521397	4.2647285031	7.46814766343	6.34395878363	2.01689028767	5.57496469643	7.39957965454	-4.46541766984	-2.57934967127	
5.80253840695	8.61580163221	8.89659309741	6.94843385085	3.94288347569	5.84669209712	1.1999167458	1.86149711278	3.2515951182	4.18283042961	6.53764225596	2.05786897462	7.15795427854	8.99999990915	7.16746108141	8.999998502	
5.92633777446	8.04231473708	8.24285643864	6.99198345922	1.19078668257	5.6495092108	6.66884577893	7.49956358272	6.90188361514	4.58086795998	5.62338163355	1.67180788119	3.17538467482	5.01737566655	0.238255079018	2.07082796856	
1.40235881627	4.78352510078	4.96549366074	2.44943131381	2.81394419214	6.07723570456	2.16799891046	1.73840034995	5.67104655634	5.8107313611	8.57727236633	4.62074889366	4.05604764155	5.89812387421	-5.7496836571	-3.91715479603	
1.42895676424	4.76770163695	8.47733546191	6.0036945636	8.99810850507	6.01213076005	8.25889127236	8.03770926774	2.53577576355	8.88231032261	6.15923760528	2.03671483953	7.05408317705	8.89617883028	-5.66255792889	-3.83002168133	
7.1840760808	7.72160733362	8.67205910863	8.99963185574	3.17059486809	5.64936315391	1.19373527427	4.22136586735	8.89948943215	6.98003571006	6.18271614529	1.61262244919	-0.701677231046	1.14038079024	2.85859575652	4.69114516973	
5.47722694794	8.2048863844	8.06332274963	6.20076735102	1.1972266254	5.65341876296	8.99986415012	8.93229558337	4.94098929292	3.23422813972	5.62334738274	1.95833592175	-1.127141177	0.714898708341	1.97485396087	3.80740494985	
1.27296592147	4.6243041868	8.99030951581	6.50407522356	2.75714674605	6.81268935382	4.25015852448	3.15920380345	2.30702429534	1.62465237972	8.65129700102	5.38593276163	-0.595043726557	1.24706116864	-5.82739651158	-3.99490323073	
1.10018074119	4.6869665917	4.69240775486	1.97058310236	5.23867439326	8.67373285043	8.42161453931	2.52432002868	8.7808176463	8.9602637909	7.01488945597	8.326631788	4.92601238048	6.81210747243	6.7752459977	8.6622988221	
5.62331138659	8.76000233161	7.95757297666	5.68452735285	1.18147164572	5.41471775534	7.27000341445	6.19219976548	5.21622509119	3.86934281468	5.51881529167	2.72706427342	-5.96936537035	-4.4120288411	6.96792133085	8.99985995466	
-2.94193437955	4.62423057707	8.95705012681	2.25598900033	5.57298729526	8.66069783497	8.08204986983	7.27663728889	3.53562789498	3.85148148561	6.24262177384	2.66133094726	7.17534788727	8.9999997688	-5.66144931412	-3.77541300556	
2.98930414594	6.00688503405	8.95637407577	6.80389716591	1.21289224237	5.6492685319	4.81794818552	3.08198933735	8.8413782149	7.44436456511	5.65657781206	3.37002496022	6.97605812473	8.81810623909	2.76683726163	4.5993800044	
1.26384479025	4.75935497596	5.2563313034	2.62592507758	2.58992453582	5.81714232187	3.1243815707	1.68097678335	8.60234130548	8.89242589292	8.76187874798	5.70483447931	6.87096315438	8.71303703375	2.20083189439	4.03338576826	
-3.33527444234	4.69833123573	8.99998472553	1.8312342422	3.91704019987	7.40660733618	6.60829484402	3.42049756943	3.27717336484	3.49220213685	8.99999968919	7.5211186829	-2.25998363294	-0.344054409056	6.93274207293	8.99999976875	
1.37350334825	4.76924402044	8.58562755195	6.05499085765	8.32526105506	5.8257294889	8.99999504137	8.59322475221	2.70832235174	8.62541871657	6.155496914	2.16155429773	6.7144906805	8.55659481928	7.16747857115	8.99999997524	
1.24473545077	4.72159616467	4.8037615912	2.19200454593	3.61044685735	6.69111201614	2.91368547124	1.9190500912	5.43506522449	5.85310068169	6.97338025473	3.48619283905	-1.13480398884	0.707382601324	5.63650191244	7.46913493644	
-1.6464728599	4.62436250619	8.30672722319	2.90099553019	4.86491521055	5.83716181044	8.99999098112	8.99369451381	5.73981053146	7.93647165218	6.08410282175	1.93835396541	-3.08877402795	-1.26418326092	-3.35578802936	-1.46968055975	
1.54812109065	4.74621545842	8.95529394651	6.62230355421	1.56964453447	5.83923783053	2.83073979282	2.01501396563	2.88003714025	1.83032855135	8.66875674218	5.28145037843	-1.46554477228	0.376530932795	-0.111424016384	1.72113014071	
-2.95546940919	4.62423428002	8.89203963033	2.17743982062	7.1658136191	8.20595621017	4.04078457464	1.77219668986	4.24101484425	6.66524652191	7.48860192963	5.30967794612	7.17536554627	8.99999969284	1.2317644747	3.11779795121	
0.412750716657	4.65085047041	8.99983246341	5.62683699393	8.70622541707	8.41061978514	-1.84349344547	1.61170659703	8.60241206137	8.90930230515	8.9984361656	4.5488066829	7.06481299789	8.88934601673	3.30205513247	5.18804900198	
2.47846672758	5.02900017451	5.2968216853	3.61139220131	2.2567551968	5.99605584558	1.53648307841	2.43389365271	3.66540439536	2.4984364728	6.36517879454	1.91228845779	5.61791703021	7.45999138089	0.839726356154	2.67226751958	
-1.96022724988	4.62425892049	8.97705068421	3.25766798873	1.10596061283	5.70815428426	3.95641201281	3.88357638017	5.89457463861	4.49269916003	6.45709343079	2.34646411407	7.17370047486	8.99750488738	-0.968262844908	0.91769086855	
1.28039375184	4.78203441423	6.21164264766	3.57510595752	4.1826844939	6.25913280838	2.80051543701	1.62064208425	2.26913899899	3.71614356522	8.74330426089	5.41657706296	0.833243077025	2.67533828338	7.16427482401	8.99680697521	
2.4407737839	4.61905158798	6.63701030202	5.32383647037	1.2789605402	5.81506263117	7.62875664496	7.98250142957	3.9662782809	1.63024723192	8.38906325504	4.85209914963	0.85146048229	2.69353141265	0.499269699305	2.33181390429	
1.32170243527	4.77762539081	8.71887391519	6.12805493305	2.30206880288	5.76124964439	3.46563099069	2.48850774138	2.81513689831	2.83367816342	6.20844497217	2.72469893713	6.18461594441	8.02670602012	-1.33155225384	0.501000837464	
1.22606195393	4.63384171263	5.67574816497	3.13307236267	4.80750320407	8.79114931134	5.92058896897	2.67358524742	2.27656582273	1.72253860187	8.74665272123	7.58089037233	1.63251707859	3.47463994154	7.16422625206	8.99674106537	
6.06585503875	8.86147483683	7.11475644978	5.18424062736	5.07295467536	8.6959808855	1.19869772528	1.82291270572	2.83416607195	2.02854124956	8.9644748668	4.53970946281	-2.98749146244	-1.14544103458	1.70449871748	3.53704306331	
3.09873611143	8.97983451573	6.63740467688	1.6211603491	8.91636958853	8.86975423254	8.67528977338	5.73315123954	5.28976205522	8.86777301551	7.77129785768	6.19851934062	-5.99999814191	-4.81617682384	-5.11348741919	-3.39295349121	
-2.77935197658	4.62425341208	8.99999967993	2.46149797629	8.55125146828	6.28176693388	2.50430889277	1.67794195636	2.9613405142	8.63713477296	8.90609092199	5.34300698965	7.04869717976	8.87315785547	-1.57335201714	0.312639979318	
2.50717381829	5.28436210343	6.06615579815	4.15407151226	1.41398244783	5.67139604352	1.83333859957	2.19105562125	7.31503483916	5.85658936393	6.09495267207	1.95511925291	6.91997595184	8.76204439152	6.5295278702	8.36208948817	
5.37944441471	8.83534824526	8.63318122528	6.04159561311	6.80796634274	7.70987521748	8.99670157257	2.12159034803	-0.64821792598	4.37287832163	8.67784713461	8.64759516141	-2.4185778232	-1.23095333782	-1.09749561763	0.631076393995	
