-3.24807082925	4.61929521443	8.91007711543	1.90773601268	4.35307586578	7.68992738761	5.320908031	3.36706790743	4.13554206431	4.54480336852	6.89186746617	4.1235542749	6.94125532554	8.99999976852	3.68835501359	5.62088357997	
1.17939966992	4.66241660473	4.74806726849	2.13014620013	3.79271747754	7.39926150263	4.6024317949	3.2140970072	3.92324014286	3.86476443775	6.65350868897	3.51103523035	-1.09443913267	0.813054497623	-0.16062374166	1.67018378258	
8.50280602104	8.99999747244	8.07691823464	8.44483083586	-2.18041457983	5.66623025391	5.73083981152	8.22905804773	7.8501495575	3.90673289551	8.99988398208	1.61528728234	5.08219639891	6.99109548346	-5.97439211798	-4.14722357592	
1.27353764754	4.71901966182	5.09808933664	2.51771135241	2.16818259663	5.91475413393	5.19408503095	4.10735996988	4.85158938826	4.61030218891	6.31707858742	2.91536793335	4.41202233609	6.31155902389	-5.98691685311	-4.15716484331	
4.63395419148	7.62580270387	5.440033498	3.31328895494	7.8127739307	5.81997575207	1.17851389916	1.62065679407	3.59633158483	8.64058997385	8.96365740561	4.48690596381	-2.69211669378	-0.792788222509	7.09175741935	8.9216554379	
2.0356304176	5.04300448428	8.37193854987	6.22966846214	5.41899795449	7.05563480725	1.48961239437	1.90929355384	2.61452466036	4.0449454297	6.52823914325	2.05835387445	6.10677414775	8.00622970331	-0.732150456515	1.09776373411	
1.90139685175	5.04520505367	6.88673168233	4.6080274597	3.37243222065	5.67373524533	1.4990552918	1.70659261447	4.24926095687	5.15139356112	6.92281101741	2.52869010636	3.37700485525	5.27637260905	1.51307390895	3.34298917493	
2.10482435221	5.19200492375	4.90744621672	2.68536957956	4.20483651732	6.49594106227	1.35846532006	1.657542274	3.27382308125	4.12958015723	8.86328409824	4.43419948635	5.520242593	7.41965486343	6.70697547219	8.53685127805	
4.73581952182	8.15453490214	7.51397986802	4.95958163895	7.86406674535	8.62361597128	4.97072794802	2.55898028723	1.92331886093	4.52647144313	6.01063053782	4.07725813358	-5.9999998787	-4.77442217307	7.36507669136	8.99999952756	
1.94407933792	4.73514075511	5.28551579079	3.35955831412	3.01598067732	6.20654965218	4.06184188701	4.74488606483	3.1795441556	2.83973684173	6.26385660608	1.74690577239	4.30478429912	6.20424927511	6.70536754375	8.53526591624	
-3.21699148256	4.61784066809	8.99994382839	2.03018132773	5.18215864935	8.99079115666	7.44527125728	5.17003078268	5.01531960738	4.82758064851	7.72262838982	5.39698936737	7.0366243163	8.9999998692	-4.18206727028	-2.27779026854	
1.32976376329	4.79091018787	5.91334033307	3.31729787058	8.88793580507	6.02390363288	2.3064783129	1.63197223134	2.44629738484	8.83127191841	7.76472490829	3.93514291346	4.18719896697	6.08685513258	4.48947835487	6.31938409545	
3.5547051727	4.93935241531	7.15793460216	6.63839134042	1.76617150663	5.66516287109	1.8068535226	3.90897858533	8.29617311395	5.84145317261	6.14749994571	1.6179555136	0.732888168142	2.63225154933	5.82079473665	7.6507104205	
1.15320053226	4.61800962455	5.00769530386	2.4079595157	5.04449688599	8.99993577606	8.99066564394	7.1323305008	2.39911600438	2.00415190945	7.56237889129	4.87986027854	-5.73634928727	-3.77665894883	5.82701391756	7.66634559669	
1.4801307152	4.61223887929	8.96303571977	6.69603152272	1.76700441106	6.04900587086	5.33244469782	4.98175319289	2.7020940708	1.6118526327	8.9064984557	5.08228240202	2.78160410726	4.68100678671	5.64031647162	7.47022715048	
5.64122069592	8.40831145908	5.35620511128	3.45421827097	2.73051967609	6.26168965639	1.18464889756	1.87266509222	3.13210295918	2.4276714741	6.86212476944	2.36422427475	2.81968233819	4.71905211824	7.08693683069	8.9168227228	
6.02191215474	8.80309175365	8.9847224624	7.06864715345	3.37719071757	6.20929022034	-2.95807290132	1.83540450023	8.71029670888	4.6139818103	6.56870899659	2.05629718891	7.02084631451	8.91183696301	6.31251114129	8.19555399477	
3.98467269293	4.9408935599	8.9989858924	8.90786900844	1.45079344913	5.66355192838	2.22135858058	4.63410570698	8.52562967597	5.32871983825	6.02509261033	1.61334934688	-5.77497961205	-3.87560033895	-5.65317327282	-3.82324184889	
1.20133317917	4.71536505681	5.15524019814	2.50631225742	5.30049247049	8.6082380619	4.19717224589	1.96089032966	2.3004339234	2.56639368737	6.77975236468	4.45918437714	-3.02246865744	-1.12302645287	-4.62888904447	-2.79896450054	
1.49284891296	4.75326744587	8.77980847149	6.38449390513	3.80648366871	6.29484815503	3.41989383846	3.40581737911	2.45906464127	3.29075688305	6.22475925365	1.9356315167	-5.99539556303	-4.0960565354	-5.96627822522	-4.13641918911	
1.22346310924	4.76055590111	7.1584888679	4.48650005297	7.60246806985	8.74564362514	8.30833941638	4.89861550817	2.06875652709	4.52235523961	6.19257472376	5.02237618401	5.2841396178	7.18356803489	7.17011937964	8.99999976283	
1.23955833753	4.72181742151	5.53451759625	2.91736245928	2.76084529462	6.34892595009	3.22696576893	1.78258478004	2.31969453375	2.27356856198	8.52316185113	5.44244263228	6.74887781188	8.64833939179	6.01333009143	7.84323395054	
-2.98549930808	4.61657459132	8.9335101927	2.19653991969	4.52369796208	7.51640077188	3.91389804918	1.80260522629	2.99555609375	3.52951209976	8.18454585765	5.78605638589	7.1083836804	8.99999976876	-1.97122967748	-0.0879285259928	
1.31784006903	4.75741208316	8.70792724674	6.13345920836	6.33278454927	5.71709252887	8.9998972551	8.44452760853	3.09964497287	7.21452346306	6.20015035468	2.27318577179	3.01170526811	4.91102599708	1.07377556116	2.90368499433	
1.29946032081	4.76519775977	5.93758309706	3.33695580355	2.48536055037	5.88477790189	2.69716079424	1.78187472038	2.61184732598	2.73823378747	6.83237353358	3.23864142059	6.87106831845	8.66916736431	-5.36542226048	-4.21571352604	
2.19067300317	5.01475323157	4.77107896062	2.81210264406	3.01402369714	6.82433466546	1.43473732622	2.00673877424	5.32434446918	4.3978107545	8.93405213313	4.49512838313	6.14426789712	8.04369873013	7.0015455215	8.83141680808	
1.99517678574	5.04295111223	5.02082221518	2.83815176444	4.55442790538	7.98587018494	1.4462613987	1.76549521086	2.88110048748	2.55711267853	8.99997803697	4.59014645565	6.29399774431	8.19335964428	6.95198233558	8.78184139458	
0.715087752801	4.6165523725	8.99994290749	5.96358227336	4.81890247838	8.86044626885	2.12737903015	5.66771896804	5.96788652573	1.91513635543	8.88622934388	4.37394661617	4.82958481217	6.72061994429	6.44588668742	8.32896180096	
7.48682180074	8.45224576881	8.22727963842	8.12695986053	4.88288282924	8.9273928887	4.25727040926	4.35309919111	7.80800065721	1.78942982415	8.74882511316	3.64567829626	3.64544120167	5.54483628348	5.72945606729	7.55937888882	
-3.00398557386	4.61653589302	8.88036696142	2.12494975192	8.59986803129	8.99537547139	8.96447339203	2.05768885853	5.56844057432	8.70160348848	6.59690191084	8.99184603419	4.48847556271	6.37906191161	1.48289021118	3.365883544	
1.71755581737	4.61230639227	8.53871501482	6.50906841069	1.32596546349	5.84478798215	7.8237551205	4.9658473794	3.17611849529	1.61169694519	8.99939724657	7.91975838449	5.20539365077	7.10482336649	-0.552461263958	1.27748295056	
3.5424956367	4.75602910168	7.77768347119	7.42925398057	2.21316480944	5.66388421214	5.71534696219	8.04947437762	8.74470842361	6.56714185801	6.20368454433	1.61325612552	-1.54990012244	0.349448903575	0.691144289676	2.52105340742	
1.36369883304	4.61233681049	6.12537449596	3.74184048132	2.0011571958	6.19885832845	8.9999109601	8.39936172741	2.53076447172	1.64136314603	8.61182299038	4.92092494459	-5.69986382146	-3.80045000888	3.99810749416	5.82801145378	
8.19519772121	8.28340314035	7.78126643969	8.55857990883	-4.69571429357	5.47561754455	7.91324695853	8.99970574737	8.96262636404	2.16487997642	8.99999976875	3.55710403939	-5.99995410312	-3.91991129532	6.12651779678	8.99996210899	
5.88465683817	8.16481642594	7.43680366162	6.02174888491	-1.69508541462	5.66634294492	2.40430331516	2.98468210415	4.39106938526	2.23350930104	8.62470002103	1.85909230066	-1.23263477872	0.676589727476	5.07530857063	6.90266923275	
1.31343593673	4.75502332095	5.0236602123	2.44717677684	2.74967119875	5.98121259004	2.38672028646	1.72370575925	6.86380863473	7.13354364121	8.57234169747	4.75093387792	3.76458520855	5.66400466079	7.17009558495	8.99992059928	
2.79591976938	5.41787667816	6.13325095872	4.37639801468	2.05261423634	6.07078939617	1.32172466477	2.08186216604	3.22735763076	1.89077489411	7.11667907766	2.69180104276	6.19699870622	8.09636273444	4.41513043469	6.24502858823	
3.57515435414	4.77092036507	8.99997203646	8.66931000379	3.76386008065	5.66351129075	2.40678412226	4.78775483123	8.99964549661	8.35539463677	6.23275505723	1.61323585137	2.76235428121	4.6617265273	4.88109260288	6.71099919166	
5.192351382	8.33822151285	8.63978358972	6.35841430255	8.86595589313	8.66179749265	8.99999976879	8.61452977932	2.06247649819	5.54511768734	6.02179346088	2.14622773945	-5.99992270864	-4.71030091421	7.34733748701	8.87424783337	
1.24796301361	4.61337137961	7.92416571539	5.42386132099	2.54345813822	6.64044978274	5.67684862707	4.43110336582	2.28714689098	1.61521006117	8.20267374886	5.0402156127	-0.44366575167	1.45571311243	1.36646383688	3.19635847575	
6.29547933583	8.28735820499	5.35099304457	4.22421813368	1.16651468051	5.78505497101	5.80979906706	2.62126275457	8.1030820635	5.53601488686	8.22377321509	8.37768805885	-0.53842708115	1.36087670352	0.481441377748	2.31134657136	
2.98548459936	4.61659539293	8.99999999742	8.23399332532	4.8221863681	8.6978584814	0.298466391995	6.24022088899	8.56017834156	2.27242270039	6.61939927594	2.106579224	5.19364277574	7.08537742219	-5.99121428052	-4.10837826637	
5.17336910968	8.58376645483	7.12680112643	4.58036504402	6.51255886122	5.51548195477	4.23779421484	2.27756948631	2.31690074029	6.67556501321	6.06586067708	3.68203719664	-5.99999978634	-4.77311376563	7.37400901732	8.99999975781	
8.26719415053	8.98382040638	8.76679431392	8.91527205027	1.16541140458	5.79584951162	5.71804478882	3.8956393118	5.46778294471	1.61356219015	8.72285018524	8.78588974313	-5.47168036518	-3.57236411591	7.08952511162	8.91943736705	
1.80689903318	4.85532731195	6.20608229956	4.02275799433	1.88803615968	5.95928414193	1.79833147003	1.9316533752	2.89278534398	1.92960778253	8.74874520541	4.52420480412	1.8896087574	3.78898579769	6.52696142513	8.35685740312	
1.23728827344	4.7388227067	6.08566007843	3.44922960924	2.53814684365	6.06853302677	8.47144603564	1.83600039357	2.35293785694	2.38375535498	6.83890920066	8.93000425231	-0.877758891185	1.02166639869	6.61462118317	8.44452774332	
-2.0691205433	4.61660324296	8.48637748421	2.66575736777	2.88657451888	6.57588505203	8.21066662874	8.14432431565	2.85101845802	2.42257124662	6.40746019347	2.22981544414	-4.6826021545	-2.79106002914	-0.185040616577	1.69832550241	
1.23915556666	4.71828829502	7.21095671896	4.59692796279	2.49379070968	6.22369207487	8.11398095788	3.71699720826	2.26656864573	2.07546244868	6.32272370874	6.19776472247	-4.69345154631	-2.7940403496	7.14206138085	8.97196001346	
1.1603463723	4.64412177891	4.87722544715	2.25853239335	4.17349681362	7.97465265763	6.22431367033	3.15073893504	2.62653211865	2.38667054412	6.88262732525	5.41311586385	0.939018361726	2.86820537194	7.16289616724	8.99755461258	
1.09129257529	4.61924313827	4.6786823478	2.01578376283	3.58918662789	7.39329584158	7.70165828303	3.94483087113	8.999129325	8.84859011067	7.59522712356	6.71999213004	-0.590582785965	1.41750075013	-0.5567579623	1.29168013698	
4.70850412001	8.13109819113	6.57784395932	4.01956127001	2.73963121564	5.29136231201	6.30390684144	4.92626058443	0.805630660622	4.23610260995	8.59640952901	3.00948945643	-5.99999976861	-4.80835403168	7.04967488652	8.76040354242	
1.2709441021	4.77379659468	6.67511489631	4.03736638041	2.36432302939	5.68055326428	3.0921715707	1.61657031405	3.6702800868	3.91655489438	8.96851008041	5.89845807039	7.10024166813	8.99964225168	-5.27532094923	-3.4454399037	
5.99664777043	8.96045761511	5.17817359397	3.07946771585	4.53938374216	6.86236496658	1.17489941889	1.65283979191	2.8817365262	3.58216346776	7.61768114709	3.13318442065	-1.94521125587	-0.0458967511937	-5.9226629763	-4.0927497952	
5.76467481069	8.48565037252	8.99999948555	7.14412813685	6.99482600903	7.18369297681	-3.10472568062	1.89566244591	8.94749812089	7.28743497298	6.44179898004	1.9294612104	5.87366463515	7.76458681125	7.11681924991	8.99999976018	
4.04774258042	6.76989520576	8.99999966333	7.1429511595	3.23626855405	6.29666442024	-2.94955672689	1.89746120498	7.97222958819	3.59408589407	6.51915389836	2.00673474772	-5.01122183298	-3.12015274851	7.09679245043	8.97988516793	
2.32323289531	5.17933094498	4.79793458037	2.80694047395	4.686667192	6.56928161949	1.36153449351	1.98256752764	5.22887127694	6.26205889249	6.52085655108	2.00087613505	1.41061414382	3.31007749474	4.77484814117	6.60474131555	
-2.12929539559	4.61660508107	8.9996952298	3.11889863021	5.36260267429	5.75222111206	3.95926179266	3.96385901772	5.70448480935	8.54083498905	6.13931017187	1.92559718091	0.514521895313	2.40555583267	4.68189731692	6.56504572909	
0.212938064749	4.61948800655	8.616519907	5.07535107496	8.51040340904	8.90870619288	2.51238080443	3.51592562582	3.14930143696	5.25770300042	6.15053369517	1.65783114087	3.44298436067	5.35031107264	7.09579504224	8.99999979462	
-2.09839679281	4.6165138837	8.99997310837	3.15016632533	2.48568244326	5.85239131361	1.31555963271	1.664366663	3.8330691249	3.48630840585	8.17537452634	3.82347014274	4.68025648826	6.57168388897	-5.59605390149	-3.71310245942	
1.25719750441	4.65331889913	4.96865519755	2.43763773655	1.9842639945	6.05700615692	4.95554410862	2.26849849326	4.36030433117	3.74337598964	8.25925732139	6.50734442131	7.05823216498	8.95770678403	7.09291578541	8.92282683794	
5.75519339365	8.62743062965	8.99995643065	6.99282316907	2.78570563297	6.25512457565	1.18816582264	1.74969247175	2.86010673618	2.32252813398	7.29669503659	2.82017918745	6.77955959847	8.67887912101	-2.62703987576	-0.797136737953	
3.95255736626	5.7642809203	7.15688032089	6.210260745	7.19769509581	8.93375018284	1.20995382828	2.96893100898	3.79401275399	3.92934752113	6.25385278047	1.64033704664	1.18931482851	3.08872208152	-5.9013633623	-4.07147154257	
-3.53166119306	4.61971167629	8.93541749446	1.64899380994	8.5445604296	8.90841359286	8.99999976729	3.51125852275	5.34361073987	8.97749636819	7.72714038704	8.24918000711	-2.10942291997	0.127613470451	7.0090059872	8.99999976875	
7.56963053527	8.99976917971	7.88950823561	7.3244735908	1.51491860233	5.66375237103	1.42348449902	3.3942406219	8.92095660088	6.26183514914	6.06699853426	1.62338096545	5.77572231397	7.6750095034	-5.65320364076	-3.82327832154	
8.69605422491	8.9783162731	4.73909368997	5.32193563058	8.4239863425	8.9696148754	1.1653565097	4.4623260993	8.87241474014	8.66866783414	6.23419566583	1.61219503123	7.10066422756	8.99999977598	7.17011124125	8.99999978858	
1.09779415707	4.63721250004	4.76093606162	2.0865616879	3.811624227	7.54499675575	5.28256500782	3.19204852573	2.71998314094	2.65780030528	7.05113968282	4.49243365367	4.73699767013	6.7541310462	2.87220594338	4.72160068653	
1.23626165704	4.75393546911	8.85000649947	6.19743665159	2.67501612431	5.95452256848	7.96476516806	2.2373454552	2.39748686659	2.69536894625	6.33846242159	7.50534824426	-0.0476218140824	1.85190910129	2.03051670855	3.86044551657	
1.80255156857	4.70032857543	5.17596193054	3.14328883657	5.22298839021	8.92332113506	2.73063706442	3.2276678487	2.90379531493	2.16102003049	6.4681158264	2.03038475147	2.51677843009	4.41635493595	6.93904710424	8.76893257378	
3.43876214305	6.38437871925	8.28438178381	6.20386918465	5.62612532956	8.79703693786	1.18932113381	1.674058513	2.65866652032	2.49305612017	8.65676069676	4.18357308501	0.627074464154	2.52649645102	3.82654902045	5.65642171001	
8.50348274783	6.72288580806	5.66608254461	8.31178354148	1.16533269079	5.79645269246	5.25408498794	6.39631880159	8.22151171306	1.86938630601	8.61184933359	8.20747162021	-4.19232614702	-2.29298192649	7.14749688531	8.97743987205	
7.0389101488	8.95567403392	5.30758799507	4.25592825246	-2.15851337637	5.66630072851	6.30827674949	6.56773096876	6.15146462575	3.62856879395	8.97899411755	2.43449936434	-5.84705757549	-3.9380840837	-3.11880207635	-1.2911823329	
5.64082148226	8.63193246756	5.86899425013	3.74261168387	1.3038555779	5.57727835433	8.79890558432	1.89528473287	5.18299656871	3.90249125854	6.07156604032	8.9999997688	-4.64246212125	-2.95204741959	7.26433862427	8.99999976876	
1.21077295757	4.61236762177	8.91888341539	6.38239272682	3.2913095166	7.35136039374	8.73165369	4.35473185786	2.21128230172	1.61248205797	8.98066934669	8.9131914361	-5.99381983046	-4.09443068742	6.76144371732	8.59132603214	
2.13384762248	4.6120659206	6.18877415853	4.57565982508	1.44565703185	5.8892971519	6.6090475376	7.13089679621	3.55742267979	1.65164014187	8.99558167637	4.95272695975	-5.40119959397	-3.50183146653	0.999317986438	2.82921634872	
-3.07724607541	4.61657309598	8.99999394151	2.17127844294	6.3940501213	7.46841359673	6.83931843137	1.79156334106	3.1710227431	5.62667609923	7.32114748049	7.85576375487	1.12794314408	3.01957663075	5.12011093528	7.00342677197	
1.32587720355	4.66890618042	8.99530638007	6.51738138999	3.54063128123	6.57748812981	-1.86486287508	2.21842147177	6.61477023871	3.02383960262	6.30010811623	1.78774873059	6.97596990996	8.86698270484	-2.01293099521	-0.129824048152	
-3.04178418672	4.61694947176	8.93887750759	2.1452395775	5.97783479726	7.49757637388	4.06943545465	3.06462684834	6.48683305111	8.48050300677	6.32201234957	2.83110998861	-0.578052302507	1.3324513977	0.756639605191	2.64522555969	
-3.46294857361	4.61994038415	8.99997883271	1.78206044338	4.13224674145	7.50500540096	4.86491984662	2.70934131196	3.10275223483	3.62021243442	7.98463103706	5.27803901147	-5.66047520264	-3.49787904618	0.752600302083	2.71983733407	
1.22232200282	4.612917266	8.81578247692	6.29029118337	4.81670411488	8.86659883882	8.99999309302	7.57932721629	2.21354149548	1.6139383675	8.26079067892	5.24801693201	-5.98012911129	-4.08067357783	-5.54535959715	-3.71547224579	
1.31039341757	4.65862154716	5.21328082768	2.73015658187	3.40656214885	7.27723779101	3.43540913363	2.92126441073	2.44901807881	1.98634941134	6.75112738863	2.87412485936	4.97779227937	6.87738592395	3.29966166556	5.12957820921	
5.45739482164	8.86106632717	6.36328389806	3.82390036116	8.49596204301	5.65626862591	8.61440799455	3.54983464039	2.17110414484	8.38472007548	5.97462195523	6.68337227575	-5.99999976861	-4.76616078395	7.49613820716	8.98916364286	
1.27084089403	4.70309511069	8.48572120962	5.91857097085	2.09696451935	6.06035080921	8.98707686196	5.13640255906	2.39429052291	1.92279896063	6.37732572075	5.75295636582	-5.86549996121	-3.96612877185	1.96470259645	3.79459642855	
1.22321899722	4.76052484764	6.87936065147	4.20715877444	4.81985946136	5.78283342721	8.98796024271	1.94126347799	2.69909421671	5.33307537838	6.46724681731	8.93384056869	2.00742144552	3.90681391958	-5.28557349138	-3.45567201633	
4.62242696651	4.74480720379	7.65984013281	8.40256387212	8.24652165584	8.89753593158	5.36026101197	8.81718456286	5.48222985029	5.0132699643	6.23359384666	1.6114676513	3.64151987888	5.54094110919	3.62938720368	5.45927744922	
1.4854594913	4.85379938826	8.41704661199	5.91381069393	2.85083486221	5.6866400374	1.91634518759	1.61385197999	3.52168147043	4.11383875004	8.71907222527	4.61045432939	2.10965303152	4.00900414162	3.92427962549	5.75418388394	
1.47139081604	4.6123798849	4.73966984506	2.46378474419	4.88237849988	8.86757251235	8.30735616628	8.31713086073	5.27197425142	4.48746473848	8.56117497554	4.36756735405	-5.84489967099	-3.9454662644	-2.17902554416	-0.349158760677	
-3.13350651153	4.61730928371	8.99554768466	2.10981804571	3.65157534729	7.44389708672	5.21263368778	3.24158846346	3.437595311	3.21405613639	7.14993819897	4.57056788463	6.86775019546	8.79116209953	7.10648017993	8.99999974026	
1.1661704638	4.6863280702	4.73953772259	2.08448454082	5.7132272252	8.91920597714	5.27107885253	1.89554600395	8.62659096339	8.99994160847	8.8941565686	7.70717196813	-2.25705222033	-0.35847882282	4.5564100187	6.38615409817	
1.66575616569	4.79275825975	7.7531071494	5.4912090313	2.92203794339	5.66441911906	2.25172304367	2.481241778	5.39357572135	5.83782375375	6.27473541298	1.87543950666	6.98997384122	8.88933437814	6.05185865825	7.88176764892	
-2.24683772892	4.61657491469	8.98081782234	2.9825091382	1.65843113119	5.88450938264	2.38032736258	2.10013188746	3.00222159226	2.12226279558	8.75194107295	4.70286991347	1.16238740319	3.05345019591	6.52176104897	8.40481244085	
1.48375885051	4.70171151685	8.03388250539	5.68103381303	2.81097162453	6.53952671715	8.99999979486	8.95883926112	2.44813993287	1.99719189002	6.38303774402	2.16344298737	6.74147422178	8.64086777518	6.00452925967	7.83442523089	
6.444716895	8.39523109893	8.77491526353	7.68950503489	7.85216087137	5.77370986897	1.16683672093	2.78445378941	4.30287504923	8.3914445189	6.26254196488	1.65165762361	-2.18503745127	-0.285716294588	-5.78390331046	-3.95399791197	
1.55389335386	4.86147060767	8.68904598591	6.24657271264	5.61610079028	5.88146581587	1.85727985519	1.74293007588	2.7002388296	5.80214357971	6.79145557633	2.55538839807	6.96502070728	8.86446839214	7.1321368943	8.96202653519	
5.71561043574	8.71500512386	7.68646354354	5.55217283573	1.18141485481	5.66393411372	8.99680501758	3.00790231394	8.99999976872	7.57645735236	5.67247694148	7.619253774	-5.87890967293	-3.97961154498	1.71191726682	3.54183424131	
1.2034774981	4.61263290709	5.72223464161	3.17818319645	4.94932971638	8.98789309762	8.26891259991	4.67900805086	2.24252446423	1.67282505218	8.47974848508	7.61764116731	4.96724184323	6.86670182293	-1.478644279	0.351229030811	
1.49179442291	4.7526456428	6.40175466922	4.00600742118	3.22653284072	5.75770025551	8.99998590201	8.98430536448	3.10418317303	3.89350640888	6.2123646196	1.9244066705	6.90722324803	8.80660249326	1.57934304176	3.40925102647	
2.19389324835	4.97408640026	4.74085597992	2.82576674286	4.73701429435	7.96280310296	1.51927076924	2.21396805429	7.01495843044	6.62912579862	6.47555824875	1.95776230119	5.61343303825	7.5129888569	-5.5891998135	-3.75930127053	
1.9346295104	5.10181820373	8.99998595633	6.69790125146	1.37104314924	5.66529040267	2.14886261657	1.61493754728	4.81329458381	3.74579324611	8.83217568954	5.15620597671	7.099849703	8.99906758057	-0.275345847241	1.55455751291	
1.42411435801	4.67016306325	5.05701443529	2.67606966358	2.11641018959	6.17083144636	2.58537822404	2.26868325635	3.03839168339	2.28971237204	8.90568763892	4.93349579394	4.62784371287	6.52729350343	7.16862827461	8.99852247884	
3.35341135271	4.64638798527	4.89547652731	4.4676038474	2.26225205083	6.31867240863	6.45657783327	8.60530178817	5.39812661245	2.694366332	6.77141180109	2.28688090738	6.99062785846	8.89004509559	-0.460631567443	1.3692449317	
