2.03540518407	5.0673413895	5.31146506042	3.80772634675	2.19674599806	5.79337096548	1.528325481	1.84648238963	8.74715694236	7.54115899142	6.64554819735	2.29052557928	-1.73068406201	0.111401686299	6.572232684	8.4048129408	
1.74714625318	4.62145760415	5.17767192782	6.16528935978	1.41101928097	5.86034367542	7.50410176269	7.15711697747	8.94376509801	4.39372336966	7.76398738736	4.2317165304	5.81294236369	7.65501747496	4.59423992513	6.42678336436	
2.17409189245	4.87864040422	8.9990985006	5.56804058223	1.94176793423	6.07411523494	6.10419097979	2.26079129266	1.53612524341	1.72173507433	8.56479083584	8.69869835078	1.47211512841	3.31418766767	-0.8274913376	1.00504933082	
3.41772134034	5.6916929401	6.14081477574	3.53855616582	3.22442576918	7.18802045263	1.28125895424	2.38284722847	2.19196950423	1.71753711126	8.9996349407	4.61912625463	3.62579246941	5.46786412508	2.35195014583	4.18448359762	
7.23212196476	4.84250098778	5.22225388352	1.6465560001	3.54352000339	6.09171339555	4.41369467007	8.96744183997	-1.47976075797	3.32287270847	8.8980104614	2.84126930741	0.957872589239	2.86714175296	7.16129403093	8.98867181485	
1.30449897611	4.79248167715	8.37988867548	5.43665477369	8.93091029422	8.98076582319	8.65844635119	2.64611375223	1.81942792119	5.59973376868	6.14626075258	7.66563892041	-5.1997230397	-3.35761819886	7.16648207515	8.99900398406	
3.03560061295	5.53315775348	6.2858745812	2.70703008881	5.01407355275	8.85452140624	3.73304860372	2.63619934341	1.19699901983	1.82231661677	5.86497039833	3.45929648335	6.43407052683	8.27616179346	-0.955772950442	0.876749063066	
1.364281366	4.77215198037	8.27464740136	6.87564353944	2.22552458817	5.6493875558	3.62383336881	3.16195984289	8.6392322147	7.501271165	6.16518751572	2.21424827177	-5.67415258332	-3.8320757521	0.809006335146	2.64155398815	
8.92489025461	8.92777564863	5.31180651689	1.61220312873	8.08480459646	6.17938182309	2.57731636218	4.62124088278	1.43658159885	7.92841306785	7.50360815109	4.45194952909	6.93810832118	8.78008509125	1.46689360516	3.29950463244	
8.91805308975	8.98083358126	8.99999759943	5.56465364907	8.87887723213	8.91482666952	-3.07012875857	4.56146303287	8.89365882013	8.93042069791	6.06150574665	1.61172224105	7.06116977625	8.88576967482	-5.89264339102	-4.00670084497	
3.46545963042	5.33402723539	5.42865030038	1.93693341259	1.65070771475	5.82928879263	5.02757189399	2.84281177472	2.17805888708	2.37807478019	8.96610929048	8.27737747594	0.491600120706	2.33365180071	6.55447374679	8.3870252959	
1.81434283583	4.89540321633	6.72943586783	4.40128108922	2.04284848115	5.90702575904	1.80894851951	1.94983938232	2.79386715849	2.14474341313	6.69409635335	2.4672046216	7.15790063177	8.99999843754	0.507103681849	2.33967554184	
1.55475840437	4.61849061137	4.92769478916	2.17525282761	2.19346836223	6.22625535467	8.77995204332	8.77227539619	3.29583640022	2.90239923847	8.98048195322	4.91947389503	7.11831517786	8.96039678059	6.68976846709	8.52231761539	
3.89780437342	4.62784324438	8.99905725679	6.04386240172	1.81234450386	6.0585284672	3.41475765965	5.834473707	2.02166034803	1.61758290347	7.60540969389	3.45069829508	4.03753589388	5.87961660023	6.57181395447	8.40433985627	
1.73018939323	4.65539245561	5.1049290038	2.09073476106	1.79738895003	5.93280398766	2.78118913896	2.78579495242	3.3487485337	3.114432829	8.59191292109	4.65715523647	-5.97101181696	-4.12892177951	2.28295619505	4.11550738073	
6.1130415716	8.63463157411	8.99994020299	4.13128325574	7.2305436218	8.99999801717	-3.07028494122	2.10267944989	8.98040005111	8.71677560229	6.23549508705	1.78572473459	-5.60070443583	-3.77612987925	3.90974375965	5.79574908535	
1.69258538309	4.80498557557	8.62288897976	7.80156498516	1.71617983394	5.65119468048	7.60317298228	7.69598924364	6.30550895686	4.0787194089	6.07993360309	1.86977202445	7.13914806882	8.98121918386	-5.95488555997	-4.12236607547	
-2.31060104926	4.62422613312	8.99993366755	2.30458354286	8.9622145725	6.28427930618	4.50950976216	4.84308433599	2.68912826142	8.96025703463	6.15955270437	1.87527659169	3.97971338977	5.80429674122	-0.523149376687	1.36284251632	
5.08416816586	4.74707485612	6.66596693083	3.1352722434	2.16557909057	6.30023611024	8.71807869582	5.87442767955	1.34848864599	1.6314251167	6.48939139282	8.66519264142	2.49247019728	4.33454228357	-5.89046018595	-4.05791778591	
1.78424416064	4.61865485226	5.22575897937	1.9172205265	1.62741411021	5.83237113323	8.99977424751	8.00878086199	8.99892952397	8.98941147368	8.71514174041	5.86677957886	-5.99861289965	-4.15653514905	6.36251428412	8.19505881503	
1.24487336467	4.61928913073	8.95911397253	6.42110261448	2.72250171624	6.79084062963	8.49269225168	4.06258934768	2.2569107639	1.61350221297	8.73692170648	8.78764492348	0.363979281041	2.20606817934	-5.88979388607	-4.0572686581	
5.28069749926	4.64009322396	5.25953264599	1.62787575395	6.38319716183	8.99056810118	3.16491771112	6.5796962144	1.29738376927	3.20862716	8.5380106109	4.75883416918	3.67470164617	5.51682799938	-0.748603122368	1.08389151772	
1.29494957306	4.75408720665	5.38544389761	3.83187284067	6.34600942039	8.86158154068	5.6304863055	5.05850378858	3.32728415214	3.25223963511	6.19446929089	2.30231323701	-0.543037904283	1.2991007301	7.16749441788	8.99999926883	
1.18971615235	4.71006615224	4.76951780559	2.07895847582	4.80566553342	7.43616587914	6.32388104624	1.82001605458	6.76164356893	7.70862937657	8.69430269756	8.6728463792	7.15789862934	8.99999992567	-3.32893939729	-1.49641555579	
8.93505879866	5.91275858466	5.19058829797	1.61497834161	8.59087712467	5.95206657124	4.97081309919	8.97987865864	-1.82034496642	8.62204513062	8.99992954592	3.66714849911	-4.17454505807	-2.26559557768	5.32684331949	7.15421815789	
1.22427500108	4.61869992938	4.84556908427	1.84559292903	2.68073153951	6.41813592306	8.97801190193	4.72836205622	4.14146866851	4.29077846879	8.99999939612	8.85044172068	1.84432887027	3.68621009821	2.85161724178	4.68424827825	
4.51314011151	5.07030906056	7.8215041364	4.78348914639	1.34730412921	5.82674797141	6.19466273788	7.68007971084	2.19976906574	1.64525265673	5.81264499724	2.76509953753	0.330492198122	2.17257450962	5.32309312209	7.15562298354	
1.80361101075	4.63925729349	6.11879688959	5.51639109417	1.38987837202	5.84833490494	3.41617780456	3.11463672293	4.64980534356	1.68064939253	8.8931278405	5.35408376721	6.06285959678	7.90493256656	2.45596091551	4.28851681411	
-1.73061077575	4.62422359571	8.98268712741	3.53551891697	7.53540133437	8.99995939686	1.49403634556	2.79517343861	7.04205344529	7.67925818535	6.09719786204	1.6685885927	-1.75812603406	0.0665061884962	-5.90291777469	-4.01703091155	
2.34623072923	5.42605262302	5.0808686954	8.88529762287	8.24915978618	8.99999976863	1.29352591901	1.61225106059	8.85138263798	5.18303552839	8.87789497007	4.47438098453	4.95870166631	6.800793114	7.16683658774	8.99935336147	
8.95659943821	5.31978299896	5.43486559523	1.77556558527	2.57893583727	6.24324690295	4.76952094651	8.35293530786	1.37652092715	2.25840891132	8.17431346312	7.22277435228	2.33717368167	4.17926224901	-5.01018969839	-3.17763039434	
7.72903838546	4.64468404823	4.91885230782	8.54010296173	2.80146226561	6.86627979899	2.43193964202	8.93538908799	8.99998997486	2.20083572918	8.98136606867	4.55731192182	5.02288202912	6.86496734014	-5.68079010415	-3.84825616313	
7.73336616789	4.70198430032	4.89378190402	1.99541561268	2.29693822519	6.23241802158	2.01044403865	8.41017026668	8.99967500208	8.84946370859	8.39961514155	4.02632361191	0.234090572778	2.0761616557	2.65255684364	4.48509289102	
8.35505730533	5.47687589674	5.21020044573	2.03872307846	-1.82326658024	5.66637736952	3.73950798288	8.34669673764	3.6623108428	3.47594773094	8.99999623343	3.02114057444	4.54010095592	6.44909615314	7.0550422495	8.88240193374	
1.63766377582	4.77261968055	5.90205450636	5.51751158434	2.8382034258	5.68521527366	2.73235380437	2.95425297206	6.53427785773	4.95870479914	6.19960355348	1.83780818804	6.76926180438	8.61133422722	5.32605389026	7.15860157721	
8.96861595602	8.99326825123	5.2061922565	1.6304646245	6.34898693447	8.98945924267	8.42472230638	8.99998665793	-1.84322135803	3.02617984053	8.66245568785	4.01072836261	7.07925056895	8.98839919664	-4.99179296173	-3.1645741411	
8.82498092507	4.84652215462	8.99995153249	6.23290757598	8.96520543819	8.99999976494	-2.46381315208	8.99997782071	6.44119483759	6.01985697732	6.06098496287	1.61119687071	5.55316111352	7.37775090747	-5.9686074067	-4.08266235097	
2.28115278378	5.03823434803	5.3552697268	3.32116986318	1.42583003062	5.79764426006	1.895834446	2.07557931654	4.1951131766	2.74428243024	7.65504769889	3.7132935728	7.15794327423	8.99999980347	6.89784526224	8.73039819785	
3.05635426694	4.84969463498	8.50523071702	5.33396448433	5.01849935653	6.27996639737	2.7421759545	4.36003801807	1.70698826937	4.50369507797	6.03905840924	1.62290526365	2.09997605252	3.94207216368	3.307310755	5.13986311154	
4.74200300579	5.60990767493	8.99576232111	2.50327201802	2.55129556216	6.56768331058	-2.96417364714	3.80369376125	5.34908456915	4.5211387195	8.8724607571	4.42269491563	7.16601569996	8.99056852238	0.498779822543	2.38478803372	
4.72936392184	4.62425598201	8.88880357311	7.36604215293	8.94354717484	7.59149968916	1.23580772331	8.88668056462	8.46862100714	8.12941526911	6.06093237035	1.61114475069	0.408902278746	2.23350461718	7.01922551707	8.90521540519	
-1.83642531465	4.62437190725	8.95689550499	8.94908561568	8.89726471147	8.90423776441	0.951395794713	1.61168589904	8.69791145808	5.82354124213	8.99818617324	4.63425550334	-0.80066948474	1.02392626925	1.43840268606	3.3244083442	
4.90676748027	4.6186848976	4.76310921108	1.61210973023	8.85349342761	8.65195458263	5.14438191378	8.86205269273	4.73944782198	8.97893360942	8.71105405645	4.27647321427	3.82864157224	5.67074919012	-1.47915466102	0.353326500707	
2.5053520867	4.86693958626	6.20076698736	7.07374521639	1.21030501447	5.78215177514	5.28001492001	3.03674937641	6.2789274867	1.72099260998	6.19198369304	5.06872746385	1.7627956805	3.60485328718	-5.27818235461	-3.44563935902	
2.31044307469	5.39610194665	7.97177853868	8.18183502914	1.22286090929	5.64955016298	6.30199799504	1.71518239979	8.99999839655	5.25013782294	6.37688357614	6.87311016425	-5.66046818582	-3.8184182194	7.16746163935	8.99999919748	
3.64442993391	4.67650528635	4.76800536844	1.81755306338	8.90335761384	8.45042149251	6.30953037059	8.76242581917	3.75700056752	8.0473129111	6.52483113981	2.03489174343	-5.97612202145	-4.13402333372	7.12132734828	8.9538489843	
3.03284398091	4.63363726963	5.68841001919	6.91151245021	1.28438453121	5.81430971615	7.58969971659	8.69750604064	6.68962892944	1.82349779294	7.08309043838	3.36955002978	7.15711012811	8.99917776476	7.16743736101	8.99997666277	
8.49781456453	7.11138495809	5.34427492062	4.19030121217	1.20853870396	5.78647856814	2.56623826449	6.1983502212	5.68487329264	3.14836061217	6.07117798497	2.82000021583	-5.42550673615	-3.58242140207	6.53362203502	8.36602232918	
7.99000351614	4.90756954845	4.85821844914	1.66494812269	3.20226896727	6.35284076332	1.54620578851	8.01856490734	5.28338955713	6.21296451535	7.90586377758	3.51101714165	6.50037970285	8.34241986137	0.257145422311	2.08969438887	
1.6602858428	4.9370695199	6.71370839581	3.3153312403	3.87282145899	6.17202104228	8.76257008975	1.82390227323	1.52592930024	3.51200509384	6.34291401184	8.99985640673	0.847057844342	2.6891372494	7.1674536943	8.99999988172	
-1.82608290665	4.63738019495	7.78175063594	2.15014267223	3.63357879368	6.78542891109	6.41226280741	5.83289811072	2.90216873549	3.08059068306	6.73565244367	2.61552651815	-5.85111910644	6.54770691527	-2.06409529388	4.52477175957	
8.36368113263	7.15157181926	4.76263775487	1.87614345601	5.14095869081	8.83781230299	1.19005626753	5.83187172154	8.92340776652	8.99999832147	8.94242811031	4.50772699401	-0.405186071766	1.43693679723	-2.18176979429	-0.349266077075	
5.87493930808	8.87424144911	8.99024759834	8.98965196412	-2.15650675167	5.66623746502	8.99998038618	2.91513857183	8.64082266084	5.06598350249	8.99812178155	7.71833883205	-5.96680266447	-4.05787855277	-5.93688387054	-4.10953400177	
3.3658519989	4.910988772	5.20530159256	6.63758254781	-1.87681717912	5.66642487723	8.73474695624	8.79211801002	8.99537146471	3.98746047794	8.99795456616	3.30980721668	2.04231449074	3.95141365848	-5.83470678205	-4.00734165372	
-2.87006819386	4.6242206839	8.99991163486	3.15032979249	7.50060430784	6.48146491462	2.5087385408	2.04980960973	5.20301781061	8.77964015159	6.27781239832	2.41650972686	-1.12813904476	0.69647878843	-3.39955575178	-1.51361480245	
1.5210692553	4.82128912771	7.20070744068	4.67483436272	2.45181214722	6.08846993568	2.03388909526	1.76120555592	2.43533899706	2.21146516178	7.51278838819	3.48029753787	-4.95090834714	-3.10881672415	7.16745375324	8.99999186661	
2.56047312643	5.52122604905	8.99988715565	2.58569421839	5.27905231256	8.37975075918	-3.01081531091	1.72232703953	8.64443399669	8.5957643546	8.97312140951	4.52334553585	7.14354782213	8.96816190596	-4.4766595569	-2.59073131049	
6.05109879225	6.83177140409	8.91450200128	8.79812348293	1.18982267371	5.64935365285	6.76572090928	8.9919685966	8.27540780673	4.81912130864	5.62589809997	1.61406675315	1.54836840277	3.39039671646	-2.29559106969	-0.463037030586	
3.48092076784	4.66321176879	8.54787670212	5.65675259983	1.46266479948	5.8818265253	2.79774896844	4.45278858313	2.25373204106	1.6125904997	8.3171127722	4.47484211616	-0.228286597636	1.61378667545	6.29095392758	8.12350114841	
4.45844610915	5.2084065876	5.32181843414	1.62384085668	2.9403344166	5.83161360067	3.07335300174	4.00042956835	2.23731290748	3.93088863537	7.9037370725	5.22177846778	7.15794342883	8.99999212935	4.13553852676	5.96809687266	
1.43654397407	4.66818483532	4.76445917734	6.50986906124	4.77142467402	8.72128452056	2.52318744733	2.36029074475	8.90739767204	4.09905800381	8.26560783098	4.19188879031	-0.663190232436	1.17891412331	2.85993152038	4.69245275345	
6.30482828356	6.12512575644	8.94968930135	3.78767786988	4.91960378557	6.96682166331	-2.88515059979	4.81785886101	4.37262952578	4.29585376084	6.06849838431	1.61871922503	6.60277443005	8.42735687301	1.62641834053	3.51242017855	
1.25031712976	4.77535776467	8.52482162339	6.41418044209	2.19770202607	5.6493225414	8.99999972752	1.91992154855	8.99999996606	8.54591177285	6.43459170254	8.98469402734	-1.32233579294	0.519727441826	-4.68018985284	-2.84764335108	
8.71438849253	4.80110967294	5.27475363857	1.72187141719	1.91132734729	5.80917250377	2.47713071338	8.99764596383	3.92153012592	4.46205039224	8.60900750785	4.99840872506	7.60435475115	8.80813384908	4.36716994468	6.19788866537	
4.75141425111	4.62759583115	8.82599312301	2.05273154181	5.20512270851	8.9968045277	-0.788895303588	6.8554928575	8.99999998691	8.79275403503	7.31853635104	2.86874238055	-2.84537846104	-1.02071982394	-2.68138965974	-0.795444132348	
1.46286067677	4.75954057865	8.95115173951	7.16243596399	7.54409416651	5.69128713948	8.91071616999	8.83981133365	4.00896272014	8.53738417923	6.17979185159	1.94907406572	7.15777239344	8.99984404582	-1.06396269526	0.768580651602	
1.42763953459	4.76196998421	5.34120566643	2.01616065942	8.8106846704	6.10816672824	8.9378836364	7.07509638858	1.84772653066	8.76219076663	6.17353362247	3.69704567111	4.85374639572	6.69582981777	6.98982433797	8.82237114752	
2.79500989981	5.51464723483	5.63682496621	2.33283759601	1.4814196388	5.75199984613	8.3811620392	3.3214288263	2.57079487529	2.49108444285	5.70141532901	7.03658417766	-3.86825269755	-2.02620089419	-2.48737247926	-0.654822674437	
1.49507081194	4.8374155356	8.72663019854	6.50188912224	5.8001990073	6.57684217997	2.01154748941	1.810762402	2.59227089539	4.92729032644	6.60475671273	2.45823204794	4.93282708671	6.77493333469	6.67791597502	8.51045164009	
7.30317286774	8.77013366634	8.87145084729	5.46997262185	2.61040631248	6.6778785634	1.72698721347	3.15207751179	1.40360302672	1.62449892901	8.41669237534	4.51970641956	0.564764379418	2.4068188965	6.62359490756	8.45613208261	
1.55639856791	4.62075270813	5.16340674456	1.61398518137	7.72609865733	7.62455289713	6.60270659445	4.00940667786	1.44041367531	5.97830108126	8.29243556097	6.81641660474	7.1437034179	8.98579494183	-1.40241483297	0.430110461718	
5.53510971963	8.25277941275	4.76282699478	1.98778600565	8.92523207662	8.93882081232	1.18886312714	1.91151157143	5.23055072536	8.87890743137	7.23391526747	2.788647583	0.311203527662	2.15327633189	3.99686940567	5.82940281023	
7.30004341143	8.99665767346	5.36713993149	1.66939866922	7.32752698895	5.78356319765	8.80304233948	8.99793697202	2.81797715331	8.9465359255	5.62324110487	2.72683397009	7.15797869883	8.9999988736	-5.96132147385	-4.12874918137	
2.82109470053	4.63784844379	5.31642420442	1.61340700754	4.91494386708	6.29745172635	5.91661532111	5.30333387144	1.3638774229	4.57129868794	7.01182760793	4.8033987754	0.47600692125	2.31809179535	0.209987852021	2.04251947737	
3.68036467609	4.61952356774	5.28741630904	1.61564220958	3.63619983644	5.95900695565	5.01583834067	6.56377579959	1.76539979044	4.00127384163	8.44440903951	4.95236128027	1.74402502503	3.58610812859	-5.32107654039	-3.48853875267	
4.19130103623	7.1441550727	6.17094153521	4.84506427546	-2.16387338621	5.6662394001	8.46036255786	5.39245768667	8.99990647583	6.75265937468	8.98702780089	4.72704977219	-3.86782425075	-1.95890570697	4.47038980591	6.29782331157	
2.6918361642	5.08546070033	8.99994018319	2.73712475919	5.98091295257	8.82289758377	-2.88599109994	2.4148418947	8.92329534875	8.98140960905	6.21423090942	1.7644447668	0.870591099371	2.69521243313	6.40475682276	8.29061133527	
-2.88805063596	4.62421063213	8.99999605642	1.71086378062	3.11498136255	6.51172179927	8.0420400646	7.08492326725	2.43643570883	3.10282131489	8.86469183078	5.41750683832	6.88451110016	8.7090370261	3.56200515541	5.44797540002	
8.48283743987	7.61299148169	8.84814211616	6.4251401511	1.2207276157	5.64926186008	5.11044455881	8.98788281363	7.56331372991	6.44465014556	5.6238092577	1.61130315731	-3.85032602711	-2.00829562228	-5.19997368388	-3.36742096615	
2.22385801254	5.04052906487	5.53018747981	3.17058963223	2.05952001004	5.87170620295	1.58481762073	2.12647839706	3.04069174341	2.47499151602	6.45173756599	2.08847672675	7.15787180368	8.99996601134	6.1279607178	7.96054668992	
8.7630664803	5.88798800898	6.0575956075	4.06718481297	1.199657543	5.79040092325	5.20799100008	8.89336273249	3.41619916278	1.70274151553	5.66589635773	3.85068354092	7.04806441577	8.89010031085	6.01486392314	7.84741307884	
6.91827406144	8.89551790618	5.51343748611	8.95265317129	-2.17038822232	5.66628342203	7.12719378795	4.27683704411	8.98893804079	1.97410802806	8.99976240636	5.49377225313	-5.79735535935	-3.88855223705	-5.1667660266	-3.33944726468	
5.77042135561	8.77726018915	8.99994589125	5.81302827276	8.90312087003	8.99926052561	1.41814122895	1.61168901438	1.57565968786	5.55330891991	8.9999999745	4.79469706926	7.1568518084	8.99888876726	7.07263727572	8.90520559937	
2.79848169319	4.81524554244	5.70886391174	3.71119124045	4.40350410656	8.42068569521	1.64958748374	3.0413650626	2.81764114749	1.68505568058	8.48147494601	4.06796531433	-2.57852202255	-0.736427019533	7.15528045424	8.98779900202	
7.65842697442	4.73044846262	6.03001909749	7.2558817213	1.21851610245	5.79667449957	3.02421708041	8.20854061963	6.61925886547	1.70212569352	7.6265468949	4.36526965599	7.15078823015	8.99284377322	-3.63587352796	-1.80333344398	
1.65111432441	4.72751930768	5.95215040616	4.79646500048	5.56982932959	8.99822645925	8.70858547541	8.98501117001	3.63587896337	2.25012958959	6.27614032902	1.91830290982	7.14806486012	8.9902093827	1.55958547167	3.39209250952	
2.72617731305	4.61953226734	5.85789590937	2.27596835249	3.26153535315	7.20578304073	8.51726234907	8.45588730644	1.23007417975	1.75467020467	8.16923083104	5.3322897922	-5.40195179624	-3.55986116722	2.87447082193	4.70699979094	
4.01478278883	5.84071515182	5.278583192	1.70298042021	8.93041166161	8.38655770757	8.09520558545	8.40050431221	-2.1533609041	6.211013714	8.99993739469	2.50575075105	1.71450045862	3.62347270603	-0.768371980594	1.05902279926	
4.05600926689	6.96826734713	5.91505254259	2.31039379716	4.99422931804	5.68238889936	5.0209006324	1.70832341617	3.65792379257	7.46128647202	8.75771194754	8.15312265033	2.63310322336	4.47508930317	2.54769802795	4.38024533626	
1.85708639989	4.68037887973	8.99975279381	6.48350808843	1.47475958147	5.87107180473	2.80981012608	2.67256985477	2.64415534591	1.65098621923	8.83254946796	5.14155502273	1.73117116535	3.57324848524	5.81871507239	7.65126293808	
4.35775081874	4.86472698576	8.87267917286	5.64900723565	1.83478627211	5.84405473911	6.11650008139	8.79995548158	1.98071336413	2.08199567751	5.98676629474	1.79141279831	3.25576556502	5.09783501429	5.97253572771	7.80510380986	
6.05553051519	8.90447645274	5.51603613566	5.22462953766	2.04889795963	5.9122820777	1.25334524994	1.76964872546	5.0268585939	2.34171585996	8.88329252055	4.51316436525	4.02546603876	5.8674900244	-3.00074831076	-1.16813259105	
7.87707386926	8.99998077135	8.9999999321	8.68998181109	8.85756519251	6.88542300421	-2.86805586905	3.50135788065	8.98741274266	8.10897701815	6.06654236323	1.61677110324	-5.83615193044	-4.01160078751	-5.71303992627	-3.82700686928	
1.77200230286	4.74926699582	5.32645103752	3.51171357274	1.60517300807	5.8746490947	2.31918657319	2.33238340564	3.82685882852	2.2590188798	6.86902617369	2.87362287866	0.616368183227	2.45844725608	4.27825345457	6.11080534107	
3.58106206917	6.50389179265	8.09141933053	7.51380639144	1.19091793839	5.6752566603	6.74104977045	5.22438778591	5.42367742698	2.40383311528	5.62905761249	3.21796346146	1.2674749036	3.10952323658	-5.66211029755	-3.82955771434	
-2.86082362377	4.62419700284	8.99917949185	1.61193852965	8.62352257615	8.97176050212	8.99167575701	8.78178626849	5.3165401817	8.99361752885	8.85088449807	4.81963122611	-0.326959793436	1.49768559145	6.27350801231	8.1593938283	
1.89331821559	4.83351023724	5.18756600157	4.28086911872	1.65569695276	5.86214242685	1.98829486831	2.17228801034	5.78194964472	3.36909253576	6.77660640365	2.64748699084	0.630447671072	2.47252974808	3.86987884554	5.70244552785	
4.3583631283	4.96532748937	4.86786261717	1.77504823598	8.70059308351	6.49238944274	1.52817539459	4.37040471821	2.81111162288	8.9990562886	6.57091904059	2.1167551785	5.42040036823	7.26250867714	5.23929030156	7.071821816	
3.36878835502	4.62557538407	5.31642191553	1.61140771046	5.17924091147	5.9655746201	4.72404738024	5.1521543386	1.68061308254	5.48620715462	8.99998766329	6.31013584896	1.09675827375	2.93883947177	7.16747708137	8.9999997887	
5.83513212362	8.84212203099	8.93178158267	5.35808460553	5.7601811439	6.34601721545	7.14676037422	1.63534385826	1.28615423834	5.16090390694	6.89281192246	8.39230470547	-1.57060920789	0.271442192133	7.04163821827	8.87417512075	
