-3.30611672305	4.51254463968	8.81320053952	1.86001583337	1.54447805677	5.5777695467	-0.423847316252	8.99484680018	-1.51137081222	4.95217807516	6.38735284842	1.9664617474	4.16953135746	5.9024794989	-2.05570823859	-0.338451628569	
5.53095428789	8.88408415209	6.86461609038	4.37577963155	8.84090876817	7.68454738379	8.99783046167	7.21777854376	-0.628549277349	6.4672283202	3.54824543599	3.39901683595	-5.9921678465	-4.63545018361	-5.65549669582	-4.1928885038	
1.29369274838	4.61830320472	4.12053994768	1.66103346596	-0.642804769326	5.64925552243	0.442240879543	7.99776564201	0.904575667198	5.4441611048	6.97616746287	2.57632699408	4.96842472604	6.81049131974	7.02931465692	8.86184591109	
-2.45670781244	4.55883336974	7.80141363557	1.65125980943	4.53615252197	6.20801044598	0.939666278844	3.42122442958	-5.68093898916	4.36814284027	6.33202144146	2.76011026072	-0.219533473737	1.93479741248	1.74726343827	4.08399021101	
0.199518005016	4.61830986419	5.25701003123	1.70332206993	0.333076100933	5.65356861447	4.55300059111	6.09079513958	-0.683992598923	2.33446566646	7.56263301786	4.49932419545	4.02000261258	5.86203741433	2.52015958371	4.3525584679	
4.35462745381	8.86134214482	7.55469937261	3.91226532291	6.10626136676	5.5598342637	0.935712405944	2.9789099231	6.35025363991	8.35469482608	6.02521292609	1.63606465135	-5.76554704499	-4.4613131467	3.99228497512	8.92919930898	
0.191478694524	4.63027676318	5.7610572857	2.18736319324	-4.01857348765	5.64925413053	-3.58782618105	1.74505229456	-5.16655870698	7.26282138293	2.1342263866	8.99422416429	5.30467826889	7.14674424902	1.06787124929	2.90041025648	
3.42285593379	4.55654087038	8.7012352651	8.43300084546	-3.17952652216	5.81287911538	-2.50848277102	8.08436959698	1.23931698557	1.61143196418	7.38136027334	4.24697613377	6.91677232438	8.95048149168	2.86409246376	4.74455764954	
0.30235720554	4.61830333028	8.99999334252	5.54915119399	-5.88921763125	5.64925459757	-2.74737149117	8.79033383397	-4.21999355862	1.61167869076	8.39089327108	4.56470153073	-5.31630511494	-3.47423940344	-1.22804507677	0.604489839892	
0.180497917609	4.61928333762	8.33747231811	4.76379086829	0.18725502914	5.6496773101	3.13707317343	4.3267477165	-3.58496762381	3.19855717689	0.498932087362	1.65088799742	3.08639391289	4.9284575672	7.16747597624	8.99999944736	
1.21860734651	4.68937782633	5.06494485667	2.45927833313	5.32984423771	8.91401059391	-5.99488305756	1.96858102654	-5.89714972094	2.06534944918	7.16605704967	2.78092541042	2.04475624079	3.88685111517	7.16747030844	8.99998440305	
0.720589278286	4.61831819794	5.190281983	2.15765703624	2.17283168645	6.2063531629	8.20472570928	8.18099078881	0.995188990886	1.78567284878	8.99999975715	5.02550654005	1.24955036697	3.09163491124	-5.53499243984	-3.70246946662	
2.33950580934	4.61830343417	5.85631923683	4.44262558637	-1.98904381129	5.64926826912	-0.35880159653	8.87899834209	-0.237175112767	2.51508632637	6.10131190848	1.66974875244	-3.06260730793	-1.22054149614	6.80201598481	8.63454731544	
0.180001722926	4.61875505147	5.20925007927	1.63560072587	1.64785250937	5.64925723877	5.1660169443	5.14667295735	1.86286562379	7.66978401702	3.26244740165	3.18586366343	5.28954405367	7.13160929489	-5.10740245897	-3.27488227527	
0.905520494659	4.62823313378	5.1823678153	2.32475915173	-4.43758332382	5.64925395368	-2.3965915797	2.54141293415	8.61894312287	8.14251627015	6.36937388181	2.56961850144	7.00221555715	8.84427981615	1.76021562386	3.59275414642	
4.90658671258	4.61833882403	0.470211578442	1.62356344051	1.46815813269	5.65296599974	-1.31380380607	8.99991110706	1.77058657778	3.91516461475	7.83466102839	3.40008680729	7.11755319344	8.95961519608	7.13671663588	8.96924419339	
-0.32028380681	4.62469832621	7.02943083193	2.94955250406	7.25078354251	8.6991820208	-5.65138373059	2.86121253824	3.29026252222	4.69248049301	6.10883545181	1.65919670126	-4.65618797212	-2.83203597158	-0.00824901216194	1.8781175695	
0.189594352961	4.62040830639	5.29653768818	1.7308277149	-0.413751682971	5.64925425596	-2.64461126722	2.50311746106	0.925332263978	7.20289586365	5.25503187951	2.55951698685	5.11067688357	6.95274490993	2.78197163177	4.61451854536	
0.196152909734	4.63466104359	7.90262191305	4.32921776488	1.43701633502	5.64925715309	8.99960193211	4.54122330498	2.60094102784	7.02286195719	2.8820834753	6.07088383167	1.6548657418	3.49693329376	2.84045940946	4.67300849758	
0.194404477449	4.62928857175	6.46090689389	2.89112678064	-0.389494235333	5.6504555124	3.90479542829	1.88590806537	0.0259665289191	2.16853842428	4.18660514602	4.49151782049	7.1579357414	8.9999998171	5.14146319184	6.9740064428	
0.179507993838	4.61830378249	5.18483742617	1.61114561171	-2.64066325761	5.64925370219	2.79117988761	7.50380464508	-5.11783392117	8.99941243883	0.414680332393	8.20489096642	3.33529633962	5.1773614373	-2.99108662059	-1.15855074484	
0.179467714268	4.61830321771	5.26073382289	1.68700231314	-4.9749072874	5.64925485062	4.92393049492	8.99999999853	-4.32336941162	2.40631177608	4.17738831078	7.55078989394	-3.01723263187	-1.17516178719	-5.28129136287	-3.44872175688	
0.527179386684	4.6196706607	7.25579125276	4.0284039532	-3.62768692064	5.64925366427	2.46262993512	3.91906369637	6.50523804586	6.41986683826	3.1085196397	1.63193595643	3.88070651672	5.72277174073	4.06738869161	5.89992582188	
8.85675692365	4.8536292263	1.27326784845	6.14149952858	3.09750210666	5.64934188274	-5.87959429681	8.99990165709	6.29896425934	7.21253290689	6.04574647379	1.61116040345	-5.9150824023	-4.07300831197	6.99317138358	8.82570057548	
4.50416273046	8.48406852373	7.91626526094	4.70626642956	4.35846036364	5.62354968795	8.99602028406	8.9925095065	-3.64153995249	4.38325654576	-0.234104062966	1.89454872143	6.29680350222	7.87995458032	6.52030574609	8.51630442046	
4.58464165609	8.98336341732	7.68145373509	4.1478347486	5.19181921073	8.7319545535	1.16232885573	7.8109229069	-3.84815181498	1.6123415674	8.51787986795	6.01491461014	4.72467731571	5.91087448333	4.42169092919	6.13140105192	
8.87826135631	8.10936512652	1.72137571691	3.35537594476	3.14490644733	6.92208084297	-3.60626669441	5.38733163074	1.63324402023	1.90407202381	6.38039951559	1.94581124519	7.15711822917	8.99920426351	7.16709046674	8.99960412015	
0.797508767863	4.61830572341	5.57775332027	2.62206033827	-4.91726655704	5.64924966427	7.00706292882	8.9640231216	2.33451647188	1.83633977582	8.99623654518	8.43929888313	6.84267389175	8.68473535272	6.51119870798	8.34375600022	
-0.437887965164	4.53458571084	9.0	4.89258148461	-5.97166119499	5.58490199924	-5.9999273404	5.47997905556	9.0	5.72739549398	8.90162661691	4.47836740008	6.97791176681	8.70778259396	-5.61723102231	-3.89621799474	
0.180564222638	4.61935084541	8.99992635214	5.42624370095	-5.6698766569	5.64925285968	-5.94414313151	2.79800872939	-5.92432187997	8.9875705627	-5.94413332306	1.64041994133	-2.68419858069	-0.842135364478	-5.99718884598	-4.16465556576	
-1.48124009143	4.61150297546	8.9999118913	3.77229326655	4.92098759996	8.96810907393	-4.78025816762	3.91561926437	7.93734253202	5.78207836367	8.8803675901	4.42145970915	6.85012924891	8.70459455042	-5.99999898955	-4.13802214584	
0.179543585886	4.61830870969	5.21051881241	1.63685766262	-1.33708479163	5.64925864453	3.82450704272	6.06786475574	-1.36564725993	3.58763620149	3.15057585079	2.94257895479	4.17307102893	6.01513585101	1.01297841423	2.84551581984	
0.353262820977	4.61844286616	5.18730115291	1.78722508304	-2.40248315013	5.64926764524	5.22624193525	3.84750920554	4.68138331879	4.99062988478	8.61496711604	8.79760142616	-1.63526428846	0.206800666079	-1.58732092627	0.245215649777	
3.47423123934	4.53069722951	1.80607075616	1.61697143407	8.97134042308	7.90832880412	2.95248679428	8.61257846264	1.67801884902	7.0187546702	8.99921949896	4.57976543744	-1.61485146465	0.120213273356	1.2324573247	2.95305231338	
5.38087999411	8.7419044606	6.99891059215	4.50219471686	5.02220278257	5.30887003253	-3.52918488741	1.6116437045	-1.97612859611	8.67363500911	7.91818004678	5.86357311044	-5.99999976116	-4.64592646259	7.53617941471	8.99999976875	
6.45137746971	8.49919526655	4.47496413226	3.29225032446	6.97541033858	8.91392948431	-5.99312817443	2.5705444479	-3.6037424262	3.7109687227	6.10874699819	1.67593290486	3.19414082059	5.03620231843	5.43710425691	7.26961474669	
-2.96842972238	4.60456894796	8.45229837052	1.74442226846	0.448298045956	5.68735331647	-5.79397165435	3.95205888263	2.35985614359	2.90892691936	8.89197096994	4.42764878445	5.61076644522	7.48261866535	6.83105659501	8.67974786086	
0.497495037083	4.61830386494	8.5636749433	5.30797008936	-5.97981050508	5.64925349871	-4.56641228738	8.56824703674	-5.01259811572	1.61148289133	8.99999783691	4.85012887376	0.748348390235	2.59041234076	1.1779197749	3.01045564102	
2.25820675267	4.61574198247	6.03688816638	4.54445688519	4.95544566452	8.99903030432	-4.50926238353	6.31021000076	-3.14961302498	1.61167375393	-5.99915690461	5.97585230081	-5.58546136869	8.82228839289	7.27369279067	8.99493926402	
4.30974685188	4.6194444314	1.44010196235	1.99550835606	8.98277798905	8.35432252336	-4.95392031818	6.88928932412	-3.40468132797	6.27857116695	6.27685808426	1.84230620302	6.76281674087	8.60488460201	2.26551738202	4.0980524456	
6.01737684676	8.99996333298	5.05167496582	2.93419245474	8.44207010516	5.90926999888	-0.600448533573	1.63577186195	1.19453235571	8.53614064685	8.15213308291	3.73287756027	-4.21915721839	-2.37713124621	4.75012427361	6.58267997232	
0.291942943969	4.59669807965	8.99999713506	5.56039297993	-5.95681351741	5.69725364399	-5.97742408446	7.02351179619	1.75434736104	8.98000249935	5.46388968804	1.61123615255	3.90207323932	5.79875599133	-1.67047963179	0.134603334067	
0.89797930151	4.64557897079	5.81666201807	2.93416632519	6.74740244354	5.65747485692	-5.99964326879	2.08627463363	-4.89585535938	8.46621987946	6.1561447733	1.82043534655	1.80208585989	3.64415496872	-5.73522982743	-3.90268998159	
6.0970396967	8.94947500543	5.75561974539	3.76828840517	-3.49523667767	5.64921156814	0.121116232055	1.76634295492	6.73843496237	5.16358164545	3.92848107995	3.12132371561	-2.8494959673	-1.0074813	3.09561902746	4.92817758758	
0.179531119378	4.61832106431	8.99991501515	5.4262290445	-2.9977787206	5.64925425735	1.01072708297	4.66975882037	2.17702299406	8.22664227937	0.478387182379	1.61168642222	6.35167366411	8.19373839809	-2.82494164996	-0.992409709155	
2.78170298101	4.74187183954	8.90043482299	7.80541294689	8.94028501723	8.92188094422	4.67351065099	6.33541067451	8.88220618395	6.77019218283	6.18143970337	1.6205347443	2.9302940237	4.75996184097	-5.94806740908	-4.05416862459	
0.244174462609	4.59521870847	8.99996918338	5.48578737457	-3.79589885739	5.61574595778	7.18290521712	3.94729688367	4.20412056855	6.12895413624	-1.6235469274	4.87469448757	2.32521126169	4.06440788479	1.90037749315	3.62071581449	
2.87338070507	4.61854461881	8.94554138996	8.06548145221	-3.44205519971	5.64925679922	-4.4247251009	6.12671310746	3.99220241057	5.53572080079	6.04488883312	1.61121000396	-1.20416148973	0.637906439817	5.89761386658	7.73014296866	
0.313157783338	4.61829051102	8.34941913095	4.90939022849	-3.59537269816	5.64928220493	-1.5759611587	7.99487227895	1.23628034557	7.34295019356	5.46817343622	1.611364511	-5.34674161688	-3.50465024581	3.35259335435	5.1851122887	
4.50149642026	7.50697548564	6.42148685073	4.28111176522	7.62027986077	8.9395941313	-5.99868709556	1.61337331064	-4.58203102254	4.33019030396	8.99997660116	4.58170086996	2.55299593812	4.39509219753	7.13831858598	8.97083448198	
0.180250754045	4.61830424027	5.19355760874	1.62060809801	0.799188622256	5.64925399258	0.618193438263	6.03094969975	-0.41992743863	8.37738775408	4.94660563997	3.2783878071	1.0597138179	2.90177944408	5.57217880722	7.4047156989	
0.0521164186883	8.30377364367	8.99760006013	1.61110166337	4.69270267068	5.15232556453	8.18618402876	8.6349062598	-3.53875125244	8.99999976894	2.73046800103	5.8634128263	-5.99999999694	-4.68849197356	3.12359918167	8.99999999817	
0.0733674857943	4.45997840776	8.24309095546	4.72152578792	1.8312901613	8.98943068923	8.98963959552	8.94051218578	4.24539000371	8.98477126998	3.36339065727	1.93770468512	-1.1228541013	0.765463682631	1.0343704564	2.6572791112	
4.20040602962	7.15502308734	6.63404192264	4.54452884052	6.33782482121	5.65022470348	-3.50498240386	1.6649600668	0.606037788918	8.97941944904	6.96911873009	2.54902363349	7.06146331255	8.90350647964	0.712689638624	2.54523693098	
0.523796642543	4.61830353708	4.9871849495	1.7577820291	2.08457795071	5.64925480949	1.86090775593	8.39605637814	-0.0654798031814	7.94785441456	6.32683474237	2.15394399415	4.8122028811	6.65426945007	5.29910333342	7.13163815179	
5.2429550012	8.99891759888	8.36360531987	5.11164896458	5.41128691262	5.62879193723	-3.29842734435	1.59308531628	4.73723172791	5.76230886017	5.77319607504	3.85310762826	4.83005060683	6.55186113876	-5.9988922612	-4.25147820436	
5.63777089783	8.60513259266	8.19858896451	6.09632821826	6.61952401145	8.65030273388	4.56998359557	3.50656078283	6.68463346226	4.30690861939	8.96554856147	2.72048057509	-0.502836412266	1.33917530814	7.16496039992	8.99742239374	
0.138714565153	4.57671484654	5.48486793569	1.91203448982	5.18580203765	8.99993886352	6.97693669454	4.19660800049	-1.46410344441	1.94046979079	6.02168788314	5.93761836588	-4.68433903568	-2.71454060023	-3.91243741582	-2.11063810113	
5.222560787	8.29951888316	8.70812380543	6.49626629825	7.71589355042	6.09990182068	7.44356647374	1.62991139208	7.65219866115	8.46809768821	8.99766240379	8.79179131959	7.30508297369	8.74035067681	3.87811830596	5.73918580696	
0.195524875655	4.63431345205	7.09558212038	3.52189752085	5.83305487414	7.82786062039	6.30644096383	1.62136146198	-5.99943464432	3.65736864333	2.5676598542	8.99996856633	1.03375694272	2.87585861442	7.16748818154	8.99999985443	
0.12469850009	4.53446420392	6.64400535752	3.09928069473	2.11869421567	5.58418959426	1.96343251409	5.70769996134	-5.66740668976	8.45945950447	-3.38114940757	1.63379433338	-2.60089400238	-0.87156418046	-5.99997428561	-4.27835717786	
0.18220301148	4.618305023	5.18237511107	1.61137711107	-0.308339304481	5.64925114491	5.37307011847	8.75616176515	3.37012185115	8.45830748507	7.12641878565	4.89023937266	4.42137659113	6.2634212981	-4.18069493222	-2.34810171681	
8.02096828215	8.99977726461	8.95531474963	8.84160975727	-5.97525723372	5.64922510333	0.496118636975	3.63952637565	5.0751476947	1.61530668955	6.95037375665	8.98730975663	-0.745694614575	1.09633718834	7.01854502631	8.85109622186	
3.8624659702	4.75781387487	8.8591338587	8.82888992426	2.53921928377	6.59280121999	5.2745653227	6.84965777493	5.68277858666	1.64849224132	7.08334373704	2.71011089952	7.11833313167	8.96039987626	-5.68320660942	-3.85066954165	
8.99192159482	8.9999921492	8.1436230091	8.99999999954	5.03425001893	8.81932334174	4.91960643931	7.79941643911	7.15248915198	2.74962820183	8.65854416762	1.64167967663	-5.72972172563	-4.00534663179	7.27952207074	8.99999941119	
8.0799549103	8.29048337392	6.13118082666	6.78575637655	-5.84956508719	5.64886799779	-2.72987095555	4.40806427176	8.99106380803	4.76304790495	2.97890383929	1.66439441617	4.27111791931	6.112746345	-2.45527932464	-0.622489163267	
2.53553583342	4.61838447206	2.94759346856	1.72984880346	2.6243159426	6.09162057402	2.68933646204	6.48512786857	1.48381177257	2.57175098187	7.21487955727	2.78185347318	4.85370837811	6.69579076904	1.05685809178	2.88937429421	
-3.61382721892	4.62409074116	8.99108956984	1.61827546963	-5.2995881326	5.63718575509	-5.96511179896	3.92187574565	4.12881901433	6.13335159823	8.84716552351	4.39730776441	-1.26268764913	0.562197600745	-2.23125051532	-0.345486785879	
0.180076048766	4.61880930759	5.811794069	2.23816478038	-5.76299817756	5.64944123838	7.20986674304	8.50524453868	4.43928680484	8.74395922628	-2.7676104544	1.7495394885	-4.59873549517	-2.75645652155	-5.94051263177	-4.10808820127	
5.45439077955	8.81751707724	7.49810714723	4.9992758412	0.190507050354	5.30791342054	-2.78161558643	1.61155300932	-4.29134095335	7.1911086797	0.426212186439	4.75568578312	-5.99999976861	-4.64507175659	7.53435359148	8.99975071155	
0.179525061163	4.61830387625	5.19164810653	1.61797326522	-5.43816440075	5.64925357632	-1.39734600258	7.07041502869	-3.86319997995	3.41817844103	7.30808152822	7.30482236067	0.808704216409	2.65076879942	-3.4563539369	-1.6238186557	
3.81333719574	4.73027248686	2.9165144858	2.86468311171	0.654137570531	5.64917345814	-5.89022773288	4.34500643414	3.84942879065	7.51565004206	6.07135103548	1.6369265493	-5.85891513916	-4.01694121745	-0.777640060073	1.05494260559	
0.192216540649	4.63101347853	6.3775572095	2.80386424976	0.0577867818959	5.64925377073	-5.99505841861	1.71949417912	-5.77769782292	6.90898443357	1.75700072733	2.41627189115	7.15793609486	8.9999994319	5.64419637388	7.47673684083	
4.28989171604	7.29717309702	7.86401835145	5.72184096018	7.69355529406	8.97140964991	8.99999992084	1.95425979219	8.76602559297	7.41618286242	8.98850788511	8.92099491253	-5.25706839916	-3.41499717339	-5.64949422476	-3.81692039003	
-2.76964685899	4.56099509562	8.49273998005	2.02729179008	5.97880092471	8.52064738582	0.446482886371	2.17382950761	2.94808189377	4.23042751776	6.61254415918	2.11392060701	2.11153261214	4.11194296443	-4.38788177718	-2.62745643208	
-1.30752477685	4.66855434784	6.708959565	1.63609151909	-4.98843474082	5.55774455174	1.1704882521	4.1760234013	3.01002919933	6.64813067321	3.05399694584	2.88479460151	3.7111478436	5.63292274885	-0.999405921189	1.55983440663	
4.9795016426	8.98631794089	8.95467546715	5.81296236693	-5.99203841099	5.15236428927	-5.83553567959	8.84767465797	-1.91987090939	1.6112987206	8.99842447154	4.92441695664	3.42952114558	4.61561368449	-0.414699358808	1.29804744981	
6.01638700408	8.88769787822	5.12870149396	3.12249459572	-5.43375748074	5.64921813875	-5.9985676427	1.74703307172	8.51097996941	7.62485445791	8.99997829308	4.68194372948	7.14492391936	8.98694615249	-5.84085466437	-4.00829180642	
0.918762571312	4.63254207395	8.17711538591	5.32843986006	-3.60188785139	5.6492563118	7.3317092262	6.74878417587	2.3468057745	1.71243830449	2.23348188008	2.97888653465	7.15793463842	8.9999998581	2.13953881738	3.97207686951	
6.9638472806	4.54869384308	5.64747686305	8.93128540801	-1.08882149251	5.69599180413	1.47394971321	8.88848741773	8.98429994608	1.9919116385	6.31878131627	2.56716133039	8.43415734145	8.55760109015	-5.01319688036	4.84696116243	
-3.63158219519	4.60402097019	8.99999966874	1.6295305949	1.91444490049	5.68067001696	8.98996604874	8.96512326062	2.1088470861	8.99871431531	6.36407927982	3.30865205733	-3.88350224813	-2.00791748658	4.60863321541	6.48119750492	
0.202041538719	4.61830340805	5.71326509271	2.16210720659	-5.88421577916	5.64925447169	-4.55013176534	7.96857355603	-5.82076984303	1.88495701132	5.47934560895	2.34059069315	-5.98911569897	-4.14704464764	-5.18239185038	-3.3498409225	
2.39993765999	4.53310487678	8.99357550691	7.72620824055	2.36689442903	5.58978416579	0.28897845314	8.9643206515	3.39305644348	8.97935579223	6.04249235498	1.61768235675	-2.31742581074	-0.585741120464	-5.90262120379	-4.1920032493	
5.72435283973	8.72031275243	6.77674962801	4.64589369287	-3.54895332139	5.64919865083	1.39475851504	1.62240431813	8.9999997353	7.57311232019	8.2531684011	8.77824296928	0.659311480287	2.50131301958	6.21618486328	8.04875367606	
0.179533603841	4.61833108881	5.22281688632	1.64912337779	-0.870540706621	5.64937388619	8.9999887368	7.07554687033	-5.9456323396	2.69770452205	-0.898169017633	6.28518911824	1.22675790561	3.06882661638	0.889581236076	2.72211842733	
0.179513001773	4.61830437981	5.18483254023	1.61114513616	6.31983552873	5.65319676812	6.78806794832	8.93051361606	-5.22146888884	8.35966334494	7.34301917804	8.21074854428	6.32684761124	8.16890930837	7.16746978885	8.99999989551	
5.63265400106	8.99997392943	7.95812966509	5.45511828675	4.99749755106	5.30633151099	2.14860304011	1.61117046313	0.251397648948	8.99999968189	4.52053671991	6.23867500415	-5.99999999002	-4.64668165885	-5.66474949707	-4.19267128736	
3.88213140765	7.23834030584	7.0332269958	4.53707615823	8.14475641681	6.87713225141	5.25794996119	3.92281824299	4.87960833789	7.07627045307	8.11935419179	2.9684716903	-5.99978834195	-4.64328949574	7.22192061281	8.99999049074	
5.49467633189	8.85606666461	6.68743574049	4.19033444996	8.39191630007	5.67596210383	6.09501817365	1.61284000251	-2.53719303238	8.26766470498	4.23766892993	8.93183979515	-0.831271505427	0.524181156142	7.53598004368	8.99999976876	
4.12256009302	6.78874885995	8.77750702215	6.97642223672	-0.791238582161	5.64924855083	-1.15295621409	1.95546977886	5.09550282856	3.8508426971	6.14948813762	1.87780239296	-1.49542414178	0.34662304945	6.50147569872	8.33401475298	
2.56704442197	4.87606940613	8.97700955101	7.53308854878	1.09014315417	5.64926587467	4.0033092775	5.01159084936	8.99096977616	7.00256160903	5.73436569451	1.65201690674	7.15794114257	8.99999977204	-5.83675064423	-4.00421344724	
7.58536476728	8.68865532132	4.30176923156	4.06358266582	7.7440338341	8.66463401341	0.727300991162	3.56753477798	7.10050716937	7.76641087481	6.10556393141	1.61848855571	-4.97529730806	-3.13321306884	-1.49585507947	0.336674987868	
0.251173402426	4.61844549153	7.10703803564	3.60486991809	-0.890466315127	5.64925436924	6.87853675204	8.99637576849	7.23017017181	8.99998504252	5.18852435756	1.61894758846	7.15793450286	8.99999974428	0.934332798212	2.76687709817	
0.180445244989	4.61810979954	7.39263845182	3.82007760496	-1.94817930453	5.64985115327	6.55871456204	5.60767465658	-1.00132501394	1.61548122884	3.78536725355	5.04792335272	0.100726723941	1.94423239873	5.41766498286	7.25023374966	
-0.149872731108	4.4534689987	5.34923989852	1.6111312623	8.9999810652	8.92380447302	8.98239726269	8.16653067338	-3.76994353698	7.95895102184	8.01919336037	7.2490649239	-5.19101725763	-1.42222828499	0.189530349669	1.95204531664	
8.99999983173	8.93094760826	8.06581985412	8.99997598078	-4.93703492293	5.64910591249	-5.91329542286	4.68744704442	8.8069404881	5.31896554807	6.00256330192	1.61164917501	-5.06624379853	-3.22434832392	6.91411711525	8.74673569101	
5.52337438703	8.56469832279	6.24047365355	4.06424622282	-1.05278511024	5.5816555747	-2.87968172179	1.61267096758	4.04307851657	8.98302959363	4.62226288509	7.0068769172	2.88174636414	4.55842056792	-5.99998991162	-3.98632119741	
3.78709415785	4.61851948188	2.64629814926	2.67997680613	1.28975864893	5.6651235397	-0.469948572692	7.09010927254	1.29692203436	2.73674037821	6.12306770475	1.68859227168	5.21844600425	7.06051649852	3.03585289012	4.86838433109	
2.61930779487	4.61830620295	8.91185681259	7.77796237971	-3.57394435042	5.64925670213	-3.40625563969	7.8530788401	-1.01600647282	1.61186277135	8.82658685815	4.39358895143	6.95388351092	8.79594835803	1.18132140435	3.01385835194	
4.50053198	4.97626830782	2.77854089804	3.16790858238	-5.65269186065	5.65696178525	-4.65084411018	4.38713129402	7.49501623227	5.95123849004	-5.06999783004	8.60813105529	4.80011304072	6.70564153409	-5.30554553927	-3.42309911365	
