4.81828144199	8.29627443351	8.67886578476	6.06560927508	5.68716266012	8.38201004711	8.5432264601	1.86425653284	1.78817139849	2.55719216484	6.54106340041	8.77334139823	1.26652364211	-3.9803604888	-5.99995739632	5.81854258262	
8.87602441511	8.98687070202	8.17378066019	8.9280383548	8.37924944132	5.85466136364	1.21874888718	4.65246269248	5.95047145794	8.61369341954	6.16719136057	1.61169467999	7.23927190444	5.18919014598	6.85137159833	7.26062315997	
3.94851177807	4.61496566046	8.78571429402	8.9854681929	-0.45083863363	5.66066738793	5.66794246761	7.62714284624	8.98945443521	1.9141718344	8.75496903473	6.77657755713	2.49842659654	-5.99980971173	8.98947579297	-0.56873677881	
-2.81431623842	4.61571692909	8.99996054153	2.43503135072	4.72977567496	8.68684947736	3.45494165801	3.12032268423	3.33557536049	2.65038885618	8.99988457191	5.07946791682	8.99718174011	7.38404249354	-1.24865535445	8.99606045278	
1.22358380435	4.72535699364	4.78035352895	2.14368420792	5.80594072701	7.06309559731	8.99999977187	6.80405364239	4.77918018879	7.05160724785	6.27841283754	3.96163758591	6.71808831603	8.44914300235	6.23265529012	-2.22894736197	
6.36152524467	8.99999813259	5.59664786215	3.82327332913	1.00186591593	5.67618572883	5.04487447355	3.6050321436	4.10100539906	2.32551300578	5.86856750332	3.43841293298	7.1118533479	9.0	0.294295590137	-4.96905922735	
1.07724143096	4.73771032254	4.62522898831	1.82972215709	5.15633513491	7.36670275823	8.99999976875	4.46771817878	3.90246186977	5.39519212184	6.71169218156	6.56949723308	-2.26113558643	-5.99999991255	-2.23075956116	8.1990286207	
1.78006670897	4.75721774148	4.92009853179	2.80805145258	8.64579529767	6.52501865698	4.20339646308	4.61795747703	3.41962413179	8.54535969687	6.18422034787	1.78155394984	6.99250792348	9.0	5.27296208489	0.138169122293	
-1.53242037553	4.61588680144	7.81325938242	2.53005611846	4.74748241011	7.0263018054	7.17585379309	7.14547758766	4.29715424604	5.16952818678	6.09555940298	1.99160041405	5.9779171113	0.316426564726	3.83662125796	1.82546739365	
-2.40218993467	4.61581088536	8.45132852897	2.29843153811	5.56879804132	6.53376210045	3.1497129462	1.71283781962	4.37923665682	6.83595071094	8.61707267268	5.64913289597	7.55065571108	1.47394305838	1.11903512061	-3.07573440339	
1.82146863677	4.61590807889	8.99260105412	7.06326558661	3.03727531799	7.09676188131	7.24801523094	7.70259086758	2.84885441076	1.61160448893	8.99982479291	4.73986352617	-3.26521616029	-5.45945335596	-5.90801484648	-0.95671165589	
2.63442391918	5.64035663966	8.98876580556	6.84793706533	2.48604751129	5.65529526208	1.32521958659	1.67303661353	5.88940038348	5.75385949001	7.01383717469	2.64916437728	0.273738712849	-1.29150466197	-5.09198685661	4.79529077214	
6.13750035278	8.83290538512	5.24180059861	3.41149951201	3.07564283139	6.84117324447	1.23053836061	1.92055416461	3.1511559757	2.10881498537	8.99999631449	4.60364363733	6.66090476322	-5.99746795051	-5.99960912307	-3.73731282019	
1.19939772757	4.72445016158	4.74057577029	2.08060310308	8.5448026876	8.84684798322	5.04328943254	1.95660853856	5.28057565108	8.53279824728	6.82659179115	5.37750894218	5.74874972693	2.54461939644	6.14200844566	8.40098443263	
6.67803063335	8.79755096099	7.95162987817	6.69721353157	1.22093563414	5.65618010284	7.09505187454	7.91620104532	6.19212955128	3.90415400376	5.6266822848	1.67511518357	-1.87570648425	2.75680328715	-5.81625290144	-5.7072001061	
1.53551668392	4.86980902169	7.7706989974	5.30151064047	1.62612819387	5.65758817353	3.31904483769	2.17197663487	4.60635187379	3.93696474114	6.12939537585	2.93124179299	-5.18699737903	1.34390457946	-2.28510957179	8.52518996787	
1.27293818977	4.77700635491	5.98844231569	3.34947812593	4.88635443876	6.32361405043	6.47206148687	1.62139276209	2.26220485599	4.35680714688	8.63165994353	8.96731845346	-0.777329711078	4.26160145916	5.85339291906	-5.99856459762	
1.4447564474	4.83745775618	7.36625533002	4.83865799963	3.10242453631	5.6561254464	2.16484876335	1.65427429704	7.88443275002	8.75121153747	7.15902922708	3.26597592271	8.83581645111	-0.911400183052	-5.24631714739	-4.27236438142	
4.47730180236	8.86760521674	8.99885080402	5.47364644462	5.05169134228	8.58475357008	8.99198199276	6.37449158043	2.52132974959	1.61983735358	6.95302464513	5.95595915525	-5.93110912632	0.183761708918	8.99624995521	2.10155859187	
5.00665649552	7.3677130197	8.91951773717	7.42364890501	-5.62935112637	5.6572241387	6.57932620449	3.30886958215	7.85758261861	2.29329658066	8.99999757882	5.56500190465	0.220679654044	3.91587903635	2.74287751679	-1.33240191677	
5.37877765826	8.8831430261	8.90737799052	6.26773506408	7.76258289616	8.50107197796	3.93031940635	2.46118021864	1.76986778807	4.5167777034	6.16070100358	3.16148672834	-2.97618761706	2.47631178349	-5.66255931928	3.47129048072	
8.96680582126	8.6330168222	7.76040925865	8.95930225894	6.09845793295	8.26588517204	1.2187777568	5.09554991656	5.96256937429	3.48917009336	6.17108586675	1.61713702594	-5.89775697153	-6.0	-3.07505469922	5.77911679351	
1.37189405925	4.79118367085	8.9336740212	6.3794883799	2.21409748157	5.84407539624	2.72661746719	1.67698052068	2.6603917966	2.47748420717	8.41644254799	5.03586128425	-5.87386411454	-5.99897053934	7.26806574584	-5.64030426423	
4.78026309741	7.92347190788	6.43240663355	4.15418222885	1.3344971961	5.44162188821	8.84000149016	1.92758656978	4.90160355282	3.82172224879	5.94855225093	8.84744849525	3.56311684346	9.0	1.05312641842	9.0	
6.05372065493	8.99859823662	4.80793783576	2.72816417924	6.3029863345	6.65509024774	1.22021156861	1.67998095931	6.37785990823	8.99842828412	7.31081070478	2.89522285453	-0.0423411940629	0.919630174907	3.57794944859	-6.0	
3.31553561587	5.72003413894	5.88129942735	4.34190489777	1.23496715205	5.68987621313	8.48164352298	8.87179273953	6.19220903941	4.16956349608	5.66222588174	1.85666420279	-5.99637515667	-2.36553618707	-5.10920657055	4.27839089825	
2.18297330302	4.9578782722	5.6435029022	3.73370191168	1.83044863949	5.80874298605	1.79500542424	2.31746684968	3.6305448479	2.45492935753	6.30144575522	1.99315819361	-5.77325805169	9.0	8.59136540205	2.03238213638	
8.87263707153	5.8010151482	5.06327421508	8.99999995678	8.77286937257	8.95420232839	1.26047265565	7.8768766633	8.99994862265	5.7748163151	6.16694752249	1.61119954909	-5.74432896879	-6.0	-2.55507149625	-6.0	
6.75655566807	8.56066571337	6.47726256634	5.53783214811	5.0115519893	8.55211860195	5.15582020238	8.97228270404	8.97317697364	5.04710636269	8.99999948295	4.5858463043	8.38570400698	-2.72852347142	0.140340058136	9.0	
8.89066504946	8.99811008824	4.7626961104	5.52035503016	8.81043756377	8.78115072128	1.21872314584	4.65582123206	8.82113160136	8.98568087855	6.16728890333	1.61178061821	7.9756120105	-5.32012846936	8.22349144242	-1.91888330168	
2.20956904492	5.06712965067	8.99999977292	7.00754324586	5.12793432729	8.90310273231	-2.83715656529	1.9476111895	8.99999974612	3.87712651591	8.99999999996	4.57978662279	-2.70700247195	7.40744898054	-1.05997941322	-5.27100094927	
8.57684390729	6.12858422433	5.59545255354	8.90881611004	-1.22741218531	5.65570582386	4.59180881508	7.14711157309	8.6664289112	1.80775137728	8.91392323907	5.35176238137	3.71175624468	6.38376278255	8.69775583209	8.1960257486	
1.3086181032	4.76855765902	8.96761368331	6.37277810291	2.80780498779	6.17907290382	3.09998557949	1.74134188767	2.32178391067	2.4382460817	7.05882406846	3.94658947034	8.69810282745	-4.49714420725	-3.1003618654	3.97251161917	
-2.86257020854	4.61576648269	8.98558747703	2.37235468777	5.79625499092	6.68428028918	6.07601735068	2.10875313564	2.90426956544	5.45338284939	6.32551468797	5.8724997706	4.89566235757	-3.34058493599	-5.00606416945	-5.54290875711	
1.85806226553	4.61615015902	8.06237715517	6.16939365783	8.80002500088	8.09352194114	1.0214585686	4.9702956701	8.80017055462	8.9949259063	6.03164547928	1.61139816377	-5.56643538642	-5.17576951127	8.8901527077	7.23897989481	
2.98240142286	4.62463672182	4.88125494214	4.1041236182	4.97752447997	8.9997153977	3.90924320327	5.6642202038	4.60599153253	2.25386235268	7.36384325939	2.95565554675	-2.45317715547	-6.0	-5.60336920759	-5.70938750416	
-3.02274410051	4.61576656202	8.99999859312	2.22659180033	6.91781386901	8.99988608163	8.33198094534	4.71154381248	3.9286137825	5.28367396795	6.15884444526	5.3590102102	6.19999311151	-6.0	2.61949570667	-3.70447131169	
1.44155359299	4.7300749626	4.85032740571	2.42690998403	4.92885745164	8.03304571573	5.25616954818	5.06698989981	3.08443807427	3.29657682377	6.2625229803	2.15222936936	-3.27286981431	4.30432380701	8.82496446128	8.53443239014	
5.76799618944	8.74117187224	8.72212828576	6.61405658055	3.29088860425	6.28780103295	1.23881154028	1.64278062825	2.7693164514	2.77335586786	8.99295588364	4.60488595605	3.54982225336	-4.89432688745	-5.39414821334	-5.67974568705	
1.29266894376	4.78556398501	8.99997816458	6.37218709764	4.38105166071	5.65507931865	3.21182721172	1.67262641151	6.75335317095	8.99999987042	7.00677334737	4.0421514714	5.03812338795	7.63500127736	5.39307616832	-5.55116410796	
8.48818049153	7.8584174816	5.8754551629	7.37032260159	-2.125822607	5.65505111463	2.85944968577	6.42896835142	8.99999295642	3.95994503026	8.99917962795	1.70568847819	5.72336429895	-5.28455419011	-5.8374124255	-1.04300173685	
1.53223618573	4.75713144763	5.1466563439	2.78686503435	2.8147768626	5.88605915797	8.94660542884	8.91376038456	8.73461638121	8.91601410321	6.18281900522	1.97983701006	-5.15945676186	-5.11325625672	3.32509303626	-5.94024887561	
8.0125275683	8.98436226446	8.99999983611	8.89326914661	4.81904988818	6.82534325796	-2.73878603895	3.64393409518	8.97472848298	4.02280251416	6.03918551984	1.61895023841	0.00464440821208	9.0	0.437075888636	7.31703636358	
4.30253463966	4.61664978282	7.81524474852	8.3662335798	1.42517858263	5.87264695296	6.13260925695	8.7933235713	5.71852934487	1.61296412691	8.30762152432	4.32185507388	6.54447845505	-6.0	5.93938144983	9.0	
1.2755800251	4.77643206677	5.91109475336	3.27534668131	8.91097670401	5.95406049958	6.24141311387	4.19541925091	2.49627209784	8.9818251524	6.13748425411	3.67169343152	-4.5224867853	-6.0	6.34020367302	-5.54919693364	
1.02487766786	4.74633481171	4.57095746241	1.71441490036	8.41311628576	7.54457503933	8.99999880099	7.15549963325	3.69202612124	8.33845973332	7.03651508549	4.13631280654	-3.01125295559	9.0	8.90859349276	-2.92815987055	
1.30104134952	4.62644794951	5.78432652008	3.32402388443	3.05628963497	7.08268747671	5.48378404996	4.48737353572	2.36352061922	1.69032644364	7.25112823505	3.911187196	5.78024196456	-0.995473561057	1.04169118436	3.10372795886	
2.52551620169	4.80166010117	4.58257186566	3.17191509357	7.15472237437	8.99962547026	6.49059159799	7.80779649651	5.02162425654	5.57032228108	6.33194627238	1.64651750848	5.58377167467	9.0	-5.99227293835	9.0	
2.27767789291	4.77044194511	4.82419552064	3.19653542385	8.95699462618	6.95211480526	2.85908131329	3.86659170282	4.21694087738	8.74238717609	6.1769931281	1.66576961384	-3.21399972519	-2.83180359407	7.60120326091	1.46023319931	
1.99923302226	4.90690309072	5.57556930453	3.53300324703	1.33897338153	5.75531787888	4.16448918479	3.62962376133	3.9997427108	2.51883667822	5.94853913753	2.56481742946	-5.41451323043	-0.403436217315	6.61813054402	4.00703941842	
1.24542056418	4.74936816654	5.03790509287	2.3990614506	6.86237054178	7.45377559794	4.90330679819	1.91461854519	2.46610750506	5.40644549836	6.59562865486	5.06942670521	7.86808714232	9.0	8.82142877197	1.18224038998	
6.22463865867	7.50903792958	7.23315571488	6.81386042677	1.21913130974	5.80046842565	4.79711915193	3.33208303594	4.89384158973	1.62467297721	8.99673155363	8.16645054212	2.29530420541	-1.42701274971	8.73927291995	-5.99575629966	
-2.71281647067	4.61574343928	8.99999457077	2.53653860889	3.02182883662	6.39041200892	2.0032564935	1.77597788585	3.70955768526	3.57597898137	7.63786570862	3.64699442147	8.99968462035	5.78225075797	-4.64644647267	2.97921459927	
1.27629992719	4.78068075703	7.20290379056	4.56362693559	8.65654249649	5.9420967799	8.99999949793	1.91664118006	2.44165396478	8.68827899131	6.42403151088	8.99206228489	7.04179503427	7.48080664174	-3.64373817967	9.0	
1.34901990752	4.61987087808	6.28980095742	3.88405394919	1.99223408136	6.18007317227	4.96232073844	3.39379179552	2.52915212506	1.63994807004	8.89584075382	6.18258737808	-5.71153332674	-3.59148386014	-5.63275637521	9.0	
1.1945648276	4.68174956715	4.73716189726	2.11505571167	5.3788780027	8.92664464844	8.98374580253	3.20718306994	8.99821672239	8.96661300678	6.59755459566	7.87681432647	-5.40421752185	2.35621849638	-2.89234306366	-0.180499844764	
3.53763784548	4.76328157088	4.77486387459	4.41432411885	8.99792977983	8.63460382767	5.16666881393	7.48346892679	5.95766996081	7.57443877315	6.16732099407	1.61393003715	5.48458340049	8.99943230503	8.63194084596	-0.153547120105	
6.06259341436	7.37701089111	8.42221159572	7.9728981834	1.28387490845	5.81927130766	2.07764107922	3.30549446481	4.81482801065	1.62156807334	7.73685603998	4.18371750126	5.08934401642	2.11413991721	-5.84195507064	9.0	
1.46002901342	8.78944509549	8.36523449515	1.90126556123	5.43963804051	8.66756435163	8.3101478961	8.01925303903	8.97670409492	8.99963693843	8.99988829569	5.05640868741	8.08028733301	0.256793187655	8.96836026094	8.99192316358	
-1.90458736508	4.72707421251	7.45045455248	1.68369807517	8.04300007537	8.81241110141	8.99999976876	7.04488986783	4.9564603881	7.98355982367	7.19324231904	4.38602684238	8.54691242762	-6.0	-4.52368661111	-5.44724729212	
-3.13870969847	4.71334099275	8.76191487533	1.77479474201	5.80727374081	8.9998352449	8.99999997713	6.8463020207	2.95762050917	3.51395580974	7.28606556448	4.72296515873	8.96949769421	7.79940498348	-4.82624330183	8.99780276015	
1.27420289651	4.77675980116	5.93949654516	3.3020436144	6.6896413111	5.70502142858	8.76788690045	6.43557594204	3.49907417812	8.01403153812	6.1355883909	3.95441365851	-1.06405132804	9.0	-5.52018761561	0.000212870322937	
1.25889249564	4.7032706991	5.21056874874	2.63129443729	2.9492182634	6.6444259459	7.42281905752	3.34734033324	2.44918856525	2.22615571845	6.38166218016	6.00182494969	5.66942494201	3.15407711297	-4.78447934523	8.86710968371	
1.2207143005	4.70902447634	4.77485188743	2.15164547633	4.03802539924	7.18740875789	5.93619197648	1.84600951481	8.45723024504	8.82396910577	8.34364372948	7.93457334636	8.14085010636	-5.21867939696	8.45954108266	8.74544274671	
5.53448952875	8.5389597453	8.54792650276	6.40856026431	1.25055206939	5.65509300729	2.72383497464	1.61152822401	8.99999978191	7.62769341192	8.95831676237	6.05523994202	-3.97379808503	2.49384327324	5.04557491451	9.0	
1.44378050114	4.7517505916	7.19323490607	4.75036878844	2.04559772297	6.00001512633	2.57767503482	1.92584554957	2.58337880711	1.96471739384	7.18024127062	3.51316737919	-1.07556892085	1.32007600162	8.06934115634	-4.37783033842	
1.98049824235	4.808910061	5.8231143389	3.8598064953	8.60728845615	8.98732992966	2.25330300641	2.86673349271	2.83856631855	5.31474046085	6.18609989874	1.73330566239	6.45702483053	-5.60259814113	-5.69094871044	2.12235432405	
8.99838195409	8.97995410167	8.0256230424	8.90915487061	1.21870154777	5.8026115615	8.60620095352	4.93137235047	6.18694718263	1.61237427295	5.93158785921	8.61393077908	-1.74769792387	9.0	-0.574704422492	-6.0	
1.04999988557	4.7118775402	4.61646699329	1.81953806158	3.86369010299	7.26847441942	8.99999976879	4.59995864277	3.35348101813	3.6565073976	7.48810221168	7.21102851397	5.95459786446	-6.0	7.16978940937	9.0	
8.13539617898	8.83408803213	8.83357390522	8.99998604337	8.64193815441	8.34190228427	1.21882510013	4.06417251858	4.92951076095	5.95604008394	6.16830148017	1.61331186105	7.2829407022	-2.37804764623	-5.98930070692	8.99999630983	
-2.12254977558	4.61572941954	8.99999943149	3.12682413313	6.37930923182	8.92515208298	5.24781416931	6.0992459121	8.9637954918	8.94643712986	6.05933071819	1.69627103944	-1.36049961723	9.0	1.09327171333	8.66122130435	
1.07236663913	4.73901704713	4.6170660895	1.81537523523	5.30787263669	7.42536589052	4.27997502128	2.16510531419	3.78509863873	5.38013463122	7.39515790272	4.82652364799	3.05640740475	3.35420867226	-5.71845327825	6.71548767175	
1.36507551456	4.80245746582	7.94024505545	5.36796708639	1.9649450591	5.70431572019	8.99711341834	1.96046105532	3.16215656328	2.88794644221	6.36113409474	8.94947768905	8.99999663824	3.56682516209	-1.07055206251	8.20050002007	
7.23989496021	8.99886405889	6.42783093246	5.53396580681	1.86337041699	6.0836824396	1.33155174926	2.85710365253	4.08599875506	1.65242390258	8.77682751761	4.48139004354	8.77519179038	-1.00052119938	-2.27618178125	-6.0	
1.27701469083	4.78088690512	8.71256267066	6.07379443281	6.56341766693	5.65668371781	6.69971897611	3.81903808499	4.56029661259	8.99868217472	6.12922514087	4.49510602686	4.87250516164	4.77843013471	4.76487833894	6.27083733734	
1.65114110889	4.93697872194	7.91904555153	5.49831192062	1.47443106659	5.65534599683	5.0974448866	1.61209144075	8.99997319144	8.13267568239	8.8650698798	8.05365691785	-5.99182539329	-5.90882767507	-0.28917611616	4.33142851921	
8.57745463148	8.56241459196	5.30365907978	6.18380313446	1.21896594579	5.80251940795	4.40371427999	4.9264190847	8.96570673254	4.39487109786	5.93321148275	4.41463967896	6.10446161598	-1.87646357786	-5.97998431059	8.87799441565	
-3.03133062302	4.61576202808	8.9999997656	2.21801093298	7.11053572751	8.91703128056	6.13777214726	1.7386489877	7.24067665434	8.87140771699	8.88718760059	8.86594444258	-3.56548408575	9.0	-3.66426374499	9.0	
1.46430554201	4.61938410003	8.86898241667	6.57900783328	2.70929657263	6.78121775526	3.84573120732	3.62469755654	2.50598690137	1.61693976249	8.44004209639	4.49505272735	-5.99266576906	1.58175912679	-5.99609690658	-6.0	
4.0828674926	5.61071843928	6.62202157502	5.9592746123	1.21984553847	5.7992828126	7.96335535095	3.1723990979	4.66995406406	1.64613620423	6.74776309538	8.99995133969	8.26995071839	8.77371100618	8.66648686759	-5.96622585984	
2.41151058495	5.39920960515	8.07810016109	5.95561015621	0.192916761725	5.71328412494	3.58592508938	1.68981615227	8.54015888461	5.04376541328	6.25147501313	5.14061825875	5.18467348472	-3.23758370967	6.46001960844	2.20315351562	
1.11991547239	4.73514261408	4.66253935714	1.91231500547	8.62084013198	7.65723410677	4.47670036085	2.04978485533	3.84316388128	8.4580192374	7.10511141104	4.90606693287	1.93601714335	-6.0	8.98812614145	0.785970576501	
4.85953842052	7.27446412769	8.99990331039	7.45029498321	-0.627016828178	5.6675160974	7.24225039527	6.25909949085	8.99999976875	3.31956661516	3.79418185472	3.18006949661	8.15845008713	-5.43237267783	0.246454772145	-2.52477205965	
-2.84389344734	4.61572794007	8.97164764664	2.37713022995	2.60830581946	6.61243740831	4.09471062512	3.42307099118	3.61283254645	2.96192132139	8.8940536095	5.22932600828	-3.77616437927	-2.4520762887	-5.72742750521	8.083222998	
1.26436466783	4.61671267109	5.43939815578	2.95215406043	2.82422537178	6.87269870009	8.67968812271	6.48904392823	2.41199431796	1.74366538567	8.28747572558	6.11483316922	2.50015716491	1.87054110218	4.46241721113	9.0	
1.16200270342	4.7076747965	4.77160691942	2.09096944072	5.5887064577	8.997622146	4.43591200829	2.18337398032	2.77883406591	2.94778561602	7.0531218205	4.75032964598	-2.91758652758	-5.90718710769	0.648709835163	3.58844339464	
1.28942941762	4.61693297433	6.63613991265	4.17374032883	2.76491277924	6.83468962608	6.63904908729	5.31177190299	2.33573687605	1.62125851522	8.19821743319	5.18704739415	6.57385940641	0.776280488009	0.797909295544	8.69420592564	
2.36248121317	4.97194247545	8.99837467026	7.25401743465	8.6176834765	6.61861479416	-2.67928058444	2.2583584355	8.182529985	8.6810378854	6.14224311269	1.72201860956	-5.19912895147	0.692084555778	8.21905956615	9.0	
3.76867420639	6.75468709944	8.99353545443	6.872627146	-2.10123849078	5.65502907055	8.97641270169	7.25066129691	4.52979904682	3.12221862001	8.96469286804	3.35864622371	-5.98757002343	-1.28790183452	2.5273226875	-5.96304045724	
1.27924890378	4.61603272049	5.62872857825	3.1570486804	2.50240718039	6.58711145236	7.2596414738	5.02156682777	2.4170140753	1.69688275739	8.97546992622	6.86582839079	0.200862335855	9.0	0.851166623881	-6.0	
-2.44429536212	4.61570908769	8.90427359046	2.70937309799	4.95404445627	8.96159789463	8.84036815666	8.89651810798	3.05697578414	2.15647725112	8.98743154582	4.84107802899	-1.56348191138	4.50292226865	1.36635251417	9.0	
5.17949802372	7.39010632692	8.98196329512	7.63645965154	8.95324189344	8.99830640562	-2.99232491589	2.40586901247	8.96071435721	6.9545326957	6.10735934642	1.68713389994	6.94992119344	-6.0	7.11887459271	9.0	
1.27427041027	4.77676115942	6.25107933238	3.61369255944	6.4259173458	8.64627170432	8.58776217865	1.93158821661	2.13956367795	3.44950394796	6.42829035828	8.5710213025	-1.4270368888	8.9993653824	-1.97753428266	-1.16935952153	
1.2188078105	4.72334106543	4.76421925261	2.12478980832	8.07206099175	8.31026039055	8.99419020869	3.13330958704	4.65359027694	7.94773614434	6.30487620567	7.65027693815	7.44513171449	0.61526646684	-5.99680171199	4.08203903613	
7.62832635334	4.8760688101	5.32715450462	8.94451602759	1.74971857068	5.97458495197	1.7850143174	7.83226980535	8.98401315469	2.03467997555	6.59508456218	2.28914770447	8.88808558579	-0.407579991122	-0.285159278706	0.135392311815	
-2.86969951312	4.61580878288	8.99999977034	2.37959511716	5.6475824462	8.92953936241	2.57555517689	2.23037127424	8.99999506182	8.9935676739	6.4122701036	2.4987917723	8.99325989993	3.0496529807	6.57190030325	6.00229998145	
-2.80350826109	4.61571902228	8.97113215363	2.41700884672	4.35511705338	8.32547581019	8.92032790488	8.65839114006	4.11815004016	3.39534300867	8.9233336077	4.95457106463	0.499403777095	6.8025088721	-3.00032003145	2.31993227297	
-2.74595915081	4.61586218147	8.721469964	2.22475233309	4.5685094188	7.9371299229	4.66932126398	1.89856720728	4.20922941865	4.27739063877	7.54862340375	5.89947075888	8.86296126635	1.79155596379	2.1307814329	8.89240544907	
8.54810771816	8.99967201127	6.23036461397	6.64390433206	1.21880157127	5.80259743752	8.92416938843	5.05026613553	5.77137180312	1.66701706971	5.68716871383	8.09847982455	8.33474202098	8.8807808015	1.64771707385	8.92770041633	
-2.48169164602	4.61574486793	8.72981224775	2.49747969211	8.49908348618	8.06191814779	8.99999978529	8.947198406	4.75707642279	8.35590342277	6.09183395892	1.99982710872	-4.57982311707	8.84958135425	8.57668178205	-6.0	
