2.46404434403	5.51804756648	7.43471792602	5.24581868463	1.99435856887	5.65596213589	1.41327297496	1.62495960557	8.9437701404	8.3639459884	7.61560152713	3.33898649587	-0.297085535654	0.879527941057	7.93283233933	4.51100748607	
1.32348900224	4.78627441354	5.37872286999	2.78104087688	8.99933437604	6.63451388193	2.59926572354	1.64999173623	2.34847270784	8.20368626521	7.87676628076	4.352573536	5.77562055692	6.88177924512	3.18581897792	6.95049125771	
4.83293028832	6.07489249669	8.96704931103	8.59019128831	8.80733215504	7.98197774937	-2.83511702055	3.38913985784	8.98886694045	7.02704867577	6.03867864398	1.61844765228	3.28236524828	-6.0	-5.76350985261	8.07583880064	
1.50981772331	4.77198157785	6.50281349371	4.10575361263	2.97069514256	5.95378332333	3.43365145716	3.3209344838	2.68460903753	2.99147450505	6.16218644838	2.00180165777	0.515285949556	7.41593972807	-5.12102130353	9.0	
3.01247201056	4.76159796179	4.76244859452	3.87842661392	6.85779952801	8.86279427081	7.03978762423	8.82652560236	8.85892458545	8.63085867286	6.17135532209	1.62454005943	3.92462839594	-1.51566392287	-5.76553336738	4.5689814146	
1.27641464002	4.78077614312	7.49459389521	4.85533636842	6.03482568359	6.30035095624	8.54830768336	1.87750397749	2.23538480963	5.50201533991	6.46581090806	8.62131044743	0.359946594416	-6.0	-3.83525278917	1.10983582567	
-2.52811883221	4.61575959439	8.99997296247	2.72119838098	8.60242824796	8.56915480088	1.66732171929	1.64688613653	2.92290666371	6.10234233553	8.91237882369	4.80350888099	8.61706615379	-5.98957539349	8.60093977162	-3.96414314376	
5.98668560912	8.99083498632	8.99586859354	6.85682319843	8.99969640545	6.51811841156	1.23617226052	1.6118269037	2.68714559939	8.20062037305	8.95706666159	4.56636633824	-2.5310738155	8.73485503274	-2.83444284098	-4.60843579268	
7.75708650925	4.84936573862	5.0289379466	8.80176269586	6.03065928604	6.5898126404	1.9644066584	8.41682477107	8.99999762249	5.56092269623	6.16691022318	1.61126559288	8.89182367449	-1.45068733457	2.26161657782	-5.99392962062	
3.34192080136	6.24363280518	5.27888522075	3.24227717305	2.67388003823	5.94670516001	1.25843890191	1.74753127675	3.45864051514	3.11530760708	6.92193623503	2.52020400658	1.03270006165	-0.699793431889	-0.797607734762	-4.72912668896	
1.39534477904	4.78528063451	6.632730724	4.10789884425	8.71759411789	7.0939616988	2.93122505366	2.45092520792	2.25954574949	7.30089573923	6.20561196623	2.28504592919	-5.97395844061	0.32976638587	4.8225599408	-1.73756528197	
3.85750398485	4.61494094718	8.88516010432	8.99302149366	-0.49817457035	5.66016880736	8.4784772836	8.68990782502	8.98532197907	1.9083373355	8.45330626559	8.17735808581	-4.32197616908	1.97998354605	8.64506122566	-1.73660343534	
-0.78912255711	4.61573675205	8.59142726302	4.0516717988	8.2855398463	8.70547201723	5.43038947462	7.25712287739	7.52112497544	8.70514644096	6.03308217474	1.61924631404	5.56838537156	-6.0	-4.64402091551	-5.78293602023	
-1.21168528595	4.61576004272	8.49830600482	3.53596461703	8.83013258593	7.12446604588	7.52316380487	8.7870459024	4.95842720225	8.8142940919	6.03659576079	1.63936720915	-4.06365091708	8.69559634232	-3.25246362938	0.164441966039	
1.28662021165	4.67876515865	4.94560630997	2.41856529462	2.18033638663	6.1186256178	4.69640258423	2.0991403587	5.35526291595	4.83689842636	8.35777828596	6.55197106224	-3.829985647	-1.93041135009	-5.69355790754	2.81837349449	
1.84719224415	4.92996604968	5.00305164934	2.78538177442	3.36305071704	6.36161553634	1.69774745213	1.93451050192	3.18401179488	3.29601601064	6.553921037	2.22344496769	-3.99100218509	5.5234969	-5.04817597402	2.8410651077	
1.26051638584	4.68532259032	4.91625967451	2.35655722567	5.23340059441	8.88486280138	6.94073966834	5.76923766332	2.72723955953	2.52839696217	6.45699166487	3.19274472829	8.42860206998	7.63400538478	-5.42040973104	-5.53468457993	
1.30435357695	4.7866692789	6.076206517	3.45899478071	2.39754574257	5.67664520366	6.32953990052	1.67958977022	8.55196866907	8.78296418819	7.01348589788	7.17019251112	-3.54612569939	9.0	6.98047362451	8.97613120423	
5.93591801918	8.93769225636	7.33881211484	5.20214186545	1.23601246049	5.65615357537	8.99953839504	1.92045845948	8.23107023169	6.84045201898	5.92234193158	8.98874996583	3.20632158627	7.35647844354	-4.2067306948	-5.80061805052	
6.51337800674	7.48634002984	8.99876167808	8.89090363713	1.22115470778	5.65531359954	3.55783879374	5.59071942707	8.99234178777	5.55908877761	5.63223921388	1.61530369411	8.94946809068	-3.27562565844	8.99728323739	7.66945092381	
2.48595456123	4.61640873459	7.11320462151	5.84785432943	1.24697480294	5.81105456083	8.94520966228	7.78787740518	4.02356795817	1.61772152631	8.43748950245	6.45343858071	-5.09641050772	-6.0	-4.82960740069	8.99611182906	
1.88315738266	4.61825303098	5.1376332915	3.26764160185	2.195875067	6.32807469457	7.84366658598	8.33146456853	3.32809480984	1.95879518709	7.86456947458	3.63072387415	-5.84469400101	7.83496999857	-5.70932338612	-6.0	
1.29243265296	4.78599244155	8.99678313558	6.36832732677	8.96014735077	8.62694799633	3.16975589657	1.61174832321	2.13419667375	5.98874639987	8.99999652108	6.05350489568	6.47587056082	4.87950246583	-4.38265854	9.0	
2.94177336256	5.52305304811	8.93599717227	7.21989914925	-5.64496635831	5.65737230846	8.50046532434	5.29844433459	8.07094101518	2.6944833739	8.99993079243	5.29291223188	8.9586217721	-3.31838446046	6.12603518021	6.49412498681	
1.5321557027	4.77026160669	5.80847597547	3.43547404494	8.00659528624	6.04430785783	4.05085018189	4.01865613934	2.68845237097	7.91665216572	6.15371754605	1.93685100737	-5.69289165349	3.27886978419	8.81226990133	9.0	
8.71610590322	8.98983434049	8.31384468535	8.90522023317	4.42094447656	8.46403788322	1.21902260162	4.34229770261	5.35433353014	1.61275169439	8.8241436741	4.41620796735	-5.89890353201	1.47409937202	8.9712751905	0.391010520019	
1.33425887347	4.79930991804	6.84953153127	4.24958446346	2.13697101109	5.65861391076	8.39859932048	2.25722705221	7.13995966867	7.11114651492	6.20099800192	7.86639227054	8.97047008029	9.0	-5.44090855059	1.34289464301	
3.80396742268	8.83924607141	6.6158750797	2.44564264836	5.12786727584	8.59964254056	8.36215763459	8.99919738295	8.98946599835	8.22418611888	8.99999992214	4.67331528661	3.12323498329	-1.95524926885	7.02550571501	9.0	
3.87796324948	4.62144516419	8.87150430148	8.99334027596	-0.493939959169	5.6600872805	5.89353749275	5.70329929758	8.99595580976	1.9135164335	8.13797757534	8.27345266085	-0.764438044374	-3.52520716581	-4.90711542858	3.72352347638	
2.14987225046	5.26159416965	8.99906774175	6.75244980169	6.97509400814	8.91578773268	1.4097654399	1.61568629263	2.51581401718	3.71464642965	8.74721773112	4.41862175189	8.99933108771	-5.99594223517	1.11925622483	6.42212393389	
0.991255407915	4.74329202425	4.54323382717	1.65609127908	7.95793956346	8.99996850164	8.99999976979	5.3643462253	4.03189848584	6.80850342743	7.40821316099	6.26030446651	1.54378477019	-1.15511524161	4.37375319208	-6.0	
3.22454037536	5.95261951479	4.80941076488	2.94643556444	6.93282411101	6.9904353617	1.24828881849	1.98540000782	4.14344184883	6.8417117462	6.43500818748	1.95886887968	-5.7957039969	9.0	8.95535029489	5.3223637396	
6.19354472873	8.92028029123	6.33753057845	4.47589899221	1.22759857823	5.73241510324	6.08747646218	1.88960704403	3.76546757515	2.01520255016	8.47600404175	8.93617310043	-5.87499322761	3.49765364457	-0.89334544896	0.992099527436	
1.87782937065	4.77291416668	6.4181425884	4.38816166761	3.80141174587	5.6647421406	3.13228511448	3.65830675508	7.93053332849	8.99006772137	6.16110482315	1.72907013913	2.30891984586	2.83379705265	-1.10149180656	-5.77342862438	
1.65687289485	4.75893414857	5.19259861948	2.95564133037	3.89166454963	6.3785254731	8.52199085233	8.73994923033	2.88191787798	3.52491397552	6.17814178983	1.8471789245	7.69731990443	0.353367550253	6.71163786716	-6.0	
4.06493170141	7.45497554969	7.20889412717	4.68352321079	8.99769409424	5.77205292944	8.98793092399	8.96140992792	2.04648542202	8.59074488458	6.20108672377	1.92584396536	4.80853493922	9.0	6.44534829687	-5.94183562449	
1.41002191014	4.82667147264	8.99369551266	6.44214993939	2.38851452192	5.66998297566	2.36291220563	1.61521888871	3.68228748099	3.84524921401	8.56719713833	4.88731168606	0.320643377935	0.939477100174	8.90370308033	1.02854311815	
5.37430012385	8.34561145664	8.36403652145	6.25782916821	1.23488627088	5.66309093677	8.99388834709	7.49490899555	4.39695756347	2.96782982698	5.62673949746	3.14349294218	-5.90427944089	4.98193257901	8.84661244005	5.98277508794	
-3.48300711663	4.734427947	8.99960982284	1.64706701101	8.89575900924	8.99577261028	8.99998191861	6.03131535504	4.12421019909	7.85021603605	7.50223449283	5.68045637511	5.43492413633	-5.73266297373	8.46713730842	2.9402238261	
1.49121877319	4.61651014751	8.99988275109	6.73969535141	4.50212925129	8.54476737409	8.993028933	8.88197437194	2.50256637329	1.61302439772	8.36647748379	4.34128691281	1.04632829411	-5.99999330863	-2.09955513591	8.99918266217	
5.96914688	8.73812549702	8.99999987535	7.09612531317	-1.82929289189	5.65508489535	8.99999976735	2.16059794593	3.62060712773	1.98930175931	8.97161838339	8.97482758896	-2.13996921836	-6.0	7.03417943482	4.68424827914	
1.47279505838	4.64479557914	4.88112010081	2.57422350076	2.23275378169	6.27534030694	3.36627092185	3.13257942218	6.93192097805	6.08912381873	6.98129703141	3.03205538372	4.4151357672	-6.0	3.78282958876	0.711215920812	
7.90867617767	8.40414829818	6.77136777807	7.14099972302	-2.08434045872	5.655120307	8.79974643375	4.93793752245	5.53800935959	1.62318891546	8.99982140935	8.05385026132	5.32797502015	-4.38078327016	8.01608591025	-6.0	
1.32281381029	4.6165857082	8.70352183144	6.27485458833	1.45108789288	5.71199002512	1.08412907728	4.1086448235	6.7666500555	2.91773358715	6.13123427708	1.71158945473	-5.36594011883	2.61363492679	-1.02799599631	-5.50057464151	
1.2335718971	4.73493452735	4.86250939588	2.22625065152	4.60935516765	6.37455388116	3.94445779387	1.74033646061	3.92723358226	5.6911908243	8.10670400897	5.7985286747	-5.99181332719	6.78728831879	-5.54186992399	3.32902721902	
3.44559897991	4.61592922704	8.99999316962	8.69476682598	1.22306614355	5.80401138805	8.97375715315	8.74644464728	4.99406673507	1.61123068175	8.97982366977	7.02587644452	-3.59230135321	9.0	-5.59042484965	3.36022352484	
8.03645869881	8.99999972856	8.99999939672	8.90156240744	6.5462652055	8.1570139173	-2.77229311038	3.65222481376	8.993005511	4.39482508267	6.03695695607	1.61672326393	8.97923553099	-6.0	1.47750957155	-5.63361081465	
1.36157625143	4.8041758124	6.17753158204	3.60003599811	1.97225553853	5.67893642871	6.79926453744	1.65310538482	4.00566117748	3.76935875729	7.30708143067	7.99971372741	6.34902039775	-4.84800607098	8.99862534256	1.48017845472	
1.16968887564	4.67605725198	4.69464604146	2.05332006665	5.34939442601	8.98131485305	8.99999976875	7.64177696715	8.57207758542	8.47803412921	6.8663278307	3.70882654131	-5.94655673208	5.83552938604	-5.50814766073	8.42474810142	
5.249407449	8.99532908887	8.99953996221	6.11872253784	5.1901482104	8.73066053066	4.5975015696	8.99995140111	8.99103875497	4.48447817807	8.99113498081	4.57154786989	-0.87015889489	0.867061480691	7.76730298316	-0.478424356115	
1.26102944959	4.6236744002	8.86431333619	6.36677236006	3.9987407599	8.02613549026	8.7111909323	5.84710782584	2.26651174692	1.62956101977	7.36855526126	5.85904543447	4.16416630093	-4.61138914921	-0.29001057821	8.93316505545	
1.16941949066	4.71659316836	4.72257241936	2.04044761768	4.89681346373	7.92226469156	8.99998755212	4.06555034705	3.53663737828	4.08936932022	6.45482388578	6.83216950885	-5.92529978815	7.44367613192	3.99192010275	8.37761716036	
1.31948172257	4.794360696	7.56327074692	4.95349574986	2.80345030645	5.67895762377	2.87952872374	1.61351203227	3.43641634103	4.0635677284	8.98711301143	5.76732259945	-3.82668970949	8.86029436673	-5.73305660224	-5.99693877911	
1.53375525753	4.63718404858	8.98407326611	6.74598875683	6.28733863916	5.64697332564	1.7600252638	3.3045978362	6.06383498979	8.64321750475	6.09564185857	1.6318864618	-5.30548319912	-5.99717027146	-2.04515057505	3.02199036661	
1.26510320956	4.66514963298	8.96865638348	6.43371393464	3.70184354189	7.61541408325	8.60026367887	2.32959850993	2.23203548664	1.74630940645	7.1403069116	8.9999788948	7.25181177594	9.0	8.93430750212	-6.0	
1.39241518464	4.62458903598	5.0318718622	2.66480196631	1.77820253357	6.01439125057	7.86454427332	6.40361798604	3.98860315351	3.01236729902	7.32244850354	4.54027516569	-5.71816428846	0.439565061827	-4.47619548237	8.91126848972	
5.56204255482	8.56655346774	8.64748782621	6.50808089151	1.23618646733	5.65507812685	8.94582628955	3.68824860568	8.99999976948	7.6133831573	5.63035905213	6.87251268565	7.01448854941	4.73416180038	-5.9773022833	-0.633339156367	
4.54430176105	7.53892469418	8.89319368906	6.76367473229	6.46627349282	8.72049302904	1.23651295088	1.62301720959	2.63305125619	3.40124755535	8.12097296007	3.72890387882	-5.45623020937	0.155451657104	3.84234381895	2.13604972574	
2.68244192183	4.61605022347	7.67631689325	6.60781256952	4.8228387984	8.86621994267	7.55308553081	8.99999976887	3.69446879311	1.61252076012	8.72827661782	4.33678001065	0.582369346013	-5.2143744816	-5.62152340646	9.0	
1.94666633999	5.11077501121	7.18929848108	4.89029379045	1.34122311336	5.65666990419	8.99999821604	7.02805102863	7.62236773033	6.49880735606	5.79406648016	3.59097825165	-0.912673031314	-0.727013646171	1.76052056684	2.76807076895	
-0.849586937933	4.61573500374	8.79598919446	4.19577127825	8.6455299411	7.91968346857	2.5013908924	4.47111018287	6.80849383733	8.99707349367	6.03311349557	1.61751193083	-3.44482513145	4.00340594716	4.25900388071	-1.08028380649	
-1.33293770994	4.61573575251	7.82834213694	2.74477284691	4.93665586119	8.91387091911	2.64757773746	2.77637558936	3.10820600739	2.19783613672	8.99729252804	4.81849569684	7.2758721803	5.47333593024	0.127232148744	7.76996198418	
1.52160414799	4.74299463647	4.76306035024	2.406773756	8.23706266834	8.3956944387	4.9582765302	4.96187920494	5.77366449595	8.86424133841	6.22239051727	1.98643747626	8.9563411472	5.85720801519	-5.30384286382	8.91315443026	
2.25636549124	4.76640870616	8.36007087398	6.71513163681	3.19381840519	5.6551530238	5.98156406586	6.96622426501	8.92304266095	8.99953138496	6.15958918888	1.65395764275	-5.04018500201	3.44997777575	-1.72754255469	9.0	
1.01539877241	4.73639415045	4.57605664118	1.71997368048	4.65186101295	7.53322135978	8.99999976773	6.18730162034	3.32578123274	4.22306687946	7.27421247558	5.34188348847	7.01458225812	8.85879332618	-5.21330154286	5.88961987343	
1.51653057659	4.74538658233	4.87084954778	2.50709743909	3.91318535593	6.48263901457	8.98182860684	8.96074273381	3.53579031674	4.22299540518	6.21502018549	1.99630558426	-5.58466985844	1.5890089973	0.9076261757	5.31863799299	
1.22184174471	4.71928709536	4.78464104414	2.15229958865	4.16480255564	6.95267999227	6.12193039274	1.79512181683	5.72285528177	6.4602259469	8.41795172645	8.23637039126	8.98968188513	1.06794049107	-2.05905661757	0.422868829221	
3.82546332288	5.0485350512	8.99999147125	8.64202372834	2.53046935832	5.65593576353	1.56531031866	3.8692547022	7.10158197534	5.22696350375	6.15374452903	1.61580374482	8.99160067726	9.0	-0.750750083269	1.20213506532	
-2.29197055023	4.65565805101	8.09601874783	2.013420933	5.18651683466	8.91097556576	8.97762341565	3.78163563829	8.99446050086	8.83520687109	7.73992002668	8.42204445072	-0.73052761214	9.0	4.46017698213	5.88230541365	
-2.98953971778	4.61578766055	8.99999986524	2.25977632601	7.10369925672	7.35483755597	3.17879080389	1.78544392848	3.68126127413	6.85019507803	7.00686516557	3.99700383743	3.85663375319	7.87072057292	-4.6085298132	4.49186374186	
5.93207314448	7.39727862986	8.99999976963	8.39989888315	8.89017113839	6.31388097658	-2.81463460866	3.15126380217	8.94690484612	8.99437987701	6.04407840657	1.62384590036	-0.407863629639	3.91321266365	4.34639922901	-6.0	
8.57015743248	8.87763294594	8.2385170249	8.79614550121	2.79552315531	6.86563774026	1.23041975815	4.30849681348	5.34754644334	1.61268769566	8.9302335576	4.53375153338	-2.38355526814	8.60673813905	7.11583660248	-4.19636552558	
1.37099987669	4.70872102948	5.11234395916	2.63972674926	3.66252405351	7.35516004988	2.75132285727	2.23792478901	2.56230023295	2.23518388564	6.70730636056	2.87203904461	2.45042307385	5.58387492951	8.79963922731	-6.0	
1.89930615958	4.62000111237	8.85745628888	7.0018653105	1.54266123585	5.92173896612	3.90964811168	4.05938035938	3.24497146352	1.61437632809	8.15867791315	4.27731418171	-1.56611373071	9.0	-1.06308731701	7.92784709846	
2.04072287786	4.89674332918	7.98611333061	5.99519685947	5.05251063534	8.91612068871	1.62666656228	2.08246243313	2.77175438465	1.79198157122	8.69562254631	4.3728404589	7.70269734067	5.27159695561	-4.05704730041	-5.69336223223	
1.24852290255	4.73311664948	4.80200660555	2.18251675112	4.7907178818	7.01966564361	3.11853679006	1.78422808246	3.49246710555	4.77591802957	7.46592069171	4.30468923626	-3.46692745202	-0.678278411088	1.8216594636	-4.83469065956	
8.2343813388	8.78523831048	4.76335819981	5.07760520853	8.99978105069	8.70483872237	1.21874413578	4.21212496042	7.81138719626	8.6849822071	6.16802139843	1.61283884206	-2.69310109083	0.824492908562	8.91138509313	-4.77623615993	
5.5754787536	8.56166829249	6.21750285335	4.09641729243	2.24547651951	5.71997793969	1.27949681091	1.62978766579	3.62456570582	3.16402033369	8.99999939791	4.6526036072	-1.18544252595	-0.0904124655641	8.90730366638	-6.0	
8.22208408769	8.87678625357	8.75640377132	8.96700609845	-0.228345536792	5.66123131535	6.87076555989	8.99996485842	8.95237252482	2.31252874324	4.19190953522	1.82988947538	4.78055720183	-5.85444092435	-4.528502042	1.57110958894	
1.35482896123	4.77345527076	5.6814948744	3.12797253569	2.87308967091	5.7289336537	5.37180412078	4.70346256606	3.65171255653	4.24227501107	6.143484307	2.38227137376	6.95995251047	6.25880842628	7.28109540509	2.21443341123	
-3.30517279613	4.69829508663	8.96361062512	1.82509896051	8.99449602079	8.22622781687	8.99999976874	7.35817337231	4.53861919573	8.99848620146	6.69254840661	3.67272273031	8.72438544987	1.50464442465	-5.98911281626	-6.0	
2.32332553122	4.77791373745	5.69916601717	4.10968174528	2.16119503815	5.70840109375	3.4940383723	4.49747286625	8.2054378059	7.14060011307	6.13949530656	1.67054435558	-5.01217340825	-0.996588236497	6.32393206388	3.06693744495	
-2.21321307016	4.61575992721	8.91874178489	2.95487276331	5.08945421587	8.61597349185	1.51660417019	1.79824644302	3.01478044568	2.46104993712	8.93457345357	4.69699426051	-3.90323353272	-0.79106314001	7.79663116354	-2.16777356778	
5.8515428231	8.8516364486	8.7173560506	6.5823664117	1.24667971892	5.65542071814	2.85021021396	1.67318454027	5.69503416593	4.31413599479	6.53323267154	3.6992665086	-0.529779439087	-5.17725445507	-4.81771103966	-2.44454225868	
1.68414952758	4.65373267322	4.76240722942	2.65792805142	5.0265129242	8.90602939135	7.43295829101	7.71624488622	8.99917888731	8.11705926799	6.70337451654	2.43954286384	8.96115311132	1.84610924571	-0.50619212633	5.41692932577	
-1.9849325051	4.61590328307	7.95951752876	2.2237855066	8.98616107676	7.8267126935	5.62114772658	1.73505388027	4.32483809858	8.92171698411	8.40413119233	7.86966606327	7.47407688654	0.872492686933	8.92856523878	8.94667597165	
3.97601489201	5.83765580673	8.96225743749	7.96572050222	1.4242684623	5.65507855448	1.70348169137	3.11402128465	8.08364399271	5.74224538143	5.92473363048	1.6416335609	-3.45986640881	9.0	2.80159221082	2.53519280842	
4.32813281386	7.2690294447	6.05921560796	3.98342295503	1.23337149792	5.67877169536	5.19361636689	1.67599825935	5.24768491872	3.77095144575	8.99246547434	8.55826792899	4.82754921061	-3.05211953508	8.84881106565	1.47228550996	
1.27741596494	4.77950769269	7.43489450923	4.79790674812	3.83581353628	6.1251243692	5.2058759958	1.61709739579	2.30621159209	3.54677550248	8.9974062829	8.07316257292	3.46426350027	-6.0	-5.97667030838	-4.78042383899	
-1.62010006046	4.61599278712	8.80265305733	3.4316704848	8.87995583702	8.99999976876	2.64916996478	1.61957923342	2.28654651501	5.56523350763	8.42776846392	5.07573555065	-0.453157539124	4.85820166071	5.82057901384	-5.40507818388	
6.52699518361	8.99999976875	5.82443776277	4.21653717552	1.22329758786	5.73237670509	8.78181244513	8.66980162408	4.27034123219	2.2620012856	5.62665374399	2.25477642317	-0.461711944044	7.86587117127	1.44778793606	3.39425412095	
1.23558469265	4.76941258111	4.60676346914	1.9378742087	8.90641825564	7.13828280509	8.99974858347	8.7082085318	3.64774787092	8.99700569728	6.61763425362	2.35890973405	-4.52483360297	2.52388321274	8.97987577865	-6.0	
-3.00214878803	4.63250840754	8.99999946832	2.23041288335	4.30996989055	8.1495597428	5.26852038898	3.02779564807	2.82679930089	2.47645975945	7.4135784273	5.18482383725	7.77295072402	8.9818375111	-0.866633925117	-0.720803066301	
1.2669225582	4.76020716416	5.13741997584	2.50923932353	4.69239322314	5.94015849146	3.24187425378	1.68862679704	3.35617027487	5.62947148485	7.56868217268	4.61771661631	-1.98952849701	3.06542314241	3.75037540958	-2.05972242392	
2.97019937756	5.87255271254	8.30566042151	6.26841106695	1.24371650924	5.65539629685	4.19187839166	3.72399270996	5.98771201211	4.50615942877	5.65590389517	2.21051337126	1.57048583391	3.03784733491	-5.5732819931	9.0	
3.11356245439	4.74395073361	8.99999970753	8.23471543622	1.52740008872	5.85106907991	2.65400988648	4.20944694281	4.4367425745	1.77124086867	6.3345217195	2.13776933104	7.00805125984	9.0	-2.34388417095	8.79153142355	
-1.0355534302	5.91099503364	7.9094135857	1.82724053155	5.50165023886	8.27536230398	6.72827021996	2.2577964569	7.90091874097	8.4664943261	8.85712142926	8.99999961104	-5.91502027927	-5.99983746586	3.02718736392	-2.13971812753	
1.0249757091	4.74469681415	4.57647775663	1.7216752673	8.12502242394	7.37752880727	8.99740224168	3.61359449887	4.00147894703	8.52303870022	7.02018584958	7.6627516235	-1.67864231597	1.21737709067	-4.81963495641	-6.0	
1.2835294165	4.75438031429	5.51735085746	2.91160393323	3.47629975269	6.62976625399	5.66803656056	4.31254337192	2.30011743168	2.6452955945	6.19108651653	3.06478678277	4.46109899542	9.0	-1.38115042186	3.82512618179	
-2.93737737999	4.61576735979	8.99994717816	2.31190629484	3.72498196226	7.04242627564	8.97564058055	8.25698576369	8.95619811573	8.99999985808	6.23856293386	2.61283286036	-5.96774153491	9.0	-1.36346385972	7.59126952137	
