2.13116109525	5.184856745	4.76284863369	2.57425699083	8.87349435446	8.81479848387	1.41736086568	1.71838676084	5.67307511971	8.81328039739	7.11202103531	2.74633569598	7.7629988821	9.0	-4.68783570317	8.44170880521	
0.282770342063	4.61884494341	8.08899205947	4.61802182943	8.97409481186	8.994542434	0.0349359907933	2.43288777995	7.96671384583	8.98372691628	6.10294720479	1.6843888636	8.96660441481	-1.12500842239	-3.28106678907	5.43466640257	
1.8287290089	4.77567114705	5.15455389805	3.07271570539	2.81168242206	5.88059363119	2.67106198516	3.10926744696	8.7895962418	8.69540983579	6.19244700381	1.79636991981	8.57452436208	9.0	7.99636528128	-3.31711553086	
4.30538434728	5.43367062387	8.91440362427	8.65122158591	-2.0844596349	5.65508030482	7.67104534061	8.99999981878	5.01896421213	1.73716604453	8.99999876569	2.23015336451	0.256184646318	5.81852277317	-2.63528405489	8.99997982756	
3.62858903678	4.61639272244	8.9998169181	8.87711721121	1.22056438643	5.80328587603	8.75455657511	6.70652986103	5.17837062909	1.6112328894	8.79404768842	8.84334719824	-2.81153633914	0.775318982943	-5.93578420083	9.0	
-3.05692906724	4.62148892146	8.99999976875	2.18667288825	5.38761122627	8.95282102024	5.9949707864	2.05717605781	8.99999976875	8.89099409097	7.50971813917	7.00923486191	1.65760850214	1.707026986	-2.53540166844	2.35403652047	
1.19004833357	4.68771420564	4.73241056559	2.0998200937	5.16142175615	8.65037916201	7.94165541346	2.43485668407	8.89630865305	8.93409205921	6.76105645078	7.76027367413	2.12437119058	-1.11914654846	2.99985363669	-6.0	
-3.03079684923	4.61586735446	8.99999976875	2.21843908445	6.55123217314	8.85848417525	4.4631746968	1.76395814124	5.76836915443	6.8978284394	7.53638311304	5.81576972758	-5.45064452356	8.83029980635	-3.14445768642	-0.357175084349	
4.41401244035	7.93013985409	7.94464026498	5.293108984	8.99999967077	8.51224133702	8.80348435898	2.13060679047	1.76051527916	5.7435878839	6.24572748292	8.44049118073	8.6817092978	-5.99674172633	8.48406411207	8.76024081841	
1.4715040125	4.74267408526	4.80447872278	2.39841252208	5.11723092107	6.85734316431	6.75510638694	6.646011799	3.87391350741	5.43277807845	6.22296399381	2.04994199729	-5.61219917265	2.11922700306	8.26642716211	0.219701543904	
4.67327699385	5.28404729384	8.69501092816	8.94971125673	-5.21868736916	5.65613914139	4.66174742408	4.9958734491	8.94369995711	1.91316090767	8.99718552506	3.83544327552	-5.06789933545	-1.88873182253	3.61869483822	9.0	
2.60866188023	4.75626019202	4.89069112462	3.60819677844	4.49867385112	7.24034974319	6.51664856573	7.88768119852	4.1175311459	3.55125838255	6.18506383742	1.6554804897	-2.865290597	8.97866523682	-5.91964706828	-1.98279475841	
-2.08903005733	4.61577544125	8.9999996978	3.16029801827	5.81890777948	8.99186356184	4.25646229996	2.86405649134	2.29040748739	2.5373118045	6.1385408178	3.12793027348	0.320355159821	2.40499592717	3.24656219051	-3.15589853357	
6.50692434073	4.66172564051	6.23373503159	8.94403772198	1.26650905872	5.81329432021	4.69502212607	8.99999975612	8.0384907369	1.67428015775	6.63726112012	3.16656027827	6.32687138344	6.32277338097	-3.8359298624	7.31038390572	
5.58937298807	8.26589314232	8.99999951006	7.1885833341	1.22685332645	5.6670657476	8.99999997008	8.99298990148	4.51469792517	2.77877046203	5.62675490898	1.94633105127	5.92028158683	2.41550096092	-5.90227234552	9.0	
6.21535989696	8.87966502968	7.74811261466	5.94891146692	1.22657391613	5.74280621786	8.60936846247	2.91756665861	3.70280489295	1.87862292914	5.67636774311	7.69297044809	-5.23756356444	5.18400305975	8.7530356397	-6.0	
2.79265632826	4.7850440075	8.99999981008	7.87271618242	5.86055906652	5.65710791113	2.54391432551	4.08270168699	5.96417590261	8.18779520342	6.16709462674	1.6249907633	6.9244522714	7.45967313392	3.44016071298	-5.9999581183	
5.88721606965	8.89103215203	6.82503286105	4.68632075441	7.71717135003	6.10091298924	1.23602278664	1.61212946846	2.82193859364	7.46978815882	8.99785181284	4.60700495033	-5.90605816331	6.1245927108	0.61397950351	8.93794019862	
4.96314003108	8.47753963202	7.56733538445	4.9174832829	7.18037030398	8.27995906061	6.19552229614	1.75859752963	1.76125018718	4.15658414051	6.63450781983	6.59372533214	8.91315222794	9.0	-3.77165433473	6.46553284896	
8.77129580749	8.67933139207	5.69059451436	6.6476629045	1.21873645877	5.80265754904	5.35759539883	4.70794827815	6.48815123573	1.84004820355	8.93932060391	8.67000111094	-2.11082941583	-1.80741161044	-3.19320231254	-2.41309874509	
3.3988211409	6.39116086449	8.84171726093	6.71448151842	1.23880470971	5.65528744277	8.43272490207	7.08322704286	5.93205080996	4.53567975781	5.63400751177	2.9802446876	-4.0236552684	-6.0	-3.4006308359	2.88354098083	
1.87011902801	5.04826502781	8.93386955953	6.62082754894	1.38302157656	5.65506983599	3.14130666744	2.11718882417	8.79620051541	7.73007618502	6.00186491214	2.83690982413	0.656312360943	8.39671229006	-5.9898855805	-0.70934653119	
1.17860229464	4.73550307991	4.67001869366	1.97812629153	6.81663897406	8.99999976875	8.9995465182	8.07623596783	4.0157460201	5.4253761503	6.48543169816	2.83993782598	3.20915616553	3.91036037024	7.55554124037	9.0	
-0.188946228567	4.6217901548	8.93270798216	4.98707565098	6.11674441048	7.61170930117	-1.09528178044	1.66264930123	6.87623750534	6.05966577792	6.99542944598	2.57595870613	-1.00707703881	-2.38558627414	5.19078214097	4.1172879638	
1.27711268641	4.76069965278	8.06942662565	5.45094363486	3.66387495027	6.89410351499	4.22386347847	1.67976439845	2.16970703334	2.45085957967	8.99129708493	7.04086670259	4.90791545214	2.92170759973	1.46888629504	8.37554601148	
1.27734792903	4.7784569105	8.20613481995	5.57012981494	6.27357684278	8.55967524908	4.82020493349	2.25385230244	2.12686258702	3.36967740193	6.2465540693	4.30084507773	5.45523079216	-3.24473177177	-5.89361447905	-6.0	
2.55348219393	8.27489665731	7.24765181651	2.39325688515	2.02659898553	5.28280436814	8.99359540656	5.67324356496	5.3677651132	5.45723281248	6.09566911804	5.08637303348	-4.70432549069	-1.66625129533	-5.8139197804	-1.4117787475	
1.29437941805	4.72125936766	5.70047494835	3.13869896527	2.43947828892	6.21845086289	6.29760167957	4.24946797424	2.41400119996	2.08969575923	6.29454618493	3.9048649854	-1.08639196661	1.61918900354	-4.60963202499	4.40960733111	
4.9390389378	8.45807955057	7.33905244287	4.68472404473	8.99999976864	5.78675880588	7.33058995724	1.62594489014	1.91061011165	8.6194108097	7.57371759456	8.80004548551	-2.09722491253	7.71186197423	-5.40604797831	2.37603246953	
1.27381841108	4.77745654923	5.97881357916	3.34027939264	8.64883890231	6.60956718437	4.42251367774	1.70498078532	2.20546798585	7.77615679123	6.88184268319	5.08481021816	0.537189297297	-3.29713820853	4.92314978801	-2.20982299948	
1.29911849956	4.76711683286	5.19585100328	2.59295662135	3.0331865376	5.90533387423	2.89966573398	1.76191488995	3.31605743545	3.93969035406	6.91771669646	3.5765406007	-5.86621706812	6.74597287938	4.61388340143	1.54246038023	
5.53109317423	8.29943544184	5.67413472984	3.7708964274	1.22755081305	5.71175189472	5.72223477109	4.8354229813	8.15297711871	6.46488793642	5.62720256475	2.73475369653	7.54249266241	6.96780643569	5.323210491	0.0519166730832	
1.46906667608	4.7029701388	5.34593724611	2.9771377582	1.64652028062	5.88627194751	3.79005868102	2.14259961043	3.21125362895	2.23318364217	7.69739642843	5.10002603678	8.62625555374	0.83993310174	-5.44085438326	7.02926542468	
-1.92568240347	4.61594805476	8.01183080392	2.33530396713	3.28637235643	6.85067094595	6.12038597173	1.91252573762	2.97500311193	2.8483274665	8.98310593601	8.77022473973	-5.94147962499	4.16419727397	-1.11576529118	0.0644467338309	
5.46142459172	8.40464631051	6.04807044769	3.96984025177	1.27938639274	5.47275344662	3.66560776434	3.30761901128	6.92666234911	5.60898273015	5.67943739479	2.18028876414	-2.79835927512	9.0	-2.73537094026	-6.0	
3.13029503225	4.63538978796	8.98772215791	8.34773137688	1.930996072	6.11693727473	5.93691985018	7.74752451631	4.3061307445	1.65307865309	6.98080821581	2.65416563875	-1.98052476488	-1.18590387597	-2.64547562406	3.9234953469	
7.30028942776	8.98748370885	4.76239720525	3.94030689411	7.87718311476	8.96064130518	1.21873136686	3.06946315796	8.23658507535	8.86811165004	6.18408193538	1.6352163287	8.97753606944	0.401937858093	8.93987797065	-6.0	
1.48555855562	4.77357156494	8.93610384412	6.51319481029	8.83466097737	5.88786939245	8.99979982139	8.85023723314	2.72132740741	8.98392454562	6.14275447537	1.99336313158	-4.9830721122	3.88443931098	-2.44714744789	-5.72479779808	
7.50710884571	8.44295687252	5.310913368	5.24016927476	1.21881094041	5.79927452454	8.56164551616	8.90355765815	8.9989090612	5.38207550585	5.6267531335	3.33806295747	8.59876258914	7.40810149773	6.63758188415	-0.377203830933	
2.11685880631	4.76612085274	4.86952098658	3.08536288417	4.3092026651	6.52035989811	2.96203411272	3.79010525999	4.06022888857	4.526140323	6.18317410774	1.69488873777	-2.02324323564	-3.65066058518	-5.07773231911	5.13805689001	
8.82730026463	6.39261365044	5.61327045337	8.91306106416	1.21869360291	5.80275766094	5.94200555706	7.05811675622	8.89345114463	1.90247692104	8.69234961167	8.99999976837	8.76623273606	-6.0	1.87031279577	-1.91811369072	
8.99999961387	8.71331135297	7.84820757355	8.99999975413	8.99999976875	6.84126860104	1.21877592027	5.05006471491	5.94362131354	7.84353492827	6.16698009065	1.61136202427	1.57161002667	-6.0	-5.6341931039	8.99993485002	
2.29098334003	4.64636646769	4.9344086504	3.44412949071	2.26785004391	6.32961270783	7.725289599	8.71304833719	4.20794887037	2.52936350688	6.793459357	2.43937496652	8.17314995206	-1.65915128683	7.07375528139	5.19985324795	
2.82233407756	4.76186086544	4.76361108753	3.68918826535	6.50937021379	8.17280184314	7.36599007692	8.95866796959	7.19838972457	7.50229380852	6.17072192551	1.62756045808	2.04887497756	-3.70850074886	-4.93751334732	0.688683464425	
4.48314415014	7.48780257715	7.8094461992	5.66989173007	4.35867846505	5.68594653817	1.23731370696	1.61185493518	3.79108532653	5.49625303446	8.99996919316	4.60984469564	-3.28614145241	-5.81999088442	4.77005902413	6.46498403291	
8.99997766291	8.92679611803	8.05976110492	8.99706979373	8.8112117251	5.97293301126	-1.4362850791	4.72416742647	8.62182732768	8.77062746942	6.04003239005	1.61146276277	-5.88626329269	6.4285355025	-1.04250854955	-6.0	
-2.61035820226	4.61574437523	8.99992819159	2.63892957946	7.73721734797	6.23655307497	1.69735273997	1.65464204772	4.33120182803	8.98875985779	8.85212197652	4.75479285384	8.93070580546	4.27509887726	6.55847242247	4.61819105036	
5.04082476185	8.55693868173	8.60484138245	5.95344875894	8.99650558907	5.95971590322	8.99354199319	6.55899173492	1.85591656069	8.38722797708	6.09000314542	4.04725702418	8.67088476735	-0.760674987957	1.06999360679	4.39672710711	
3.81743568575	4.77475182281	5.08298373741	4.99077154016	8.72227549865	8.70437881674	2.80916226638	5.39545030946	4.95253115395	5.95550612509	6.16706410843	1.61255437517	7.00545342066	3.7645540691	5.19288845602	3.01595716934	
1.46583600635	4.84936720323	7.15320993791	4.63478271968	1.68730960696	5.65681417915	8.99999977844	3.32782346186	7.82637921339	7.26818621172	6.0159616415	7.29367752188	5.71355030556	5.86352935054	5.72802425493	5.16866543218	
8.14858145621	5.26608113711	4.93219425319	8.67979858059	8.175910587	8.9999997477	1.38252721752	7.80967071515	8.99999978856	5.32119565065	6.16698039296	1.61140181752	-5.589593122	-4.6322007112	8.9851828433	9.0	
-2.46491818389	4.61574679349	8.94080339818	2.72524234505	8.94599395994	7.52179949868	1.73195015175	2.05993460263	4.57632310807	8.94235215258	6.27758001304	2.024615896	6.11225603013	-0.999802767198	-2.99664114515	-5.83801038037	
1.22299434393	4.67867274322	4.77755250932	2.18697798613	3.50311095367	7.11075561649	5.11664922007	2.03218285631	8.9746105404	8.85044588923	8.84391955061	7.46176459832	-2.60420739279	1.40770372592	2.6682358571	5.3937468169	
8.75502511452	8.99999976851	5.64584777615	6.26597711507	1.21870869579	5.71597191364	6.34000627431	8.89643228596	8.99999976907	4.77545716827	5.62667312348	1.81437754689	6.64380465735	3.39801483178	-3.57142031946	-5.66377697466	
-0.440960016112	4.6157131395	8.99998495308	4.80841577729	4.94960158351	8.94658650755	6.41247401356	8.95134741491	5.72157915799	2.62153338164	7.02139742575	2.60243396371	4.77152955022	7.99491848159	7.83101010137	9.0	
1.28739708772	4.76959643009	5.4225137355	2.80541832168	2.48840102897	5.76980240551	6.23719827709	1.66827085835	4.01053790957	4.23911604569	7.8208218804	7.89662199738	4.53199464565	-5.35104889944	2.23239850601	-4.81479224635	
-0.46664970302	6.70871525542	8.23141461156	1.92383562856	5.58452084953	8.6515156908	7.2357297543	6.73187133047	8.8367428311	8.99999976875	6.69441256114	2.98014634478	-3.21357418011	-2.25086621239	8.84986372165	-0.487051675293	
5.44324703692	8.95417769369	7.40350798903	4.75716591132	6.74335491817	8.20961795936	6.70353174225	4.84953688785	1.76491034808	3.78894532021	6.09365304382	3.47457602574	-0.949377102071	8.99980258921	-3.40310631531	4.59175281357	
-2.61476157787	4.61586330122	8.7100731828	2.34455200053	3.89342033851	7.44955182779	4.08806673386	1.93332400019	2.8534114767	2.73175626998	7.75784493647	5.49498578008	5.28157217287	3.83858116362	-5.88258079073	-6.0	
1.40271240575	4.61731979586	5.04926277228	2.69975931468	2.22012064559	6.32772665534	4.48396276776	3.99904500277	2.97912605803	2.11392340765	8.59416246657	4.85353186265	-4.52989374863	1.07329164841	3.04137524136	3.05997026587	
-3.47541569645	4.73162003153	8.99999976726	1.65786171404	8.4419433163	8.91459801071	7.32818520219	2.87070668596	5.56225674311	8.90659132886	7.72473156092	7.40026613897	-3.27073462783	9.0	6.2113939654	8.94724948442	
2.4884268717	4.76866566813	8.63694052705	7.22180570814	2.70165509555	5.65510124908	7.08287495037	8.30971496832	8.84192799334	8.1965002289	6.15417694008	1.63617045186	-2.65031037247	-5.62132717132	-0.190906912874	-0.714728247299	
1.29809375276	4.78784214343	8.77377549469	6.14913108696	3.15247207446	5.655449396	3.16132028458	1.61190182125	5.21524624466	6.22979653085	8.89405262339	5.94279451264	-4.85707120706	-4.3695226715	2.49580082611	-1.89202730727	
-3.12092383788	4.63716962448	8.99821144216	2.1051813771	5.11089704471	8.89642640867	6.86600850773	3.63678017932	8.95388654711	8.67477122529	7.31654953763	6.05987955054	8.41657363006	-6.0	-4.82568793394	-5.67018825066	
5.25472935711	8.77228879834	7.38967290145	4.73683491176	6.04301124544	5.4528606334	5.58340407289	1.84674863249	2.19692866134	6.28263417721	6.46829222329	5.72663538839	0.731271685584	-1.65589478269	-5.96014741192	-3.25141729789	
2.17454700875	5.17973721823	6.75667740514	4.61659117701	5.46066316255	5.66016751263	1.44915752387	1.82324912013	5.41137320269	8.24483230113	6.56850361969	2.17830047464	8.80442311494	4.80797100633	7.97062437232	5.57677545153	
2.17364032436	4.61607309819	8.9145947347	7.33726593531	1.31879109952	5.83399138982	8.54617676901	8.42603391071	3.65638154336	1.61139400782	8.73537302164	5.40215427925	3.18320842339	-4.2479704416	1.58163835926	-5.99814447838	
8.93897409563	8.51262218122	7.70552721209	8.99698310688	6.37545458906	5.65684408544	1.21877787923	5.18983105591	8.5715679799	8.89159547531	6.16691969325	1.61130067195	0.278768363254	0.390980326477	8.76652681146	9.0	
4.73510834144	7.56223579285	8.98422554609	7.02220207505	1.42943252409	5.72102776398	1.66541720691	1.82985293785	3.65114679011	2.21444875668	6.67504234373	2.67256067107	-3.05653204306	-5.68075615635	-5.49796956717	-6.0	
5.02024711898	4.7643789897	7.79220750345	8.91317960953	8.97630747083	8.40729443818	3.88174534892	7.6822809357	5.88430783256	6.22523762782	6.16682010332	1.61121931944	3.35705933465	2.21996732008	8.76472077664	-0.337788409955	
1.10462551384	4.73844968711	4.63154321335	1.86269527968	6.74581420207	8.19091492255	4.54804447206	3.05959572904	4.06370406508	6.29332390806	6.66926172272	3.51047607861	7.20230199285	1.20062086856	-5.99822315553	4.82720112814	
0.64369057518	4.74855055312	7.2032820375	3.96334326325	6.62566675931	8.23716779155	8.12498711125	5.56797533198	3.0909983081	3.94984121386	5.04608586659	4.17365139538	2.41913534511	-0.601165956441	4.32450625981	0.701206051435	
3.58881850156	6.52443255906	7.6491209578	5.57861088064	2.32852388115	5.66322305249	1.27778483116	1.71543375301	4.45137409661	4.08006033378	6.80881255503	2.42462931962	-5.94782636001	-5.7680940537	7.94507602311	8.14194372127	
0.994031762866	4.74491435374	4.54870669488	1.66271877225	8.14288096773	8.66931995164	8.99999977195	6.31459520429	3.49623452247	6.78644425151	7.3452540854	5.24904902998	-2.44927954086	-5.99878542899	-1.95467385696	2.54832178613	
1.75120300796	4.86909684038	8.63532102177	6.38253117203	1.58967607694	5.80265878885	2.21284428434	1.85402460045	3.04993659921	1.98262706852	8.41555541384	4.64555359106	5.50048286395	8.00775584961	8.9237186257	1.03343653689	
6.03169963896	4.63021334746	6.71704631606	8.98363658219	4.72727983735	8.73489967261	4.1876015106	8.99999680587	7.03395836326	1.65262843154	7.1250064614	2.70317234143	-5.38957409584	-1.40693191754	-2.68458578929	9.0	
1.31171050221	4.79225774138	8.82494041088	6.20949717456	2.71926602492	5.65508164702	3.06471342233	1.61961843627	8.42527037097	8.99778135653	7.83232677646	4.78594700053	-1.91063089137	0.973238144467	3.49072479358	7.05589975353	
7.62248907069	8.09362297398	8.48158766094	8.87834580396	-0.0768869706779	5.66867896369	1.3683629232	4.17982877081	8.34170766628	1.8002897681	5.39962005512	2.40073585163	8.99301013702	1.83234424401	1.60837986072	-5.18299952432	
5.42952921558	8.43356673249	8.18062690753	6.04169340078	1.23617019409	5.65528248068	8.7882108669	1.82434870078	6.28821576305	4.90090614314	6.03895431458	8.98786481208	8.02812297077	2.87575759774	-5.97812062993	3.89878254155	
3.74606052826	4.61571629027	8.99980903614	8.99526227198	-0.0739611319502	5.6630015414	3.3522373933	8.07169371206	8.99002135821	1.92514520492	7.44138604263	3.06391447889	7.81724811915	5.27213413038	6.22104720652	9.0	
2.6992462643	4.62094857816	8.9291590606	7.87256075275	4.89337186671	8.93661630886	-0.923519588002	4.61559288834	8.38999891658	2.24470160929	8.98088996928	4.56067455642	8.99261129855	-5.72392022607	-5.94187434998	-0.505700047806	
5.03734687647	8.55724484629	8.91538425338	6.26020803999	8.97489269676	5.86651850899	8.99437369871	2.81941589342	1.88062334151	8.48436638742	6.11699321975	7.81380648838	-1.77690181397	9.0	8.22507190279	-3.06135407907	
6.14114891335	8.99999753163	4.87185134143	2.87810659585	3.25604764838	6.69991441771	1.22546191352	1.75741079975	3.64358679716	3.08635473277	8.60797201717	4.20624454513	1.85086234555	0.536767516423	7.52483626694	-3.83133544389	
1.87166829269	4.92593299792	5.30215367446	3.11299294441	1.87586471647	5.80280377245	1.85017050943	1.96914165016	8.88762227339	8.04272374409	6.55000906158	2.36584992907	8.99573455273	7.22618587766	8.0106505458	4.44552825877	
1.66048982565	4.75173251198	4.84691022364	2.62077145727	4.98932631351	6.4829349768	8.73485910564	8.97587924407	4.07641454709	5.7018562134	6.19723923703	1.85402546076	1.0184693757	9.0	8.94803650773	-2.33870674141	
3.45908174805	4.76374563509	8.999999769	8.56043985751	8.9659238983	6.01614644854	4.51670844608	6.75402844519	4.57093278043	8.85317298218	6.16658124524	1.61365013716	5.46415523039	9.0	8.37039038566	6.84487074542	
1.03284605912	4.74334274273	4.57948514949	1.73391406996	7.96563106973	8.99997712521	8.99999976875	6.50919654035	3.66892166108	6.39831892103	6.95527928114	4.71450861392	5.11877013132	8.70638186538	3.30183970935	8.99353685895	
5.48480282443	8.47655891326	6.90164779486	4.77025128486	1.23551688326	5.65787431539	8.25427066239	1.70152610935	6.27286610516	4.87460100583	6.3896473634	8.93517910877	-1.74787128264	3.14360342863	8.03276181305	-5.62776275553	
6.30950442695	8.99988990361	8.99952942431	7.17424782322	1.22708236559	5.65501940553	8.96016903837	8.9860934855	8.57765964686	6.8678517556	5.6266678746	1.89946528206	-4.66010580735	-5.99974258561	-4.43414777704	-0.359939464966	
1.28436710319	4.69630832855	4.89612162526	2.34928422884	5.16545170975	8.72686356788	4.56405701273	3.68387444216	2.79228805784	2.6706283782	6.40676312609	2.86405533625	1.68764942776	1.78573727277	8.81024692173	-2.00590569035	
3.49364037148	4.76355681663	8.99524591269	8.59043344278	4.81853459438	5.76650610705	5.50718546767	7.77937556957	5.00267537538	5.3524064613	6.16657422141	1.61353317367	0.373857733043	6.51861141562	-5.72089402989	8.98298886558	
6.27490080327	8.97254483869	4.76234679431	2.92980670722	7.55825055591	8.99999976875	1.21873248025	1.99176856678	7.71629829075	8.99999976874	6.43354466168	1.95190989955	0.170647831508	3.02528676691	0.595026719224	-4.91734649174	
5.29290965705	8.13817919142	5.12798236437	3.14781680299	4.71268136144	8.19902638942	1.22582073451	1.7709591208	3.02883527387	2.41554981033	8.69971612083	4.2983694262	-3.36375573748	-5.99978495829	6.19431487582	0.480123718666	
1.08161225135	4.73733331121	4.62272665502	1.83197599955	8.82981476247	8.65539347844	7.19319578884	2.06419018163	4.04322919261	7.91627974106	7.61628037175	8.07476836685	8.74116987425	6.26807883427	0.0769058988588	8.63682716394	
1.71017597098	4.9574952898	6.72622140588	4.34400606798	1.44099610047	5.65979582234	8.89189008916	7.3787002922	7.0467962741	6.10309528471	5.89045717761	3.14539927789	-1.15949029158	-1.21217035375	-5.78378370952	2.95991002523	
-0.444754236911	4.61951553303	8.99999968889	4.80083388963	4.82035151069	5.89653668295	-0.597903869168	1.61218131151	8.85182559722	8.99998725497	8.92071732882	4.50314411931	-4.02975922779	4.85123343333	2.57342169179	-0.569048875762	
8.22037758479	8.90280451276	8.70356267643	8.88623973426	4.80852379083	5.65511133579	1.2189173627	4.08051137044	8.99994570708	8.86355056549	6.16814819901	1.61321279299	-3.76635007198	8.99010380115	4.11163217618	9.0	
4.65689182099	4.75110570475	5.50901353788	6.27990363669	5.92148168887	8.96771045816	4.20140401251	7.63895549436	5.61904989847	2.69485459516	6.20002900949	1.65729548214	-2.98772036185	-6.0	1.16410762055	5.00016718388	
-3.08835501143	4.62893216588	8.99999976875	2.14779092624	5.09950275255	8.94277903942	6.24783496842	3.39737398535	8.69276822812	8.32930224059	7.73141479483	6.12141738633	8.10448108199	-5.03771172414	-3.14333856347	-6.0	
3.12936390746	8.52112551058	6.22118397254	1.69427184799	8.93584423864	8.80762117624	8.74158455207	8.99699152523	5.22341458323	8.80968390853	7.25877333359	2.56213254757	-5.20256316456	-6.0	6.51443530061	3.34971445908	
