-2.21311741525	4.61248033147	8.55444692314	2.59395272909	8.92543593287	7.08739119156	8.86017079828	8.98158339814	3.83207969911	8.77948203994	6.11730068962	1.9034037989	0.689755810527	2.54253208209	0.642431340022	2.50628695237	
1.44418036052	4.71877343786	4.80952442952	2.40003522321	4.31308501255	7.03708692605	4.71318711619	4.59251134822	3.59610785469	4.20511328009	6.27244184359	2.07697067202	6.38082449782	8.26496422285	0.325413028422	2.13709557734	
1.20197170566	4.67977145768	4.8216624906	2.20896652889	4.73376899554	8.19995637202	8.99136453394	2.38356687143	3.05822136265	3.12821438563	6.60749632079	8.69598094351	2.93239793837	4.816519527	-0.423353642799	1.38838138632	
8.88664387828	6.38977130546	5.63178262861	8.99375923692	-2.02181324962	5.85624319647	6.32782719011	8.99999976872	8.7115422787	1.79432070143	8.99999974646	4.38384136262	1.03864263964	3.23271886874	-5.23506459607	-3.47768874991	
1.25863257183	4.75717252137	5.87519415742	3.24175822493	5.53865352229	6.18042968175	3.52156285607	1.92607832579	2.34987471246	5.26387526795	6.4689051665	3.52546098846	0.278981686207	2.16157524591	0.733513906149	2.54554892067	
1.27244346865	4.75509705767	6.41926335617	3.80171374354	6.22249570172	8.46939183239	8.98694091983	7.77861991881	2.15583312672	3.45009055209	6.17086162259	2.85488075965	2.68854698497	4.57277872225	2.11139617242	3.92300576367	
1.25226135707	4.71265461101	4.78664561979	2.191356223	8.88212346315	8.01960543427	3.60526166576	2.71280503196	3.4809689323	7.86227056568	6.34720904789	2.73774415667	0.0400493720006	1.92416562097	3.26271728363	5.07442201931	
6.15301934666	4.87424419336	5.88152061277	8.02539976627	1.250872876	5.8427999425	2.46341712922	6.23392270348	7.55247199654	1.74020329542	7.2981026309	3.76478997875	1.6519494965	3.53610910179	1.95051375446	3.76216306989	
1.17605826168	4.69650305557	4.76421024137	2.10883508559	3.83872253311	7.03803528566	8.99998836166	2.32883772183	6.75132411605	7.11216064605	6.60526172243	8.73555412421	6.97164095655	8.83984633238	-2.86960323555	-1.03625225338	
6.3504876116	8.99876702057	8.96016452533	7.17698909532	1.20304695459	5.77034973231	5.23673989593	1.95402465272	3.73500096333	1.87431812845	8.99999966623	8.59294621478	3.57158542654	5.45562712774	5.88976977537	7.70146018535	
6.6014546598	8.99999767083	4.79529671226	3.26185751819	2.91967597303	6.82931989976	1.20437821066	2.21835629629	8.4625675933	7.00979220644	7.12011862922	2.6661305548	7.08353479399	8.96751678487	7.18831225115	8.99999976847	
1.15513620302	4.71835080929	4.72962994896	2.03144303351	5.3154100177	7.629646761	3.87372678217	2.1499497358	6.33519485456	7.60640441267	6.68949633882	3.85075659894	1.08726557592	2.94526918122	-1.34420201191	0.514844545009	
7.75105528178	7.94271303728	5.59345557606	6.26690168485	1.19589145673	5.82752260144	6.02988343976	5.16730597761	6.3238507775	1.94235648125	5.7274845472	5.35677805633	7.11566805226	8.99980215024	4.76250121369	6.57406234309	
5.41818217353	8.96536949049	6.96071551874	4.27780765838	8.9999998981	5.79420647427	8.65301084224	1.8421347954	1.96795400384	8.59973299949	6.40610437048	8.80876141684	-5.95627103195	-4.65013783275	7.22216747578	8.99992299821	
1.19580629191	4.70434048016	4.76400232512	2.12057175742	8.86079565975	8.99617516965	8.99999867086	4.54117548732	4.76733122032	8.19887105837	6.32278814937	6.23158742519	0.623600235744	2.50765592037	7.18824593401	8.99999976874	
6.90678697576	8.99999983184	4.79415865624	3.56604980107	3.41606637338	6.84573986625	1.19861075185	2.6065207013	8.96615557355	7.68810959312	6.33964414154	1.79695646503	-5.47687178276	-3.59274201171	7.18835650382	8.99999982824	
1.47810458072	4.71925783083	7.36668940936	4.990640136	3.38796595406	6.97926686429	2.94322564149	2.81588162442	2.41076918683	2.11909301919	6.33944349721	2.18401445263	-3.30122787831	-1.41703814524	0.752334139273	2.56395568821	
1.66777246718	4.92927320388	7.79637379706	5.3999774535	3.47817996755	6.36602438617	-1.47959113829	1.63641832295	8.32353933645	5.79471330932	8.93543701752	4.47725112495	-5.95634678715	-4.10335433966	-3.89002014062	-2.02632569019	
5.38510360642	8.93303401253	7.39240755174	4.70875722226	7.33263869891	8.41797415522	6.82986016965	3.94788804815	1.82312319188	4.16201532751	6.02182023038	4.49722444947	-5.99999972807	-4.69405066259	7.21863016074	8.99999976852	
1.04522283408	4.7433343882	4.65754381031	1.82430747528	7.55716611632	8.58665753806	8.99999976875	5.17525433955	5.75146409959	8.41050079637	6.67643487092	5.84839833332	1.0004365065	2.87774491482	4.63820902831	6.58735568093	
-2.1501523005	4.61250531221	8.72182596326	2.82427119813	3.31187726099	6.08269679097	3.1554620007	3.19439250843	3.36949306241	3.75298083277	6.12496456839	1.94858552663	7.14725181896	8.9999340214	5.74053882203	7.60387285379	
3.6941279442	6.45795559142	5.86895249563	3.97022880941	1.95590729651	5.96673613494	1.29703482388	1.84458934416	3.26522670791	2.07662672741	8.89048390571	4.53755239827	7.11447027645	8.99857029676	6.11033928295	7.92199064738	
2.59953946777	5.41636752469	5.78047755142	3.82875350127	1.24989600562	5.73105085749	2.63172644323	2.31575387959	5.63358155945	4.02764706132	5.90176664961	2.35936989729	-5.98446488969	-4.10036958215	-1.58090487347	0.23076377492	
1.28519823772	8.81145830144	8.83969539028	2.17853642269	3.36010264719	6.77362541875	8.6240812178	8.70612639038	4.39707874646	3.96989337027	8.99999977056	4.94843506385	-5.9999997683	-4.69019443125	-5.6102977943	0.770014028306	
8.63281325813	5.0285407782	4.34051018008	8.80956159086	8.9117938325	6.43984381374	1.50413806332	8.7890001928	8.99842733487	8.47753131155	6.83478378119	1.61127197655	-5.50464942086	-3.23814053186	-5.75936013555	-4.41578926051	
7.29011038287	6.27675518571	6.09647620376	7.97493541477	7.40877067565	5.74481280742	1.20872380723	5.76952964532	7.74255773899	8.4515972018	6.2002215823	1.61118404771	6.57284735873	8.45702726874	-2.15334525673	-0.341687176837	
5.93917204408	8.90518046631	8.83517192971	6.73426748479	1.39669714063	5.68644468276	1.66932098423	1.66292455421	8.98321850225	7.71782861976	6.86629278592	2.86518244533	7.11594914876	8.99998989514	2.21114086528	4.02282019839	
1.54969823024	4.79560293244	5.93785162331	3.55705089518	2.82950676055	5.72686343543	2.25369433256	2.19391660795	4.04141334735	4.44839514909	6.31260242054	2.08489385122	3.15975856459	5.04391648023	2.22769572787	4.03934541531	
1.27881702124	4.76700543192	7.40139389955	4.77830951338	4.39382234478	5.74041430566	2.94701690134	1.65958315181	3.0832110909	5.28394039264	7.14374622194	3.90069231013	3.94451005857	5.82961034339	-5.70358133768	-3.89211095845	
1.81618987288	4.76642648349	6.45327977187	4.36814713462	3.18315224283	5.7066245502	2.60191596076	3.05382976631	4.28147991979	4.76666634125	6.20356538012	1.7598448843	-0.86549497202	1.01864271721	-2.07166243253	-0.260014135626	
8.99353151545	8.88875299348	4.76353667635	5.73341918572	7.33717161977	8.98540146793	1.19586788579	4.84751940302	8.82303621809	7.12851864413	6.20166395583	1.61315070058	1.54929679339	3.43351259972	7.18314187711	8.99474590585	
5.75641066348	8.71293838037	4.91869781874	2.82727407853	7.19150643689	6.2390264318	1.2002804395	1.6481500046	4.34589418136	8.31334613453	7.86977012438	3.42378030598	7.11563438864	8.99976930012	-5.9222900645	-4.11070672994	
4.47297421349	5.36603471195	8.99999976928	8.97204485781	5.89271530993	8.98596062695	-2.56763963676	3.80359568318	8.77047693223	2.7812037542	6.12332923236	1.6649422686	-5.68319135169	-3.83032044994	4.89932552681	6.76300152332	
6.11624082787	8.87527717018	6.69474130905	4.80080894319	1.21634879159	5.7532768402	2.79439914568	1.8441962529	3.75193557842	2.03242066345	8.22911680688	5.37875774188	-0.955403066865	0.928677452408	-0.430908848144	1.38075944554	
2.69502410353	5.41181203642	6.2557702002	4.40437721728	1.06050804679	5.85648016466	8.98170325075	8.754401006	8.63373944224	6.58511728326	5.63093280157	2.12757613602	-2.93374410191	-0.846153668583	-1.27996851037	0.747606449481	
2.23856962105	4.708398408	4.86364310706	3.25891826199	2.49950441614	6.591792757	1.92692932762	2.79684450581	4.24115851607	2.67715351351	8.78743836042	4.40609357024	1.41785735094	3.30201578999	4.0642778152	5.87589783127	
1.00341088502	4.75050194671	4.63468139636	1.7524039889	6.77175817846	8.95006548166	8.99999976875	6.55785060127	3.73409410838	5.29117015398	6.89531146557	4.64325681136	7.0946243917	8.99999976875	7.01200436331	8.99999976875	
1.28437726796	4.76507462605	8.28605564305	5.67046226021	2.34271141555	5.75805612112	4.5515254236	1.62660038181	2.96665902085	3.09045123118	8.91637460429	7.31901486149	1.86138962448	3.74555477492	-4.95249865713	-3.14085315054	
1.24129281658	4.6295706235	5.12093495167	2.59776099602	3.41094573977	7.36278942315	5.29610166424	3.971927617	2.50695974624	2.00179587688	6.86871962387	3.76307650695	-0.60130543069	1.28283263038	7.18829549364	8.99999983749	
8.36892193746	8.99999823579	4.77204163162	5.00606936416	6.05685899639	8.99999632223	1.19587420313	4.10263668292	6.69289855327	4.43934140242	6.22612642888	1.64663235353	3.95012002968	5.83436229082	0.80578931317	2.61739486523	
6.01492286195	8.99999992307	8.99999988875	6.88002677759	5.92555307316	8.52390165429	-3.0541668898	1.62738845375	8.48065460646	4.67592478027	8.89019013697	4.43186981555	-1.04496346572	0.807733328855	6.93301978514	8.79682364946	
8.44758186327	6.87145303795	5.38594457987	7.82716778346	0.562689440354	6.31024368032	1.89815225289	6.10585087973	8.19572507139	2.15816278564	7.68326753127	2.88527487436	5.95166529857	8.99999977654	1.8931971758	3.68113302203	
7.10669635333	6.74820765066	7.71266990051	8.93626259264	1.19582390054	5.82765683671	6.93608276684	4.97640110139	6.54500174765	1.61309518654	7.18585347046	8.46246006643	1.38763310206	3.2717629724	5.21084416646	7.02249559015	
1.2009202735	4.63620179973	5.2533722416	2.68322783604	2.81459316664	6.79122421832	5.94396932632	3.1876773276	2.37509262825	1.86255111405	7.33651511132	5.64712401206	3.70177394881	5.56749632472	6.97744530637	8.82533880803	
5.2495810864	4.743779667	4.85147120049	6.22237654518	5.76124856277	6.4238296022	4.09968638453	8.15284771257	8.99997210027	7.89010535378	6.2003481435	1.6113280037	6.84368999925	8.72791376785	-5.97409538669	-4.16250827488	
5.30269609132	8.85528202731	8.58338161846	5.89510775873	8.9937688317	6.24668104322	7.93907580001	1.99730376371	1.8667187311	8.03866964459	6.24821924324	7.78276166077	-5.37378377581	-4.06862976338	6.86683883648	8.65298464953	
5.52056960923	8.43011969536	5.98523631457	3.94079019969	1.20826933758	5.71404908979	6.90083098932	3.62369924717	5.50723428786	3.96939904675	5.64880117724	4.97483941982	2.89138073573	4.77547951194	4.97052793645	6.78218382549	
1.06733957909	4.73984778481	4.67114150016	1.86354122795	8.90505061622	8.89976601261	8.99999976874	6.42995865514	5.21831782766	8.88846626031	6.59987325485	4.53813720373	5.12194642693	6.98780715341	7.06702220616	8.99999976875	
6.01716927255	8.99648628009	5.5405862347	3.42637320974	6.75874603359	8.32068166292	1.20879383858	1.62414037945	2.72924545813	4.20504885195	8.14228392829	3.70604913134	7.11268188443	8.99680957917	-1.15010489817	0.661534900814	
-3.50305017496	4.73678317129	8.99991945801	1.6247769944	5.03595731779	7.13334619935	7.7738184777	3.56640890981	6.95498726687	8.70786911283	8.96642490147	8.36988052087	5.85444499875	7.85240961586	3.09729188784	5.25602707788	
4.51930583201	4.7309910987	8.16378818097	8.81720689193	3.73906023102	7.77538073811	1.83514923245	5.04350401064	5.42010655935	1.65394693283	7.10399263496	2.64232798863	7.10770846066	8.99189828263	7.12628289508	8.93789258483	
4.36300742537	7.34773655787	6.72729157689	4.60766641655	2.96509393024	5.80466165098	1.22024622599	1.61831179929	3.28652077812	3.49008833195	8.99949116727	4.57514156339	1.61150635979	3.49561941134	3.26868711299	5.08033756698	
1.29062234703	4.77148012721	8.84364486834	6.22789106504	3.88158073766	5.6882219798	2.77952136722	1.6236084811	4.55891674058	6.29157106	7.71184941828	4.34531839793	1.33475272715	3.21891211715	-0.663376796809	1.14826547006	
1.42086112645	4.6680123422	8.99961384951	6.61756662259	1.68142838058	5.95856079389	8.98865441076	7.29794977288	2.71315001103	1.7417023605	6.49453219083	3.89640235144	-5.98228467693	-4.09802656556	-5.8718641317	-4.06028901903	
6.41144320643	8.55158109392	8.99332456151	7.71829065529	1.201549439	5.81176527882	3.2919015201	2.46221615239	4.08894020265	1.67724564606	8.92326787188	6.57128331875	6.04563826484	7.92972728863	6.99602045943	8.80768466245	
7.02817287312	8.84893988078	8.04488472134	7.08922169395	1.19794702378	5.81999613695	3.80367498371	2.78183155043	4.3853071195	1.64239160903	8.59136506891	6.75092624906	7.11532369354	8.99939103587	-5.53126567947	-3.71959032483	
5.2849842253	8.89456555578	7.63395438775	4.88871260545	8.98714288764	8.7756730663	8.9918622427	3.13509997181	-0.976976939211	5.44462099865	8.81710831647	7.48136167434	-5.99999914207	-4.83957894446	6.85130057225	8.83373697897	
1.60344599058	4.88646825795	7.48322917364	5.06531088559	5.75183687179	8.51328447647	1.786568252	1.64348028301	2.34651827767	2.92659760906	7.81043677646	3.62884906729	3.77108043122	5.65531158898	-1.92340147068	-0.111801730223	
3.68850357184	4.60229870947	6.45138987445	6.40269870298	1.59192391186	5.97784606781	6.54963279691	8.81666488183	5.04380632543	1.63013208138	8.89245603213	4.67002774068	-0.640397293973	1.2437653618	5.95818112301	7.76980304257	
8.13136745271	8.99709880416	7.78009939816	7.77947203342	2.15308510588	5.86441384731	1.24675210006	3.87182421068	5.23699324096	2.44979242854	6.2155591624	1.68320975689	-1.83511595996	0.0489849225755	-1.53083346211	0.280820835993	
1.529840999	4.87433199369	8.99967017519	6.52028318026	8.82547091106	8.99586561503	-2.71768255675	1.61171309017	8.62517425851	7.60069257899	8.99999631981	4.54153894176	5.8330391456	7.68618440899	7.1364150574	8.9999951234	
1.3589325867	4.72284842486	4.79257436834	2.29376230347	7.02835308325	6.89424670481	3.16116558032	2.79690409028	4.63968745812	8.19612524022	6.31104741535	2.26984630215	-0.367427967067	1.51672713149	7.12556413557	8.93727664299	
3.12726101131	6.05900210272	4.95696672828	2.89032958817	3.97234594757	7.01286415043	1.22225902256	1.68881345601	3.20058171097	3.15025202577	7.81226155284	3.37237080613	6.78819617787	8.67234932611	-1.04507757611	0.766546710608	
-1.31226548851	4.61246292886	8.85334557696	3.79372123101	2.72825100313	6.41357152013	1.12239223799	2.6308965362	8.50427118778	6.77240356572	6.33419473739	1.88909081789	6.39566001868	8.24835100087	3.84404372302	5.70777828931	
3.40121971047	6.25291282614	6.01670489271	4.03011580222	1.20949462265	5.73322863669	8.10455689334	4.80580897361	4.111641089	2.49803236947	5.65383115557	5.0593045311	1.73465738887	3.61883736572	-5.77702627135	-3.965316607	
1.06471686752	4.71731847012	4.74117457876	1.95347569365	5.4930130364	8.9259701472	5.7563540964	2.99602107307	2.69347719091	2.90330026509	6.98297373888	5.13468128306	6.89429999377	8.76758585937	-2.34643735813	-0.402109354223	
1.7771013592	4.85806933731	8.16832468411	5.95246066287	2.27231273585	5.95217539819	1.86469279665	2.04266029828	2.88699972688	2.3465579074	6.48377475017	2.18324009376	-0.62718095308	1.25701090449	1.16021160509	2.97186596414	
1.07116141902	4.7108648725	4.74726138222	1.97247438533	5.49889500665	8.98998206071	8.99998526049	3.4081757473	2.70736993646	2.84656591602	6.96558801743	7.96030661049	2.69133105046	4.56069299695	7.06076305623	8.99943054253	
8.99989005051	8.84705830446	5.54061881976	6.55855456848	1.19580322584	5.82698388238	8.16827181544	8.99807853529	6.74098301754	2.01532614196	5.6436373054	3.9251577183	-5.99352954796	-4.1094482216	-5.70745934926	-3.89575967467	
6.17548341771	4.77639578585	6.13312188961	8.39731349952	1.82162141112	5.71849717473	3.33501406519	8.1932259551	8.57389677459	3.33636774712	6.13280664725	1.63209997998	-2.80928870602	-0.925134311978	7.18835317703	8.99999613729	
1.40094544622	4.7723301199	6.34332357476	3.83704287522	2.09294479151	5.69826646174	5.76542151885	5.18818637	5.59300142622	5.417496457	6.132779185	2.29704930614	7.11581572713	8.9999620267	7.18812497409	8.99976617212	
1.30381531196	4.76827962851	7.87146464597	5.27210430579	2.17565415381	5.76131469685	3.92082904846	1.80194620964	2.96642119545	2.9036652813	6.63749497186	4.25032532645	4.55528735135	6.43945455681	5.65665816756	7.46830533984	
0.495791323884	4.61781352272	8.76833701844	5.5121740869	-0.592249901544	5.65441918183	8.70163726071	3.55358729961	8.99962564232	5.1063155433	7.1866507282	8.99830002805	6.7265586488	8.57573769204	7.08540147581	8.99999993746	
1.80616315953	4.76835433992	4.80280172199	2.70571453123	3.93276820373	7.78852496492	1.82951615458	2.15372624154	3.76424295458	2.92915620767	7.56856393306	3.24053425329	7.05831487992	8.94251208545	4.83421346242	6.64582547301	
5.94889950158	8.89117326899	8.63010082609	6.55293103596	1.2112048276	5.70437365717	3.80553790253	1.66039141675	4.07962165889	2.58707819411	8.53957037829	6.70094256686	2.74279772744	4.62684938341	7.18831931543	8.99999799889	
-3.35366430184	4.76417287633	8.99378044464	1.74077026857	7.93400764578	7.18367705282	8.99995652462	7.07752074642	3.76835444134	8.23097551979	6.87634392792	4.12718356997	-0.515121757507	1.35502879372	3.94329141671	6.11961810302	
1.50286081121	4.69420642529	7.62264896758	5.29640728671	1.54425625793	5.88977796784	4.91811483921	2.25206016599	2.86568069005	1.76993193985	6.97076734204	5.40390110809	7.11524710689	8.99939106526	7.18827614989	8.99992356702	
8.99999977427	8.62318727654	4.76426672015	6.00618324387	8.9147695582	8.86957508029	1.19589258771	5.12007589803	8.6465096995	8.37334543072	6.20035375624	1.61137830933	0.883383485845	2.76756568891	-4.73708906763	-2.92545902851	
1.76425224953	4.98418487522	8.26951019869	5.91468155503	1.81377286362	5.69178362334	1.79776810062	1.61534110212	4.33673167342	3.7370889663	8.81485766696	4.7357679194	1.51218407306	3.39633595673	6.86942658887	8.68106381537	
3.48196091023	8.96292011005	6.7378892039	2.12197497031	4.05467075399	7.43714427392	7.3026226147	6.97538842063	4.50469037494	4.15615504101	8.99998653642	5.31011652994	0.886088997152	2.07265761102	-0.646736887823	1.06688987495	
6.2012740101	8.98381479385	6.16698857144	4.24944557672	1.21732043235	5.7758211961	8.95449833813	2.20472795053	3.8971147832	2.21452090164	5.88741612053	8.77793236486	-5.65417825715	-3.73663370302	7.21405828319	8.99999976873	
1.69761669894	4.71465708309	8.17796816125	6.02604160093	3.54623879816	5.79177364834	5.07844455223	5.37302877062	7.73025261526	8.66464941357	6.25468822231	1.78949052389	-1.70377168898	0.315534523195	6.61538208718	8.38530783732	
1.43796639456	4.76564120982	5.21664430955	2.75407347389	5.08350503084	8.52763856196	2.13625432973	1.79602900653	2.48966122369	2.43170206677	7.52736843688	3.49827072418	3.93286693569	5.81709710907	1.77566069478	3.58726981231	
-2.70936234477	4.61244388558	8.99450847635	2.53780614618	5.07603546621	6.42787445123	2.16452567216	1.6674140109	2.92598467301	4.929366684	8.89916810844	5.0579150789	-2.94508382784	-1.09234000806	-5.9935129773	-4.1298440856	
1.2893335025	4.63629692772	5.37170760665	2.88984802397	2.9324823899	6.91858485287	3.45635154557	2.58401281991	2.43886310715	1.85810004467	7.18418585826	3.66804892097	-5.04803680771	-3.16392341972	6.38427192942	8.1960001213	
1.95208058713	4.71852976641	5.30757483136	3.40622963751	1.37622879051	5.83930243742	5.85894944844	5.78901811561	4.80996121037	3.17176381492	6.27233288369	2.53423957512	7.1158467599	8.99999144352	7.18835207471	8.99999951174	
3.13257485522	5.77295677131	5.57687232559	3.8015128558	1.24023328757	5.66571652226	8.58253931991	8.36148344798	5.25836887717	3.4903898239	5.67569086271	2.25678380333	-5.31486864467	-3.535648502	-4.33398972558	-2.5459803806	
8.93729030114	8.94157893096	7.77538116631	8.63619648887	1.19584658502	5.68703833574	5.97888706406	8.96354889717	8.99992768383	4.5714005189	5.64364530426	1.61316982261	3.35569301907	5.23976919044	0.806940805721	2.61860576773	
6.62678469266	8.99999975975	5.5996076646	4.09149654462	1.28360819351	5.75707389544	1.95144754356	2.4917235189	5.59747181514	3.55557154988	5.98654247079	2.03155211088	-3.58877860385	-1.70475305577	5.11946087451	6.93112248394	
-3.03738784987	4.61225822869	8.97254698074	2.18800513949	6.98294677729	8.94237707864	8.32371950197	2.03838594824	5.54498839145	7.06069572304	6.52156587172	8.34859548004	-5.73314191498	-3.88009731841	-0.743331261287	1.12007325102	
3.83583097749	4.60304256853	8.07204574598	8.16993812854	1.21656128473	5.83355643064	5.73575632526	7.02020139971	5.40332667238	1.61197088887	8.43617795488	5.34294470468	7.11474286845	8.99888021661	7.18835302892	8.99999194695	
1.14746007639	4.71320176675	4.72990003519	2.02918806752	6.34703606134	8.99834801235	6.01169703672	2.54165671965	4.13748568768	5.07572089537	6.51861435967	5.42190319596	0.825587597417	2.68498490372	0.0161909167946	1.87377595225	
5.68487322223	8.56606075716	5.94482634527	3.92874276457	1.20738252282	5.7223183717	8.44609089333	1.82801783315	4.61179798469	3.03637022481	6.3042389227	8.99965541237	1.03273435984	2.91674121775	2.97275146677	4.78444252998	
2.37716358961	5.42998261246	8.99999977034	6.81228472791	2.88237037854	5.68651572651	1.32588369842	1.62319051129	8.69195694057	8.99906101212	7.7431819796	3.35147674111	-5.75084358789	-3.86669768334	6.38894769452	8.20058620661	
3.18029910191	5.0785634154	8.4155972376	7.38355841814	-4.80454820291	5.86434183057	2.67467919795	3.2104550073	8.96752693643	3.30392411793	8.99999463086	2.47504251111	-0.509353511243	1.72498554924	-3.26840538649	-1.476682663	
8.87387418143	6.93628755931	6.15975801954	8.96243553449	-2.05547230956	5.82316885064	3.87577823762	8.42832978785	8.33322657989	1.97071516767	8.99996525338	1.94796221886	6.85161560862	8.99999976874	-5.05156581224	-3.28321594875	
-2.92870588354	4.61238312666	8.99999206091	2.32400699914	6.56205996159	8.98972301949	2.25335986029	1.71835225551	3.54409388559	4.48047872755	8.96406688911	5.15187290286	1.68858725242	3.5414678752	7.13632355435	8.99999236071	
3.83414816395	4.76835741405	8.99999887424	8.93089360195	2.18909265063	5.68662891711	2.82099936501	5.3999088643	8.29955587551	5.79466370212	6.16709297372	1.61239112695	6.79254030195	8.67669603041	2.53823587541	4.34988119341	
3.81488145009	6.79257301446	8.22154683635	6.10895929849	6.1211433199	8.74134596237	1.21526335143	1.62732906181	2.65090822905	3.06691816911	8.99993244978	4.56850512494	3.72161118885	5.60585433735	7.1884171514	8.99999979161	
0.957048886503	4.75861727794	4.60913391647	1.67231613577	8.15743687536	8.99999981613	8.99999976875	6.72707084815	3.37932213168	6.33152889116	7.24627907699	4.77083088648	6.81457743216	8.75980551354	-5.80193297973	-3.77696643115	
