1.27899194593	4.72352210938	4.8000311626	2.22060475224	4.96480694689	7.12448365492	5.40597415146	4.89629769044	6.86102503664	8.13695237391	6.27726754681	2.36821030474	6.94585792199	8.78595179892	1.07967082684	2.95782202878	
1.27961385446	4.787401259	6.70119899834	4.05851556971	6.57970363024	6.45833723385	2.52698947719	1.61700994973	2.22107815764	5.84128030627	8.15270827842	4.58070394405	7.13271641131	8.9727358468	7.12191918211	8.99999976531	
5.38343310554	8.38816752935	5.67156794499	3.53193748772	8.51910395373	5.82628719749	1.17336068796	1.61755700184	3.31112810509	8.99970210311	8.74256503199	4.31946301579	1.00414352413	2.8441168545	5.23533456841	7.11341836474	
4.73308380872	7.7273411279	6.8215380169	4.69215796253	4.84720497336	6.3017992441	3.23173373866	2.24619198783	2.15445223472	4.25416646708	6.30822852638	2.75557912495	-5.99607883274	-4.24428162681	-5.99999976861	-4.80770796976	
-2.37359338309	4.6241993409	8.99995621217	2.86726743031	4.91004352505	8.90803264452	8.29346012871	8.89268704723	8.99999869193	7.77193729038	8.2079240974	3.85561908816	5.67569162424	7.50022047968	7.11409756279	8.99997049612	
2.46629857814	4.81209922358	8.60792692012	7.12723025401	3.01804329613	7.03155757089	1.64302947859	2.72679402122	3.32304940204	1.64635911829	8.99996961283	4.59623213097	7.15990432063	8.99981831528	7.09505147891	8.97311165371	
-2.12066486225	4.62425179493	8.99999663361	3.12018390944	1.77162573334	5.8829378783	8.98628911359	8.98272985815	3.14938816574	2.20546047474	6.41517640938	2.26820541921	-5.82574949417	-4.00117125506	7.11395026849	8.99999974773	
1.94438876927	5.10454610954	7.07948808524	4.78443472224	7.17149522633	5.65748213868	1.44214873714	1.65042663169	4.00573668862	8.67092629846	7.22944569694	2.88684273945	6.16834984854	8.0083378972	4.56012943477	6.43823294437	
1.72020545571	4.83387158074	8.99956403028	6.75100189082	1.56453508575	5.64176923364	8.98104970246	8.99927981718	8.8967421025	7.92421569418	6.00927269148	1.90318576385	6.2994559428	8.13944735531	7.12193506338	8.9999998461	
1.80113097505	4.76065728775	8.55344723589	6.45902489687	2.54611506384	5.68775045771	8.48291980679	8.9687554791	3.6896126719	3.49852885005	6.15913533356	1.7396000481	6.5639887064	8.40398750524	7.09368141178	8.97178152395	
5.75612491761	8.67120779636	6.09633757275	4.04635879224	1.17202784067	5.67133947995	8.01379795705	4.14285874275	4.50352421736	2.91044820668	5.59784396864	5.5793990066	-5.99987322375	-4.15994264178	-5.89307994354	-4.01540799402	
-3.07132513087	4.62440565152	8.99999976875	2.16937188693	6.18950774323	8.98819610536	8.84340844228	2.038721295	8.18915837461	8.85783988346	6.59839041018	8.95262992789	-5.13871055212	-3.31411596634	2.36394126804	4.25042935082	
6.33691276231	8.98680801915	5.88155435994	4.09676282932	1.16687405215	5.68887992403	8.58928565028	8.33389494913	4.64219562014	2.76138731479	5.59638545665	2.22743119754	7.16012187677	8.99999332699	-2.90347481051	-1.02589313954	
2.83625852426	5.43474510473	8.99999915209	7.26661657317	-2.02469108955	5.65854893034	2.53255496317	2.90318265476	8.31989993135	6.43173157324	8.93693976607	1.78809002933	1.61621393132	3.52256639515	4.10631950876	5.97993088675	
5.92372297202	8.5889614621	4.86474738691	3.0646128225	3.44996908484	6.4295303767	1.16413541747	2.02000579524	5.4168653763	5.09361102734	6.46388398638	1.96856023977	0.700104096422	2.54008567523	4.12781080504	6.00583959405	
1.78119089207	4.74366142312	4.84661001387	2.74924339901	4.53265653172	6.85030933615	6.6747029304	7.17377343996	3.84767169103	4.48355491881	6.20785046552	1.77210071886	6.66516214507	8.50520148908	0.511714259299	2.38980145729	
3.70344476718	4.62487820067	8.9966046078	8.9402751575	7.27084204012	8.999108456	0.0363733490609	6.52335829586	8.97753723729	4.22893793571	6.06314095632	1.61334119574	6.84346063799	8.66808306655	-4.2007455218	-2.31478040192	
8.99999976882	8.63293393887	7.6208456562	8.85301545879	1.16071164351	5.77345028133	7.97797970328	5.0327484703	6.6025425889	1.61375700617	6.61472294983	8.95285259459	-3.8752999997	-2.03531197609	-4.4285372863	-2.5504322225	
-2.8033118869	4.62423584944	8.99958429042	2.43714045938	1.8108547105	6.0069039495	7.1787748644	5.95834314335	8.97338447311	8.21860085695	8.7790082268	5.57502649964	-0.976230530201	0.848369196709	5.15466435574	7.04063026574	
1.20348412842	4.62224274938	8.63178994374	6.07813529686	4.3387021923	8.36920443542	8.96935185238	6.92798383199	2.2328218186	1.61213298205	8.68638855111	6.33479422784	-5.95846983876	-4.11845559008	0.964825820912	2.84289536484	
2.36364880852	4.62217862994	4.88158330389	3.48815744185	2.22428876463	6.34436040197	6.36992159793	7.50213741924	8.94937854878	7.07890866994	8.78171437444	4.41674917301	6.99663110937	8.83664294838	1.00932520596	2.88737133764	
2.09933322517	5.17494703811	7.5710558827	5.3604774037	1.02542571787	5.63577590244	1.88686489171	1.80326102694	6.20317566228	4.45527500852	6.1763410186	2.4162039717	1.47613099638	3.39701165229	0.157526636154	2.37996604724	
1.17099593689	4.70581257957	4.87658903302	2.20687604196	3.72692373645	6.98056754438	6.56551233345	2.87368863347	2.95898555529	3.23118366911	6.39414030919	5.57700172639	6.64648685552	8.48657486586	3.88948235519	5.76772397613	
4.59291420117	5.48367151789	8.779800445	8.75605138285	-3.85772012604	5.64832167784	5.4739215106	3.80125652237	8.99999973092	2.05391171626	8.99999976875	7.12862062636	-5.99973736185	-4.0885475638	7.04020816011	8.99505747289	
5.99652034053	8.99998955255	7.76929390343	5.63092866734	1.52696706282	5.64701927344	1.43056812665	1.61894397818	4.59792407603	3.47227168087	8.56847429171	4.40254975808	7.15930509407	8.99923589802	-5.74895045383	-3.87073562934	
1.18760969558	4.74168975202	5.10242911317	2.41345301822	8.26138968162	6.29117848835	6.63376430141	1.70067333992	2.62870434556	8.14406718894	7.68243785813	8.08722998131	1.86816828746	3.70820071896	-5.61337458848	-3.73531155338	
1.23426454065	4.75213552011	5.04136130363	2.38859426965	6.41899367792	5.99714024642	2.71340299199	1.69177033127	4.5365333278	8.46730827339	8.74765002694	5.27721502892	-0.636895319293	1.20310851425	-0.138167197964	1.73990596697	
1.04484208792	4.69772182272	4.76112061523	1.97318507146	4.16388680714	7.56302198456	6.12648318339	3.63137515171	3.12446007813	3.34903757913	6.76017730439	4.66186167503	5.05610786767	6.94502475466	0.242132553221	2.21996993485	
6.91749882636	8.99992621515	5.78335346979	4.56603005866	4.96685744539	7.02793994459	1.16234702864	2.65669915621	3.63459693403	3.64695258904	6.22222880606	1.67128927805	-1.13516774535	0.704790764836	6.48003311194	8.35811982687	
1.24498154227	4.76683658078	6.96661776918	4.30986670273	8.47592571445	5.82340871265	5.39608153603	4.32199457567	2.60349961164	8.76889403181	6.14404170381	2.72210297099	6.71827115745	8.55827306368	-5.99328508985	-4.1151688385	
1.40474437017	4.81198134103	8.94577214588	6.40363914869	2.34515897577	5.85419825145	2.16147538575	1.66564730052	2.65596290088	2.54519235555	8.93382459469	5.04823595352	7.12566255495	8.96566165454	7.12191061982	8.99999978965	
5.24134906465	4.65155669328	5.00848216512	6.46337849584	1.86745931093	6.04253567302	4.79664210251	8.78209590524	8.62963457669	3.85582929202	6.77824707687	2.40837477177	6.82663428411	8.66663498746	6.77295898383	8.65100277004	
6.01036463615	8.99991230449	8.76038426735	6.63594057464	1.17465356494	5.64921345937	8.99828492785	1.93928599969	4.42894123405	2.93490636106	5.89131210789	8.98663722478	7.15817189722	8.99809982904	3.92794484157	5.80604876974	
2.79538615909	5.54678377119	4.97097170653	3.08467794924	2.52202524207	6.32861737167	1.24887987317	1.9268332842	3.7469052007	2.6828577843	8.15773757084	3.75409656616	7.09363792547	8.93361689973	7.12212871135	8.99999426801	
0.906642817664	4.73440282642	4.68221684965	1.71924051813	7.50696249235	7.65244135569	8.99999967779	6.89064282472	3.80894088216	7.44339293124	7.00782826326	4.38089471594	0.296783319502	2.26486800192	-5.71437410536	-3.61764417599	
3.50405118984	4.62250302994	8.98752724047	8.73417937647	1.16311672692	5.77405788258	7.59801748056	6.72277224993	5.11284127542	1.61125393105	8.74880147173	7.53154439433	-5.99998350052	-4.16023358583	-5.75644581409	-3.87825319422	
4.14130129195	4.64596960627	8.30224424217	8.66437776137	-0.303710922315	5.61809577801	7.56886154115	7.01640618858	8.99486516163	2.10816139341	5.84376280059	6.37813056384	7.12711077449	8.96553459855	-3.03362082998	-0.933040136956	
1.22132111751	4.77029759079	8.43075801902	5.74688552374	8.88580428162	8.99999864891	3.50735372282	1.61840124435	2.10202207605	5.52786170841	7.92555103904	5.29132119509	-2.83277853336	-0.992749995477	-3.22455839917	-1.34648182002	
6.07073519158	8.94081551998	8.96556102031	6.96058468324	1.17127435283	5.68332503594	8.999961483	5.08619376373	3.82049221613	2.169563563	5.59630742917	5.66580389599	-5.85634946921	-4.01634781833	-5.98554906536	-4.10746638333	
6.0358053767	8.98525322718	4.96209892378	2.87775501095	4.08965988446	6.22073686576	1.16546812654	1.68299768868	3.85355402575	4.66295673207	7.2176767441	2.77652110892	0.78718996634	2.6271473819	4.29241539738	6.17047956321	
2.65118220652	5.67998512543	5.1460969503	2.98239884993	3.52217412325	5.89252149809	1.2177630973	1.63516800084	5.17305994648	5.81363998001	8.98919546161	4.57779796595	0.532637210641	2.37510308036	7.00371222955	8.90812089936	
1.16120060775	4.70945110333	4.79171726327	2.10857032257	6.06661881441	8.82194695218	8.96540256239	2.20089952566	3.96462093099	4.74860206119	6.5634083912	8.80548655084	7.15988030607	8.9999997688	6.97385643355	8.85197304904	
1.19210831072	4.62695391884	5.24425139247	2.67450958541	3.246974475	7.2346791456	5.84403488113	3.51985568003	2.41872910436	1.85688858074	7.76109763286	5.67628046823	5.62547457572	7.46554099043	0.386031296475	2.26423638845	
5.8003671554	8.83325040046	7.12546087493	4.95732669946	7.04608699628	5.69136257721	8.99460545999	1.97839368621	2.73433466907	7.6763221311	6.42506685655	8.87123551843	-5.99999973892	-4.2510907684	-5.99999976863	-4.80998163066	
1.29993425039	4.75583381377	4.78704904223	2.19625346752	8.75210082117	8.31713571958	2.29966272165	1.74277110134	5.1175544394	8.99946932577	8.97691424073	5.10370654621	4.85985621826	6.69987257601	5.53102210974	7.40909765731	
3.61840866757	4.75366859258	5.33053760244	5.06038164823	4.93818897384	5.79257529806	5.78756211262	8.24352182992	6.59745258809	6.8693639636	6.17830429896	1.61289899987	-2.03018032048	-0.190181309728	4.452608249	6.33069335172	
5.20747537297	8.24022603619	6.81169883108	4.64368228076	8.44824355901	8.36559748711	6.75180654102	2.60972151593	2.01387888694	5.68375913634	6.22755273748	5.79963465451	1.51973296291	3.26868209818	-5.9945601111	-4.80441375164	
1.38260573308	4.77686829811	5.10718866149	2.57803005646	4.28409639961	7.40029640149	2.17985917639	1.81954375768	2.55256063059	2.82167298433	6.95057139636	2.94242764582	-2.07029886714	-0.230270721438	-2.08317481658	-0.205082605235	
0.344292216204	4.64693062385	8.99803543202	5.56050102452	8.24003709082	6.1706520898	-0.554845651822	1.61407726954	4.53077396488	7.89517236727	8.24003798597	3.79302567246	-3.96597563287	-2.14140278664	7.11031077679	8.99636469888	
7.49694955841	8.5055567023	8.99999976583	8.85649694305	2.93351143886	6.16818756208	-2.62920755642	3.61569369781	8.87891512802	2.86598050054	6.11846172978	1.66867004811	4.83533922995	6.65992620159	-4.56106729301	-2.67509465445	
-0.222443931943	4.63396126178	8.3403771996	4.3513895078	5.70552476561	6.33985230866	8.48814858463	8.45588788875	2.5247049304	5.08809073418	6.07678787745	1.92952079325	1.50996523831	3.33877646899	6.79105612589	8.72372161344	
1.37856451776	4.62454957813	7.61191008476	5.23102899023	1.87036734711	6.08777202174	5.55820115404	4.92946164559	2.59824270241	1.61785463136	7.83229241166	4.2408674727	0.244943377057	2.08494679909	-3.71283158301	-1.83473427587	
7.64205217553	8.99999298764	5.4856789281	4.9928422126	1.16083648288	5.77090194486	8.93780459336	3.59927999856	5.53093872004	2.26966970854	5.86523392191	8.87181253942	7.16004384423	8.99999928299	3.27833122896	5.15664172194	
1.2431507901	4.76983362789	6.27419290391	3.61261403066	2.57510992231	5.78566399591	3.24226351961	1.63874610411	2.72679345372	3.03406475033	8.17145508436	5.27399942937	6.40050889544	8.24051357316	-5.99999422858	-4.12217874007	
1.48846152048	4.9069889284	4.97325631321	2.4192073486	6.03236542322	8.69716887608	3.7641677278	4.1712981601	8.72629728217	8.99999976875	6.19942153703	1.8743295737	-5.24583409507	-3.64874698426	1.0038299002	3.36552964927	
-3.38046658152	4.71281235419	8.99933399771	1.77090086101	3.94573241664	7.21879853752	4.60884060787	2.81650085536	3.16924479198	3.64716829938	8.53517040994	5.61894373446	2.42635274845	4.37085982738	6.81873550429	8.91993979406	
5.98737667153	8.99998336373	8.99996576145	6.85246290233	8.94591664876	6.48608801144	-2.93546755056	1.61165050692	7.61774724089	8.99706940744	8.99500755494	4.54524963234	-5.96315078885	-4.13867562829	-5.99995513448	-4.11391784691	
1.46036444441	4.6399125785	4.88156225163	2.56711807486	2.3805875651	6.41027496189	2.93318394494	2.84720881428	4.02555668351	3.16648832217	8.4910256031	4.4232342813	3.32369344221	5.16370439034	7.12184872173	8.99988879354	
1.16502245768	4.6229635903	4.79554550288	2.20270802595	3.3788464687	7.2870273456	7.33647702073	4.74601648854	6.05989442881	5.60053030349	8.30475656386	6.46328129348	6.69905765376	8.53915627315	1.31372992221	3.19231971119	
1.01121191496	4.68526717805	4.7238968478	1.91474703363	5.38814728533	8.92283474014	7.38635347682	2.58414576751	4.17119975674	4.27409815983	8.79942013251	8.99999976878	-5.99989978777	-4.09740805635	4.37646642633	6.38108975702	
1.90174604226	4.75527137862	5.65382355563	3.66540218973	3.82151797529	5.7049743144	4.57488437992	5.21680585688	6.98778752415	7.94887475145	6.17436222383	1.7047493004	-5.10694866109	-3.26695752868	1.44056203206	3.31867149565	
2.42338968981	5.49581476819	8.99998532383	6.79266422544	2.89840549576	5.64175830096	1.27424921101	1.61210418924	8.11362897912	8.43372323097	8.816816996	4.432365931	2.62183907671	4.4618197409	5.49368659363	7.37177789052	
1.3315293266	4.62210537865	7.30793895622	4.88246687058	1.80427745174	6.04959082106	8.99999800826	7.71560692739	2.57765637914	1.61393614282	8.91949036325	5.93914096957	0.594727398966	2.43473998402	4.79060697972	6.66873629877	
8.0836278399	8.99135996684	8.96654897144	8.92392083663	8.9999997576	6.48278690226	1.16085901691	3.84508888262	4.81063427466	8.22662046999	6.18073387522	1.61458162206	-5.65807040544	-3.81806772785	1.782822547	3.66090312103	
4.82995595807	7.81281420581	6.89244518744	4.77469091453	1.17442613124	5.65148375607	8.9272428106	3.93884279933	4.50917269664	3.0059865307	5.59853411919	6.62991366451	6.7910114912	8.63098111691	5.6412426933	7.51933848938	
1.25645429617	4.72165237683	4.84392769461	2.2438334177	3.63042997017	6.54183664551	3.48951947712	2.83600231467	8.30887513021	8.85370836251	6.33075730661	2.54490111151	0.363753246184	2.2038055809	4.40457231846	6.28272893846	
-3.37834582658	4.70305907952	8.99999998655	1.78343245319	5.4543409327	8.65070155196	6.88402018148	4.25432608781	8.41473811859	8.94403460014	7.1959975261	5.1397627921	5.5642201454	7.49272128326	-5.90466539045	-3.82507572137	
1.21655315934	4.76588429923	5.97516219903	3.29093502973	7.81111234077	5.74817394119	3.71225768159	1.79573025931	2.91744482598	8.52073589241	6.62752824013	4.02055526005	2.76671538148	4.60671551557	-2.08441280111	-0.206303109125	
2.80507110112	4.75424133132	6.4220443577	5.33797810225	3.75274221388	5.65192143772	6.22068242334	7.85268495334	7.7999465972	7.84096703798	6.17666658721	1.62131596203	4.59429209521	6.43428855669	-0.627400330946	1.25069237072	
1.59247476817	4.88016468263	4.89492705088	2.47234105868	4.08586693362	6.34418141546	1.7207079838	1.68306989989	3.97819180037	4.99865309752	8.9998892362	4.77560624777	-1.08867182677	0.751331060409	2.90652125781	4.78454397732	
-1.88081130603	4.62427665072	8.99000474457	3.35002860645	0.85856530585	5.69637452625	6.07539146457	2.45159801746	3.37972700565	2.00768258516	8.25532786074	7.43021164929	-0.878870140658	0.945717197025	2.97493369595	4.86113109748	
5.76202509616	8.79150246118	6.98001585476	4.81522097637	6.58291080423	8.3992130199	8.96714066432	1.92285951185	2.01592238336	3.7851596847	6.4763395139	8.9522302849	5.36656530357	7.11599457782	-5.9999999157	-4.8089992321	
1.89313505087	4.76583193377	4.81049213275	2.80289921405	5.39911007441	8.18699531339	2.39630145034	3.00684452319	4.05484612632	4.13072164859	6.24033301557	1.78288184471	6.5123548382	8.35238986115	6.8629231012	8.74099595025	
6.06940734672	8.99999997888	6.18968581541	4.12419716653	1.17849690488	5.667457659	3.02495288792	1.69158035609	4.46078431517	2.89338044967	8.86881774663	6.29748446791	-4.79910500661	-2.95916860787	7.12186273153	8.99999982584	
3.83491267395	4.7851673972	6.80091116144	6.71576041907	1.62154792019	5.81131820472	2.28585445947	4.72094770453	5.20407287167	1.95558414302	6.24564999741	1.88612820559	3.47546599149	5.31547722247	4.54394411302	6.4220311214	
2.64951725866	5.60967335102	5.94877553844	3.85372335858	1.18768876927	5.67267510053	5.53269556356	1.73244127646	6.65746874088	5.12374614924	6.9206928123	6.78653460322	-4.629998919	-2.79004165383	7.06523491854	8.94317329145	
2.42357801391	4.91204810153	5.08590053716	3.4625344339	3.18327873662	7.08183946	1.52692750893	2.48929494765	3.49679966606	2.07775329203	6.92731081614	2.50227984485	0.0830636649596	1.92307275381	4.10568509231	5.98376655768	
1.25025285893	4.75260025109	4.96436648906	2.32712288479	8.64944183411	7.2960793941	2.56977400178	1.71314286894	2.64966861714	7.49627693642	7.9136200474	4.29387382103	5.3323944038	7.17243567689	1.94183271411	3.82019942223	
2.02208572621	5.13977525225	4.83357792824	2.58099234624	5.8654097278	6.85850606222	1.38442192832	1.66151348976	3.88993614547	6.0056086209	8.9999914799	4.63098437374	5.04956240003	6.88957521518	-1.81421704989	0.0638180876375	
1.26937328177	4.7419523472	4.89875401897	2.29127887995	3.1763155307	6.28101899104	2.5006567101	1.76742498559	8.5718426281	8.93079427787	8.83816761355	5.12459930076	2.5207841367	4.36079314277	2.86544742327	4.74349067412	
4.31373621164	4.62543192807	8.42044836859	8.9738566443	8.87110215473	8.99995117114	0.398257851076	6.88796889182	8.94887964047	5.79701411963	6.06104016117	1.61119964831	6.92259320406	8.74719078214	7.0972376598	8.98313175566	
1.41025264763	4.79863714679	4.83056989418	2.30728934922	8.73502913849	7.3779928553	2.00455314215	1.71044321	3.3589046753	8.09539255909	8.66304789379	4.5945594875	6.18833748963	8.02835913831	3.88398205738	5.76204501773	
1.23135784986	4.73096013763	4.82315781287	2.18865934886	4.43064169113	7.00843001535	2.73645178018	1.86688442736	3.54879690224	4.46166021163	6.97330506692	3.36908535919	-0.168483403119	1.67157234843	1.31322212202	3.19136604607	
4.06800278538	4.65216659321	8.25510273499	8.53604290199	1.3182804565	5.8204533898	2.85489453996	5.21354901164	5.53890113417	1.61191488272	8.81175712446	4.89476760355	2.93537927741	4.77537672401	2.23714898357	4.11525542924	
1.21442410639	4.76840834651	7.66210882066	4.97322849846	8.2065742001	5.98309656217	4.47335772221	1.92283159347	2.36188692869	8.12938414572	6.43049705971	4.45388421017	1.542432603	3.38223640394	0.305353901484	2.1848576986	
-2.58712412405	4.62422594169	8.99985635005	2.65361025006	7.28444194812	8.99998243818	2.91724697864	1.65559995452	2.37857473445	4.10653845109	8.8239505918	5.65894581065	1.29075265216	3.11538588009	6.48826466223	8.37422563367	
-3.35379828194	4.7128919314	8.99437977236	1.79224800686	3.7596450581	7.17773866497	6.62578170725	4.58197752039	2.9522088983	3.27643509976	8.49982536198	5.84287913328	-5.99999895253	-4.07060665595	6.13934091094	8.23065189489	
-2.63831342838	4.62423553901	8.9999997611	2.60255475296	3.9841818891	6.26198115883	1.63821293702	1.66521230862	8.12538264615	8.99950183142	8.90361993021	4.74155667923	2.18093674219	4.00555920439	-5.57005185775	-3.68415831129	
5.98975375538	8.99999811465	8.98932960456	6.84418926283	2.69597049502	5.64181389056	1.18864778847	1.61183973055	8.81912223435	8.87462956808	8.95549645713	4.54780514766	4.00209590378	5.84220475541	7.12191527007	8.99998912045	
3.61550906723	5.02295220397	7.69195750247	7.14962123361	-1.86661254986	5.65872628158	2.73258562318	4.02702182971	4.8195034555	1.73511801541	8.96912623001	2.25066210719	6.31529559696	8.22150336002	-5.66181972189	-3.78833378163	
1.21787815162	4.73873474113	4.91108655179	2.2553339032	5.07421802373	7.07971981999	2.80726071697	1.73185348795	2.79834411743	4.30477801325	8.31628131832	4.89660754884	6.31130246848	8.15133131092	-5.99999783957	-4.121972176	
-0.670734040189	4.62641352393	8.99935229849	4.56730862104	8.65843209509	8.95843576805	-0.76278887009	1.62201895339	6.19140395932	6.97144920523	7.69098259879	3.24297858683	6.22503194358	8.04965048781	1.42091095344	3.3068938178	
-3.05941931077	4.62441902789	8.99999976875	2.18126360554	4.03624416862	7.55825203063	4.42335848385	2.63381032153	8.8004253457	8.73884632738	6.54849002735	3.89454632505	0.0992152147988	1.92401615278	7.1134543958	8.9999997211	
5.96985559372	6.89812801227	6.15810647765	6.09494314573	1.16108342453	5.73759266089	7.39933064886	8.95447418462	5.53013890879	1.87292962228	5.59838305669	2.14075980251	1.31062566709	3.15058204102	0.237241186219	2.11518493634	
6.09775931671	8.97964191735	6.46514322935	4.44836459489	1.17885785498	5.67880356086	2.93594779011	1.85256462545	3.98356560213	2.35648434472	6.23771822534	3.46508828665	3.9728008227	5.81273699185	2.42167889079	4.29979574882	
1.23954075517	4.6230182643	8.95630488306	6.43793135035	4.88926180857	8.91738414203	4.87474394962	3.89452836344	2.26747641344	1.6139264343	8.97031115557	5.59280519691	-5.6970930057	-3.85705048457	7.0787496385	8.95677508978	
2.94929044186	4.99528360827	4.84676687411	3.66587767365	5.05265873272	7.46220465559	1.52601666712	3.0564562702	4.53922266121	4.1667311413	6.20510314167	1.65446158919	-3.91462657707	-2.07460409814	4.4111699518	6.2892407763	
3.09614094685	5.91337866102	5.76234934735	3.81021549247	1.17438566505	5.69907179133	5.75068068181	2.07866890702	4.57231092071	2.85601460126	5.97630207838	5.85677594112	-0.38239924562	1.45753307194	0.392207056479	2.27006728275	
1.49128960983	4.79337245351	4.81136105955	2.37438210677	8.7557851407	7.15565970724	2.05560543507	1.99028903832	3.91644266514	8.80971356523	6.54443398605	2.3334640059	-5.96933651289	-4.12927674357	0.999607970045	2.87772149548	
1.41867213811	4.72634043399	8.51931279103	6.07674847133	3.06214325373	6.60908322349	8.69637514425	8.52208778024	2.3926764659	2.14444846985	6.26614072804	2.15856772566	4.17792207191	6.0179344142	-0.496087576091	1.38199641777	
