8.99992495381	8.8779257022	4.81283444179	5.79993766855	4.61075016232	7.66410675963	1.18455604022	4.87738346618	6.75210897249	3.57358951497	6.21224124027	1.6614279523	7.18602329729	8.99990900458	7.15224476683	8.999982128	
-3.37157710152	4.81606580403	8.99995365331	1.6771191907	4.56778061742	7.41920860905	8.93682996975	3.79195217332	7.7436576035	8.61678065598	7.99863456044	8.4606266522	-0.708106459363	1.13554496218	6.71612735926	8.97109754163	
1.31839185378	4.6626152996	8.07025191717	5.59113244392	1.97675413177	6.09738843506	3.96202854617	2.45891233977	2.46246918031	1.68290780143	7.96580012439	5.14469491147	4.66101188939	6.4748942139	7.1480330434	8.99570436914	
-3.01186447141	4.64003627465	8.99999977774	2.21320285642	8.61640025662	8.99999971805	8.99899792013	6.64894339854	3.03273463815	6.1038804074	6.17602897879	4.08820197492	6.64199209461	8.43252062087	-4.80894425461	-2.8939940488	
1.28647965308	4.76483684564	5.27857490311	2.66532167926	2.19279079212	5.78582534465	3.87733932945	2.5131276973	4.46962403192	4.3517649711	6.26253844734	3.16842642817	-1.57677559071	0.237095773685	-0.68746832845	1.16029090497	
2.0742523105	5.2311976283	8.99998695422	6.70814562936	8.51430301492	7.34702223366	-2.93198246374	1.61163535347	8.52995500739	8.61016417214	8.99132838749	4.55163372042	-5.73312571888	-3.94260714783	5.02838909348	6.94327703268	
-2.10806521377	4.64001398014	8.99997590449	3.11700064402	1.53969856326	5.74966706282	2.05622539189	1.96413485506	3.47578874453	2.46492095616	7.23599811576	3.14583978054	-5.88206806636	-4.09154448906	-4.34664491977	-2.43178795282	
7.08784006705	6.49317830885	6.86040226799	8.32016801015	5.41500167922	8.05047101777	1.19255635819	5.36629082865	6.22778187159	2.99448200501	6.18879579411	1.62974292014	4.35200412414	6.1658876989	5.97133741191	7.81908641391	
8.02698390194	8.69602322956	6.37883766011	6.57419135813	3.9159378767	7.45897993444	2.99958671073	7.68924211689	8.99204681402	4.03106071116	8.82240453982	4.56358300759	-3.97938272932	-2.8227727951	2.56271976413	4.34362254775	
5.6743599679	7.89952271831	6.12746478329	4.76740601579	3.40783839321	7.24049580307	1.18977285048	2.4364829727	3.43313478029	1.82247584896	6.771726201	2.31986867691	3.32426008279	5.13813256029	-5.92930625627	-4.08157479698	
1.42859814877	4.80776691236	7.31399367293	4.79992888295	2.01396571043	5.82417808067	2.36760620692	1.72773185804	2.68615302006	2.25192790581	8.41851365985	4.69925235932	2.32153202755	4.13540486797	1.50976326363	3.35752530383	
2.22960475488	5.33191978454	7.03835499691	4.80114394329	4.09771677593	6.59717103967	1.34453190826	1.62476041513	2.57720240041	3.17688739407	8.69455953105	4.33204271697	1.8195882762	3.63346019655	1.01819877632	2.86594872133	
1.24305606671	4.7851833572	8.83637725639	6.15935394291	4.21164676683	5.68478560567	6.10320115618	1.61202011692	2.97561976275	5.04143233348	8.91941046154	8.88849139501	2.83161861895	4.64549283318	6.51529587885	8.36304484199	
6.35267314758	8.99999995634	8.99999772925	7.21777522032	-2.19241360659	5.63816052813	8.99396034163	8.99982284316	4.2827116696	2.49191226424	8.99925217022	1.97059613841	5.15838423445	7.02045041661	7.15850281326	8.99966539	
6.45073831571	4.71549767547	6.27268157283	8.873026189	4.90349815497	8.91626315827	1.93595260559	7.11752944397	7.37709963239	1.62593873153	8.61286472873	4.18653465302	0.754616152668	2.56851241492	6.16523361527	8.01297148131	
3.59848511199	5.65894496631	8.64107649077	7.44572061338	8.5580801405	8.34631598986	1.24604824291	2.75512383414	3.56841361294	5.83744767559	6.2062530123	1.65675864552	-1.0326046294	0.781254595398	-5.049720058	-3.2019583705	
1.22414966365	4.71615892336	4.82754133978	2.20063599493	4.21172750854	7.49080623649	3.58345598519	2.45086082786	3.03984355581	3.2496022892	6.49460890613	3.15522291018	1.29819567133	3.11208892027	3.31015515848	5.15792907775	
3.09279308443	8.94030480684	6.61949147684	1.63695810786	6.62098669262	8.7024577274	8.99999223292	7.49571129618	5.59876399008	7.03288627906	7.75777087214	4.76300308669	-5.99999976861	-4.81582799552	7.17959304568	8.90173664801	
1.12063764142	8.74862949983	8.94459945859	2.18178939677	3.30797013194	6.17803756797	3.63430750775	3.25806352379	2.46488527914	2.79045262944	6.23144630398	2.42741546827	1.92463654758	3.22391588978	-2.48579110972	3.77084627567	
1.19568665573	4.70974367305	4.85653596283	2.20758285178	3.77387402901	7.15248586691	5.33219418626	1.91634395097	2.89807297314	3.03034966812	7.67894430156	6.60076310186	-0.281491678209	1.53240419894	7.15223362827	8.99999986198	
6.28705394089	8.99999959929	8.99999984265	7.15215830492	-2.1895995787	5.6381240475	8.98579575853	8.9830298109	8.64883968958	6.92481437509	8.99770232239	1.91361943906	6.94603134918	8.80803462657	7.15792551345	8.99999979209	
8.06527228528	6.88614253384	5.28011561053	7.32462514706	1.42321530324	5.67118815453	1.18432523471	5.87017912344	8.85384153511	3.314331822	6.43328194091	2.11953231924	7.22181605131	8.99999987685	7.0481650235	8.99999986613	
5.28784823703	8.30362618516	7.66787986404	5.51720500314	8.88130343096	5.92223682072	1.20064025658	1.61633301922	2.91705199827	8.88875935674	8.09278626091	3.68135782912	7.16432145846	8.97828621879	5.95401252671	7.80191889314	
-3.02952284498	4.64002380117	8.99999408857	2.19555114834	5.276475549	8.21362346463	4.06842079171	1.81629539695	3.18664041865	3.70374658839	7.58996797735	5.40470427381	6.90639529441	8.69693174485	-0.431153133061	1.48382199815	
-2.99450052125	4.76709047057	8.67786151995	1.78114035261	6.21410477223	7.44310354456	5.24461986256	2.83002837442	3.94837368882	6.38478007526	6.82407588891	4.61046972744	1.86407642655	3.69088210633	-5.66394517734	-3.492347562	
-2.06376750379	4.63998802576	8.9999999996	3.1613484025	2.74832258583	5.94402437034	8.28860651607	8.85735492597	3.90973783434	3.49807906869	6.10333198814	1.76739216001	-3.68601849201	-1.89549442732	6.60460942581	8.5193265921	
-3.0607326569	4.63974660316	8.98661100548	2.15123644787	5.47228198239	8.89688348754	6.55838644542	1.96970909016	8.96416874349	8.995584849	8.30935631741	8.4588078169	7.20859931008	8.99906083635	-2.56298158535	-0.648658270622	
0.156367475394	4.64715193779	8.61744408732	4.99267514495	-0.467473903141	5.59831142195	5.95280481418	2.97819200555	6.0031943896	2.68147971049	8.86700724111	8.1149785366	-2.04597100062	-0.253887250599	6.9510582391	8.93675454159	
5.90447525665	8.92770405517	8.99999976225	6.84187527398	3.09690206875	5.73532086439	-2.48024290897	1.61660973149	8.99999779348	5.72135687369	8.94124452815	4.50146407259	-1.38577178426	0.405057048225	-5.99975114476	-4.08506672826	
1.89836213231	4.63387277684	5.09422320491	3.22381652375	1.56963765493	5.8994709208	3.73500253799	4.03076453601	5.50779097677	3.91028055927	8.75613770242	4.7449049435	-0.0686331289972	1.74523185193	2.18481153445	4.03257798747	
1.41638186124	4.76034885932	4.79850707219	2.31964394755	3.38200322973	6.72839898413	2.24390854363	1.97319014462	6.32600271517	6.32039238333	6.88679431786	2.83358728655	-0.0291142434916	1.78477491963	-1.85181850153	-0.00402625527422	
3.91103117625	4.76359783367	8.97579356944	8.98833088392	5.83503047966	8.92045977961	-2.10781219463	4.39347577934	8.9195420384	2.78939501302	6.10864435001	1.668924959	3.46638809831	5.25691974733	6.56510929214	8.47950515472	
1.28510286507	4.78047320565	5.14469025169	2.51442387054	7.11801795497	6.04725832798	2.56994133529	1.67077621104	2.81701088279	7.37995985063	8.61059533399	5.03442380192	-5.64202850534	-3.82815472924	-4.97002649068	-3.12226332245	
-2.63917010398	4.63998730168	8.94873766413	2.53468420031	2.55239486272	5.92327815814	2.32875314121	1.73243704625	5.37001246419	5.35762748103	8.85253284297	5.10720181193	2.13465816539	3.92518096021	6.4631553517	8.37801414762	
-2.00340922221	4.64009904582	8.14507809632	2.36667377006	5.71217039248	6.14676277833	3.74641753048	1.69912292649	3.15679513641	6.17499022823	8.1681330233	5.779495807	-3.08992179611	-1.29941208769	-0.786668253905	1.12846027712	
1.32349412892	4.74729997288	6.63550347835	4.07680160671	1.92941199576	5.88652538208	8.90448316661	4.39944992993	2.5615020353	2.02501457225	6.23851715765	6.33977627401	5.27573574925	7.08961198282	4.83249231446	6.68025396395	
3.02823016572	5.75253975081	8.99919119295	7.13998565672	1.20648140988	5.62491413034	8.94594943169	8.99999612102	8.59119430743	6.89397216775	5.64445585472	1.88604942547	1.81448465966	3.62844436462	-5.24193574455	-3.39423152219	
3.85358712014	5.82037343498	5.38854422855	4.28686212884	1.18634304144	5.75328954453	5.25823387178	2.69282599969	5.37949051786	2.77609401617	8.80603102068	8.42473692198	-5.66591192301	-3.85196524478	-4.54967153314	-2.70177325787	
2.14744472443	5.27744678394	8.99999976658	6.73510168403	1.25876892736	5.62483131995	8.99942180556	5.28329362754	8.97044468448	7.73120139907	5.72133926012	5.32749928156	-4.20187645058	-2.38801390758	4.95683175012	6.80458472682	
4.62920562734	8.99999958574	7.9951049935	4.48897024739	8.99976740572	6.24177336781	7.63261776032	1.65125307419	1.80676141396	7.96237077042	7.05148639151	8.65254113893	7.37985239764	8.65974282647	0.287975215529	3.13061626792	
7.26906227196	7.46236614751	4.76317126192	5.4349712141	8.46681914095	8.87545456819	1.18523683234	4.57574811857	8.97500562616	8.7566789889	6.17591671723	1.61195622834	-5.54648457598	-3.7324258825	5.76453151058	7.61217526953	
2.21887170001	4.77009478911	8.69761495035	7.01149583598	6.80048014218	5.6360095759	4.76887787274	5.75500661325	4.67287124716	8.38538251892	6.17115827097	1.65384013888	-5.58478584794	-3.77091869585	-0.466001890018	1.38175321034	
2.96195079035	5.96686870832	6.88414454933	4.74433060633	3.91270923329	5.62964738954	1.22990799072	1.65948521638	5.07561494019	6.36040835114	7.14352745068	2.72906959281	-5.70543925513	-3.8915788688	-5.39243751468	-3.5446803733	
-2.73201933795	4.64010178275	8.98828442723	2.48126682286	3.10831196699	7.05068804753	6.14461678192	3.63682793072	2.45474262606	1.96786072687	8.71896339212	6.78813867669	-4.32730069618	-2.53675044516	7.08412567191	8.99937880938	
1.18642611651	4.72864406085	4.77540144913	2.09828357116	8.60445349161	7.42805244419	4.61353573791	1.86526124942	3.95268040663	8.66832879635	7.06476973183	5.29093471406	-1.43897746739	0.375209060741	4.39438884601	6.21622037979	
-0.811561685641	4.64000094557	8.99999975527	4.41354106226	1.64410283784	5.72284872131	5.09499614466	6.65295441975	5.20981634575	3.01780134224	6.19714678029	1.76930914055	-0.359683088996	1.43084302417	4.76115879794	6.67605154492	
1.25864313297	4.78108168244	6.02963602562	3.37230145057	7.00506013467	5.66679064973	6.6250866841	5.34099727022	3.52537020339	8.38289775375	6.14322823056	2.92491097613	5.82731318479	7.64118484412	5.85343294815	7.7011906754	
-2.99592868905	4.64009296044	8.9999997231	2.22908168024	4.94893083096	7.69054184064	8.98505087535	8.20370321677	3.88745478323	4.53618218055	6.20370669001	2.61159571177	-5.60630966999	-3.81575053216	5.32407471767	7.23916402958	
6.33147524522	4.82242760317	6.12520226998	8.49935409619	1.18477917106	5.76296141852	4.63666493281	6.58681290034	7.77696179473	1.68650428693	8.99999976875	7.57897800151	-5.99758750922	-4.18376696473	4.82386546709	6.67164449411	
-2.8210225689	4.6399674238	8.9999995995	2.40411358263	4.94173371482	8.86057520635	8.96397985719	8.80872841001	3.65898299535	2.96638624263	8.98045574119	4.926312985	6.92511666801	8.71564171696	3.91554128612	5.83041444695	
1.25231475618	4.78615208556	8.91481652802	6.24608317674	3.1752835873	5.63825395984	8.9413034706	7.07081038891	3.61149547832	4.67920324343	6.13115890766	3.48782470704	7.1857841108	8.99965347619	3.20139247499	5.04907421266	
1.21405174749	4.63906112493	5.14040253691	2.58049705066	3.35236838715	7.30068389425	5.77746151049	3.38238928045	2.45498997153	1.92850649907	7.49226476468	5.4823639112	0.0425038423442	1.85640211564	0.283904898637	2.13169648256	
4.63590734897	8.99999976203	8.99460644648	5.49517191626	8.99987448962	5.71745813131	8.9770986363	1.90084547344	1.91138178567	8.59124944322	6.30392634557	8.99999994779	-5.99999976903	-4.72093601195	-3.33112098349	-0.496240361103	
5.59083528639	5.56109078996	4.7634880176	5.65833649662	8.40923885302	8.65814953943	1.26069226641	4.87438638404	8.99989053654	8.71806029362	6.17551491904	1.61159122419	4.94208663283	6.75596085163	7.15180461217	8.99954924669	
3.34423192072	5.0217611125	5.84110772589	5.02868251168	5.52064348267	5.71623438491	1.53987272076	3.44045314555	4.92388172401	6.40264404059	6.18130628141	1.62322429708	-0.106923867707	1.70695583693	-3.75108618399	-1.90332922733	
5.61805942412	8.56088466541	4.9154961107	2.83777483508	4.70560277387	7.72227544875	1.18863545183	1.68796080925	3.2252828403	3.14824818786	8.69012652693	4.26801491506	-4.69463077892	-2.88077395706	-1.29879753502	0.548958095755	
3.10286136849	5.93206337221	5.10724930814	3.14315126907	3.81405085444	6.57459178732	1.2215148304	1.87473380698	3.16006100384	3.22554727431	6.58542581561	2.12303137806	-5.95736913359	-4.14349693396	5.68811407724	7.53586372799	
4.41906964837	7.39042821224	8.44368508204	6.3374304942	1.19954396488	5.62489186462	6.18171955003	5.25321757442	8.98994701046	7.53276976774	5.61119749073	2.58837977062	3.20280851921	5.01666595697	3.29672002747	5.1444770713	
-2.33235263314	4.69035935012	8.13730664144	1.97958599739	3.63971700001	7.22906303244	8.23463057347	5.55264105943	8.99956466038	8.96570475378	7.103080898	5.25640450532	3.91648958931	5.72136284375	1.05383755126	3.07905453147	
1.22267430915	4.6416555843	4.90764039873	2.3537630237	2.42255032355	6.39484930467	8.99983326064	3.5054425943	3.15312227191	2.59661311901	7.29807490488	8.39353389335	-4.33520070424	-2.52131988662	3.87383816192	5.72163659555	
1.51902840525	4.71564172049	8.89678369994	6.56527435793	2.10737442609	6.04630154377	4.95834202217	4.85065018934	2.63825874314	1.8927702449	6.36015806597	2.29126305374	0.660284985375	2.47416784373	2.98539468882	4.83315482546	
1.19800614101	4.73166415481	4.77534099205	2.106786816	8.80244329621	7.43410961597	3.43802035595	1.79325946766	3.98588131954	8.88471044081	7.77057247934	4.90169864303	-1.23747218207	0.576428177023	1.25765883388	3.10538312361	
5.80362884225	8.82241949922	8.52422155779	6.37053487614	8.30630360674	5.74516272342	1.20103474019	1.61179640757	3.22556433154	8.80229447661	8.9857751703	4.57627520565	2.39506902164	4.20891255325	6.68018501643	8.52795096491	
5.85807958634	7.11746130559	5.33333792975	4.93906023736	1.18459714226	5.76086302444	5.20856904887	3.37297021966	8.86892493647	5.54884992754	8.4882243285	8.08448253774	7.09786781672	8.9117540562	7.08658287069	8.9343624611	
1.19287275144	4.68406747992	4.78111558182	2.1550243426	3.53148191084	7.12509355339	4.37676901354	2.39784726741	4.13569307453	4.03006212225	6.82571961919	4.33355167544	3.68019627521	5.4941434503	5.26860520748	7.11648887057	
4.28657522263	6.0729789768	8.51456491925	7.59326535073	6.30575870062	6.00500018136	-2.18102465399	2.86994452862	7.91065224368	6.61705301563	6.07552434685	1.6357650318	-0.0628546091751	1.72768772116	6.50195678639	8.41672590687	
4.40067502262	7.41398287943	8.87779699109	6.72959310959	2.86476687853	5.72203803469	1.21130079643	1.61798169893	3.31251131664	3.46535934251	8.93990549499	4.53995649505	0.544777923985	2.35863527301	0.464555318589	2.31231303456	
-2.90813498676	4.63950733562	8.99988509488	2.31734791227	4.02601225937	7.59466665213	3.48443582497	2.32429294166	2.7675176748	2.62532436987	6.66955127851	3.41997350542	5.46693352659	7.25733697209	-4.6749228606	-2.7611887697	
2.29365601781	5.39391662418	8.99292305578	6.75776641927	3.73909346332	5.62552231316	1.32505394347	1.61285341585	5.32426113181	6.53490995596	8.56536475806	4.1973389941	7.16518001844	8.97904373422	3.77960957725	5.6273643156	
2.34210293521	5.09277683208	8.99999976871	7.11443003492	7.53374879447	6.26657934305	-2.76940287697	2.07808308901	8.76242658539	8.63866962241	6.23211261436	1.79240796583	-4.70506330621	-2.914540672	1.67132646537	3.58615256088	
3.9422879971	6.73747764728	5.759206925	3.82912117591	1.21878996134	5.67534418667	2.45608784987	2.06341602497	4.87530860953	3.21076693516	6.00728685728	2.62479745192	0.207619157851	2.02144326029	5.69135430214	7.53906691428	
1.57466425761	4.75142543995	4.77023825347	2.45858087061	8.96321436419	8.08119824966	6.26883551145	6.43160344341	4.32154242966	8.37714128901	6.22441866441	1.90493298251	-4.96812071508	-3.1542162792	-3.88485995264	-2.03708107044	
2.33064782989	4.63307746298	5.30500539533	3.86767973549	1.21912317955	5.77178878843	8.99775216915	6.73531499111	7.24058965393	4.98716560169	7.8194610762	6.79950793541	-4.26393978043	-2.45007400315	-5.30463476469	-3.4568625762	
3.49456841533	4.66367518094	8.19563640241	7.89463383037	-0.318006241227	5.58634011193	3.69543480172	5.18497044396	8.99843101244	2.74818386541	7.040229348	4.91291619579	-0.966127046946	0.834463253102	-2.90364901483	-0.790911892343	
7.04885106505	8.99847791147	5.85333569508	4.76881287869	1.18561080759	5.66711363332	8.12242426466	8.99922154467	5.61223867102	3.07713401389	5.61031386749	1.8039693116	-3.37659712343	-1.56274553305	7.1092167773	8.95702647382	
-3.07871751909	4.65237357884	8.99999960891	2.13398117704	3.77407381318	7.58253178154	8.48838633967	4.21867602462	3.29299797936	2.96859364664	7.7656406321	7.57113529482	6.94817670865	8.74222895774	-3.65406349476	-1.71080715268	
-1.50957993185	4.64085659031	7.45512469087	2.16993968428	3.40007863814	7.20691460999	5.61019439458	3.08896111273	3.76747931516	3.41757390489	7.29808511613	5.37942957375	-5.63499841672	-3.84441358986	-0.0896694602786	1.8272873248	
3.08472596028	4.63761219274	6.25945744038	5.57167518449	1.19038382662	5.76444070727	8.75273226605	5.05697894213	4.68931516229	1.66493317369	7.82930748284	8.99223696878	7.16465621096	8.97852421336	-0.0262131801739	1.82159841817	
-2.72177731798	4.63998556033	8.70167657041	2.20501759917	3.06263184197	6.56697137754	3.93536917203	1.95938930023	6.28188497318	6.22955317941	8.07882552065	5.61964704963	-4.4444845909	-2.65395842361	0.580664147912	2.49550739571	
-2.92079578644	4.64003806439	8.99999931985	2.30426917608	4.76376132887	8.46813681995	4.89885932942	3.85104304152	2.81556652574	2.53064997907	6.60298198829	3.24820863729	-2.15885567719	-0.368307910294	0.288166397466	2.20310123468	
2.41649544075	5.25814992683	4.83400078882	2.85745039571	5.44721508883	8.98755281241	1.3343857291	1.92757624334	3.60887463498	2.9070408162	7.028876131	2.6140271707	7.18584548971	8.99977375326	-2.30346872922	-0.455724897994	
1.35706831906	4.63968595144	4.79551425904	2.37800057411	2.83056955251	6.76502623059	5.102783212	4.75328376799	8.99999987817	8.34498532169	7.2916928164	3.37860364416	5.99575512981	7.80963694827	2.68661178115	4.53437616371	
0.978477178855	4.76838945165	4.62817826327	1.70304767052	6.2385795756	7.48170315213	7.27458209984	3.37038363582	3.86979368127	6.38647701285	7.0929439902	6.2812173612	1.65227729404	3.56095418511	4.80388774643	6.82576725913	
2.01192530238	5.09580412368	8.99999967624	6.78122483502	1.44563379375	5.62574343901	2.03578912769	1.93841983501	5.22327899705	4.12386618814	6.20892414702	2.24244759338	6.22022175158	8.03408829301	2.28484860977	4.13260455373	
3.71133751009	4.99091670349	8.99999976875	8.58552454919	1.33255385324	5.62550504045	6.82143810621	8.80395072435	7.15261740895	4.13605108691	5.85902612727	1.61697979244	-4.64417404878	-2.83032163581	-0.0386617943397	1.80909968252	
2.62237624194	5.67722836036	8.23488880291	6.04514066057	7.18543556949	6.16247835165	1.26036125219	1.61866277344	2.72206036759	6.7966935085	7.92806012058	3.53493364962	5.99692434741	7.81079733104	1.69913883981	3.54689136174	
2.84702723382	4.88208675265	7.59759331577	6.42763781106	-1.84954046857	5.63842332404	6.99293267915	8.19709269947	4.7337602788	2.32562259028	8.99983103357	1.73269198147	2.75081895189	4.61341347939	-5.82306609134	-3.98120664792	
0.973887752363	4.76851950965	4.62529664776	1.69544141421	5.11279791842	7.23848020624	5.96178695427	3.40048944244	6.86852733858	8.50701040732	7.18177667217	5.02307047692	-0.39971556161	1.51342467225	4.51946998882	6.54691377212	
2.65329383315	5.34824047241	5.49247389765	3.66263113831	1.23654711949	5.71433880913	2.50678411087	2.20773639832	8.84623569492	7.06021170222	6.17211817123	2.79625001481	6.60897321763	8.42278356453	3.00470386048	4.85241010484	
4.92762238494	5.6821546018	8.73856042034	8.8491321873	1.31318693695	5.8011404947	1.81597075372	3.91649852786	5.35022469741	1.6136138244	8.82030840673	4.98528922399	7.17638355046	8.99024762844	-5.86276931903	-4.01499976506	
1.2237932038	4.73156353039	4.77318017701	2.13051385507	8.7177337022	7.46369609942	4.47811746462	3.4394122532	4.17080229082	8.92946107872	6.30267972835	2.85361235783	4.39856753181	6.21246449601	6.96742901247	8.81514835711	
6.74452669347	8.84306674201	5.49398974196	4.26055367519	1.18595136842	5.7485604711	8.83531927476	2.8081328805	4.73539550248	2.26812420737	5.93763420747	8.88633386522	5.95469487262	7.76854442969	0.952816206752	2.8005893089	
4.73030350268	4.7685505133	8.03209506609	8.85895203006	8.38667535672	5.85790968801	4.8063050729	8.35200766813	5.97191316961	8.53575714499	6.1751883824	1.61125873225	-5.99069608441	-4.17681221267	-0.562428851386	1.28531936365	
5.24306642065	8.23412993894	6.91542023124	4.78946068874	4.91139892765	6.78398809941	1.20009371707	1.64867840213	2.67141130816	3.78673199478	7.28549989204	2.86585633526	-5.75205210759	-3.93818231017	7.15232324861	8.99998952773	
5.9311750687	8.9499771004	8.87173487777	6.71803682249	8.5322184803	5.7521375021	1.20102691071	1.61177114724	3.20423900587	8.99992285751	8.99999976677	4.59050368494	7.18138669924	8.99523316392	2.03462060768	3.88238652174	
1.18565759447	4.72772053138	4.76991145502	2.09295241954	7.17426971313	7.65561004491	8.99999995207	6.02104922216	4.25334162107	7.31089479773	6.30760062634	4.76451710088	-2.43091489383	-0.617022676242	1.44061833062	3.28838455315	
1.31749920263	4.63186391472	5.9604894954	3.51122866538	2.23378313853	6.33338455141	4.74936489403	3.90459170521	2.44377838335	1.65530449819	8.73478322152	5.28529059273	4.08111609362	5.89497833248	-5.62398257157	-3.77614094958	
7.28660064853	4.79117171999	5.46386187701	8.82439477589	2.88643585057	5.85609000026	2.44815726731	8.51685723525	8.79337621819	3.32511373025	6.18088861207	1.62764872143	6.91957380302	8.73344338847	5.23523788234	7.08299240201	
1.26951298662	4.76111651127	5.67483467797	3.04833512763	5.12900707256	8.21218011571	5.75971222277	4.74749342419	2.19440890121	2.59967263699	6.19581047381	2.73644381802	4.79918725243	6.61307475372	2.76227684529	4.61002722276	
1.24550152221	4.7855604893	8.96808523038	6.29313022807	3.97195130929	5.81789977572	4.04625583844	1.65008104671	2.53316571055	4.22419049305	7.21227522501	5.08832981031	6.72492201952	8.5389189248	1.88008635683	3.72780564356	
