0.139447558084	4.54488817262	6.88335068248	3.34033400014	0.908398575256	5.58573755621	9.0	9.0	-2.04490819781	9.0	6.95794434507	1.92981663424	-1.8476147644	-0.118433967774	-4.03620119012	-2.31516597647	
4.9753771666	8.72729871739	6.69520549404	3.45424149411	-6.0	5.62745907752	7.28316347099	1.80935421332	-5.30643661169	4.88188474655	8.66125903589	7.47626803091	3.96959343009	5.68991730086	-5.99986983074	-4.26402679703	
0.169482199096	4.76133797183	5.34687104712	1.6839543257	9.0	5.78728097901	8.998023161	3.29496955693	-4.89471627371	8.9992091453	2.07633982523	8.70428822441	-2.30530753415	-0.707644042539	-6.0	-4.28899772668	
4.57248259671	7.63199960933	8.56720811849	6.25067535441	-2.36097060893	5.52007106287	2.07778815383	1.53491414935	9.0	7.86768451726	8.99724398352	8.95351318968	6.74189433403	8.60287548945	7.30377287273	8.99499822187	
0.317114038194	4.77258731835	8.26577574662	4.58692735368	-5.78387702004	5.74163647895	9.0	9.0	-4.16953408103	1.73842567247	-4.80688384952	2.93956918839	4.46300125489	6.12804586959	-4.39319369475	-2.51045285046	
2.02339260432	4.52482485839	8.99341685747	7.35901988747	-1.51124174132	8.87256337722	2.38097888338	6.63497500746	3.3409108773	2.23407998318	6.04318909824	1.72346592799	3.75540867175	5.48301780628	1.12485853808	2.84433998921	
-2.72596109122	4.53588939272	9.0	2.61787955666	-3.13047054136	5.59792604223	7.74509551303	3.87820040699	-1.29932324173	9.0	-4.60734584174	5.5382066325	-5.01999561808	-3.29185167466	-5.51134644897	-3.77616366906	
0.12576224504	4.53719037091	5.37630451878	1.83046333371	-5.54143236437	5.58210830743	8.98523915631	2.44574560618	-6.0	3.62690535896	8.9830023506	8.79820349303	-6.0	-4.27104619466	7.02884982525	8.7493936471	
5.24739999115	9.0	8.8494455708	5.60628627987	-4.26386236668	5.63053731812	-5.80427614661	1.59118882852	-5.97836426023	5.26117603413	1.18567273428	6.50739781592	-0.401428753326	1.32406785376	2.42208852766	4.15984838529	
-0.38341497861	4.34452741602	5.41107795781	1.76044509614	-5.99122119087	5.58372794987	-1.15789814327	8.06187981339	-5.99592888071	2.09184801927	9.0	8.99998593556	-5.42883636797	-3.7340728516	7.31017874472	9.0	
9.0	8.99999768517	0.720656772672	1.58692964254	9.0	9.0	-2.52472567155	8.9949703066	4.95481346877	9.0	8.95119777594	4.5523436583	-6.0	-4.27714172898	7.27821445138	9.0	
0.0142580807518	4.64208921236	8.98589288389	5.26161287072	-5.99989974371	5.43010061725	1.8458697065	4.99807195906	-5.98256201539	3.00400356554	-6.0	1.58588618374	-4.60819742763	-2.89714111105	6.29316730247	8.13694235775	
-0.27318473809	4.30349563789	5.43616304926	1.81157704823	-5.93133672133	5.49074704212	-3.54745223085	3.9917983174	-2.18867130148	1.90034931461	5.87227337589	3.67742578636	-0.289567553633	1.26253992442	4.79998947163	6.4447270532	
5.96768949404	8.99378144343	6.37963640808	4.22971592823	7.46867713898	5.63340749556	0.565248342931	1.67596832214	3.2733525397	8.90505753692	8.99618579857	4.53896185262	1.17002132114	3.09446554076	0.352796709781	2.07160807306	
7.91320518179	8.92091895604	8.93193557466	8.73651811475	-5.99995632364	5.69240962166	8.88152359662	9.0	5.2379159533	1.6260453521	-1.70893365729	3.4418686505	7.05029210178	8.79538394507	5.17544641896	7.01992343479	
-0.187448338848	4.25529445585	4.99523567302	1.4899429447	-0.447501674446	5.30391547084	6.15754948369	8.63326526246	6.02705730772	8.96704279227	8.25147705465	4.6635641816	2.84335899157	4.50185812299	-2.81090379099	-1.08041616697	
-0.211553779281	4.22700548477	4.99206965035	1.48405665065	3.02588644191	5.29776997155	4.68032203757	9.0	-3.31220502476	5.0566010273	9.0	5.47909425013	-0.925508300787	0.717067949396	0.698828978461	2.3744874946	
1.41777872346	4.35120699844	9.0	7.11456925983	-5.92303545622	5.55548591195	-4.98544259152	8.471752709	-2.92441480064	1.5433435109	8.99955191368	4.46987345247	7.30073371002	8.97595072857	-6.0	-4.25172529709	
5.52452946237	9.0	6.00917043556	3.06314402024	7.19573041057	8.62523839185	-5.99999654491	1.60674809601	-6.0	4.19034996685	9.0	4.92470174221	-6.0	-4.27422051088	-6.0	-4.27151920932	
-3.61539783071	4.53977363398	8.98273826339	1.69121007887	-0.564208574037	5.5872678191	2.33717133694	7.08707382111	3.14721577813	5.73213651335	6.89003525181	2.46564941056	0.218387136503	1.9476083787	-2.94902470689	-1.22623555126	
5.3975112933	4.52997724132	4.55171341486	6.28637448474	-4.40198473219	5.58463329184	-5.85103751645	8.99198430868	4.86825274653	4.63175964402	9.0	1.62240635411	-1.47380704863	0.260804081012	0.764352255844	2.48303112655	
0.0200820712829	4.39450461515	5.08939258324	1.65439157943	-0.311070540991	5.68920554088	9.0	7.13460747564	3.33186084984	6.05540079565	3.61123439426	4.2224387918	1.76329468178	3.41882431484	4.40840736079	5.98436102743	
5.34264333759	4.65446063156	2.48978844967	3.99060066849	-2.20161354454	5.63963667582	-1.39032187021	8.79395666296	7.40775412174	5.02686855012	8.97479846547	4.31817100629	2.06199798079	3.86683066104	0.718751271242	2.45862424604	
4.91318357001	4.84780906436	1.86983907534	2.6616947092	0.645274742648	5.79379308797	-5.85301504111	8.99437461889	-3.5924171967	2.70164380727	6.17381499697	1.78620689139	7.27830619533	8.99212720294	-2.92690275448	-1.12975104581	
0.12267202748	4.53251972178	8.99795479031	5.45312597789	1.37440606204	5.58222657666	1.32536913339	6.15671217571	-6.0	9.0	9.0	1.61808333193	-6.0	-4.2709333827	-3.24712772636	-1.52644539898	
0.25811389215	4.82305578158	5.42272853335	1.77644744478	1.57601516417	5.86840526668	8.43848361724	8.97071230862	-6.0	4.89328948244	1.97329941339	6.54455826383	7.18435717246	9.0	6.08625952554	7.8962414253	
5.72514530395	8.99990268166	6.38020027022	3.96984417686	6.10886647669	5.75643200759	5.41739477757	8.8944157071	5.57931735542	8.21109904618	6.70711904268	1.58900319335	6.9565966266	8.67964882505	-0.594818851088	1.12698308979	
1.15139408685	4.92443870841	7.37303917102	4.33939323026	9.0	8.84274039837	-5.33410029128	1.75377427255	-5.75417685486	5.75809622585	6.33440584618	2.1187711577	7.27199104842	9.0	-6.0	-4.22079544517	
-0.117693552406	4.25400886499	5.58091846287	2.13162407876	-2.29007375342	5.30542919836	3.07717460887	1.85392842056	1.55660340967	2.00854023807	4.51497575089	4.10013719229	-3.37383174032	-1.68422937145	4.88063724539	6.50166577872	
-0.165593473024	4.44623530436	7.88462994876	4.11147824301	-3.84414063262	5.45169786643	0.00719214230471	1.63100649544	-1.52999070117	6.48218226583	0.0498744630378	5.60069343325	4.69090945908	6.30951260236	-5.22301893239	-3.53366121414	
0.236404375909	4.45543714062	5.01049502531	1.59270343649	0.0836312941072	5.67429424056	0.421194512266	3.22615932907	-5.85541172398	4.65429236843	-0.936714517483	2.42089320961	7.0857285448	9.0	0.336692237366	2.1137035676	
6.4837377677	7.21527180718	5.27684499038	5.4415775465	5.4364443669	5.62916638625	-4.81595945727	4.00560781338	2.51818330889	9.0	5.85598707082	1.56325908655	7.40251395079	8.99983089639	-2.45743059848	-0.711560115932	
5.77074933405	6.59403552074	8.9761566267	8.95822337398	5.01685554167	9.0	9.0	5.66214921545	9.0	1.93632601525	8.99076631735	7.20364751477	-5.75507179907	-4.11023243691	-6.0	-4.13134085212	
0.768076830008	8.99902781077	8.94495268671	1.5792559024	1.20213373607	9.0	5.30834401839	9.0	-2.6628473412	4.61894265249	9.0	7.73542264519	-2.15865421635	-0.43500881134	6.90832063337	8.63009496063	
4.45961031445	8.85922492117	5.16982206055	1.63285134112	-4.4414102481	5.629499238	-3.08962032096	7.02247907424	-4.14888141801	2.57950641175	4.75020423777	5.86826950254	2.37034189391	4.08911754346	1.60981955299	3.32894377322	
-1.19174258467	4.24310546056	9.0	4.62053123044	3.38074448898	7.41109123049	1.59793770045	3.9946291067	-5.97050414309	1.67443112131	9.0	6.65893319331	3.06277835499	4.78833555546	-6.0	-4.28943698476	
0.121260657705	4.39440227957	4.94926569322	1.63031475082	5.87850706975	8.99964604164	-1.33301819127	2.8226466341	-5.31320342742	2.38462870727	8.39342546099	5.49427046267	-1.05966572266	0.641305227	-3.22189328195	-1.54321189734	
-0.0723245885201	4.34494094184	6.55108425581	2.99235700054	-0.438479338649	5.61177354182	-3.45112849061	1.5623855273	1.45101621076	7.03313125597	7.68790331213	4.18159616628	4.43238004843	6.13226912582	0.816575049206	2.49148724215	
2.97193478521	4.46327872966	4.74042279662	4.08942137555	-0.234730796919	5.74795319184	5.03835773186	9.0	5.71075465767	3.62046823322	6.391636825	1.89792982063	-0.648349040575	1.11981218662	0.26089104432	1.95323885244	
0.315113148642	4.80745083493	5.42011447959	1.77764359907	-4.80854194495	5.86538734426	-1.26294344402	3.38428154202	2.53446978998	4.52464907631	4.59349854047	2.62212324036	-2.16218253267	-0.347306229015	-2.04361256264	-0.153338902049	
4.03861305091	4.75972022683	8.15146207247	8.19048300482	3.5478003535	5.92232227994	-6.0	9.0	-5.4752344314	5.46583125442	6.22395230129	1.73214581026	-6.0	-4.17490134617	2.20038948414	3.98221434486	
-0.20373427176	4.20519087404	4.96680524888	1.49860130214	1.68128411948	5.37511601366	7.30978167592	8.77021007074	-4.26479583231	8.16465198086	-1.28744676698	3.39271511305	7.21839439259	9.0	0.58601716551	2.2071761507	
0.999574078267	4.61656922359	5.51016484877	2.84189375034	8.03521383622	5.66328598956	-1.78081480667	3.70214891859	-2.694968442	8.98244224453	5.96325396587	1.63059027665	-3.3459157695	-1.6219850744	-5.92579045597	-4.00301242439	
-0.390069731057	4.32001326462	8.51817387087	4.75192318738	-3.38914675422	5.50458524805	-1.25446621618	9.0	-6.0	7.68967457175	-0.35922248956	1.55277006008	-4.0666828849	-2.28273872391	7.23264017266	9.0	
-3.70119622175	4.52178525576	9.0	1.64574744564	9.0	9.0	9.0	9.0	0.316676727276	5.59627897943	7.1699977966	3.04786119564	-6.0	-4.27275845988	-1.08956377149	0.630340239003	
0.130100037797	4.71149783738	6.59989986379	2.96661260356	-2.09424984996	5.87152722058	-5.00803877644	1.79666034456	-3.4343220834	5.6405113511	8.7501961182	8.76797531454	2.35864916792	4.11778614995	0.296835787205	2.00215665909	
5.25482776537	9.0	6.50935977253	3.27170599417	-4.53843147808	5.62672493277	8.35375894711	2.17231308031	-6.0	8.03631737145	7.37971454381	7.91029536136	3.41978703428	5.13807572827	4.31106340193	6.0461453118	
-0.0248108626684	4.4265408966	7.69970192248	4.27322604908	-5.8178541897	5.60889317797	2.32288322905	3.21299402414	-6.0	1.59230071619	0.914735431575	9.0	5.71754082467	7.51695030922	-0.640146879148	0.870737567458	
9.0	5.15623540078	-2.82437413711	1.7650526744	7.69268882647	9.0	-5.99513108143	9.0	3.88583999369	6.51843249994	9.0	4.65723087261	7.30187768146	9.0	7.25995169931	9.0	
0.27133691882	4.36801058219	4.92330570745	1.57007867753	-1.91058457895	5.41235716992	-6.0	9.0	-6.0	9.0	4.59399043751	2.35769088782	-6.0	-4.39205420516	0.910815510513	2.56424231945	
-3.80047794863	4.49698132837	9.0	1.59417835088	9.0	9.0	9.0	9.0	-4.72699996332	5.55689998646	9.0	5.587688034	7.26824852496	9.0	4.6056839383	6.32403702135	
-0.40448599061	4.38536995261	5.58567288751	1.87454183976	5.29511902263	8.99987289894	5.09645270098	2.9212149273	-4.34848579376	1.81323300325	3.59587686355	5.27802042304	3.45297584404	5.23347602503	-1.7881764226	-0.0457712027907	
5.27510725261	8.97696489056	5.50177503609	2.30259514566	-2.51081087128	5.57609057053	7.99359509478	5.60573890226	4.60603432973	8.74677457127	-2.28826579029	4.03005170958	6.28035669392	7.98529624282	1.03483893512	2.75382849607	
0.599247234333	4.70231666782	4.99774432119	1.65481808655	0.506367775229	5.48941143877	3.17507404089	6.77321854258	1.51327588634	8.99402705084	5.27296865883	4.90082050938	1.26313545523	2.92905589445	1.88952914618	3.58026684474	
0.117049289494	4.52902514621	5.31439787646	1.76814966715	-1.98351434897	5.58020377281	1.10492101418	3.03380981876	-6.0	9.0	7.578331937	2.21396543417	5.46657246275	7.19501369063	2.62773132087	4.34930808628	
1.14035916594	8.98564264493	9.0	2.02138037198	-5.49134242329	5.63354517232	3.07361430381	5.74615956233	0.373646070438	8.46967211388	8.98951975925	1.78795929961	-3.02133928486	-1.30077467201	-0.0616528570492	1.66238332028	
-3.66637201178	4.55750435143	9.0	1.63063946742	-6.0	5.59251885809	9.0	9.0	-5.99498817272	8.65276790987	-3.67450082555	8.8872780092	-6.0	-4.27440961301	-2.66023404565	-0.928175535743	
-5.9999628724	3.51075064372	9.0	1.00665106045	5.10412816622	4.91737343606	5.74630722515	9.0	-6.0	9.0	9.0	5.30404607115	0.0653280947575	1.80846364022	3.43625821209	5.03563747707	
2.11798862583	4.23515471777	2.7176947311	1.54744967445	3.36511101795	6.59322201133	-6.0	3.83018148835	-5.32414037917	2.1633765236	9.0	4.64199109826	-3.7021290186	-1.96857732533	7.19712521331	8.89747341482	
-2.3299290976	4.53382153787	8.99826704584	2.99952530207	4.33579527958	8.28111279586	-0.847348596408	8.99622284065	1.78868806384	1.6638842172	8.84146378763	4.42041136446	-5.97817645027	-4.25085440264	4.80802626699	6.52983727989	
0.98810983078	4.35700896791	4.27595389883	1.82587849855	1.79563760505	5.54941599566	-3.41250749474	4.04544685152	-0.310821815357	7.01488010884	6.3967155751	2.10334856712	0.168999337959	1.93030318523	-3.70582393333	-2.01222579226	
-0.257710032859	4.49083949372	5.37471060454	1.61966572769	7.31014786406	6.03800707203	5.44606048144	5.89676925949	-5.82690271803	7.15418330007	2.76830343147	3.75681973487	-2.63081920187	-0.78583851337	3.03335772495	4.74314236227	
-3.69323109788	4.53359335603	9.0	1.63789069637	9.0	7.17263740179	-4.21434496494	3.00225766176	-6.0	7.42166078929	9.0	4.57742288374	-6.0	-4.27087281756	-3.52529899602	-1.80548635912	
4.93319770929	5.95104035524	5.63365104964	5.2873622804	-4.68747268212	5.66967254543	-5.84406168516	8.95814666596	0.110955038617	1.81967496034	8.51427447465	4.39251770141	-4.07239329669	-2.37343750909	4.18433932792	6.17954065579	
-3.51072727688	4.52915467483	8.79121524283	1.61808482798	-5.24908351896	5.5807118137	-6.0	9.0	-5.9967373944	7.03168856198	8.45986636965	4.23673517703	7.26985766472	8.99996261144	3.03424949563	4.75543200433	
2.78837902917	5.7055427269	8.98739682777	7.06096248943	-1.15148484436	5.91641349893	-5.83947469444	1.71271297359	0.0918821168516	3.2522314614	9.0	4.61354827676	1.32375275016	3.12019309016	3.53748412994	5.16279880589	
5.25457039575	8.98848778306	6.80714624919	3.57345246996	-4.53887341664	5.66739479721	-5.92967822013	1.60643162546	-3.85007848449	9.0	-3.07055383524	4.01150048905	4.52235095444	6.25098916381	0.48168240537	2.21922772294	
5.17745424824	9.0	9.0	5.82826207639	9.0	6.61575437062	8.86975445184	7.74779095896	4.99582696915	8.10837028161	9.0	2.74073213972	7.30775978035	9.0	0.737493218486	2.51442938286	
0.502897988392	4.68675091882	6.71595950944	3.33452356747	1.3541685885	5.42748459048	1.48138165965	1.57413085953	-2.64640873998	2.92944772458	4.66627696444	4.88277709937	2.14152918325	3.8792991628	0.785936868821	2.59204244374	
5.22289970685	8.96894495927	8.2923588124	5.05390924702	6.27016873395	8.75308829533	9.0	2.06282658534	-0.905898555777	3.15197149369	3.65467929615	8.72347977151	-0.324020227737	1.40378365603	-5.91255704652	-4.17320747808	
0.449062063856	4.77640298273	8.99818448808	5.53572212604	9.0	7.68974653022	0.527805258486	1.688422997	-3.02362321554	7.02654825237	9.0	6.94198327566	7.1895720847	9.0	-5.76676316918	-4.15363499797	
0.142732116002	4.55067312434	8.96411756751	5.42070163761	-2.23089483878	5.58531046279	8.99170161559	3.21263154972	-6.0	8.87965083863	2.46890570613	7.40966204618	-5.99999980431	-4.27051639711	7.27970581422	9.0	
8.58205102443	4.83449947422	-2.82066105215	1.68893408246	5.45898625394	7.90729714756	-5.99078471783	9.0	7.39585270199	9.0	8.99998894545	4.36655346571	7.19995965996	9.0	-0.956780158283	0.848897912306	
0.960994680391	4.85890603986	9.0	5.90139573423	2.81522997177	6.78849736569	1.44306716294	7.87033805606	-5.00637117307	1.72886372244	9.0	4.64446150266	2.20501233705	3.94420256357	-5.44406199682	-3.56428760141	
-1.84037178488	4.53272455778	7.14200888297	1.63400922618	3.02821772207	5.84618855527	-5.11243640626	9.0	-1.2735301773	3.10645591433	8.51093797809	4.08837628204	-4.71098985401	-2.98249778957	3.86340829802	5.58427899162	
-3.38516439675	4.53035334789	8.98151006225	1.93115252969	-0.0196587153358	5.58107069277	-5.66466876105	2.37678776153	-1.91257849964	8.73349572217	6.43737923352	2.08365390416	0.0713169459248	1.80077572005	1.18583480741	2.90594064074	
4.58092984037	4.65179107659	0.899844564762	1.73679211826	9.0	7.57094729358	-6.0	9.0	-6.0	7.3421768045	9.0	4.45588655177	2.57613447476	4.40698966149	-4.99791796695	-3.36240305536	
6.35121512963	4.55515804729	6.25298406364	8.95244708553	1.27603868748	5.48878302819	-3.40574490682	6.6839456339	5.28793688424	4.31443413178	6.1428425205	1.52496551967	6.74472406306	8.4498063752	0.017675869262	1.5807089159	
-0.279291262641	4.2523739551	8.10448850115	4.40640365403	-0.227832524595	5.3737153622	-1.60178852768	3.01307877524	-2.35008797699	5.88077765574	2.28319669905	1.49836758081	7.10061084799	8.77203675341	1.28858443872	3.03511799435	
5.24618167581	9.0	9.0	5.75829243108	9.0	8.90990078406	-1.34541455833	1.6020845865	-5.40635594906	5.71664113395	3.31899810487	3.00643050709	-1.77906712122	-0.0543329710722	-1.08544752552	0.652198114124	
-0.147171625243	4.31827674148	4.92219656149	1.4968616765	-4.00665185435	5.46051796923	7.63561937109	3.27211095243	-0.352140680893	9.0	-5.81161625439	7.35976939533	-2.99550565146	-1.22240233643	-0.289233863443	1.3519226498	
7.09845364203	8.88387492974	2.74796614605	1.75789230023	9.0	6.24670358854	-5.81370081204	2.92836755582	-2.93470819087	8.87629118016	8.97440214286	4.43399827886	-3.17808172104	-1.34407060934	7.21546026671	8.99999905323	
4.18896137899	7.37099891683	8.33911448427	5.94552788481	8.57419131253	9.0	-0.00355359420526	1.5460240892	1.08976643117	4.9816770155	7.54108846377	3.18733657458	-5.13801895024	-3.4123058605	2.41399807949	4.25131273341	
0.84853259255	4.53220996338	7.71497096828	4.89817666147	1.22953172638	5.5872508271	2.0065922343	8.30829567801	-0.1838359918	5.85834570551	8.94383402552	1.62330190028	3.4314994819	5.16538147985	1.57512546104	3.2942606466	
3.02368717074	4.53337895605	5.50629708298	4.86185712525	2.61067957202	6.61599323973	-5.95362544901	9.0	4.46517757086	1.76586621792	9.0	4.57723899664	7.27118915507	8.99972027599	4.63549732122	6.35634178956	
3.02933295484	4.52819821324	9.0	8.36939701696	-6.0	5.58246579883	3.13637635373	8.28273907158	8.95851724792	2.31071232069	8.98961925165	8.45304678058	-1.61885919184	0.106310214689	-5.9996922345	-4.27964375435	
0.607530904233	4.73127849559	5.34687076687	1.96176489333	1.25457902625	5.59877954307	0.119906492404	1.80025362733	-6.0	4.78691656726	4.39602834804	8.40332680631	2.84663745445	4.63049965248	7.29730505973	9.0	
-0.0960296973584	4.61938955012	5.53794968751	1.68059375833	0.827082536825	5.69994767678	5.95870442981	6.50142894042	5.01474576776	8.37313241582	5.71005183836	3.16408098274	-3.06692828792	-1.31978234811	2.60785547306	4.47228159818	
5.11945337155	9.0	9.0	5.65531339033	-4.26617411937	5.60021448262	-1.791610748	1.6258684233	4.80592912164	7.92599445909	1.27789506109	2.47363346025	1.04034113302	2.76533710653	-0.701238718084	1.10297025524	
3.37024278023	4.60502386667	1.98909622557	1.70094384476	9.0	5.87306525563	2.94645871875	8.99075502223	0.773814782357	8.9542274018	9.0	4.4393146513	7.2959517373	8.99966174546	-5.99248369941	-4.18971608739	
4.2591047174	8.66570756245	5.5630304084	2.02155372633	0.13737314182	5.6358863582	2.0293735349	6.05727046923	-6.0	4.08616608061	-3.96950575269	1.79343075473	7.27792461795	9.0	3.42908935153	5.15012517863	
4.53828541695	8.29490143577	6.81559505157	3.56890329941	4.20228684762	6.89446660769	4.04261930043	1.60899811757	-5.77783002666	2.96241304412	1.726505965	7.19273049405	-5.80600905993	-4.0808733223	2.88042890375	4.62145940828	
4.34918911942	6.14092952481	9.0	8.11168326472	-0.141998584648	5.35952339092	2.06195075382	3.27905733827	8.01530115451	5.11098904157	4.41554960157	1.57970834424	3.68946188888	5.33553958538	7.03817124006	8.87083267391	
4.02742732734	6.8345432364	7.91922215225	6.00622344202	7.82626599149	7.80321909521	-5.96834220714	1.74128990234	-4.49071509923	5.46130258386	6.27009034886	2.13170279763	2.0474273502	3.74340067266	-5.51132494877	-3.82228842512	
0.127444177011	4.5352978102	5.78999308277	2.24641722388	-6.0	5.5823449863	6.26821966948	6.88118515374	2.30607984336	7.41460608241	3.99696168718	1.8299601352	-5.01224346294	-3.28346313505	6.0564557732	7.77660089936	
0.920138566226	4.75664356369	4.80772066949	1.80285918622	-2.81689446777	5.79314898299	-4.95694897596	3.25160750816	4.80392251806	8.90894558073	7.29618055963	3.23072663819	-2.66322917541	-1.00785997094	7.15414530571	8.81643577918	
5.26048993551	8.99275089728	7.62821939713	4.40334094641	-2.57673683296	5.63021169466	-5.23575515796	1.60818580911	-5.47314198752	2.94227431913	6.37488191777	7.75547938559	2.8710193782	4.59070147567	-2.10114679007	-0.376014790695	
-0.31091313449	4.39999421983	5.42024842147	1.61983537678	-5.82012880169	5.61963279209	1.6234939491	4.06423752916	0.941636907585	8.91527462743	-0.408282097521	6.14698629585	-1.03078068908	0.767781655849	6.63521639805	8.46677568604	
0.106761436327	4.52584119864	9.0	5.4493373345	-6.0	8.86259413513	8.99473970278	2.84161864638	-5.46985493402	1.65941957482	-6.0	8.98565796077	-5.99999511241	-4.27346450997	1.10582045809	2.82822385877	
-0.170528872805	8.10739976481	8.99732858573	1.59293969937	-4.30026426624	5.6244607272	8.09084162626	9.0	-5.99855855603	8.98289275874	9.0	8.99960997014	7.27978269117	9.0	7.29345186769	9.0	
