7.72388343159	9.0	8.69136354163	5.54367582088	-0.543354932535	5.56440593743	0.160408785992	3.25634838582	9.0	8.90178438578	8.96948562069	1.61923810829	-4.7338794532	-3.00624567584	4.19981010266	5.92218269957	
7.96514557217	4.5807317636	7.61208069312	1.73987129694	5.65253084469	9.0	-0.695013248928	8.98967142217	3.02717471116	3.5532461061	8.99847788058	4.57696435842	-2.55404133584	-0.825076611327	3.76420717091	5.48626639945	
5.8137633447	9.0	9.0	8.88601901757	3.51059443652	5.78030764045	1.32954550405	1.63357023442	9.0	7.70614762604	8.52968545309	4.03484546421	2.80844494121	4.6961285302	1.07970293819	2.86556538472	
7.02595615447	4.30081192628	5.22669115109	2.46260922854	1.10782468773	5.52911583924	2.17876789245	7.71813328524	2.48822100206	1.8453146492	8.90331774587	5.05400631277	5.49045776196	7.20422356629	3.11368943785	4.77606473139	
7.41325140472	8.99993676094	5.40886215198	1.81435877279	2.09444643068	5.68165915783	8.67415570513	2.90559619844	1.12195159327	2.06578388909	5.70239095005	9.0	7.25870803045	9.0	7.33895106771	9.0	
5.02043891307	6.72069405663	9.0	5.44891637961	1.21278779677	5.73007746592	3.38694871425	2.76615709375	1.67713187666	1.63479072545	6.98982859866	4.99914017069	3.0496806319	4.84554068583	6.28243608839	7.96722906832	
8.90896945263	8.98887475265	5.16669149545	1.62376461003	8.54956887698	9.0	8.12519945292	6.74965939905	-2.2886043981	5.14215102654	9.0	5.8370462475	-5.76569378582	-4.03476085808	7.27857464515	9.0	
7.24462672415	9.0	8.9919248806	2.1983304774	-6.0	5.53556802616	9.0	8.34592826832	3.72186856035	3.32122282179	8.97655144171	3.41497123176	7.29700712288	9.0	-6.0	-4.27646339696	
-6.0	4.48130855357	9.0	3.27403284663	3.5631732758	6.19974501624	5.19261962589	4.29928840684	4.5029462898	4.24520046969	8.90421400497	2.56576520639	7.04956730039	8.77364260838	-2.34351490525	-0.622844652073	
1.96346244359	8.99112246599	8.96260261462	6.34588458826	3.17668604928	5.66202993393	9.0	6.50479564882	8.58356758736	8.95567982185	9.0	4.09818473669	-5.68916110578	-3.95336828935	7.28048082881	9.0	
-2.99431848545	4.52956402565	9.0	2.99926589809	3.16202893946	6.88524429718	2.66181227912	2.00731703007	3.62067350435	2.5930951012	8.50428750664	4.82328538518	3.25044204314	4.97916721626	-5.76770597974	-4.04814304099	
1.73117641561	4.28156787397	5.01029276037	1.48623006701	9.0	8.88769687884	8.51971186758	8.94461196148	0.957190261235	5.58859154249	8.56679312366	4.53923802597	-5.826121265	-4.06237769343	7.30453171387	8.98696459238	
8.20300496843	4.62733691747	6.82998013557	3.49633146824	1.50795265295	5.51201310924	1.65725270695	8.42139604268	1.53611659997	1.76874252925	5.88467064418	1.75070066247	-0.276442260518	1.48106206949	0.555602518146	2.24439166443	
9.0	4.88904482032	8.99784616118	8.58109288999	2.54895835138	6.72891688737	1.06043643459	9.0	3.98527514749	1.65914650477	9.0	3.61647735676	-6.0	-4.13634047694	7.03341303229	8.81593487722	
6.23580178874	9.0	9.0	7.89471952488	8.74230768979	6.52562052653	-3.08066831703	1.7739061813	9.0	9.0	6.56260746866	2.14504810042	7.27088117841	9.0	4.7230274192	6.44543009264	
3.96188415016	6.92712115842	8.19063227325	4.74309495005	2.09627549122	5.68753923997	5.59277404701	1.65949246186	1.46903529019	2.06197765638	6.73045270825	6.77242055661	-0.0725826846933	1.54999428585	0.658395610063	2.41387666562	
8.99046540061	8.55731214796	9.0	1.85587697597	-0.230884215621	5.54571239878	4.23356420321	5.15634425914	1.86132257861	2.25865517705	4.05744893984	4.42516060603	-5.99238004157	-4.26157793966	-0.186279515395	1.54002185772	
2.68916801815	4.53107926359	8.78585115456	1.94132157898	4.40683199317	8.02408319862	2.05021407639	5.71686698827	-0.0119783332251	1.96919644059	7.09483545865	2.71447194614	-6.0	-4.27304442591	0.816155536259	2.53762150231	
4.96379322475	4.35900437849	7.4179846435	4.83185266595	4.16450627813	5.31950136341	4.87561433509	9.0	4.20547156361	6.62502178722	5.97481821289	1.48201468197	0.923798664497	2.69082536733	3.57576798118	5.29878781197	
9.0	9.0	9.0	1.6553610897	4.66524267455	7.77958902432	4.74564314574	4.77697003575	-6.0	2.39237928614	9.0	4.72265824112	-3.04307148306	-1.31485385463	7.06852176226	8.78401379713	
3.81909493868	5.91861945741	8.20310840094	4.85281859769	-1.85874637163	5.58023748089	7.5627760636	4.65434042161	1.44506199414	1.68715927945	9.0	5.36081025883	-6.0	-4.27161192122	-6.0	-4.27940634856	
5.69990323892	4.43066354042	6.21535600578	2.72502954327	4.36013626022	8.17409037389	8.10557976434	8.69987155597	0.959265470834	1.56354554775	9.0	8.75680558334	7.31171334578	9.0	-5.99975161752	-4.46991011692	
1.27174107695	4.50043479762	7.7647576882	6.04718388811	1.05104409252	5.50459235187	4.92419202913	1.56557937576	4.19676496695	2.5629290177	9.0	7.9992998408	-3.5283346013	-1.66219255791	-1.7663129165	-0.141173731097	
3.27018917735	5.10533847439	5.22643981315	1.81533514042	1.31437037352	5.50303123401	1.4912935103	2.48723140308	4.50484239135	4.68381011117	8.80709095779	4.98560428754	1.29667464961	2.98659403149	-6.0	-4.26768251974	
3.65632680808	6.60055559319	5.8169272827	7.3143916032	1.28691225169	5.55140931131	1.48584183849	1.84480081349	7.5147488588	2.50600480437	6.70382263732	2.57728204989	-0.365855218746	1.3640482494	-1.18926776408	0.708105175847	
1.8114569918	4.96530965284	8.95422723327	7.69224842209	1.29557384151	5.74242589593	6.63782627674	1.76785727882	5.40266539183	3.11643159543	7.82668057642	8.45488857918	-2.33603074943	-0.714415287175	-6.0	-4.23326278133	
7.02496430588	8.53927517922	5.16384073078	1.53457663123	5.13141932213	5.87617493975	6.70908700567	3.83888708723	5.10747674668	9.0	5.77098598879	5.88993395081	7.22537456039	9.0	2.79576091987	4.37175431799	
-5.97868769512	4.44112368364	8.84897116853	2.14078475235	3.92590958618	6.82761453388	4.16195010131	3.41176570221	3.7537613589	4.22231273548	9.0	2.5900954491	-5.09238533795	-3.37549944845	-5.7063951177	-3.98482872783	
6.05674433979	5.10045583792	5.63412750333	2.41296049136	6.93396120045	5.79438224065	1.61645971145	5.98204477004	3.67033096038	8.91133826257	6.30685631173	1.89332132277	-5.63853480656	-3.75877914622	5.18629900044	6.94225743435	
1.64547370777	4.35847716824	9.0	5.52741003941	1.80978026783	5.8073806282	8.62209144613	6.48122977317	1.05905687021	1.50245941963	7.61765531205	6.06753232205	-6.0	-4.25325812124	5.52921443055	7.25091473941	
2.1020437897	4.38436817129	4.42473319581	2.34677036199	7.62412000157	9.0	5.92453908279	7.01383335731	6.55034229933	8.31406863361	6.14838264881	1.56248031054	-5.90394374447	-4.033427481	0.560862967558	2.21985415421	
8.21753336668	7.08521832205	7.76977474541	5.84075648133	2.46643161435	6.78373359492	1.52619479293	5.86637345309	3.09461930181	1.65952063907	9.0	4.69112862882	3.98788920682	5.74289448119	5.73311051677	7.43508149188	
2.16675809329	4.43180293409	4.92227124313	7.64577263642	4.98069479813	8.74026869957	7.8158678184	8.99987981175	7.35193752081	1.82183218572	6.63075608686	2.13109649356	7.46729675782	8.99947249124	7.24859696643	8.94653617115	
5.21212552556	4.68227602342	8.3009075144	5.79936010972	1.37185685972	5.61241580107	1.4720955161	5.28096592615	2.65140946985	1.96154555659	6.16638592545	1.84759222262	3.55223096223	5.34644197279	7.45207048782	8.99946768049	
1.09558339663	4.4217768657	7.02091805231	5.44999527525	2.50407255353	5.76240902482	3.98146909052	3.95422547521	2.9934001945	2.24585688225	6.13701200401	1.93323236136	1.02431180995	2.79947807349	-2.90926844411	-1.13785676689	
4.18877034685	4.2401144741	8.98862845335	6.89154803604	2.9912929557	6.93390079591	5.71739708494	9.0	2.30858585235	1.4266076763	9.0	4.56624715273	5.43592702296	7.17395309472	1.29847798806	3.01589349361	
9.0	4.99304065937	8.99694338886	9.0	8.16648501494	9.0	-5.37977218653	8.69640258499	8.92117972923	5.00779054116	8.72399647826	1.6186846197	-6.0	-4.26281332782	-6.0	-4.28043215699	
2.6305488293	4.77338277262	5.02597157527	6.36153736504	4.85103922582	8.99043631254	2.4256290817	3.54918012014	8.33535188369	3.59828932145	8.24354589339	4.01067661601	3.89100112016	5.7081997913	2.62602706292	4.40641885679	
0.543854990177	4.1446387528	8.70791650032	5.60818219261	1.04176758466	5.34289068622	5.62890457915	3.61397763399	1.73818873861	1.40511942013	9.0	6.612971302	5.8205607659	7.46008161398	0.0678218242753	2.06798416539	
6.86635033285	9.0	8.98494458702	5.34340299419	2.34446612937	5.94621545321	1.66820173101	2.65209114892	1.38631800115	2.10788114316	5.77292718469	1.80780115517	4.17439129721	5.79598700614	1.32594304961	3.10741949508	
8.85693174175	5.17778665815	9.0	1.6165590076	9.0	8.9168103435	9.0	8.64540255828	-3.98809507781	5.66136351098	7.21601260809	8.94988267677	-6.0	-4.2719460238	7.27798939432	9.0	
1.38748355213	4.39403770089	8.48315648166	6.80412526912	2.14780986819	6.42176523926	5.19801597225	5.05939306065	3.07687335055	1.57935051094	8.04922135039	4.11828551253	3.34925415731	5.01408884405	1.45151994751	3.19210309102	
5.05047973236	7.8195024304	4.45859241669	4.93376008816	6.21403825109	7.20308420268	0.842590682522	1.58682177978	8.99305911472	8.61244365171	9.0	4.36552663885	2.33364130781	4.05746996325	6.67086700025	8.47290491209	
5.53436615066	5.84493231084	9.0	1.99748245331	1.59725656595	5.75629636867	-2.32524003946	4.21636062501	1.69373550041	2.00121765369	8.99075373616	4.56637934896	2.58111447524	4.3041992888	7.26953334371	8.99282283576	
8.99913835133	8.89015868367	9.0	9.0	1.03750231888	5.67165309019	6.16747128714	9.0	9.0	5.34858430762	5.3757962725	1.63083648681	-6.0	-4.28279763108	7.17655024017	8.99963719467	
3.75043972982	4.56261337824	5.93614334982	4.69170244831	2.43940368479	5.64212767178	0.947086234696	4.99625455134	2.89412336029	3.29990996769	8.97399602154	1.63243955204	1.04511707758	2.77960214164	-3.27946720917	-1.55806146505	
1.68526609646	4.25223830988	4.96010030721	1.92027954075	1.52100273139	5.5636133945	4.1953195315	4.72979978568	2.11836640421	2.04505094682	9.0	4.83478647088	4.01115544187	5.72964391416	5.7324239513	7.45704199156	
9.0	5.62560825464	7.41657417442	3.88111024091	2.71615341402	5.58163981623	0.533232944709	7.97719027858	5.13757717442	9.0	9.0	1.62029117133	0.433923312642	2.16222045845	-1.06323672942	0.657560778078	
-0.146901967066	4.54469118794	7.11477759206	6.90804066345	0.831995939026	5.59556584468	9.0	1.93146426396	6.28840856692	3.96953798487	8.97914220758	9.0	7.25950014228	9.0	-6.0	-4.28002626468	
1.89454837125	4.5709701378	8.99503092578	8.72386100729	1.95950489935	5.40953261011	8.03155020774	8.91659892712	8.38424292814	6.06007001687	6.27356073588	1.70082000304	6.6169595577	8.33270085424	7.23771211728	9.0	
3.08860965043	6.14112522419	6.86920862108	3.93154234951	3.29632190287	6.69939857904	1.47182387139	1.77273451774	2.00789858348	2.39115873791	9.0	4.63949207996	6.46698516805	8.13593826036	-6.0	-4.16681076048	
1.99104612894	5.00777827079	5.7305564566	2.23607373747	2.18888143334	5.67084400283	5.94017798752	1.74602236369	2.0565993539	3.1351796056	7.18297962722	7.18892628241	1.79517991075	3.64612128277	-2.99163081325	-1.3333662011	
5.78105496939	7.9686391432	8.67312684438	1.88488727045	7.04418832037	5.70245751373	-2.33924943229	2.32698565521	3.41522107063	9.0	6.58199968635	2.15823150483	-0.588739878246	1.13891906192	0.363314535289	2.07969405154	
7.38146130103	8.81404713704	8.79907096442	9.0	0.397868208652	5.60404478211	-1.3006383429	3.09760445065	8.77902861234	1.83643429675	9.0	4.58822066102	-0.931126835758	0.796037588191	-5.99152458862	-4.27062424384	
4.81460265984	7.70767919556	8.98596626068	5.41621427282	9.0	9.0	1.32472036898	1.56710456632	0.95654687562	5.45848174229	9.0	4.87013782809	-5.73000563258	-3.9107929322	3.20352970376	5.02372222656	
3.47275358816	4.83205090852	5.48082784987	6.99298230619	8.61752249666	9.0	1.25185643474	3.25990090512	6.07853081045	5.28069251628	6.23253768097	1.71775844524	-2.44207880196	-0.708386118204	7.40905740635	9.0	
6.79474776574	9.0	9.0	5.79028299531	-6.0	5.4532262594	8.80939654446	2.43462769811	8.99978825375	4.86358832751	9.0	8.99775340743	7.28269063845	9.0	7.28344760408	8.99997585987	
5.03104209793	4.50818464831	9.0	4.01729284736	-0.416055547566	5.54931628575	2.00742190097	7.48460333738	3.66378747735	1.76499886195	8.88296413643	4.73338399674	-0.85544855727	0.876213689286	-3.32934809684	-1.6048586943	
8.83160213264	8.99999986014	7.16843240961	3.94429875407	2.97953235466	5.62453321308	1.27056324825	4.32772009894	6.65060890345	8.39310099346	6.09194254802	1.62022953574	7.06076138553	8.95381545847	-0.0512532151857	1.62180163177	
9.0	7.5011983649	6.93252315761	3.22184004379	7.35451959695	8.46308314743	4.71539988458	9.0	0.747550111558	4.22213120836	5.21873891344	1.49252752184	-2.06237760353	-0.339614427071	5.87437990814	7.63510706497	
3.12762652037	5.96762154025	6.42839654649	2.82298188119	6.51080647857	9.0	4.80130196739	1.55784756062	0.820396687339	2.88600647364	8.61417525224	8.02829865914	6.83754893837	8.5469122882	-2.39052298753	-0.748295363989	
1.36373680296	4.33740728227	5.22251206212	1.61298393901	2.60430967787	5.38231502872	7.93226639812	6.60093440564	3.08968791031	4.79513969187	6.13872493386	3.53774111655	7.25607167027	8.99995593816	1.85371559099	3.55107012536	
9.0	8.99999727195	8.96974619892	3.48475970556	8.96754857507	9.0	-5.98718006101	4.52620741594	3.96962606865	6.14868369839	8.9725979955	1.62233613372	-5.9999999774	-4.2677170033	7.27985276437	8.99999959053	
4.4310528692	4.53553996487	7.32283564123	4.06062327226	8.60466939201	5.72939091811	4.38746724771	9.0	0.329470137228	9.0	8.99895884232	1.61975842191	4.38817839145	6.1134906264	-3.33630221318	-1.61046420479	
0.45164294343	4.53542437658	8.81220721139	1.937073919	1.76770295873	5.76343332052	1.60339666212	2.7993994934	0.2854052216	2.06290134494	7.01388558608	2.71721943644	0.824282325245	2.55342183055	7.27846458738	9.0	
1.40648245366	4.51219604187	7.18977552779	3.99633148646	1.71751664739	5.28314960915	2.84645427037	2.62196472202	3.85318174758	4.28542764784	5.75635350155	1.98665493633	-1.21299432347	0.350201217532	1.78344650655	3.54703134362	
8.85936405413	4.8056568907	7.76871138972	9.0	2.68263840421	5.54277417247	1.39731979923	9.0	8.74445228766	5.63953781635	6.03793162206	1.5179092342	0.106786265637	1.67039241147	1.93178995424	3.58730017716	
2.32982122958	4.93815251056	9.0	4.0077325687	4.31156448916	6.85091711724	-6.0	1.97664402662	5.17664332868	4.16076464983	9.0	1.79294949543	7.26163008801	9.0	7.25387892295	8.95911995766	
5.22133948592	5.9117521992	9.0	9.0	0.979993984691	5.41157686221	1.04929535303	3.63179822015	5.07691072199	1.53521781614	8.97401968529	4.78235405363	6.31448209826	7.94936514769	3.53423818305	5.18986128738	
8.53148998942	7.88445804457	6.29637577375	6.91195733593	8.86788766381	9.0	-3.43518660521	5.17855098216	9.0	7.54337538163	9.0	1.62325515465	-0.971201060363	0.760410258262	3.95934712076	5.67852885804	
1.35273481863	4.39707023898	8.99586804702	5.58322090795	2.04476690129	5.97508906381	1.76703760206	2.02880116382	0.955114910755	1.57404395852	8.73911166235	4.41346892184	4.06736387028	5.81944492871	5.54731723906	7.29430862289	
6.10101415485	9.0	9.0	9.0	1.98784879723	5.81041307945	1.50300450294	1.69282715331	8.99993457441	6.02903872876	9.0	4.92227918589	7.37177498619	9.0	7.30694381919	8.9999721714	
8.06608054511	5.38819472918	8.99172430102	5.89152975136	3.07929490976	6.10793983418	1.23306913093	7.24377448669	1.50964648761	2.61137629179	6.10333322694	1.72003976473	-1.39922930355	0.173402268043	-4.99453736111	-3.36655046301	
1.45992554724	4.31964864933	4.73795083733	1.50671188371	3.00150835087	5.5776070075	2.6114484469	2.88101540008	2.03840662939	3.66972739663	9.0	4.8512060855	-5.25594162892	-3.55359480546	-3.37715497014	-1.67375473542	
8.84156468626	8.04718596768	9.0	8.99634358997	-2.31522926138	5.57989857883	5.30628570693	9.0	6.63318408901	3.09188754164	9.0	1.6325288944	7.27173552045	9.0	7.27908719378	9.0	
2.76382115847	4.53018608964	9.0	2.73897237319	0.626838540302	5.58082497686	3.36443548095	7.07784849283	3.07262077967	3.17767446631	6.09017127891	1.69336072672	2.00286752874	3.72960554486	3.18897161983	4.90931081072	
3.64312841011	6.38604108702	9.0	5.23812830856	2.85184484908	6.14755258618	4.50597934229	1.6101432389	0.89899776264	2.20863835887	8.9448407728	8.20563781229	-3.6851852271	-1.99196708205	2.37478374879	4.12196519929	
8.93287672806	5.7458579131	9.0	5.37225673574	-0.66011368786	5.48939530428	3.95311623229	8.83934419293	-0.212517774883	1.64334551767	9.0	2.77862822878	7.44943194411	8.98274276438	-1.33926277078	0.370545355766	
1.36467872607	4.49261800585	5.08164839027	1.85101026436	4.56440210882	7.96446688846	2.19493415264	2.28495102734	1.26102948106	2.07824126614	8.7561775354	4.55808922461	-1.55429842815	0.178044353498	1.21826501072	2.93091629897	
3.1370907531	4.91224610193	9.0	1.62162173033	3.64676350889	6.49583771413	4.64093998172	3.39455622735	-6.0	2.6872079132	8.9999993789	4.22282943653	7.26104628748	8.97266250809	7.11262793164	8.80275771894	
7.81251657022	5.06170648702	9.0	1.73507448446	-0.156840280343	5.58301602005	8.94201102061	7.71063139132	8.47293379527	8.98449119264	4.12177149576	9.0	7.2723964772	9.0	7.27775430699	9.0	
8.93499792683	8.65199510783	5.54177448704	1.98779304079	2.03439605755	5.94012381154	8.25173090611	5.19790119401	1.54449323497	1.94068495485	6.19578529366	8.50755231565	-3.9373833468	-2.21652435144	-5.99086822954	-4.27607126237	
-0.80651108804	4.52857142811	8.63604323684	1.61487412216	5.95926334364	6.83837675032	8.19049304987	9.0	0.512769385822	4.75280147273	9.0	4.64167968847	-1.16665574336	0.561262642476	4.54043298529	6.26103624993	
3.04665830826	4.5612239459	9.0	1.62458280804	6.2701571122	7.49576303616	-1.71716988647	4.31066335518	1.95689993376	4.86810991089	9.0	4.57912873107	7.26973497343	9.0	-2.25279325407	-0.530756696149	
2.17427044285	5.16977028082	8.47019463297	4.9699732596	9.0	6.02967349082	3.74176726682	1.6571426036	1.59534758798	9.0	7.33919276267	5.248460107	0.774383334524	2.35001824719	1.68541567801	3.44074788696	
1.40954035249	4.66581260171	6.50473199361	3.00978182786	-0.518063930351	5.58184900284	2.17185628643	2.21769586175	2.96645298521	3.88867442158	9.0	2.05275891945	-5.66944137699	-3.94024931584	-6.0	-4.27911684225	
6.50738014849	8.92163314333	8.76950497488	5.1077273848	1.75392223719	5.45522499715	2.25365252996	2.86420379572	8.40925187749	8.96815103866	5.44399098823	1.69213265468	7.26417347766	9.0	-6.0	-4.10961566931	
2.1516664045	4.45504422628	5.23957580311	1.77769223152	1.55677489822	5.40553891767	2.02445647559	2.42041230268	1.53646651973	2.10124224174	8.63429764144	4.94412963325	-0.215456555547	1.57691768388	-5.22204055886	-3.51144457895	
1.07058190191	4.31725632322	5.30583806568	2.44796698399	1.19088026399	5.51600583054	5.6765728042	2.43125379969	2.37009023331	1.91653249596	8.40397589085	7.39727562022	-3.01633823518	-1.24396348509	-4.53661379183	-2.8844147004	
2.45607845214	4.54902130729	9.0	1.62685058917	9.0	7.6362847479	6.23714461917	6.10256574444	-0.761754467624	6.96863308358	9.0	7.92852046866	-5.97813618576	-4.24338950723	-4.9180256963	-3.19426906161	
-0.949449443099	4.68004709322	9.0	2.38207455543	5.12678046358	9.0	6.97006416979	9.0	4.40894232396	3.80684055549	7.70961638889	3.26930314327	-3.49211970086	-1.77586055184	5.52848058263	7.27269484688	
3.13730888394	5.77495873098	5.52047383924	9.0	1.69540897577	5.98992972083	1.32987193301	1.9171309631	8.93135681975	2.29808029699	8.97206814694	4.45962454297	3.02100136903	4.91667628654	0.843492044902	2.58649039978	
2.45899233392	4.70672945103	9.0	5.50891545603	3.64393683369	7.83722910905	9.0	7.92058916411	1.45545355586	1.57807643799	8.71633498078	6.4915651877	-5.94345755842	-4.15009201182	-6.0	-4.29595709821	
6.31603100268	8.99838822767	6.10495707271	2.55959616562	2.18399707949	5.90524581096	8.98911417665	2.15662799496	-1.72536236641	2.14175175828	8.9898469004	8.97885533855	1.81949040457	3.5484434947	-5.62245359448	-3.90152219512	
5.52270635661	4.53139076951	8.99987383119	1.91778058115	0.187489818996	5.58817832113	2.04562610345	9.0	8.99811817712	9.0	9.0	4.59787577086	-5.80966238682	-4.08154306257	1.01758890247	2.73901351053	
-6.0	4.48044053037	8.90864919353	2.82140068226	6.19876460952	8.71962244707	5.33466181695	2.6456780331	3.30568360692	3.61002092986	8.99345600785	4.37010213396	1.99829586171	3.72580333297	7.28464515719	8.9998942414	
1.31505989024	4.60953077186	8.99877404506	5.58953149408	5.10436511442	7.41251916249	2.75026163542	1.57222393579	1.38970497234	3.33228048546	8.54733728008	5.45310993189	-1.96510978375	-0.301419416428	0.474849705981	2.31005494087	
-2.96953735579	4.51605073273	9.0	1.83824939185	4.95921194103	8.11801602742	5.78769791523	3.02596327916	1.93152204899	2.76306508272	6.71195356164	5.04203443777	0.906795814871	2.6383493628	-0.813024182372	0.912413520698	
1.98159161264	4.49075199109	4.78444082857	1.6319763314	6.47817991421	9.0	7.69191649976	8.53058337193	3.02588402125	4.52290531355	9.0	4.65407877294	3.58008626224	5.15872555728	-0.319340762999	1.23814839748	
8.92613522679	7.93549285165	8.99954989289	5.1855040355	7.70521832543	5.47156965214	3.3230063232	7.22532580162	2.2299260513	9.0	5.24463752868	1.52957165022	-2.65492995612	-0.858434955494	-5.23760126071	-3.45795838752	
