9.0	8.90079771105	4.88028456461	5.89272189522	4.76418282975	7.52773158988	1.24802410431	4.8782128704	6.63667404802	3.67880348162	6.07708664198	1.68496041356	-2.13335443078	-0.63045309116	7.30884896093	8.95840738144	
-6.0	3.27148723573	9.0	1.05490654486	4.35974942824	6.86202004461	9.0	3.57189688589	7.77443781831	8.84939485401	7.68940165651	8.33914430251	-1.07153399212	0.711293026733	4.53613921537	6.0944026926	
0.947766125557	4.27023002079	8.02713351052	5.60921325797	1.31627565073	5.49966318288	4.31935397923	2.3197274633	2.5035926505	1.6463660282	7.0652661883	4.77811833256	1.96738988235	3.64321954137	-3.37192266607	-1.65128393729	
-3.15139598554	4.49201393189	9.0	2.19805040173	9.0	8.99976933178	9.0	6.64918038169	2.38100915897	5.93369464171	6.21240910111	4.08840232647	6.71988836821	8.46500641264	-5.55160963147	-3.8175067415	
1.4986525974	4.98349500469	5.4023105449	2.76836135889	2.43729028573	6.00213825522	3.85559712672	2.53103042367	4.38737200338	4.43489548695	6.50530511137	3.18953529369	-1.58542207041	0.269829332162	-0.909817990322	0.853439761359	
2.14123766876	5.13505928116	9.0	6.87047769609	9.0	7.29908966756	-3.15078968119	1.60903109204	8.60239681298	9.0	9.0	4.56763360989	-5.6992146607	-3.97615525249	3.09214294123	4.81009220291	
-2.23354769095	4.50802866826	9.0	3.11788700001	1.43013492621	5.67156368715	2.08423645338	1.96029112793	3.48131210164	2.46098583714	7.18449668622	3.1206981677	-5.85182740326	-4.13101413487	-4.73187992803	-3.0140190756	
7.22368777186	6.4100626788	6.73830386932	8.4201028136	5.81697648461	8.99093805571	0.875687925048	5.11218725256	6.1275208985	2.30491988756	6.04229644189	1.55084094042	-2.16099465566	-0.530117723205	-0.608744976674	1.05327544703	
7.74744004743	9.0	6.94515246736	6.57096153686	3.61302174575	7.70697972808	5.10582493622	9.0	9.0	4.02630983473	8.47241899643	4.43270712526	5.40677277901	7.12981417923	2.60266687151	4.32127963447	
5.95695028218	8.04311614866	6.06657527008	4.63437355037	3.80496298926	7.44240325258	1.01414615549	2.3669807799	3.05406057522	1.78966914593	6.69427952737	2.22629078581	0.992996346244	2.81170062316	-5.99037053421	-4.27719286769	
1.3875203062	4.4846785616	7.20193540721	4.91314021141	1.85147903743	5.68867608167	1.64767771423	1.73002516468	2.65825434311	2.26771016773	9.0	4.62170288717	2.32113216473	4.21456508239	0.39375250886	2.05756792764	
2.18126746423	5.47040149615	7.23249205557	4.60883013476	4.18240154109	6.58091203603	1.58182142545	1.6331494318	2.29737677223	3.19751493546	9.0	4.77988245669	1.94078967686	3.58466784939	-0.547038203911	1.21453474082	
1.34007675309	5.02487305607	9.0	6.03734434419	4.43527378862	5.67457593716	6.0908752429	1.55941972941	2.36719074027	4.76164936349	8.71069212786	8.78370127682	-1.41969639716	0.257744030337	-1.74327126356	0.0189380873859	
6.42962645869	9.0	9.0	7.2850828263	-2.33122034682	5.56029920483	9.0	8.99756803737	4.31582139113	2.48981686056	9.0	1.96894460687	5.21493280955	6.93821001238	7.27207235327	8.99998915693	
6.45249430555	4.56267148257	6.29715979261	9.0	5.09032006136	9.0	1.40641882704	6.67937954099	7.17815029424	1.64903870729	9.0	4.47301927226	0.750727584885	2.56855600968	6.10773460194	7.78083610237	
3.58057744364	5.70236883381	8.64368608008	7.44227718519	8.99828654865	8.63449934834	1.37740702494	2.82728797655	3.58958749152	6.07354308347	6.34675407611	1.67165732495	-1.04347429787	0.783353186399	-5.40150060625	-3.65483317948	
0.968394731938	4.3417927635	4.41499381323	1.8545863739	3.07606054167	6.36702550394	2.84404856069	2.57232040302	2.75360216842	3.1141685717	7.13951355948	2.97758578828	1.25729172642	3.013740504	-0.460126947935	1.23669056301	
3.34923941022	8.97858955184	6.5949946839	1.61537638691	6.52651952516	9.0	9.0	9.0	5.62361723407	6.98733195117	9.0	4.60178857554	-5.9951394672	-4.27491157443	7.27286428078	9.0	
1.41611822975	8.92851774806	8.99978194436	2.3475177336	3.20175603499	6.62719702581	3.69239526895	3.20505290149	2.76574797974	2.794361443	6.35571299098	2.42436749296	2.07783160944	3.80865756287	7.09376646814	8.81470184273	
0.973112534608	4.54735073945	4.74946976203	2.01228972623	2.97589275441	6.04118197748	5.31118738148	1.91048386002	2.52156315136	2.98652211584	7.75329753949	6.77733278263	-0.225912182124	1.48859745139	7.0969059794	9.0	
6.52740010574	9.0	9.0	7.44782769648	-2.61845347333	5.50829818423	9.0	8.97285761711	9.0	6.96846174174	9.0	1.9120698508	7.25966247975	9.0	7.32896644276	9.0	
6.98043474968	8.97472962408	8.65239452404	7.52534403082	-6.0	5.40503851166	2.74501306468	3.03572427595	9.0	3.22411755926	9.0	2.16829355042	7.28928827547	9.0	1.67615776358	3.39024202951	
5.40111637256	8.22160391094	7.6074206401	5.57024044904	9.0	5.64122379691	0.858332278755	1.49565883312	2.5816019366	9.0	8.99903876989	4.41883481871	-4.43807338327	-2.69927638909	0.0692235030427	1.80152866113	
-3.39131663192	4.42807027672	9.0	2.03725475704	5.48908457582	8.02959005738	2.43298847233	1.80217776218	2.63710601702	3.62054721713	9.0	5.18257409744	7.25150238079	9.0	-2.00558024707	-0.309842600783	
-3.0784564218	4.58118111939	8.61739235183	1.63699139312	6.12461080365	6.40369623253	3.97468170219	3.30594348145	3.04938086658	6.66503039865	8.59346646307	4.74336361661	1.55546969846	3.30146063333	-6.0	-4.20567714692	
-2.14232207495	4.52991644088	8.98711505428	3.17373341348	2.66380034139	5.87032071272	8.29235633386	8.85372984057	3.91676473397	3.48951412994	6.07464046547	1.76586559613	-3.61797676476	-1.88849863438	5.0788836501	6.80249205871	
-3.10603989684	4.56151555027	9.0	2.2079162991	5.48339331312	8.87645961112	6.35757120159	1.95248486717	9.0	9.0	9.0	9.0	7.27538318023	9.0	-5.49908314999	-3.77142365459	
-0.379130279514	4.49194528069	9.0	4.99208353499	-0.716294221419	5.55530010858	5.99945128421	3.0098900084	6.00632840209	2.67901950758	9.0	8.07035022539	-2.01279501657	-0.292700074023	6.24620544142	7.95152231166	
5.9683128025	8.87675578421	9.0	6.95567006198	3.17255113262	5.67095977895	-2.48913953485	1.62027150787	9.0	5.83272195342	9.0	4.57690979298	-1.35890126072	0.372466029335	-5.96477664551	-4.24490090135	
1.63738833346	4.18513756341	4.88504361875	3.18632312286	1.10002274923	5.47780716888	3.18781114536	3.70587899302	5.5405455348	3.87832073152	8.94011699486	4.76876649132	-0.49996746504	1.25004300751	1.43398577246	3.11137258911	
1.48667707116	4.62703759172	4.65642425522	2.29854564735	2.9648400222	6.3994181108	1.84341448158	1.98469271775	9.0	9.0	7.30892108124	2.8595322748	0.0378025334774	1.71992947734	-2.57401498376	-0.782440047109	
3.89335021059	4.70500153097	8.92407331265	8.99110288734	5.89784731838	9.0	-2.49458049628	4.0765566218	9.0	2.7566881416	6.07836633705	1.66190372107	3.50128176918	5.22743204798	6.25762004248	7.96969399694	
0.898740630129	4.31604898828	4.90097399363	2.3096444115	7.0172061158	5.55288097695	2.08815271035	1.58123805823	2.48457566323	7.51787707725	8.72585715276	4.82500958327	-6.0	-4.29860756336	-5.26597209368	-3.58788138408	
-2.86922073122	4.46425538265	8.99378110047	2.52837912486	2.41997933781	5.81726985663	2.05639326022	1.72109720307	5.4150530767	5.31386648336	8.99401733834	5.06369415257	2.23317208609	3.95943136364	-1.58398486533	0.129333576077	
-2.39798547059	4.44333211516	8.33705062331	2.34273042224	6.16089556557	6.10457658875	2.10417732247	1.70257323772	3.065129536	6.50047000716	8.23919262993	4.32805416257	-1.73700799291	-0.00259045672642	2.61523717475	4.32182835639	
0.967048955727	4.3501322677	6.63024822387	4.04318654852	1.33240012598	5.39885686848	9.0	4.35609128805	2.48307391437	1.95340870944	6.00030846984	6.29685472663	5.86905201615	7.58644923683	1.70609177739	3.45996734609	
3.17064844504	5.62075336226	9.0	7.60817867877	0.951286323894	5.51456441861	8.99586990171	9.0	8.88509827539	6.60276738235	5.31326322291	1.86997129784	1.33461704033	3.11367367518	-6.0	-4.2521980269	
3.70402901594	5.7946661683	5.61488840235	4.3973798852	0.843833884215	5.52079154336	4.99814451854	2.22482472978	5.38105499987	2.78352425704	8.99981646506	8.76864095169	-5.82102445895	-4.0801285329	-5.99974161166	-4.25462850838	
2.23015160558	5.20987116775	9.0	6.8953305074	1.17260493854	8.88756333064	9.0	5.28256819882	8.91351110428	7.51369682738	8.91321561827	5.32678027214	-5.9813042839	-4.26015941941	-3.67316572727	-1.9565650591	
5.04981092834	9.0	7.87016999628	4.5360400112	9.0	6.4731700012	7.7065238848	1.64169090227	1.85040008178	8.22543895797	7.10100756767	8.58486774491	7.2728300763	9.0	-3.15811967834	-1.39189689802	
9.0	9.0	4.5728638425	5.28555271182	8.40946553338	9.0	1.08532050412	4.55637906679	9.0	8.86076179108	6.19092489282	1.57455836864	-5.53346504647	-3.80809436585	5.73661867709	7.4188626565	
1.77974110756	4.53455704775	8.80001897156	6.911888749	6.21367231471	5.58736005491	4.20756816487	6.3204545954	4.08519726011	8.98666225625	9.0	1.62674923884	-5.58756138135	-3.85345869682	-1.40868185776	0.310011442003	
2.90776790964	6.32723712626	7.16936935531	4.47692399134	4.22390011613	5.73667626824	1.72385946127	1.70143527285	4.62529442814	6.51678150002	7.43275143487	3.15800195337	-6.0	-4.28201709063	-5.74275124622	-3.92647077516	
-2.92171445509	4.41833658382	8.89721476652	2.40412739518	1.91107486117	5.9302692631	5.99178058058	3.61894045349	2.40032104372	1.94644294937	9.0	6.89123250238	-5.47943465522	-3.7405788742	1.94696573324	3.64516676536	
0.993200638085	4.66377534408	4.8241685677	1.92372206743	9.0	6.64132344241	2.79223350734	1.92196262254	2.48287946027	8.5224988288	8.99536831178	5.42439751502	-1.3974819407	0.296583581023	2.46878295074	4.24826042023	
-0.913565494663	4.52773829205	8.99999865413	4.42373753138	1.76711631274	5.72331493691	5.04291757155	6.70580532539	5.20852675537	3.01902044829	6.18259037342	1.76989110871	-0.324721412057	1.40208037319	3.17809953549	4.8992982527	
1.35174367697	4.84519503642	5.95682906035	3.43463868202	7.05633265321	5.57796328881	6.62934166579	5.33682816922	3.50527080888	8.29667368129	6.13390174022	2.92098215264	5.92970336377	7.55764643651	5.54953946169	7.10953842344	
-3.35927888357	4.50668494851	9.0	1.89747038488	5.25189370443	7.0363845812	8.87831317915	8.34449537956	2.63795278445	4.52114244977	6.55712167442	2.64261903918	-6.0	-4.25333388814	1.49820284969	3.17965975964	
9.0	9.0	8.14016946145	8.99472196014	1.50996069406	6.08044689873	5.94097158279	4.87751293714	6.3099763956	1.74675360744	9.0	9.0	-5.94205912249	-4.22209275563	1.41420894011	3.11699032408	
-2.97339555683	4.49231275685	9.0	2.40378814295	4.97571239171	8.8483624442	8.99316049124	9.0	3.66071767475	2.96493100164	9.0	4.84778397996	7.04106895423	8.77426132163	0.862399487981	2.58191048473	
0.858842175219	4.25157120711	8.77532596464	6.28591267586	2.79667862298	5.33005819801	8.99578783615	7.05531416505	3.21713050557	4.1642845935	5.95224509545	3.46877373179	-1.26134007525	0.455667107523	7.21945035287	8.89407994254	
0.98580185102	4.27506894741	4.81776027291	2.39148188789	1.77721397941	5.72514343384	4.20137449672	3.83322142381	2.35155877893	1.85883017061	7.87653688158	3.90602763672	0.0831371245457	1.79736653778	-2.57562640213	-0.866295209182	
5.04516838956	9.0	9.0	5.66234190204	9.0	5.93564248263	9.0	1.89179522918	-0.432802808037	8.99650521903	8.99288794755	9.0	-6.0	-4.2787845297	-5.99999817467	-4.23043150766	
6.04141707294	5.25446530274	3.20644351114	4.8598498273	8.28410454796	9.0	-0.257004777029	5.41987617828	9.0	9.0	9.0	1.62305733254	4.22277254468	5.95708015968	7.28337261426	9.0	
3.16176758015	4.6936785793	5.82927701215	5.03467972772	5.70903698455	5.49535245679	1.48010127116	3.45588756741	4.32508150723	6.23470534285	5.89037599216	1.48584707966	-0.148272151403	1.51174518134	-5.90922855909	-4.21917305601	
5.66633941983	8.50939733259	4.30242482006	2.26587013397	5.29413993824	8.61311819298	0.750527644813	1.53187124334	3.05849081556	2.85438991654	8.88218462038	4.10113564328	-5.07067658385	-3.34289749859	-2.65132564343	-0.985770007453	
3.15769188143	5.87910098397	4.97085221108	3.07134121674	3.8034719804	6.51802498539	1.15202762501	1.83791633429	2.97720204684	3.04985575539	6.4676112663	2.05701288761	-5.88590656378	-4.0753577648	4.03256197398	5.61965950726	
4.17737372003	7.95785076738	9.0	5.85111708977	-0.670664590515	5.63713605701	6.19176462999	5.2480511333	8.75239721223	9.0	8.9568833172	2.58191690446	1.3266750204	3.04953540785	-1.28675327936	0.487916286989	
-2.42591132715	4.48885137389	8.0528786545	1.90530364461	2.38672672939	6.06774982696	7.35888865508	6.79285230468	8.99735897875	9.0	8.99995752644	5.09724403982	3.7804336342	5.51719852385	0.231807884339	1.94323626951	
-1.33284897326	4.52170779136	7.33999782989	2.33740061804	1.94399533397	5.98063876705	9.0	3.60076135715	3.1518087771	2.59782962208	7.55893853264	8.51974759335	-4.16021567784	-2.42824334365	1.13021708988	2.85346278789	
1.11603464093	4.53178084517	9.0	6.45429554482	-1.192375487	5.58849395003	4.95485381307	4.85437865606	2.83181756377	1.88614861545	8.99771390935	2.28332643847	0.668682254461	2.40621550202	2.53861478854	4.25981838248	
1.48949407014	4.64135741882	4.39908604538	2.04233347147	8.89594994669	7.32383372329	1.59041223175	1.79036044731	3.95749844193	9.0	8.87821205602	4.37072648987	-1.21857922964	0.574746375484	0.432002128475	2.20953081422	
5.63726352993	9.0	8.70658542743	6.19425054471	8.29208481002	5.72265828415	1.47199108436	1.60411708323	3.23167234727	9.0	9.0	4.66386602056	2.45480583067	4.18994457433	6.57893013885	8.40107592312	
5.79402520851	7.18256602763	5.66848678438	4.98903093808	1.35077859133	6.24072342669	5.10301150995	3.53796863371	8.82504711412	5.59855910169	9.0	8.10855083123	7.13660925273	8.85472167323	7.31778413417	9.0	
0.777358628046	4.83309086493	5.3527988706	2.0440512823	0.795953099598	5.41067918826	3.10224128504	2.50255957982	4.14180187133	4.02183245453	8.95843507624	4.18194568755	3.8427096623	5.36205041719	2.95150015897	4.77229560712	
4.34296668483	6.01659595329	8.45124320966	7.64296221686	6.16413674168	5.70106756905	-4.07790523323	2.8742372806	7.05498063135	6.7827326626	8.85051129948	1.65073314015	-0.0575750707252	1.67874477389	6.34224146073	8.06360038068	
4.47965576405	7.33882101424	8.99807127721	6.93502581246	3.22304585351	5.70765567843	0.835570625926	1.5144885476	2.62471583003	2.95933292037	8.87377344055	4.42820662527	0.570427317809	2.25492963921	0.0704096593544	1.82371227117	
-3.12838456189	4.50164859852	8.92055646687	2.12365149738	4.4458104156	7.84033373031	3.39658256241	2.3357922385	2.44220822757	2.59696272217	6.75447021415	3.37325130179	4.0027451043	5.72471715486	-3.52705464888	-1.80345189352	
2.33240146418	5.32228681193	8.99995895656	7.01990368883	2.63738899024	5.4875369143	1.14723122941	1.44854434413	9.0	9.0	8.17518895611	3.81592809319	-5.70344242968	-3.94854408435	-0.529423166157	1.14872984619	
2.41383231661	4.92848739284	8.99220218784	7.34728511273	7.60875349326	5.85121089874	-5.99907438259	1.98642474318	8.91381314601	8.98147635782	8.97377157672	1.73584915099	-5.33777843707	-3.61757614922	1.00940517021	2.69950176724	
3.95963264956	6.73880591876	5.71865105002	3.78749238801	-1.19418653092	5.59640599503	2.46100240237	2.06409170303	4.83003074302	3.24570141753	8.39894186269	2.61659838958	-6.0	-4.28612154626	4.28149983025	6.01592439531	
2.4501772782	4.55687811732	3.33083626658	2.08530471162	9.0	8.07872180695	5.05087448325	7.72349759102	4.00822182968	8.45004415448	8.99999295046	1.8277720584	-5.70763686319	-3.97012474135	-5.72476425157	-4.00033327792	
-0.602083206763	4.52126381716	8.1357670602	3.87449265059	-0.00472455940094	5.58953674647	8.98602808186	7.26236974569	7.24082455537	4.98703236683	8.94213449492	6.34548836508	-4.23356785501	-2.5052976096	-5.99960087762	-4.28207032579	
2.54432929249	4.51665725885	9.0	7.89978683378	-0.783499601668	5.57411048832	3.03851724	4.59236713296	9.0	2.74743671945	7.32301743099	4.67689869801	-0.934975090982	0.796552067002	-5.98457995616	-4.26277832407	
7.10242314543	9.0	5.815003476	4.78285868482	0.977485981658	8.88874028492	8.16632985363	9.0	5.61319020674	3.07769302609	9.0	1.80401537448	-5.86241175137	-4.13712794506	6.97325383841	8.69463628973	
-3.28075900143	4.46237200441	8.98790594931	2.08961885554	3.60268139269	7.40910680611	9.0	4.54903915307	3.28488127593	2.96973468036	9.0	9.0	7.23218996694	8.99854437804	-5.9999325095	-4.27969743974	
-1.78477437841	4.49094030241	7.57505759177	2.11769126693	2.27835683765	6.12565516392	4.17100988196	3.65506529254	3.76712150129	3.41564928205	9.0	5.13005246139	-5.54960089327	-3.82024535363	-3.72883990026	-2.00826137249	
3.27746733878	4.97403867172	6.56213521216	5.63099826558	1.38961341741	5.83427041004	8.69223019045	5.22743898255	4.48021717393	1.68226352066	7.96983887986	8.91004172371	3.61345144742	5.3045109294	6.22155724442	8.05741919219	
-2.81780752597	4.44637049894	8.61448427462	2.1793806699	2.65525040945	6.14866806468	2.26095025276	1.94289316606	6.29941200979	6.21258825619	8.99299753943	5.00318146204	-4.35295854667	-2.626384876	-1.76594275977	-0.060931574761	
-3.18425671838	4.47449259152	9.0	2.19524653268	4.81797776958	8.50855999134	4.74123857928	4.00378233214	2.76488115438	2.51547051512	6.84425294364	3.19874085033	-2.05059141002	-0.330527570473	-5.99771214149	-4.29027238993	
2.35204583211	5.08460718258	5.02861804987	3.27780243863	5.78006239124	8.99986799898	1.34671093344	1.93547898985	3.55529618601	3.00923637637	7.24767113916	2.86252452678	7.25937457244	9.0	-3.22614871676	-1.47897695423	
1.78381873994	4.69633489317	4.69307115546	2.40937840068	3.08266011419	6.95513151807	4.7340781799	5.18464482783	9.0	8.3658086194	8.56817460833	4.20622979202	6.0347938533	7.81093687547	1.5269581762	3.21281021998	
0.763983182244	4.3677872182	4.454827272	1.58356522835	6.1985335784	6.03733829751	7.05837889954	4.04310448385	2.57366120088	6.62274403058	8.39885148207	6.84110435211	1.37650610325	3.08563744244	3.52905716839	5.24806965083	
2.13559209419	4.86153229265	9.0	7.26992250704	0.937793939679	5.43507363635	2.08314979207	1.91827739064	5.5108554018	3.63555603127	5.69455969175	2.22017816191	6.51578986714	8.15481668897	-2.53957211237	-0.806372499885	
3.76828851184	4.92544297972	9.0	8.69549747613	1.75049785739	9.0	6.94691048901	9.0	7.30541998593	4.38994675932	9.0	1.62929978831	-5.48810861726	-3.75274640831	-1.30212120664	0.422904976424	
2.52737662876	5.84504590505	8.40912322431	5.86961512603	7.20807396814	6.24138799237	1.50249423555	1.62389334049	2.66421631163	6.88742935964	7.97769220827	3.68368743976	-4.40871474905	-2.68764554641	0.525290599932	2.32198252636	
2.88280758695	4.79808853567	7.53447355313	6.49274571833	-2.20734537676	5.54085066135	7.06246384459	8.13080473255	4.85361350203	2.32887469084	8.99999938909	1.7325896301	2.81293603908	4.54268054424	-5.79583600019	-4.08733250226	
0.883146452946	4.41972009893	4.42153506336	1.6081441012	4.6993745173	6.13096681797	4.92121853503	4.39255276678	6.58328495847	9.0	9.0	5.01306556624	-0.49554169547	1.22121741885	3.71475753922	5.44518280629	
2.8080686261	5.38044533722	5.36754527531	3.641913385	-1.70150224209	5.58120221255	2.49011906645	2.22293098326	8.84456773848	7.06215240727	9.0	2.79939557007	4.98921366223	6.71667985203	2.2727170805	3.99109028245	
4.94690757489	5.67787059115	9.0	9.0	1.19270030553	5.66782860286	1.53561221713	4.0088825473	5.24712686211	1.53801269064	9.0	4.92378827658	7.24740756987	9.0	-5.96307135308	-4.11770884638	
-1.36084195481	4.61637185914	7.23330524362	2.05176274029	8.741598192	7.45015733795	4.44630252896	3.47073103147	4.16513771988	9.0	6.30362305888	2.87455046327	3.58982401271	5.31189510067	1.57266713166	3.35431039293	
6.8456314108	8.78600278973	5.31893726277	4.24954636878	-2.08264515339	5.54292877329	9.0	2.87343538892	4.740478635	2.26321592188	8.95957096291	8.96230045115	5.3302593258	7.05193424076	-2.2924230056	-0.574771908828	
5.02593057539	4.77247634674	8.02918505448	9.0	9.0	5.84471803305	5.15500127885	9.0	5.97889376878	9.0	6.35290510551	1.70875845444	-6.0	-4.33120385261	-3.59719095695	-1.89696304649	
5.58854005109	8.40574365602	6.65666837204	4.83192126648	8.32942869425	8.80019821289	1.09466553965	1.64000071679	3.00199869289	5.13577215945	7.18015425214	2.78094413014	-2.18360546392	-0.473370631197	-1.00345134164	0.665924660653	
5.86052856468	9.0	9.0	6.63524386854	8.74165063819	5.6660244569	1.20138395997	1.58176941912	2.68066744825	9.0	9.0	4.61790145847	7.28707900829	9.0	-1.6205166719	0.182386878022	
0.166697187742	4.46204381866	5.16943787057	1.74483274976	7.5414766644	5.81484241167	9.0	6.20313733409	0.0937864655636	7.61761251597	8.9366108571	4.94391440213	-2.80282737269	-1.06984164954	-1.93098311085	-0.228083810283	
0.936527805642	4.28774903612	5.76908763763	3.30033799448	1.70275605973	5.71763119928	4.3972840034	3.88987726278	2.12909711563	1.55100096092	8.95025520271	5.08142233988	-0.990345453002	0.761065586682	-2.51755635988	-0.855646814265	
7.22896426443	4.56116605712	5.37799043682	8.90961055492	2.40044297407	5.63245263364	1.46882402517	9.0	8.23434801375	3.8517425354	9.0	1.63590984537	7.13897209868	8.8784984862	3.4635768179	5.18151661596	
1.46218471375	5.13640313713	5.80032732996	3.02021484475	5.24164011007	8.36050178253	5.75052886833	4.75838556498	2.26725458814	2.64102033039	6.22898307183	2.7460220237	3.22090975813	4.99497804375	-0.161081016635	1.71415015851	
1.13167105939	4.71533647673	8.94746281233	6.31106953737	9.0	5.70859965247	3.17111117267	1.68056264577	2.25081374113	9.0	8.95764413252	6.00417998916	7.14856693369	8.88430870082	2.03540899398	3.74601862941	
