0.327707665785	4.5429013905	8.60740566657	5.25787153503	9.0	9.0	8.76092489755	8.99268190281	-0.348157155884	5.61701132822	9.0	1.81875715799	8.97821664645	-4.91681321776	9.0	-6.0	
-2.11396426307	4.52971487642	9.0	3.22015899983	2.39420699431	5.7746754367	2.93108422097	3.03638275243	3.34744331109	3.05185255483	6.10580553404	1.93519354378	-2.48003037067	2.07332536341	8.56017527762	5.55203195833	
4.39657313696	6.7198839957	9.0	7.54171126277	-0.505920689115	5.61192125506	5.62051131859	5.70717197747	7.86485854	2.46875544353	3.91688184709	2.12588417749	3.885190037	9.0	-5.9967552446	3.20950309099	
3.87999518291	4.74562135251	9.0	9.0	9.0	5.98840082162	-1.94520155225	4.07437479213	8.56119798264	8.99268166529	6.04023496578	1.6178886522	7.38751698317	-1.73982429306	-5.75573886367	3.51235043575	
-1.63384310541	4.52805471598	8.73956053886	3.442177656	0.535774220793	5.64510912072	7.81670834897	4.42765960214	3.84380037933	2.17042957802	9.0	7.97111721717	2.46922172519	-5.0909902889	-6.0	9.0	
0.315424806612	4.5121833353	9.0	5.67166690469	0.0867227343629	5.61240698163	4.8730869508	3.71887322966	1.43434029606	1.79485806273	8.99490930392	3.27672603561	3.93740335544	-0.926643239677	-2.06037375823	2.18884765372	
4.82317546704	9.0	6.90693339194	3.52985126865	7.01353384687	7.72325322989	8.95262087326	6.29016556598	-0.687006659921	4.9247673053	8.83239943982	4.25684658133	-3.0240685723	1.60993540053	-3.38251396945	7.76546593109	
-1.84623952401	4.53659336297	7.81521819726	2.29090731104	3.78781570117	6.26865426474	2.72245656993	1.94004781544	7.98500960389	8.90785645303	6.60064950774	3.00881643507	-6.0	-3.57813007005	-2.29929238922	-0.498085164427	
0.919985360162	4.52412677737	4.4953752121	1.6897078719	2.33577431149	5.73001211751	9.0	8.99975474978	8.38500362204	9.0	8.61596043091	3.69887633167	9.0	-3.60259071913	9.0	2.15552123544	
1.09041670708	4.81325073622	6.03573883323	3.09092158738	5.06296661383	8.72418848998	2.34557177476	1.79757362475	2.00995649152	1.95290665481	8.20008369203	4.24225136861	2.42496079041	3.27164137155	-1.27579222025	9.0	
3.40220332283	8.85799343198	6.80825244519	2.22100761117	5.06682580568	9.0	8.97916181664	8.51701865338	7.5004947248	6.98808883762	8.19057807276	4.24201358977	9.0	-4.10607917241	3.93296346508	8.99751029032	
-3.07319147051	4.47910178701	9.0	2.31205626613	4.02232025074	6.13884114908	5.29363169312	4.2971679877	3.78588626729	5.09871312143	6.15918951138	2.75153370816	9.0	-0.127997701205	-4.28856486455	5.30128469283	
0.934119571511	4.67842131411	9.0	6.13933924075	9.0	8.99881842439	9.0	1.93561724439	1.54107209406	5.64759694297	6.96988101426	9.0	8.91696211365	9.0	-6.0	6.05917188012	
8.13559658655	8.99977286128	9.0	9.0	-2.27368451055	5.61426259037	7.76298575827	8.96909170237	5.22945473403	1.68780937465	9.0	2.46526323285	-5.33015875241	-2.24503817668	-2.276141366	9.0	
0.195257394638	4.54760255475	8.99393217507	5.50762467717	8.60545456896	8.91091298925	8.4419195502	5.36293649904	-0.695223979281	5.29992502251	8.89980998686	4.69473947341	5.19896058528	1.02152162581	8.97161112515	8.61038680212	
3.38632610119	5.78687736855	9.0	7.45983550572	-5.97519858295	5.53431486573	8.54503298996	3.2321310526	8.00390564408	2.40736943565	9.0	7.439166868	-5.96081717498	4.51457519582	9.0	3.83951830093	
1.20888764049	4.22982542216	5.20316829799	2.99766896696	2.17823386713	5.77981754433	1.88925223374	1.66419976514	8.86853307897	8.66861207614	8.65787921594	4.61618476041	-3.1917338575	5.47863249274	2.88240725358	-5.18056270863	
3.59892480584	4.53436287942	8.80451762432	8.7343723172	3.37362348992	5.97936831497	2.86753909791	9.0	9.0	3.70304527433	6.05262847616	1.6280622362	5.63023895295	8.91229552408	2.34504819096	-5.77434733443	
7.43019120777	8.99994047351	9.0	8.29572985743	-6.0	5.55964985717	3.20753724945	3.62372033529	9.0	2.45260594745	9.0	2.59860107697	7.20568990035	-6.0	9.0	9.0	
7.06372489699	8.97044630891	9.0	7.95774102773	5.91394477437	9.0	-6.0	2.60655381726	8.94296583008	3.52826516523	8.97790343779	1.72372033771	-6.0	9.0	-6.0	-5.61578186967	
-3.06611597941	4.5141643043	8.99148403628	2.27058241857	3.26003656474	6.42140822692	9.0	8.5446975155	4.39667402052	4.60575839392	6.27256230822	2.39446748067	-5.24269651513	9.0	5.60056575523	9.0	
-0.389845981926	4.52383616332	9.0	4.9559764882	2.8517897015	5.73874797479	-0.631797477373	1.62563418756	7.10717155044	5.39811313359	8.43673722116	4.01506423481	-0.938815681328	-5.66969379766	-0.844240937508	5.47173279757	
5.34933331754	8.7439236497	5.39686585402	2.78881799508	8.33977341995	9.0	1.67764813569	1.67629575252	2.5326342178	5.29660219167	9.0	4.70543485999	8.82894262363	-5.02121597395	-6.0	0.130247133622	
2.180563732	5.19862823656	7.13971748563	4.96142858684	1.7139973204	6.09571779635	5.75440250112	3.34003944496	3.08202894703	1.61919897989	9.0	7.51445852756	-6.0	-0.129387163718	9.0	-5.094296658	
1.13956832086	4.61799018744	7.53030098011	4.9059081992	1.69731619677	5.49867285653	1.73507979203	1.52801747321	8.98876623474	9.0	8.10529735566	3.63994117288	9.0	-1.81447542638	-4.08971475508	1.19432950513	
5.61505942846	9.0	8.91886671635	6.41356767984	5.10376400312	5.9130629514	1.68832864374	1.64941608705	6.50879123697	9.0	8.0279555307	3.6410192474	5.39364591033	-6.0	-4.83556244033	8.45851898729	
2.329182634	4.70898860985	8.4483070986	6.9334729557	0.439514193416	5.61511459262	0.240523114618	2.65238155877	4.78445379536	3.53014350624	8.98421902067	1.66815137106	-1.0780167148	2.08944959003	-4.61088996465	-6.0	
3.29651709948	4.81423683513	7.57975707499	7.0318512896	4.59264810102	5.86605325512	7.02076173585	9.0	9.0	9.0	5.89509490091	1.55399344876	9.0	-6.0	0.557485228901	3.09057962047	
2.31441075019	4.94394339689	8.78675953953	7.02839419476	5.00356929199	8.99986987981	2.36566914294	3.50409235399	2.83962180131	1.61518913672	9.0	4.21794853903	3.0842987841	5.54381159587	-0.0614675941621	-4.09966923569	
4.36049679629	7.35595996425	4.73502926513	2.57464048935	4.61540781561	5.44769264847	0.824871511286	1.62524931773	6.22644369174	8.37153196755	9.0	4.36561017894	2.29683911171	0.664701473241	6.9757953704	1.22743832333	
9.0	9.0	5.897959838	6.85190554604	0.930546413341	5.71696500578	8.76978849935	7.72961915852	9.0	3.79850227131	5.26914042094	5.65831712937	8.80685580581	8.9942837881	-2.44781114084	-5.99972362032	
9.0	9.0	8.1347305892	9.0	9.0	8.93173533545	2.05336407472	9.0	6.15985952905	5.70690626365	9.0	1.58959305717	-6.0	-3.47237033849	-2.73852902795	-6.0	
7.04347408589	9.0	8.67868860199	7.66741271492	1.46272949577	5.90189486319	2.5672368961	3.5092804899	8.848128076	6.61518366799	6.11611519674	1.79696005436	-0.309059248955	-6.0	-4.29525250663	2.95758421164	
6.92869957984	8.94006755011	9.0	7.8521475226	9.0	9.0	-6.0	2.51254352077	8.50754848825	6.34445458113	9.0	1.67246964252	5.27041654382	-6.0	-1.8165216553	-2.9896254939	
-3.66436782221	4.51041779075	9.0	1.6236194785	9.0	7.5159323911	7.36059125531	4.69264388095	3.43324203	8.74577137281	8.9175148233	6.90696453857	1.89199780736	-6.0	8.99950046044	-6.0	
1.50932104488	4.94579047632	4.94233668582	2.34383531903	4.80220527549	8.66968362783	8.87907108969	8.34830228284	2.67608389087	2.26724018999	8.99534071488	4.96914260527	6.19925645838	2.73486950595	6.50988284039	-6.0	
1.21892834894	4.58604671566	4.27000389519	1.69122314599	5.44488358691	6.45765668469	8.57272112527	9.0	3.12071563462	5.86152075813	7.69644858045	2.68490548362	8.80721552986	6.24801038616	-5.11989952851	-3.15239839375	
6.61749346423	8.99869236491	6.29288536508	4.79075628583	-2.44728155927	5.55776687268	5.24965371674	5.14159251526	4.22869595875	2.11443048666	8.99432000436	2.21439266794	5.59129053098	-3.85078378587	8.9227309757	-5.69732892528	
8.9820343235	9.0	7.33120983783	8.14295183141	5.292290052	8.93545011629	0.841871188001	4.5173381747	5.0965916214	1.64102854266	8.96715755545	4.18758175161	3.54582976611	8.82641249149	-1.84852763496	-5.86452407597	
0.987161245646	4.80108531371	4.86307433853	1.86118129523	5.57573390974	9.0	9.0	4.28803554492	1.78666553411	2.30273325783	9.0	8.88429468267	1.89839830695	-3.60781853022	-4.31274426569	-0.529199960257	
-1.2181615423	4.54699443377	7.93217781941	3.03124705661	2.72896479203	6.10484457065	1.196512555	1.77592136544	5.61365456363	4.99384527014	7.02888751648	2.71236930856	-6.0	-1.6507233939	-0.0549292468359	3.03206019142	
3.98177136136	4.84811041455	9.0	9.0	-5.23801998029	5.61399670503	9.0	4.24172485054	9.0	1.91877388786	8.99572232791	9.0	-1.78791415511	-6.0	-5.61738373618	9.0	
3.45983187005	5.56202523037	9.0	7.7626700858	-2.2215282299	5.62091737009	9.0	7.7427243707	3.98986343138	1.68615638388	9.0	3.73533313382	9.0	2.57126915866	8.97845137685	-1.68088940684	
5.86622446027	9.0	4.83982755092	2.44857649429	5.41496056607	8.6751087247	1.35385916463	1.909323118	6.45674981371	6.44192639254	7.63688397357	2.98741229942	-1.8351450835	-1.45767763917	9.0	7.43394090807	
-3.18970204748	4.51416871577	8.99889437343	2.16068072963	6.98615905301	8.89553303641	3.59570193027	1.77717483543	5.11064230105	6.63999639879	7.64320496727	5.04267519343	-3.7928066013	1.06719645694	0.642317685063	5.20231568924	
1.01636035649	4.83026366424	4.52498257645	1.58118250089	6.81094296171	8.99969647227	9.0	8.30299748841	3.10187699358	4.74945329812	8.95853154679	4.95564228262	9.0	0.16524369726	8.99323594455	2.10610932378	
6.58366869188	8.03166562436	5.57972575273	5.14888754014	0.677856409424	5.45454814773	4.92600173894	4.12256220083	8.9788029289	5.51174421423	5.38177360646	3.77849940589	-5.50253849576	6.20644070263	0.684308651173	-5.59122858289	
1.80946619673	4.54110898428	5.48121922992	3.61505059107	1.57809646864	5.62151972423	6.88157974176	9.0	8.77635625668	9.0	8.99981225655	1.62977587616	8.99949235289	-3.00724374763	2.72841930067	-5.99992417022	
0.690906771612	4.35519405576	7.66325534692	4.81724448008	3.94538423877	7.7344375065	9.0	4.29245929852	1.38493232769	1.58068951032	9.0	8.84941397862	-5.89896964833	-1.49302061934	6.08793673073	8.99437448662	
9.0	9.0	5.60677454037	6.4720014543	9.0	9.0	-2.70370553813	4.53396019852	8.91275253233	8.05167055918	8.97762764793	1.61811373692	-4.95032239891	-5.99998571982	-5.40692176834	1.16032776107	
5.75769634007	8.47788572843	5.29828082682	3.42757436041	1.69167803114	6.07648746144	3.08544005174	2.31491561306	6.27989148178	4.65830892631	8.85815605707	5.91629929535	1.7747064083	4.94219041963	0.141445510296	-5.54013589638	
-2.82701414001	4.52203093927	9.0	2.51307186495	2.18249048833	6.22140235116	4.14997944507	4.12254401816	5.20475069058	4.36489311247	8.98733366996	4.84248920139	8.63289601223	-2.30777666199	6.97990036743	1.08523998018	
1.11532767498	4.52803755094	5.60955406492	3.04572282141	7.66865385312	6.1095989137	3.15128627874	1.82620282	2.16784451295	7.33904753281	9.0	5.75147917503	4.75895868354	8.70166739958	8.21561241698	8.53519531117	
1.12727515272	4.54325463191	5.26273953042	2.71156261693	-0.748361725444	5.61133785178	9.0	9.0	4.94609999326	4.00167376644	8.99675282359	2.59923344282	9.0	8.20629839333	3.7216385067	1.3375741936	
0.278308611361	4.54385939961	6.56691294354	3.16698745665	0.851725324315	5.61455749009	9.0	8.98874974312	7.14776095183	8.46575256289	8.99083080617	1.93737780556	-5.94190651005	2.80228442465	9.0	9.0	
0.686163749465	4.20321368373	4.31264673802	1.53050004569	6.0317883808	8.52882140788	8.99904105327	7.46854762141	3.12899784727	4.44019242704	9.0	5.94441018156	8.5488361329	9.0	4.80265140482	-6.0	
1.44824278418	4.57214914325	6.77860688225	4.66857703609	3.60397356758	5.42572780165	1.19277358411	1.54573999535	7.61490103015	8.95306928106	8.86469996472	4.36800708053	8.69909270964	8.98584303886	-5.58197810537	0.185033122636	
2.47426352427	4.99435832353	8.90221666733	7.23216490651	5.20572575973	9.0	-2.78574302057	2.13460783348	7.38181033942	2.15151394446	9.0	4.56444876013	-6.0	5.08478480839	-3.43677060463	-0.712050158031	
4.14639097761	4.5456249985	8.51769303578	8.98223229112	3.62755277682	5.61688344208	4.5129926417	8.98211527986	8.99998564106	8.93793400496	8.99787690111	1.61943700366	1.28413604489	-5.77450385585	-5.66431565365	5.02912201605	
8.12928296899	8.99929718189	9.0	8.99999979627	7.07036423884	8.99903989116	4.56631489579	9.0	8.99997433399	9.0	9.0	1.60123575787	9.0	-5.9920794756	-5.99960307413	9.0	
1.333038767	4.59515541545	8.31261551449	5.85949189537	1.07683001139	5.52996376238	1.70149711907	1.54056043567	5.070710594	3.72269782657	8.61906834103	4.74062758663	-0.163765144872	-2.77810769759	1.95083695814	8.86781604187	
1.15897859758	4.43909611962	4.92937269235	2.53087547213	4.7525790047	8.43529038353	6.29016977379	1.94165197443	9.0	8.38311099206	6.82846434492	6.94309641216	-5.83949035021	8.98340463663	2.9513806913	-3.96965580405	
1.72337891654	5.32213370268	7.31170148408	4.54005752266	7.41940748422	5.51922410933	7.79135927964	6.65082294115	3.1034066785	8.375560879	6.06531657811	2.81254368072	-5.97712210847	-5.59628198783	8.01911410189	4.13253183166	
3.08448446823	4.97671850064	4.85821112442	3.74389957854	5.75689687465	7.60229595341	1.20059954921	2.84500160532	9.0	9.0	5.93429415045	1.53408975191	-2.66159541625	5.9276594094	2.97055291254	3.09955842857	
0.958890316268	4.51876110641	4.298818921	1.58304219145	4.73329160784	6.75098971685	8.99999777563	3.75390547711	7.23468232911	9.0	7.26046406934	7.87974512473	1.95829786062	-4.71372890558	-3.5307857737	8.22832619805	
-2.74162287417	4.55472349688	8.75537177962	2.33970600214	3.46742474723	7.32974447674	9.0	2.66417516575	9.0	8.48038008007	7.02275853391	8.99719987664	3.31425059018	8.8787854499	3.80075261239	1.27013633256	
-1.61765887325	4.52127000945	7.94093234439	2.66475733775	6.65854922574	7.96929779893	1.32687379166	1.66971894751	7.32874632527	8.96653578556	7.55111745486	3.28535915486	6.80437308285	-4.659914763	-4.63421220598	-4.69305232389	
1.74872818617	4.79809440181	9.0	6.79036180415	8.86988847555	6.00448466356	8.46589633234	9.0	3.24792769143	9.0	6.31583005005	1.87656382891	5.09977076852	-4.04636274835	3.34837624419	1.78832030138	
4.34376330666	8.72559300804	9.0	5.48244404375	4.9568892147	9.0	6.87892338653	5.87967478926	2.97510689488	1.59192972746	7.47741197947	4.8339390862	-5.99969636061	-4.7735674578	6.9105800179	-6.0	
0.326398780707	4.56320351129	8.07156570743	4.69815758491	-0.131988947898	5.63085940578	8.45050359572	8.02161296418	7.06926793813	7.56455147675	9.0	2.18859467625	8.98074575218	8.72472852599	8.90623498022	3.13590059049	
5.12561445612	6.98183002985	5.9676282471	4.91673041659	1.85151037768	5.50993606762	0.760319588629	2.64023207858	8.73582866541	7.37671805415	6.64899772565	1.59972711699	-5.98957950252	-6.0	-6.0	8.72287943549	
6.81369754113	7.67913071885	9.0	9.0	0.472528539663	5.618790686	-0.259641420391	3.68007051043	9.0	6.26077275167	8.95401099767	1.62350096961	6.59146447975	-5.80685648558	2.85008199086	-3.12980952928	
-0.912283228489	4.53482792427	8.70259572726	4.12089364385	2.08011663714	6.19309189941	5.56106058482	7.13110398811	4.27668123938	2.01955223078	7.50404205287	3.0950605813	7.14835445081	6.82929463535	8.96175885435	1.66803760005	
3.7097982586	5.09972973763	5.40751450323	4.91474199377	1.94716636041	6.37027293165	4.52899252358	6.53505553979	9.0	5.72019599233	8.38213172926	4.18794487409	-1.18398159006	9.0	6.87909775389	2.55314219894	
4.22494601953	8.46485063816	8.84073743612	5.46581472061	1.49491114307	5.88573292558	8.70863388067	9.0	1.52503086089	1.60248229508	9.0	3.25657204649	-1.96476962366	8.99923144178	-5.99286782476	-5.11576469007	
5.57721517822	9.0	9.0	6.4423007449	9.0	9.0	-0.600784515429	6.63638972388	8.99999509572	8.19135543066	9.0	1.58833593134	7.84404568467	-0.59227743004	2.32965017014	-2.90339124243	
1.23213599068	4.28407248131	4.28301690829	2.00359713438	4.33597714149	8.021798393	7.48958108896	7.72938275746	8.34178109109	8.23214230885	8.89953572144	4.22715428272	8.21761617882	3.00342618882	9.0	8.75331786685	
2.00251723539	4.63194330224	4.44114052475	2.67855883468	7.14913400329	5.6446134704	0.431093399322	2.56859622368	3.1945804303	8.75692999608	8.892364233	1.71591298087	-0.645367013185	-3.2382498247	2.55741364902	-5.99905906906	
6.29133789881	7.88515427034	5.30213297257	4.48299854857	0.853993207196	5.33001446464	1.44441055844	2.68836521154	8.35538528473	5.54143765273	7.8826276287	4.20394094312	-5.90005710336	6.61451703707	4.61750355945	-2.81847177669	
2.09857290026	4.82259190481	6.1047631687	4.17897650206	3.29349314804	5.98261385417	1.76743374147	2.4887076341	2.88890218011	3.43913577802	6.63259925853	1.8784878685	4.92997254146	8.47511587575	-3.99974328479	-5.15553827317	
1.24477310574	4.59552149818	8.34341043683	5.86586520247	-1.1978398616	5.61481307791	9.0	2.21323375245	2.95032425488	1.91729116796	8.98486589087	9.0	7.59715270182	-5.57352207926	-0.0090971410858	2.90863926211	
7.02657559514	4.47780457357	5.72472878709	9.0	0.914507414247	5.35822766269	6.00445059404	9.0	8.99797086647	1.88173174289	5.71216537916	4.52491529921	2.5902112103	1.3648558682	0.428190265954	8.97969137002	
5.63640097268	8.52302331138	7.02942036757	4.98683146678	0.621475119224	5.60413716713	0.697008677977	1.6203390531	7.70543681831	6.2619360537	8.61435248698	3.28598365587	2.94559657221	8.82544111505	8.52595010221	4.49511248655	
-1.96113668976	4.53977003613	7.61922626638	1.98302446005	5.36200497832	8.77814527866	5.24168425699	2.47752697772	3.16549575365	3.30201440331	7.15608334908	5.41523359703	1.76584537537	4.42602102477	9.0	-6.0	
1.72927457146	4.71574372409	6.52417041798	4.40280208952	-1.79264779515	5.61424641344	8.85455261028	9.0	9.0	7.59293012212	8.99940271523	1.87106405706	-5.02637448746	2.81899403958	6.49465228836	8.46982741227	
1.94732141103	4.86112201094	6.40575675594	4.31771729514	2.19622286772	5.34967852126	7.82666900508	8.78857864286	9.0	8.73874525635	6.4348148659	1.61135591369	3.3629617028	8.9132526322	-2.10001040888	-3.57033790826	
-1.96589511847	4.52552962043	8.88671045101	3.25730609117	1.37256631607	5.77976014728	2.40293958638	2.90361030333	4.25383795246	2.68731657558	9.0	4.68029977922	8.0054982668	-2.00628704253	2.50686424602	4.45147205674	
6.36116570228	5.23020603375	5.49736330934	7.49431836416	-2.19751520691	5.60547574112	5.4140195926	8.9997175728	7.74852709571	2.20343551541	9.0	2.17242135408	-1.77052181107	-5.8002512917	3.84610478478	2.84725264948	
6.61072749762	7.78707463282	8.99967827655	8.74404536057	0.906673827031	5.81219553701	4.84774867103	3.27299410721	5.62644240882	1.71694112387	9.0	8.52246790603	-0.900667911662	-6.0	-5.98820952616	-4.40793524458	
4.84016745639	9.0	7.02841016083	3.66127857923	7.06674516036	9.0	8.07610514431	5.1671288679	-0.879052402432	3.68934612485	9.0	4.50078937814	9.0	4.12473984114	1.78271399747	-4.48009412752	
2.35371427514	9.0	8.95202842057	3.17123615163	1.81902480636	6.0376947349	9.0	6.86727495856	3.56757307804	2.13914205638	8.99999277055	7.36420101292	6.60697337893	9.0	0.398984382347	-1.83438615347	
4.71286742908	9.0	8.96646944382	5.50952337197	9.0	5.93718409387	9.0	8.99968734352	-0.231230716955	8.99458439058	9.0	1.88893560226	9.0	8.99274393344	-0.60705649692	1.61138588878	
-2.8113247493	4.55762016135	9.0	2.50590852473	9.0	6.37505532705	3.50535977616	1.71727043867	3.00276949006	8.9988607268	7.19980624879	4.61282166249	8.358280305	-0.250774581168	7.87017966231	7.99966166377	
6.06906093272	9.0	9.0	6.92996062049	-1.37272205298	5.61139519916	8.43743942392	2.84764318182	9.0	7.53924806592	8.14606676713	7.23090447281	8.98177481953	-6.0	-5.97548053211	4.75298816799	
1.16691680411	4.55028472844	8.99998891539	6.48172751833	2.86038798026	5.61834113467	1.6073817198	3.04586275321	5.43698813345	7.60698125951	9.0	1.65119355494	0.689793674525	1.20486633287	-0.303000452454	-0.102508001927	
3.33603400125	5.50808885444	8.94953986729	7.64023646065	-0.0269589745196	5.68201220769	-0.867738348653	2.45425820294	7.72193081916	2.06869185124	7.42465567291	3.06447189772	9.0	0.291796585309	-1.76509335776	8.72323545413	
1.21680497598	4.55355651472	8.25605494362	5.78225736057	1.71680542561	5.95090887657	0.33577791814	2.75080671752	4.93203809889	1.709960949	8.9682268819	4.55997138852	4.83484397984	5.84083717646	2.67784797253	2.7955848773	
-0.594900766481	4.54699065465	8.19637786759	3.91044440198	5.06863258646	5.96323582947	-0.000791244363932	1.60580537991	7.73560172069	8.70429515072	8.99971110304	4.55889508502	7.88325261935	-4.14183065108	2.50936190259	-5.72011807896	
0.284999910376	4.55111423734	6.07014048242	2.67196323652	7.86160853495	8.89532867989	9.0	8.9983621112	-0.413903323506	4.59713370841	9.0	1.96561326734	3.54479473545	-0.213724828909	9.0	-3.43082459873	
-3.65555736848	4.51860973891	8.99999999264	1.62558372059	9.0	8.79831962219	9.0	4.47507997586	3.11361360452	7.14303479134	9.0	8.84302414441	-5.98694470273	-3.43944561151	8.81668293427	4.54165469226	
