-2.90650183438	0.844217350864	5.03135077487	1.78929989971	4.37697166542	2.89666629216	3.55771308765	-4.20425857638	-6.0	-0.624397956178	-1.6177519749	1.62267988899	-6.0	-4.27421479409	0.129351333904	1.86832188394	
6.14625580843	9.0	7.57061784445	5.53801595235	-4.4122948782	-0.00145294455298	8.99403957289	2.90750066249	4.18419200049	2.70799981548	-0.265025862719	2.02646851441	-2.86109876166	-1.14935540989	0.683184480418	2.27964963259	
-5.11315320981	8.5005642721	6.74862383669	-6.0	-3.95175647029	5.89296678909	6.94046538403	-4.50043771444	-4.75897760415	-6.0	-0.873226532629	0.980942143127	1.46345425457	3.18487214601	-5.80488590544	-4.08363427974	
-3.94888436095	-1.48363641192	-0.21450809962	-1.82864190102	-6.0	-1.97041807956	-5.44709327128	9.0	9.0	-6.0	5.67831216651	1.24552309046	-6.0	-4.28077250831	-0.849353485186	0.871917281749	
-5.77242365877	-4.90738365973	-6.0	-6.0	-4.51002220821	6.2008136546	3.10842888668	6.87815250352	5.06440312577	-6.0	1.43052446456	-2.96865185235	0.273424671635	1.99680066351	7.27852583183	9.0	
0.80903572176	-2.63953579827	-2.68502645189	1.66186591517	5.14360916971	9.0	2.00669017976	8.99199783811	7.27833247246	0.0319348402795	9.0	4.56528697136	7.33590376655	9.0	-6.0	-4.24071565242	
-5.98034588154	-4.99615971978	-2.73611854253	-2.85517555646	-6.0	8.61253579822	9.0	-1.50158548377	-0.931402727777	-5.98796674183	8.83714540861	8.79952643174	2.99555331398	4.71689856909	7.27479965975	8.99596758513	
-0.316069628972	2.60389548004	5.88672868836	3.83300683843	-2.86581484945	8.73011569904	8.73590776243	-3.09166346689	-1.38828470369	-4.96885228177	1.51578538305	4.34318709497	0.137047666478	1.85949540253	1.50318114157	3.22554292989	
9.0	-0.965174581488	-1.83036205479	9.0	9.0	9.0	-6.0	9.0	8.12942446492	5.33615206225	9.0	-4.19025493755	-5.93452202893	-4.21336412609	-2.57071037414	-0.848994948557	
4.46828882749	7.39316415762	1.94177658532	-0.117927793307	-1.60050705004	2.44598607525	3.25073725942	3.33805215062	3.22814506592	-2.31003854316	8.57917380065	9.0	0.692918975243	2.41623346727	-0.957749795352	0.763292082247	
1.14650055657	3.45587053477	3.90038658611	2.45349600424	0.226034402657	-1.94645950251	-0.625197490202	4.62728656177	-0.689244056247	1.53529302554	0.284745948287	-5.99934942906	-0.421127426414	1.29869377687	-5.24924429154	-3.53639950804	
-2.47896568977	1.05707442014	8.99999950673	6.20919071279	-2.01774601219	1.79911638121	6.63352167426	2.21283486489	9.0	8.98829223599	2.49528808932	2.35047637999	-4.45811182977	-2.6719246231	-6.0	-4.26189677894	
-0.844577342441	2.90988550899	2.71630425334	-0.529069129692	-3.22242808939	-4.01714772136	2.61304770481	-6.0	-5.94702006351	2.61421792025	0.341410169228	0.560842058929	-4.72489861756	-3.00295991156	-2.13057493574	-0.391918877654	
-0.661810880625	3.09215217029	0.423171811865	-2.82188538821	8.93819079285	9.0	4.21169977576	-2.23644010482	-6.0	9.0	9.0	-0.240772912743	7.27882977408	9.0	7.26158271238	9.0	
4.22925279737	8.34316665756	-2.50704232405	-6.0	1.13770814582	-2.27552694262	8.91977136823	-5.36837590107	-6.0	1.29934294192	-2.03323876467	7.70678127791	7.23938874034	9.0	-0.545253279185	1.20484514839	
1.513724865	-2.72670353698	-1.7025485793	3.57543250406	-6.0	-1.31373550468	-0.0704402715017	5.15503017212	4.27645046958	-4.65616980754	1.79333688959	-0.40169076266	1.62090132866	3.45652155453	7.39834433039	9.0	
2.86847967738	6.62227208912	-1.04893139072	-4.29386466294	-2.8992255088	9.0	8.58466842522	-6.0	2.33002272855	9.0	7.48522005692	2.87373824463	-6.0	-4.27875426798	-2.94654683247	-1.20804310195	
-0.608261713709	4.59493035525	8.99555641367	4.65703079977	4.74603724375	8.54582964243	-0.7062446705	9.0	4.06836801979	-6.0	-1.56197570806	-5.98213659297	-1.24671930176	0.47454849087	7.27823340797	9.0	
-5.8915618765	-2.95728100049	-2.3543682816	-4.4333679582	-2.73293707706	5.46873979979	7.21427620313	-5.61159579848	6.56287382634	4.99443435755	-1.49264681354	3.72623266319	2.37106548359	4.09559537556	0.887651721969	2.61076974101	
-6.0	8.72929596793	9.0	-4.86418399604	-6.0	-0.378866535657	4.30453968101	-6.0	-5.53630048228	9.0	4.83603704597	-6.0	3.50047741166	5.22172493489	-3.5266024266	-1.80535297374	
-2.65686020442	0.391697443785	9.0	6.82077235741	-4.86624396057	1.44931121896	4.32485241109	7.89480588133	3.95082042908	-2.51786145722	7.65020906018	3.24512294025	-6.0	-4.26843625867	-6.0	-4.28086493889	
-6.0	4.52431824296	8.99117452081	-0.669652325182	5.25610593264	-6.0	2.93907282141	-6.0	-6.0	9.0	-5.32446232174	-1.10929344315	4.85013527174	6.57130501642	2.65716423481	4.37892776231	
-3.0158532069	8.96757864875	6.04184226443	-5.07623698174	-3.53847946015	0.130339154251	8.99974765323	7.26988762017	3.22036134026	3.33239331012	0.478168895561	-2.55481813428	4.31532784554	6.03680927899	-2.74384359679	-1.0217860158	
-3.38426869265	5.73728071821	7.42337802404	-0.833052852479	-5.99085628727	-0.989296627437	-0.361394010969	1.56934531929	5.05461586324	0.800478620803	4.16693014978	0.506050825176	-2.41344367679	-0.692013792797	1.59202070015	3.31377091476	
5.3990347129	9.0	8.97871252948	5.89676418896	-5.9235468004	2.99992304948	7.37314311676	-1.57762090681	-6.0	-6.0	-2.04839082684	-2.65523317456	2.85986198528	4.58753010854	1.69524623353	3.43462791581	
-2.39471697299	-2.95438937993	-0.0997786487148	1.34400531359	-5.93878375047	-2.15064283482	-5.79605760712	-1.59186182958	9.0	4.70539049336	-1.35978651416	-5.95976220719	4.90702687559	6.57111404291	0.516043580065	2.32948580263	
2.81716895433	-1.40346523553	2.01391452122	7.09868122299	-3.07708957906	7.68763831554	-0.987611879364	1.37973227297	5.561126673	-6.0	1.70237802356	-0.852930380798	-3.59409657222	-1.86993306262	0.854950512014	2.57617129416	
-6.0	-5.09378783934	1.52510548292	1.48400976324	-1.6461693311	9.0	-6.0	5.68313963589	5.82119940849	-3.67321787773	7.81804888705	-6.0	6.96345621369	8.68465493502	3.53783533911	5.25909932007	
0.664546394438	-3.37686540634	-2.20989444954	2.69720427537	-3.00323453597	8.42946890921	-6.0	2.84996729061	0.265815549437	-6.0	9.0	-6.0	2.3215114295	4.04318792689	7.27965038293	9.0	
0.335800968751	3.37718998832	1.14515027152	-0.995375210004	5.30085959704	8.82713210049	-2.4285910281	-2.03727665541	1.71561918257	1.17908936602	5.37026182011	1.02398547791	2.35825905064	4.11037883346	-5.57774676168	-3.82199003728	
0.571991008801	8.72522393371	2.22807054487	-5.05968516631	-1.20165545311	2.81857914698	1.23509136838	2.3379604623	3.20582263961	1.99600135471	3.10840571414	-1.78854359782	0.821255112051	2.54439280364	1.51928306291	3.24061337174	
-3.25709766864	-4.71883177629	5.05857912801	7.38877435618	5.04336794465	9.0	-6.0	8.47264947599	9.0	-6.0	-1.58115546186	-6.0	7.2730566467	8.99975720231	-6.0	-4.27916810369	
4.32221352135	8.74949822456	3.66114551766	0.0972762426861	2.24161032813	6.28857052009	1.2643631623	3.26691456539	-1.06739564353	-6.0	9.0	6.90162272333	1.37563718915	3.09696604168	-2.16802157075	-0.447494504619	
9.0	9.0	8.3137829122	9.0	0.232106283481	-0.732365021953	-6.0	9.0	9.0	-0.843036530705	-1.18142190798	-5.99952158217	7.27583918862	9.0	7.27890675011	9.0	
-6.0	-2.25996877691	1.031460392	-2.20795023885	1.63077541173	-6.0	-0.403808606497	-5.97721981579	-5.72228692661	9.0	-2.34030704369	-4.4700879598	-0.427270900298	1.29432697657	7.07857281524	8.81999559617	
-1.70330394666	1.56297595917	3.53904812447	1.11516568344	4.46479678173	2.20549330129	0.0550774063003	0.291822037956	-0.0431283316453	5.43902826539	2.75975232524	-1.66018645564	2.17437599222	3.94081121629	5.10970908277	6.88795265284	
4.23413782745	8.97548647447	1.49646259891	-2.37995641599	-1.53412509294	2.51403928655	-1.8897859106	1.82726095217	1.15897904993	-3.35425852944	8.48523207057	4.24854165596	7.27476653679	8.9975683969	-0.278202000394	1.44366596887	
-5.30250804344	-1.68767264552	-0.0905350208841	-2.92333251243	-3.24286682574	-0.642030048634	1.39963959946	-4.73810104602	3.3745786789	4.54598133482	3.59264437272	5.11668107534	3.51830185559	5.37312272325	6.40304872321	8.13771896005	
-6.0	1.30776972969	0.442467286258	-6.0	-6.0	-1.95425469388	-6.0	-2.87738264757	-2.26758013807	-6.0	9.0	4.58064511551	3.45479441966	5.17585925207	6.79886191153	8.52015665671	
-4.75186108519	9.0	9.0	-3.88782669607	-3.06965264913	0.880831816256	7.02652771116	2.11295635309	2.78699823329	2.26589596894	8.33578202496	8.83864864681	-5.75105944677	-4.02963015694	-2.1205682182	-0.399008071297	
5.461022898	8.92317629316	3.07683045943	-0.0150581777494	-6.0	-2.28084177555	8.9986661081	9.0	-6.0	-5.97718289909	-1.92237279596	-6.0	7.27519568644	9.0	-5.88367910361	-4.14239738995	
1.44530343634	8.92559534691	0.586400338118	-6.0	-2.77553768258	1.11982449383	8.97049738444	8.98648274164	0.231301773844	-0.050041894805	1.43512388419	-3.22935621434	0.735738193874	2.47243034471	6.77077812469	8.49116006596	
-2.23526606486	2.04972481388	-1.54570063866	-4.96726266471	3.70161631801	7.74904819552	1.68444974952	4.53517230941	0.890281914857	-2.58952727044	2.53461334831	-1.86586695619	5.22453140647	6.94999594707	7.27172652551	8.9920800747	
2.21689527141	5.9872601954	-2.69349394882	-5.96327227176	2.31793792722	4.54130040552	4.93975572379	-5.37414629716	-0.901926077023	8.55305224423	-2.74244089444	-4.71807258247	-2.55655917234	-0.820618681807	3.18139361468	4.9237430059	
-3.07789874114	0.286346523057	5.18730595495	2.79405668879	4.28662870061	1.48557685619	-0.194397113746	-1.86541272469	2.43571433035	8.58351431968	2.15211904924	-0.683017287227	-0.223828254288	1.56580491323	-2.84061927506	-1.14707230986	
3.64325416769	9.0	8.67847155216	4.59578259556	0.371204451187	-2.86565561738	-0.84840619069	-6.0	-4.9606431468	1.8434815991	-1.88543755937	-1.72455861004	2.72065140947	4.49478681537	-0.504623926313	1.58612744364	
-0.236732415774	-3.22449788476	0.132956003608	4.06137738715	0.52064840178	4.51004253757	2.19823013214	8.31812184582	1.03862149556	-5.9816275059	2.32433793543	-1.8721690418	1.88596575207	3.48539447438	1.43063312714	3.00983735197	
4.38793130627	7.15229098788	4.13458419708	2.19959566945	-6.0	-1.3310895724	3.96695753514	-5.18924694637	5.94820122175	4.25808402346	-0.178252342543	5.19548283213	-4.01705894657	-2.29459320693	-1.04983670054	0.765131118649	
-3.51782035924	0.166687486539	9.0	6.13737310259	3.87981483557	1.05682934138	9.0	2.81031838225	-0.312050613727	6.31997159649	1.82129461971	3.34365809878	-5.94457357367	-4.16602203402	6.59762961647	8.47226433911	
1.50820942878	4.4262874158	4.74319155036	2.6908462672	-6.0	8.45835120445	7.45378070153	-2.23268972211	5.30013449047	3.82054717482	5.12917920553	0.853697241608	-1.06135183484	0.659046770724	2.70962952927	4.43096756827	
-1.06193135033	3.80364419428	-1.994087455	-6.0	-5.73975977048	-1.70040261192	-5.4054558067	9.0	9.0	-5.99070734425	7.80389112945	3.37788363452	2.13980002265	3.86087970598	7.15625169409	8.87856751096	
-1.86886365898	1.05206759828	7.24489170787	5.18849511498	-3.70909927156	6.38388633236	-2.48737796662	-4.9077011854	6.26136778925	0.774710309407	4.67632371054	1.50797924953	-4.73492093141	-3.01366385539	0.760999468812	2.48234726696	
2.94983173837	7.38128829702	-2.29950353465	-6.0	8.75171790629	9.0	3.18836448255	-1.38476235169	-6.0	-2.35811267251	-1.60321848885	-1.77850202397	0.650133154506	2.39068347157	-1.23043241351	0.503093277986	
5.63817632955	9.0	1.06482928358	-1.89940911457	-6.0	-2.09579105512	1.38341251028	-6.0	8.98145848465	9.0	5.91455777774	9.0	6.64932045188	8.43486185473	5.95921177448	7.64130576083	
-5.91907124873	-2.16030780918	5.16474147956	1.91742598939	-2.19272161093	-6.0	9.0	-4.31950248062	-5.94567170083	8.99397036061	1.72688847068	3.28320185868	-6.0	-4.27879080607	2.18585554838	3.92608296396	
-4.08513676088	-3.27198732459	-5.9590007472	-5.91216006954	-0.123402633237	3.23855954991	-2.24649830419	3.17620087353	1.27598080567	1.60077225693	4.52748038051	-5.56140902851	6.11349777155	7.84117535115	-2.07006337733	-0.344885618034	
-1.53434926249	8.9955056761	4.35471274417	-5.30988520206	3.39498456207	7.44030376102	-2.68661754888	9.0	6.59440740585	-5.70049481258	9.0	4.57963313458	1.95753178832	3.67881559759	-6.0	-4.27896176004	
4.78098350809	8.46167361105	-2.72125836828	-6.0	-1.14000054673	1.70483673133	-6.0	-6.0	-6.0	-4.96769376179	6.74706079663	2.49515632598	-5.76859562304	-4.03145050659	7.25400858532	8.99155733695	
4.57974318778	8.99247056893	-2.28479715702	-6.0	-5.01006442504	-1.32984218143	-1.59067709682	-6.0	-6.0	-6.0	9.0	9.0	7.27458620922	9.0	7.26614194308	9.0	
5.01980074015	-0.475980515958	-2.45748489461	3.90414505528	-6.0	9.0	1.4757700683	4.72530258086	8.96828394595	-5.98588502416	-1.60247292332	-5.88248625484	-5.27128690785	-3.54835615384	-6.0	-4.27802874325	
6.24930362012	-0.860496393584	0.072653668708	8.04668537368	8.99631734508	7.06950847585	-6.0	8.64720289863	3.11938741045	2.1126982705	8.91731977582	-3.77803123553	1.80227117269	3.53142600165	2.36250403049	4.08416079496	
-0.671156431281	9.0	5.99321350288	-2.81271493137	-5.99989094424	3.17139376474	0.322367980289	8.91210718623	9.0	-5.32445536028	9.0	4.58001699319	3.83744486548	5.5587677304	-6.0	-4.27955018996	
-5.19306149902	-2.28239858071	-0.796411452747	-2.83740694603	-2.08053397939	5.9572245766	6.67779594774	1.29231893364	4.94954019838	6.50529477204	-0.806795830595	-6.0	-0.497700761219	1.22627655756	3.7410534098	5.46080824848	
-2.4186507488	0.922837253987	3.29720977674	0.781745103007	-1.20130064419	1.80464966803	-2.26941239682	-2.40165679412	-0.708940048833	-0.0859617807749	8.25992269834	3.91631159354	-3.3361513378	-1.44610611875	-1.82370416939	-0.126811427535	
3.7787107139	4.6470941721	9.0	9.0	-4.48201819878	2.98699530834	-0.0839646279484	1.06176049677	8.81746337484	-0.757497287157	9.0	8.97458132206	-4.42596355011	-2.69740231001	-1.76913348634	-0.0497411578906	
0.973691034771	3.89265544758	1.55235537842	-0.500979181804	-3.11515947927	7.37399556819	7.54803981379	-0.369352050759	0.493383700274	-1.01794766186	1.27074326225	-0.773255106071	-0.653257622644	1.07003303592	-3.72045536446	-1.99946519577	
-6.0	-3.08363639561	9.0	6.95147694424	1.24366116969	3.12943678899	3.54623837368	-0.72248827497	-2.16458414096	3.59588762569	-1.60874815654	-5.97205826213	4.2662265547	5.99156991651	3.27013560244	4.98952002221	
5.11204184688	8.77160006717	9.0	6.2056198758	1.29447058225	7.23282271441	-4.61474524887	8.94289693677	7.91731020719	1.62408116574	9.0	-5.18600573999	0.431343947534	2.15258535069	1.87052788525	3.59178230227	
4.59313361995	9.0	4.14308158709	0.602371400514	-2.59777478257	-0.595875827392	-2.63055685097	3.97118024906	-2.2287955518	0.0625231714399	7.23741124686	-4.64174721589	1.41923883049	3.13963887722	1.3471171184	3.06839372497	
-5.91177744205	-1.36915254692	0.879731667763	-2.7977287449	9.0	-0.0147465491151	2.64043010535	8.38394476621	-4.66064823449	9.0	7.10380796719	-4.26868384914	0.369667239618	2.0986730319	-5.96518710584	-4.24460189545	
-6.0	-2.19502489954	2.71208318539	-0.228158429039	4.11794988677	8.06338489453	3.35602579448	7.71499379782	9.0	4.13726339503	0.704634606528	-3.71973023016	5.40406998568	7.13289233603	-5.2118430557	-3.49067550523	
-1.92243004708	2.30596175188	-2.63786843435	-6.0	9.0	9.0	3.01405925967	7.39975677397	-6.0	-1.95155835574	3.41989381018	-6.0	-5.09936238533	-3.37690270856	5.5986880747	7.31935077639	
5.38576641525	-3.07230327143	-4.55402479374	4.76919237404	8.90163062944	7.85520384248	-6.0	7.49476752302	6.31477872402	7.82757936153	8.94435688642	-6.0	7.2662822291	8.98756981735	7.16891135811	8.8901491557	
1.15623442144	4.51868174093	7.54508135441	4.95111453801	-6.0	-2.0656166937	9.0	-6.0	4.35773014984	3.76687952878	-1.58645749514	9.0	-5.2739682368	-3.54504707294	7.2698034853	9.0	
-1.55674940617	1.97372305697	-2.17316979853	-5.14553906394	4.60712478795	3.24765051661	-5.99999998777	-6.0	-6.0	-1.01074758797	-1.68170971875	-6.0	5.92495581577	7.64900765687	3.31128559368	5.05338371015	
-3.53306721003	2.15955823874	-1.18556106163	-6.0	5.20008457779	8.99926964282	0.303321839678	1.4720110267	8.96171933387	8.63969594953	-0.329806733171	-6.0	-6.0	-4.2606936235	0.902559269841	2.60531790144	
-5.63262018815	9.0	9.0	-4.76743239053	-5.03624019191	-0.991108657903	-6.0	1.62770671068	2.23475768247	-6.0	-1.58020066576	-6.0	-6.0	-4.27798541209	6.47014855106	8.19196726035	
-5.99120818842	-2.98317839856	5.52984311653	3.16675483482	-5.93530147282	-1.75247721822	8.96392252914	9.0	-5.09470929376	-6.0	9.0	4.91629287591	6.90588728812	8.61574977867	2.07386410271	3.89623892981	
6.47842272204	-0.878003298386	-1.91862151003	6.28158650134	1.39903122536	5.51315163049	-6.0	4.54994194463	5.67201637109	-5.80870502126	8.3462796241	4.083017717	-0.657664327963	1.06442292442	-5.6396962506	-3.93051879829	
1.54864440646	5.29404800581	-2.76150924177	-5.99914339681	-5.8548909517	-3.40973338259	5.47079479855	-3.79983177527	1.48035893357	2.9252365939	-2.93741239476	1.81162880806	1.66502207029	3.39306123296	3.14708145699	4.87881250455	
-0.688659504795	9.0	9.0	0.176539808948	-5.35031501388	8.60065279831	7.96592417012	-5.94535658661	6.99798244079	-1.28826493411	-0.919967823021	6.34332245871	-0.654600650004	1.06659605429	7.27861176111	9.0	
0.299373395778	-2.39271073447	-2.47952770782	1.12123106548	1.32100991449	1.29357636148	2.59088439348	8.89233224226	3.20540798039	0.295420589375	-1.48606105428	-6.0	2.02712987701	3.75367743193	0.722912339586	2.5229978251	
4.59060747083	9.0	5.78956640156	2.24558794791	-5.60247656216	-1.95380355609	-4.96996047294	-0.249476914501	-2.36700871639	0.19126781618	5.91088178596	-6.0	-6.0	-4.27887777644	-1.14502835605	0.57624080744	
-5.98713596722	9.0	8.17417141739	-6.0	3.66843272024	7.46013340787	8.9928492421	-1.02801349858	9.0	8.79049663885	0.790610331151	6.34193099599	-3.48891417102	-1.76545099369	-6.0	-4.27880799176	
-4.5108813111	-3.04315111114	4.61775545848	4.01459199724	6.17977895614	8.79929615263	1.64572705227	8.64701349847	1.56385938489	-4.61285190501	-1.51356346251	-5.93951097184	5.41222696344	7.14253691596	2.08974899184	3.81123874969	
-0.351863415413	2.5679131674	6.5861160454	4.53175075219	3.99784439105	8.66594829089	-0.171862832782	-4.92561177317	3.39152927351	6.48603170493	5.59001595274	1.59799667243	-1.31143945625	0.41186129909	2.20749278077	3.92887367161	
-6.0	2.70526346072	8.59262085879	0.740349959827	9.0	4.22333306284	7.83812491327	-0.132222798878	0.756890821936	9.0	5.45902935638	8.99772880693	-6.0	-4.27642876762	-2.16029678737	-0.439877183293	
3.77425975403	5.38537646492	0.470445742416	-0.275389578364	-2.6290347389	9.0	-2.87632467638	1.03101860533	7.92780796285	-4.38515533566	3.7116233627	-0.494965598167	0.277060864865	2.00063263291	-0.66202803514	1.05931390078	
-6.0	-1.76061765436	-0.397630615629	-3.86687004095	2.32184201082	-0.841281495945	-0.383296499405	-4.42106863186	-5.99027284756	9.0	8.27559388965	-0.388206767528	-1.81890224403	-0.0987639328757	-6.0	-4.27568087909	
0.950059006293	8.86570044408	9.0	1.9494151071	-6.0	-1.72396263998	-4.92913990277	-0.93552664695	2.50459762586	-2.5351959597	-1.55626716009	-5.7692519638	-6.0	-4.27868698532	-0.133503011152	1.58776132951	
8.06224443887	5.11123966032	-2.32139235944	1.49504712872	-3.53381067837	5.41695027771	-5.86634667611	-2.0224660335	3.39018255872	-5.99343063359	3.77021908455	-0.625020557909	1.18307734841	2.90586337109	-0.582783587053	1.13848311924	
4.43148389964	8.99996578827	8.99669413202	5.50389021739	-1.76205404284	9.0	9.0	-6.0	2.75593266165	4.6916776283	0.972849024558	2.1190653821	2.16676151815	3.97658665844	1.28564497419	3.0431716315	
-6.0	-2.24636260498	6.23376680353	2.98896767165	-6.0	-1.71239987996	4.7031765032	-5.15469966486	-2.60880403764	6.74125328	-1.59331441973	-6.0	1.16678640421	2.88803635527	-2.35374361422	-0.615439542978	
1.97609344931	5.73117964991	3.0310059689	-0.208871197311	-5.98657199949	5.36771349174	6.9421719041	5.5296386937	2.771320188	6.38370586348	8.19618203098	-5.99592105654	-0.586975182129	1.13579826698	1.3960528912	3.15383505216	
4.3025525911	5.76177517913	-5.4058154183	-6.0	4.62613415494	8.67193211442	-4.25339977418	9.0	5.5294003766	0.540540382956	7.29343336005	-6.0	3.22980975581	4.95122203505	-5.47155653515	-3.75035198413	
-2.81088396938	0.931521020213	6.02350585764	2.78612830791	0.336191920851	-4.46071035741	8.90797709477	-1.58380500084	-5.54084894147	3.1519530124	-3.98184642359	1.99034179616	2.87106480044	4.59759765453	-1.98008079253	-0.242624430155	
-5.47133657036	-2.55418599479	6.64956943408	4.59838506335	-3.63681740163	9.0	8.4472601677	-2.83187370809	3.91977465975	4.28226570252	-1.09234986034	-3.79569745667	-1.53581358116	0.188075796245	0.279250337992	1.99953607011	
-5.35505530295	3.5364428404	6.83505453467	-1.19137969992	1.51604058236	2.23374071259	-6.0	-3.28154999345	9.0	9.0	-0.0747115878384	-4.49385229407	2.64565141306	4.36670142435	5.05849388112	6.77979976371	
-5.96212531673	1.29492664563	6.93852689771	0.551959498717	0.273458754771	4.24176176578	0.626640411439	1.97017684173	0.640141408597	-1.2684149152	9.0	4.60591846525	-1.06390141643	0.663404000217	1.55520372525	3.27317015661	
4.7797181067	7.70249343191	4.79435950475	2.73914228887	-6.0	6.09913283205	2.11194767309	-5.89135373378	7.48209094087	6.00964060383	8.29399684813	4.68424861572	7.02853322584	8.75253134484	-5.85108958359	-4.13494257128	
