3.71552952351	4.62768622932	9.0	9.0	-1.4549266109	5.47857796068	0.962025943499	3.98993391246	6.60905993177	3.0530182479	8.99861781468	1.58163023938	-4.9389426877	-3.2178927054	2.95066004405	4.66446559377	
2.06701828802	4.708749646	5.65326480699	3.73289140675	5.16843032042	9.0	7.87638182786	8.86981510201	2.77624333802	1.66035468415	8.99328469567	4.53573237781	-6.0	-4.3240222318	-2.37733047337	-0.589378724133	
2.63898436035	4.70913838547	8.03363587904	6.84461095048	-1.7297108194	5.58679551245	2.39536624824	3.79791304916	9.0	6.62404812009	9.0	1.6477292096	-0.78426103162	0.940383731715	-1.78431249663	-0.0607417129303	
3.16241331607	6.13174422771	6.01799097021	3.96589449302	2.7485628201	5.95703007606	1.47507886029	1.72816108143	4.72955100166	4.40685676843	9.0	4.70163558217	6.71567379681	8.49893787944	-3.48259400635	-1.76180779438	
-1.86114419426	4.51873786496	7.97188346855	2.45009614208	6.04314740532	9.0	1.87304369128	1.72768501098	2.94143413501	3.21435030466	8.92650527267	4.87919545378	-0.352771509131	1.37619057159	-3.89589498157	-2.1764175216	
6.06145002213	9.0	7.56030671424	5.49274700495	2.86807228731	8.99959525005	8.12736044078	1.67101570682	7.06061756023	5.57786186926	8.19299763921	9.0	-1.43448398901	0.294342333718	-2.82077631795	-1.10188696179	
6.69043948422	8.20038064655	7.08512860454	6.44078417444	2.3986557498	8.85967503856	6.0030433265	3.05053603014	5.38752247901	1.67149508687	9.0	8.21116293048	5.45276025306	7.18912724747	7.07087679413	8.79061522082	
4.70060885811	7.59259496366	5.81900958261	3.79527211296	3.23003724701	5.86413235256	1.5783275016	1.98379347013	7.95120711697	8.193175722	6.51931721329	2.16466117832	-4.55170006689	-2.83568765921	2.01358857097	3.74107124702	
1.30750263327	4.71603425724	5.46860377332	2.77390912937	1.92338103236	5.75940143531	3.92835326205	3.90878415466	2.06692804001	1.72569562647	8.29578550947	4.08134941929	2.26246970178	3.97607582813	4.66802398479	6.48952414205	
0.682686138368	4.56650457859	6.60852259953	3.58954903376	-1.1913125716	5.56972890344	8.91532419849	5.07470227059	9.0	8.62826240974	8.99268470345	5.46810282565	-2.39718757946	-0.668824898102	3.18736829308	4.90441235659	
6.7468155361	8.09370929369	9.0	8.51513285752	1.59608822195	6.09163650232	2.41896101728	3.37811085468	4.78411105609	1.67977127231	9.0	5.53975212265	4.91975163902	6.6143241273	6.50239131374	8.20184871626	
1.64725441373	4.41145924316	5.40400988414	3.46242647788	5.01082187643	9.0	1.80420070879	2.37903900842	2.6533306261	1.61125445279	9.0	4.52067512985	-0.348267335121	1.4914166052	1.6838133674	3.50529810603	
6.82762740845	9.0	8.84192635236	7.52413000902	-6.0	5.4034399727	9.0	2.50616321488	8.1223650691	2.31179505018	9.0	9.0	7.2831312432	9.0	7.27923455769	9.0	
4.83331356093	7.44197423705	8.98345120259	7.22835122521	2.8496275082	8.9958373731	8.95086731214	8.99115723403	5.53142875111	3.71079063339	7.23471793978	1.89331994666	2.00629825576	3.73361059232	2.6232017195	4.34229630813	
-3.59419359863	4.38543491265	9.0	1.77476061182	7.27192775068	6.26539859438	2.89276492307	1.95000872962	1.92226402137	6.7658272097	7.70918764885	4.08746983621	-0.603284699747	1.14357923424	-4.87130168647	-3.16814701732	
5.06803645014	7.31901369127	5.42200651924	3.89327605988	1.26097320738	5.93666453381	3.49014332534	2.3077711124	8.5983039704	6.49712701887	8.9987229545	6.73464783101	7.13935812479	8.99999295017	6.85382899127	8.485177625	
3.33430131171	4.81905691113	4.8649358801	4.10934226967	7.14901286322	9.0	4.63835866961	6.63202329483	8.88064320572	8.75983170778	6.42109753244	1.77104777888	-6.0	-4.27206844487	0.43969329078	2.0946273738	
6.53563757185	8.90399065561	5.49677051343	3.95259697214	-1.04473737776	5.58997500326	8.90144183287	9.0	4.62268250427	2.69828791888	7.87549474713	2.10940150034	4.67121947653	6.4241421926	3.56811123782	5.29188629044	
1.94367873031	4.66436202458	6.35716471577	4.59909029652	1.58565252017	6.16213390798	9.0	7.16660402734	3.70329960688	1.75782382179	9.0	7.01156558037	-5.45438794784	-3.69726459187	-0.634166018673	1.12396706465	
-2.03729800789	4.50984975936	8.58135885182	2.89759433026	8.79361863662	8.8198745602	0.964719964333	1.65912265853	3.84830367604	6.52379692425	7.18101339729	2.82677916738	-2.13770246509	-0.402769637613	3.6108260324	5.33868372505	
5.93267634042	9.0	6.08653444027	3.81532254948	1.22746145173	5.6120673702	2.57814601813	1.63277430096	4.08350483343	2.92997850277	8.99826705569	5.88097511982	2.02164879445	3.78065940351	7.20806092622	8.97614086904	
-3.26214867408	4.53169479016	8.95920861399	1.99298365515	9.0	8.30699516097	4.56570107685	1.85415866945	4.75306149368	9.0	9.0	7.24925225116	7.26270713392	9.0	6.38348041226	8.11171223046	
1.05797691022	4.34743483641	5.82268564733	3.36813231178	5.11772768232	9.0	5.76384313104	5.08683695281	2.02525811532	1.69718120661	9.0	5.35512937253	-0.446619730767	1.30753941212	-5.99866438157	-4.31365632407	
8.48292830246	8.38664062128	8.03760587516	9.0	-2.17328446472	5.58753321335	2.11939521289	5.25946144367	9.0	4.4893981583	9.0	1.62322597702	-5.97212074317	-4.24536231611	2.55157156342	4.27643075776	
1.15393438723	4.52275743472	4.75072594661	2.38248917301	6.65264975742	9.0	7.86133700146	5.10419169164	8.2506731521	9.0	5.93723286241	4.35431115576	-0.921901373224	0.758041311956	-4.69785956248	-3.00393343346	
1.48623437149	4.46883461837	4.64116214818	2.66777125594	6.15510536547	8.99980133632	7.98525602611	8.07077206433	9.0	9.0	5.95622610135	1.83434124495	-5.6584334501	-3.90819034263	-1.35727126639	0.298850871479	
0.391268562823	4.50450061102	5.72163552152	2.46729479216	-0.512005196207	5.53928956003	4.1760801586	2.57743620581	2.64121717599	2.69933129761	8.94221687287	3.46080391261	-0.0290372486837	1.69559696966	0.41432966057	2.13911184231	
-4.66914733948	3.81251795787	9.0	1.89303701307	3.2293584981	6.49968493981	0.436909676729	1.37625528585	1.14127210275	1.80313920834	8.95185684947	2.09966716806	-1.14552041298	0.688393171852	-4.17292556646	-2.35354112546	
3.39476707101	5.90054988353	6.06487184987	4.41381406836	-2.34825262426	5.55733623931	8.20593438815	4.49240137707	3.78868126626	1.89670302196	8.99978059455	5.73806311868	-6.0	-4.28271337025	7.27277583025	9.0	
-0.0267371632766	4.32937095216	8.99909060709	5.57615247336	-0.532078877587	5.39962888738	2.0990356924	1.67960413154	9.0	8.9700869065	9.0	2.52469828834	4.26651309192	6.04806592363	7.18478295347	9.0	
-3.19724191027	4.46539052292	8.9954233855	2.18260760238	7.73414015182	9.0	4.87687393745	1.90288404957	2.44498127602	4.69441431461	6.5675586323	5.08775993018	7.24065128205	9.0	0.0945691595856	1.8152572796	
6.19096743569	8.99999608369	8.21102747255	6.28800874805	-1.92089317392	5.52649892698	8.60327299189	7.81291090089	8.57545165583	6.92527278429	8.44872205415	2.45467895821	-1.30101718946	0.416624293546	3.88185005276	5.58953194938	
2.89275039357	5.84984172851	7.48406966389	5.38487537269	8.82509693882	5.69142737499	1.20855405099	1.62139809537	2.91187172404	8.84387222773	9.0	4.81401640667	9.0	8.9987941025	0.136533934277	1.84659197712	
1.25016929641	4.76435397442	4.98327530537	2.17938424618	8.99995276679	6.13629693742	3.36898932487	2.87890946493	2.4621635466	8.90350654427	6.2116505051	2.34884832454	-6.0	-4.25461240437	0.269901023063	2.1816739037	
5.40525594982	6.85301797026	5.24466069063	4.65171325239	1.26140967449	5.60713765856	8.45520731429	3.82099200447	5.86720538436	2.97250793914	5.7003377002	7.92488192043	1.74165753906	3.38229074818	0.406706030516	2.01537555818	
-0.101848072401	4.4816051918	9.0	5.25714454337	8.96281678775	6.64040625726	4.88071460943	7.61516104084	4.94194004613	8.05565189058	6.03697550016	1.59478016414	0.939565347553	2.65908438788	4.32074478922	6.03481865849	
1.58077678998	4.40558269362	8.67051500775	6.70823500305	1.35517755772	5.29900005538	1.7320334253	2.12457919068	8.67989771112	7.6520566456	5.9591584384	1.73947288414	1.22128225207	2.92244946479	-0.621700435003	1.04557930372	
4.18250781572	6.43650456615	5.56530027974	4.19717743301	1.04609457509	5.4800752992	8.18480204139	2.33985945701	7.59335937776	5.2018019511	6.26510273275	9.0	2.50548318637	4.08869693842	-6.0	-4.17246819449	
2.25279603607	5.11611669154	5.88142317138	3.8817514463	-2.14556854276	5.5481198917	9.0	6.498067868	4.08646257773	2.54225324638	8.8762103919	4.26070836765	7.09482550267	8.81844158936	4.19818827223	5.91773735765	
1.62801528039	4.41269809325	5.12166484308	3.24518028361	4.97689613017	8.99926891047	6.47517690308	6.83123133084	2.99305897844	1.66366070942	7.21814160965	3.0707038035	7.29040661396	9.0	6.06028491189	7.79791522087	
8.99999244581	5.33441281318	4.829171061	8.92848092894	6.18228937524	8.99464570756	1.52983546098	9.0	8.94740331658	2.98291669143	6.36013539805	1.64671836579	-6.0	-4.26101431122	7.27103644669	8.99919280739	
8.08493068335	8.95409924236	9.0	8.99486571353	2.79502248143	5.58567335098	-0.336977834785	3.67060237711	9.0	8.59287759188	9.0	1.62648111662	6.84497280556	8.57825323405	3.61915464823	5.33901834681	
5.11892507485	9.0	7.57886707168	4.28088758997	5.98601371891	8.99650342721	9.0	9.0	1.88642996352	2.55873735465	6.24280660165	1.87806543622	4.54550587839	6.26450832375	-5.98375409927	-4.24498831723	
1.91664610959	4.49769644142	6.65199776382	4.99024770505	5.46091194831	5.50839965296	8.1936857768	9.0	3.79341798831	6.2562417643	5.82934364353	1.5787977032	-0.153690256223	1.54137010493	1.74239992529	3.51785734608	
-0.841542277032	4.50335057957	8.76365945158	4.28636693134	-0.182529055163	5.57352056623	9.0	6.07568942595	4.35188532696	1.9464797063	9.0	7.592627612	1.24875508977	2.97359647052	3.00023686399	4.71858608066	
9.0	4.82232873508	3.30780096215	8.36987120049	7.7849217182	9.0	-0.0429289634788	8.99998462688	8.99723381153	5.09790822031	9.0	1.62439643856	7.26438914444	9.0	-5.56034638386	-3.83814471061	
0.969596649547	4.48268719683	7.35602196596	4.61985011026	2.84776148972	6.00239845795	8.29239517535	4.34564134034	2.01802472484	2.29526684253	5.89979814091	5.5287675529	0.692213154788	2.33565731724	-5.89945658178	-4.15006446781	
0.634124342166	4.57250725842	9.0	5.92977363865	0.317859731479	5.62273485278	5.32641410295	5.95427401374	2.19885944734	2.45927783791	9.0	1.80996848212	6.28526021082	8.00772065745	-3.04505579266	-1.32939806993	
4.43797925818	5.42230258422	5.45874920738	5.40716328518	1.32007146167	5.86267325022	8.87297540494	8.99634879585	7.78868079506	4.12223852361	5.59860618485	3.51651516893	-4.20447306345	-2.46365722295	-5.67745602322	-4.05617378624	
3.16690171278	6.05795020216	4.63303593235	2.65254870824	3.77403748843	6.89250344207	1.20511638887	1.70121464759	3.52386158032	3.32617328314	8.1729261658	3.74438314659	2.1937197611	3.75054112928	3.496952279	5.14687071742	
4.41917814305	4.63978133037	6.66712280876	7.22386103405	0.996445522088	5.26785225617	3.80675491551	6.72535127463	8.49229982157	4.55427363725	5.54190060559	1.45436337955	5.52411516811	7.22521238396	2.35221169705	4.0546314306	
3.09194246886	4.84984922244	8.80469084149	7.83222530209	8.4019405923	8.35906167682	6.10056415026	8.02983919369	3.77635242271	5.71575582494	6.38341267123	1.65254992088	-5.99177612935	-4.21921922988	0.760696477349	2.60027875047	
8.59307567266	9.0	4.54761648604	5.05548900153	8.99835785134	6.77281707744	0.99563988454	3.91648427042	6.15637494654	8.84961043348	6.0268622711	1.56763777669	-1.53736105913	0.148922787326	-3.03290987247	-1.4587695404	
5.16288565637	6.00484154047	8.99095672354	8.98544106897	3.18231401554	9.0	6.61788424371	8.70495797287	8.99718321494	5.79279886232	7.25419848251	1.60466480948	2.15293925709	3.88381495762	5.42537435246	7.15439398625	
1.36892916956	4.26331991395	8.41065046465	6.36597150886	1.02909401643	5.48230517577	4.90106077229	4.67423875706	3.04338516449	1.6121780661	6.23330804461	2.51364447197	-5.99892498224	-4.23095090772	7.29921298949	8.99949068148	
6.10259073566	8.99268059247	9.0	6.97076411506	-1.96936744741	5.58912983932	9.0	1.95427862305	4.26379872767	2.76310960091	8.99333170242	9.0	-4.59169319849	-2.86177170318	-5.99973222649	-4.27610157893	
2.62891679954	4.83725650228	8.99993406349	7.66020202785	-6.0	5.40982247089	2.79465416823	3.00507902276	8.38043835811	2.50066798879	8.88065774372	2.21355683847	5.38790140811	7.10431836062	4.23343305382	5.9367139572	
4.77226538621	5.64369903384	9.0	8.99778374816	-4.5824995793	5.57105711426	7.55031575123	7.01029543054	8.75790781304	1.8161920165	7.88240966088	4.22751817924	0.743535693035	2.47258275998	0.842508143287	2.56309133884	
-1.04084095244	4.51399703801	7.02120099013	2.29726023441	2.40911569254	6.29888749388	8.64592715696	8.52392490072	3.75329672222	3.18484641623	8.98982661605	4.88997732408	6.16418868694	7.87772883974	6.90346583751	8.62709540569	
5.25614500166	8.70689109442	9.0	6.05651027458	-0.8671082377	5.62204686647	9.0	9.0	9.0	9.0	9.0	1.88781302938	2.25509335499	3.97457753782	-6.0	-4.26188699462	
1.14735730849	4.59789846666	4.93814378256	2.33093177128	5.1473500763	6.0574379541	1.65488702408	1.57119407062	2.16871053258	4.75563310127	8.26216845238	3.99531113773	-0.468987785461	1.2536810205	-4.46147656555	-2.63721122196	
3.64309828497	4.62366855817	6.2465213828	6.15183600132	6.11656679674	9.0	2.85366039732	5.56821907702	4.50455159779	2.66351111376	6.41573739971	1.74148101542	3.57104435194	5.23664920757	2.28278628242	4.07852777833	
3.71796288706	5.9068550027	7.69180188832	6.22973984849	3.46564117192	5.75581258479	1.27574371768	2.53896321548	8.51919420869	8.80272582348	6.37035425755	1.78602475418	-0.159530211317	1.52564377772	7.31545892255	8.95889062529	
6.19710489695	9.0	8.23927907944	6.33277416076	1.07052993607	5.57914223444	9.0	1.95830878373	4.83768387253	3.24100037305	5.79126699662	9.0	-5.52184809779	-3.93037347802	5.58593827776	7.42727802552	
-0.640632441969	4.4643238438	9.0	4.74860753807	0.647059929826	5.51734203006	0.974215110336	1.91024078637	4.80768944397	2.46229034871	6.5714290419	2.15393000902	1.79865559134	3.52666835322	1.12117646724	2.83796883587	
0.902913638928	4.44622622343	7.17042107524	4.49787091186	2.74748033968	5.92999838049	3.13220826308	1.59683453405	1.7717980886	2.17747853827	7.62158984928	4.67657866274	7.25022193999	9.0	2.58601152019	4.29203620722	
1.21354054098	4.57359038554	4.44435220313	1.86558146119	4.15541750046	6.49485570059	2.09667142667	2.04743871174	6.44562125891	7.75862510696	7.83705669131	3.46514775219	1.85854436626	3.6313726247	4.15122703214	5.8643062936	
0.252473531653	4.59372395394	9.0	5.50430721797	6.35334592304	8.98088329021	8.1891299283	4.16566206024	-0.770030629382	2.9746002432	9.0	5.67781848924	-6.0	-4.26739802065	3.44346285176	5.16711694895	
3.64542143328	4.51924720922	9.0	9.0	5.21678464317	8.99902757415	1.97175805772	8.50334585798	9.0	2.10262584591	6.47998094473	2.06587258697	0.338465334546	2.06489817919	1.77639871149	3.49914393612	
1.16385796405	4.33442197696	5.3139271925	2.99562736518	1.36249146245	5.55281292976	2.51857031914	2.30333846291	2.8779886089	2.02000195299	6.56035377182	2.62842480733	-0.3048079129	1.42332208577	1.54411313045	3.24251466142	
0.957362280942	4.37854226924	8.74309939783	6.11575266141	5.56235724571	9.0	2.75298872384	1.65686971108	1.73268707315	1.97620250913	9.0	5.67370814525	7.15521074573	8.92338166451	-6.0	-4.30325027803	
5.87946517484	4.64455371119	4.9643656799	7.06840021755	3.10170800791	5.54444306551	0.0712662450044	6.20361536408	7.39521732331	5.24983825075	8.98775168208	1.59144034752	-1.90045702302	-0.176634137398	-2.02242402789	-0.310776285553	
-3.47780056011	4.52936645336	9.0	1.70145406107	5.04138079808	7.88299223596	9.0	8.99432278745	8.11737445264	8.99999429595	8.2621585425	3.89147434996	-4.26382631499	-2.54460217666	7.25138072649	9.0	
7.78304941584	9.0	6.41310718473	6.06186727603	-2.39403993845	5.5407106661	3.08995268573	4.58548977693	5.37092104143	2.15953590928	8.97507383207	1.79091715822	-0.662841362462	1.06557198694	-4.2265522521	-2.50485073012	
2.12510152722	4.42919871243	5.96885846782	4.59135655651	4.93716597898	8.6595903816	1.70273621994	2.76755697385	3.18168685517	1.75536662305	6.66306694513	2.14724033725	2.26647791691	4.10588903314	4.21576498527	6.02642146798	
5.52656642791	9.0	6.28640339519	3.32952764622	1.87216038623	5.61913540168	9.0	5.57285468654	9.0	9.0	5.97437435018	5.03077697436	7.16931672738	8.89397587873	-6.0	-4.27230710683	
0.961711328133	4.54185917317	4.62892782606	1.89187821445	6.42617455359	6.47259698159	4.48861066404	3.88469020939	2.36044090889	6.09948748293	6.48609398387	2.57561673576	7.22093693219	8.98444056273	-4.90038949478	-3.10861936959	
1.12009404012	4.40517404989	5.1313586941	2.82700305829	1.57728388918	5.81519945856	5.46247312023	4.69658173688	3.74471700431	2.64565136733	8.99988478926	5.53440855832	-3.25278637279	-1.53417955871	1.71264033347	3.45397823045	
2.34179812063	4.7382264372	5.01493068875	3.41970137385	1.32848722352	5.8192237695	2.66818634871	2.35181090729	7.08235310112	5.25726001727	8.97928424681	5.69208573438	6.73749452393	8.54206796101	1.59290324786	3.29228351327	
-1.32584296404	4.53026342619	7.9021648775	2.91135326763	3.29250960266	7.10862323518	2.00959609313	2.20838224622	2.82786821656	2.04034007081	8.73177525014	4.52008324028	-5.99975971097	-4.27066032732	2.45919990021	4.17719975044	
-1.04732290078	4.50585724704	9.0	4.31907292599	-0.37147008058	5.57078680324	5.20783294568	2.3329854946	5.59810591175	3.00237770566	8.63871147041	7.17581552909	-5.9987675956	-4.2723350531	-5.77467114845	-4.0623936634	
2.06734799425	4.59058469836	5.24203852098	3.63131904292	1.28851107876	5.98181810417	6.5579155774	5.18885830095	7.51325498495	5.49165622623	8.94085068318	6.60571790982	1.64172749937	3.47075137154	-0.791087392094	1.04877829832	
0.979828463933	4.30821337357	4.48556623225	1.99455538516	2.84227728502	6.57647837475	8.99885680232	2.88143141914	2.61549688833	2.4751010191	7.10185231966	8.65256276282	1.2569375649	3.0853488527	7.29773934727	8.98988718969	
1.0758220579	4.57659516496	5.49226429805	2.6900191184	2.57757964359	5.6969680546	2.12150495097	1.59988774221	1.98723207718	2.58355549395	8.71661164347	4.81507879724	-1.43596572953	0.281612397311	-2.15654563185	-0.414182429102	
-2.54840538317	4.54528849689	9.0	2.77827696159	5.05907911342	9.0	8.88573275654	4.69458483446	2.31166613156	1.78458120863	8.67623074569	8.45238343939	7.27028979959	9.0	-5.69349748631	-3.97114606946	
5.33274557194	9.0	8.35992849718	5.15389975592	9.0	9.0	4.06915711521	1.62423726999	1.5743186129	5.52519600799	9.0	7.05258762744	0.51136227395	2.21958206733	5.41637932764	7.18311858686	
6.55045003213	9.0	8.9997233588	7.37853610616	1.31355486653	5.82432050013	8.07608388295	8.66700193521	8.23845362337	6.28686997417	5.84707832701	1.73194426186	5.52055617233	7.32514333978	-2.00011705798	-0.137557537118	
2.24716099437	4.56883997848	8.39979897225	6.94348964158	-1.10436725839	5.57353161844	7.26077367432	8.9268834941	7.2170543361	5.13540991998	8.87088632264	1.62448344957	-5.94504622899	-4.2192825806	7.27713050158	8.99787171533	
2.67744807565	5.45679813962	5.36446891357	3.31503209567	1.2438403457	5.5011000101	2.23897463497	1.83324447012	7.32730336604	6.01112602772	9.0	5.61164989873	-0.680129635903	1.03258691599	-5.44786533128	-3.87846114236	
0.69238917368	4.55550927457	6.48968479032	3.48798488626	4.43484715001	5.57642309206	1.3629537653	2.105153762	2.904633693	7.07048039931	8.90417255105	1.87327483934	2.75974007446	4.49551729332	-0.704396924647	1.01244755452	
1.69598828708	4.54941115745	4.32513574813	2.33536158617	7.30936733574	5.68390630657	1.37615401583	3.26308555971	2.34838679609	8.22626568576	8.8577434169	1.73724977207	1.61628916441	3.35352513867	7.19625058958	8.91678939929	
5.48593846727	7.45845189603	5.3039515847	4.08757958945	1.35882624365	5.78371653829	2.11250717989	2.67371089181	4.47026228559	2.09702797249	8.67667834546	5.16221083319	-5.45024639707	-3.85176042843	-2.49659330751	-0.80986873305	
1.089608586	4.35689375405	4.52400468967	2.10763020528	2.09120469282	5.75935019802	2.24711854373	2.18662516597	7.02726295586	6.76055785913	8.43066765347	4.26866071872	-5.99998398703	-4.30887697821	7.2591469889	8.96269879437	
-3.51012250353	4.49823255327	8.96687526507	1.65115586512	5.12689937385	7.57253943351	8.99939063752	8.89431702127	2.66194142392	3.99518289802	8.13703796375	3.85882154221	3.60783420398	5.32091258914	4.4117638545	6.15409858857	
4.17357853672	6.98215227781	4.57234775631	2.71638086369	3.62101644461	6.20084524555	0.94282645136	1.49887405378	8.63984974712	8.80691760719	8.99375127895	4.61715098746	-6.0	-4.42335632619	-3.19078625713	-1.47142592032	
1.16619092327	4.38331491434	5.19386954535	2.76058583975	1.57145549619	5.51985348089	3.45080426279	3.03785809706	3.28269013833	2.73906495896	6.33127661116	2.41646021317	0.138263571897	1.93187165598	-5.95577828264	-4.20049109887	
4.44940500035	7.43383167454	8.08408129236	5.89530786783	1.16358931317	5.33978205204	1.15994165781	1.52539376832	3.80806655521	2.62290828646	8.44954351982	4.27847917303	-2.5529708177	-0.801672096772	-5.10341210585	-3.34269707689	
0.847503891167	4.45457403776	4.51325808738	1.64791941743	3.61763789254	6.57518124773	8.79963340882	4.15268152767	2.16485425716	3.04744236496	8.90182680685	9.0	1.94144593776	3.66316120558	-1.14640809036	0.576509056292	
5.24232255412	9.0	9.0	5.75287012885	3.87809523744	5.6295261484	8.98696026494	4.77078086031	3.97152854688	9.0	9.0	5.80779807255	-0.475456622007	1.24543868038	4.95813926313	6.69693011573	
5.9113515725	9.0	9.0	6.70546773109	1.5092373146	5.77366494545	3.75692565378	2.75326118143	3.68891403329	2.55778787167	5.91113946999	2.79655065289	7.21358129356	9.0	-3.21215105922	-1.4759790772	
