1.10887684326	4.36446675154	4.94893373745	2.66801361731	1.76783366477	5.93597429382	3.76389997093	3.24309879891	3.35983066743	2.38446690487	9.0	5.20056576772	-5.1215710583	-3.28561900156	2.20803093555	4.0635422303	
5.3778201189	7.24688964816	5.42281649257	4.35196965926	0.809123870781	5.50301717677	5.03283912838	5.13970219519	8.16633084321	5.53895433181	5.32178349258	2.38096634227	1.33064866244	3.19192326966	-2.43947839563	-0.784202231729	
4.01261902543	6.50188083829	4.87584047966	3.25722685152	5.69963609286	6.48510905785	1.25388791716	2.17251615834	4.17814760259	5.64879275208	6.0151028462	1.84606745367	-6.0	-6.0	-5.98184589942	-4.26822887597	
1.36823746164	4.87970758399	5.43173980785	2.72861259424	2.53066304381	6.60035318879	8.24796422721	3.77190175443	2.48313047769	1.9535174	8.99998144361	8.9957020347	3.74500335102	5.49396924387	7.15849264145	9.0	
2.03524758275	4.89567710869	4.73631609494	2.7067299636	9.0	8.96222490704	0.958311673552	1.58201685187	2.46638555421	5.55068126693	9.0	4.44244928037	-2.94916515369	-1.20162685331	3.77905411258	5.47136397493	
6.91493645484	4.62601653381	5.7149091509	9.0	1.49434384429	6.03632503876	3.85275555165	9.0	9.0	2.01846043119	9.0	5.09724094878	7.28972808075	9.0	-0.0223502876937	1.61839306329	
6.37156401158	9.0	8.9501168068	7.17797860907	8.90608073908	8.99800652504	-6.0	1.81212600781	8.71897201409	6.93178169643	8.94728983808	1.90960668206	-4.61426694179	-2.88548562414	-0.401081076245	1.31876772713	
-3.09118198152	4.51956099888	9.0	2.24737528914	1.92726314812	5.95319292713	7.76717578022	3.45347338752	9.0	8.47659966904	9.0	8.85293885576	6.83222197406	8.56954782604	1.26561432372	2.98612035429	
1.14439038013	4.65469100239	8.83854409171	6.34394616773	4.44324390734	5.33898921982	8.95783953485	2.13872994363	4.97216998553	7.24926216319	5.91520424897	8.44812147151	-5.99697118334	-4.34721697114	0.100574247116	1.88591841351	
0.27763554159	4.51571265103	9.0	5.6368617029	0.190652964191	5.55991892114	9.0	8.999846802	1.86382082363	2.53993254126	9.0	1.96418427097	-2.91834362128	-1.19174747272	-6.0	-4.28288432045	
2.7614010409	4.99652191266	5.08413855798	3.74752912939	8.14153362534	9.0	7.52324317327	8.69572960455	5.78095938122	7.02237308682	6.2008835486	1.76031473925	0.884713083174	2.6015625917	1.09087256997	2.82014140746	
0.949894254966	4.51119732203	4.44848259606	1.63253081747	9.0	8.57071248809	6.16929874552	5.5572007126	4.69743616811	9.0	8.38935290992	4.33477360976	-2.17371886181	-0.381346482274	2.5956750134	4.27825312483	
2.94962523059	5.44944363413	5.6894400991	4.14433248414	0.879401915711	5.44205394338	1.65742495344	2.18171425915	8.98613145851	7.01194639536	5.88654585626	1.86900753046	3.08201066937	4.86192548102	3.61469611072	5.40807138315	
6.38876274356	9.0	9.0	7.24217037657	8.4532681805	6.76361070516	-5.99932832109	1.85654285615	8.99759538032	8.98502685819	8.99903941789	1.91233099665	7.23281670595	8.96007447265	-6.0	-4.27959323792	
-3.16333484103	4.48664328237	8.88015469117	2.08480749483	5.25565779434	9.0	9.0	8.38249876638	5.59579402215	5.29857467756	7.6877065852	3.9131025343	0.411531697881	2.14634421815	1.02270591199	2.74272850506	
1.13960116556	4.494716254	9.0	6.56434305322	2.01243867538	5.51475886369	8.97405038152	9.0	3.69009791076	3.63875043846	6.26241197721	1.88575427706	7.17775737584	9.0	1.3797308218	3.12338655234	
-2.55791470222	4.48730479602	8.97756471203	2.75935137621	1.04501384318	5.61637354945	5.28090483617	3.12552700041	6.41504221635	5.33932492556	7.20350742342	4.92206467015	1.1492515555	2.86474200675	-1.89402725881	-0.169044966109	
4.91153530945	8.66138356044	9.0	5.75780844638	8.99921296904	5.92679495583	9.0	7.6200586169	-0.838268437486	9.0	8.99865078556	2.98707418883	-3.02176198409	-1.30022330699	-5.01627788441	-3.27914451624	
-3.47789635025	4.56977839103	8.99111856046	1.67800237543	3.2834780935	6.16716373519	9.0	7.45748036247	3.60987342855	4.59587130634	8.97032959154	5.89959222894	7.27608280068	9.0	0.437990721708	2.17915833135	
1.32838903083	4.5016015282	4.38695549864	2.0149678389	2.89793748147	6.49353791666	2.73030594721	2.98970478144	5.21902382813	5.0014208649	8.36402119712	3.9939253946	-1.89723336484	-0.189733771224	0.49520504289	2.22919614442	
2.38538650044	4.83670605914	5.41249962464	3.87938736038	1.6634986028	5.53640254942	1.11967678686	2.14291200621	3.53903789682	2.30210271934	6.43236329574	1.82438395586	-5.84279875624	-3.97741547001	-4.59369766586	-2.88625633126	
0.169717535304	4.51909438249	9.0	5.52442401973	3.3244803098	5.82728030036	2.92662821322	2.37889040117	-0.277119403047	3.39417385227	8.96778347515	2.35242213238	-2.33292678793	-0.605164516051	-1.73007398178	-0.00938061651426	
1.50909600912	4.63075520253	8.67091951109	6.41339627126	1.4562652516	5.68109178052	-1.68213605816	2.00991760932	7.91569420703	3.4467390426	6.93106381931	2.50447681622	3.80856916284	5.53574791593	5.75458374703	7.47392237857	
1.43497596134	4.39822732364	8.36221418717	6.28491045223	1.14034103697	5.50360574675	3.19374144684	1.93125832778	3.03481361936	1.62861694183	8.83413504898	6.12429222097	7.31740947525	8.99657454705	-5.52299651348	-3.75545326037	
7.66725903783	9.0	7.77538075644	7.16792046298	1.14632884377	5.34632147231	7.41214734399	9.0	9.0	6.07630841159	5.32035446445	1.59797664506	-6.0	-4.30953331624	5.51267310664	7.22253296664	
3.13596790321	5.79372992951	7.72882375391	5.94078078292	4.78678596904	7.86763706683	-1.81602268198	1.9221873901	9.0	5.58865463685	6.52081474719	2.10700921674	-1.44172774198	0.28365094379	-0.558108576418	1.15519965399	
4.04010589271	5.13761397795	9.0	8.76644888892	9.0	9.0	-2.82432521386	3.5479334333	8.81534373089	5.89683835543	6.04744849884	1.61935238525	-3.90330233294	-2.18172802919	7.28190820839	8.99990289368	
4.71307700277	8.95208604184	9.0	5.62661866752	4.95064772268	8.99556657807	7.81387477801	8.57177284451	3.53851494209	1.59139914449	8.86234745608	5.02258568305	-5.73460355774	-4.01327852003	-5.92847407854	-4.20651536327	
4.93313108256	7.8834356414	5.20956894596	2.86834898456	9.0	6.06885472349	1.22314874319	1.70068374873	2.8119288497	9.0	9.0	4.48883487671	-3.7483616019	-2.03485669738	-6.0	-4.2743509321	
1.57501425952	4.35733953651	4.92068590782	3.05260609601	1.32870736686	5.56554453844	1.9896601694	2.44355454527	4.24610357053	2.87814482171	7.15571134277	2.94725120398	0.183670748532	1.83844883137	-4.04473226648	-2.38653401177	
3.20032175428	5.8300115565	5.07686391608	3.31189222255	3.14605349075	5.80702283109	1.13481677888	1.90409161921	6.24414180662	6.00344406213	6.3159465312	1.99365632971	4.07727338729	5.62082160103	-2.43448247536	-0.752731201336	
0.957739715572	4.44929613941	6.18511679992	3.5142235297	7.04590723207	7.00693275926	9.0	2.32029911826	1.79474395269	5.29097948126	5.88043272503	8.21919256562	1.59806429408	3.29315346297	2.68085191737	4.39228546672	
1.13666098475	4.37678590994	8.99754353476	6.67052000264	2.42130373768	6.19973617739	2.79852470091	2.03705720954	2.33772762578	1.98728501787	6.46702177781	2.80937246729	-5.21183680271	-3.41008912665	0.0259088574097	1.74375816812	
1.6375140192	4.43788749358	8.01092421179	6.07220840985	1.56699564473	5.58360849803	1.75021009614	2.09742294376	3.07800181416	2.07474848698	6.54911141499	2.27411767375	-0.520899174813	1.25546328762	-0.163619826666	1.39328817635	
1.59300045453	5.01136564638	8.97933379318	6.39359330371	3.50229589539	6.04423982531	3.86619590134	2.69015004536	2.81497068047	3.70983706024	6.29192958544	3.04225364542	3.95217026771	5.58587972397	1.09714357705	2.76553166368	
3.15022226062	4.95330756158	7.75493563683	6.68196615984	4.25858624005	7.62176087778	3.07008996692	4.94656510909	3.82001407701	2.2964696962	6.39120590176	1.8529365078	-0.388871881217	1.41605973837	5.49648968938	7.28564621041	
1.20386762129	4.78304916776	8.9743359059	6.25675640901	9.0	5.90793655562	1.95063032375	1.59671853613	2.09203237145	8.7082061369	8.93357961323	4.85173522017	5.19780044959	6.95343800358	2.13743433209	4.01635226349	
1.35512478076	4.70009819711	4.71844527266	2.18800850125	4.57203398226	7.61850992949	1.94812038319	1.87414926239	5.9019624787	6.21209337696	8.85230554589	4.72277601066	4.03647437755	5.6052570229	-0.93784463334	0.658537055596	
-3.64195967622	4.44313237472	8.9669251632	1.59767459622	9.0	9.0	8.99716977959	9.0	2.91191072821	6.72548260211	8.85270084607	4.3797897534	1.4568059789	3.21685770092	-0.34720357841	1.3696965401	
6.37551663329	9.0	9.0	7.19136272144	1.34632621675	5.9266835302	9.0	8.97952910825	3.93503145578	2.181863318	5.89429538684	2.18910029752	0.685104753228	2.47546442927	7.10457168062	8.80022872509	
3.44616156902	4.52205559506	3.1879224335	2.97021897664	9.0	9.0	2.10126341961	5.89744862933	6.396644853	9.0	9.0	1.6332811969	-6.0	-4.26142917144	3.44859710126	5.16233474637	
9.0	6.39212161597	5.49927238867	8.98584885097	-1.66104575942	5.59539522213	2.98403084807	7.26671522712	9.0	1.94310660425	9.0	3.52070856462	7.26500370339	9.0	-5.99993060284	-4.27409486886	
4.63471460183	4.56069976156	3.35282935276	4.29743492837	3.81831028723	6.25836264423	4.06050362223	9.0	8.29555552368	7.27464889329	9.0	1.64409157941	7.18918962357	8.92576757126	-5.67077284026	-3.94067541352	
1.09534193055	4.47066430889	5.15472983478	2.59560018914	1.63272896068	5.49589866291	1.97564948211	1.58976643512	3.32668466041	2.97189424582	8.98554009448	4.98680297552	-6.0	-4.14169981919	-3.40462381286	-1.63728640971	
6.03694730531	8.80297633815	4.71972200563	2.94373595415	3.32428241507	6.4863109625	0.957299367001	1.67750605388	3.50120832372	3.01696586328	9.0	4.47010579987	-1.56647237278	0.163576968704	1.27951323616	3.14630005809	
1.66711971743	8.98326604802	8.98270353214	2.52912397414	2.65330450911	5.87663754131	2.20127292602	1.6736633189	8.73546590572	8.98204160673	9.0	5.07843618943	0.0262150071715	1.74824459224	7.27577254534	8.99900639333	
8.90796160852	8.99999572147	8.39184720961	9.0	8.96397002333	5.72733246979	-5.99998104981	4.13267913024	9.0	9.0	9.0	1.43876021251	7.28301962644	9.0	-5.99504583383	-4.300460164	
0.921584884928	4.49148811968	4.46385370582	1.6271518289	8.20323252517	6.27982444291	5.52878895879	4.91973731136	3.17939549448	9.0	8.97013356021	4.97974935075	-6.0	-4.21726117183	-4.22103249788	-2.51270589267	
2.13063383981	4.58131387518	7.58266311564	6.01061181205	0.865220812031	5.51036009696	9.0	9.0	3.93942785736	1.814922274	5.77248727277	2.43140566256	6.03295966495	7.7968825072	6.96337153885	8.62897901019	
0.827957418345	4.39517016507	7.39243903668	4.64904037699	2.83292070927	5.67723152442	3.87496443869	1.51179701424	1.88314502209	2.72933567665	8.32872631663	6.13710011478	0.296311158924	2.06382026132	-2.86349444463	-1.17365247611	
0.943614015029	4.58049096616	4.76639213055	1.89571144334	2.07188672919	5.74645020719	4.09573935245	2.83092825586	8.81863685894	9.0	7.42519337235	4.07109056592	4.62528958318	6.37158304066	1.88158483403	3.61675595291	
1.75911420924	4.91686725225	5.62898506474	3.31025158543	2.30478851969	6.36957364285	8.88470641069	9.0	2.79694536153	1.85153133846	8.99487962833	4.86914185351	-1.9772818352	-0.220602486342	3.06251618881	4.82573735822	
6.26767436174	9.0	5.08103788265	3.16816588238	2.63814216513	6.09263218718	0.752357859599	1.67521236836	2.70753523581	2.1131040244	8.89253389928	4.26503087372	-0.663533234088	1.08893714697	-3.09355698343	-1.33123641422	
5.24985359127	9.0	8.91738454468	5.68033866285	3.67789442704	5.72375110361	3.0332281727	1.75886325699	0.107216611526	4.27687224848	8.93578465703	3.36701991124	1.47345345757	3.19008248118	-1.52937445719	0.211371975032	
5.23002104081	8.96223147604	9.0	5.77012459135	1.0196277817	5.62315521665	4.98574683285	3.46032950853	1.44899662285	3.48277246982	8.85898051015	3.13599176133	7.28516495411	9.0	2.75905723804	4.4964564419	
1.6748656555	4.84224563385	7.43976244747	5.08655918621	4.53799479107	5.5101659348	1.15416051228	1.57475336149	6.6425648687	8.89463002318	8.62444299446	4.16741962315	0.80950390096	2.56536776923	-6.0	-4.24663732509	
5.24588455393	9.0	8.78171536984	5.53772569199	9.0	5.92951369959	9.0	6.04249137177	2.04418078895	9.0	6.10874256061	4.54882122715	-5.99996218473	-4.27773547914	7.26109338443	9.0	
5.58561935565	9.0	6.38189106645	3.51208022488	1.76278620421	5.55996514466	9.0	7.18705724834	8.9825567486	8.71365997356	5.9341427703	3.45200424746	7.3081930827	9.0	5.82112170436	7.56350775479	
0.894125094718	4.4447215113	5.01509021235	2.2566796629	9.0	5.91963855874	2.27016880788	1.6183970314	2.15413914949	8.98677557437	8.76454015753	4.89975128731	7.02144942583	8.80430424615	1.0751248428	2.8358092228	
1.61820581664	5.04403893001	8.99828292125	6.36418714759	3.41863982869	6.79523207339	5.16054250335	3.21688598776	2.46668837395	2.44393656855	6.18223152307	3.7417580692	-3.82597781974	-2.10894239802	7.21613828527	9.0	
-0.770802585939	4.53595052121	8.99216155632	4.5464146534	7.47943337034	8.36156176447	2.14655369572	4.56960422656	8.79017361473	8.94974097291	6.06380166157	1.62386631432	-5.46401380103	-3.72717684481	-5.18928055061	-3.46890104176	
1.16889216933	4.4353983576	4.56542896711	2.10551355182	3.61650006805	6.77197870163	1.90255324849	1.95776438067	2.2595736955	2.58109649174	6.69483020935	2.32256852805	-0.00494586762479	1.76566260739	3.99113544766	5.739923474	
-3.17940582606	4.51449787454	8.64770773656	1.62066897509	5.78059815593	7.50863490713	8.874673189	9.0	2.34494576676	4.47443770395	8.99994369299	4.4017802391	-0.999802000038	0.763980883634	3.47215774542	5.20423630274	
2.25259665814	4.64219723244	8.27918932251	6.70942307402	0.936880172852	5.33973400695	4.65726044342	3.90032882287	3.73187378567	1.61366033885	5.62513492937	3.17497191145	1.09009411629	2.70452293085	-6.0	-4.21602436301	
2.82518572978	5.51336755069	9.0	7.17320218707	7.87568540722	7.22299832814	-3.10377829621	1.90191562497	8.90102839251	7.98964379473	6.36785419471	1.94339181096	1.70953513242	3.43896142951	-6.0	-4.27757099702	
-3.24394865006	4.53167803179	9.0	2.04012508925	7.53748045273	6.15533080525	5.26393839737	4.32114996801	3.98109254989	9.0	6.41217912328	2.83565929751	-1.83985567084	-0.0826484286252	-1.97641823321	-0.24725611663	
1.49644104558	9.0	9.0	2.34430693496	5.03544753075	8.98240376769	9.0	4.89204677992	2.58772704115	2.09935307126	8.22544033203	7.92288098607	-5.00818962325	-3.28849877288	4.3633392716	6.08396239499	
2.49416225607	5.36612237928	5.00816660604	2.85264265367	2.27201273732	5.7618962217	0.988603306638	1.61034895074	2.68036679834	2.29820632666	9.0	4.49253850045	0.340990460319	2.09676892836	1.89424352955	3.60745548108	
3.38233692922	6.0944469937	9.0	7.10776175126	4.22572270359	8.02777321835	1.26456214001	2.09183145242	2.95154033547	1.91771477581	9.0	4.57293324146	7.31452676076	9.0	-6.0	-4.34781100167	
0.772767936794	4.495058398	4.98249087567	2.13974092265	1.07713533147	5.59591930587	3.58942300391	4.36385714853	1.61454037308	2.10691008376	9.0	2.22305018142	-1.9258801973	-0.181322860802	0.300430508172	2.02726834131	
1.2040082544	4.45304400117	8.81297104203	6.35629773238	1.18246255371	5.40078248008	3.07642191061	1.51656281677	7.93737383055	7.12141771264	8.76729604274	6.14606358433	4.51322117861	6.20007691554	2.49950757065	4.23855515088	
0.838456678591	4.38830527747	5.57836847472	2.86263808802	5.06517663543	5.36166411491	2.67020066554	1.48922067464	3.24208085726	6.58652706955	8.84911418421	5.53478385882	2.7525094529	4.5167884276	-1.85892459088	-0.0656299109444	
3.69518260028	6.34351386355	5.49804839577	3.72833048909	-1.81608904887	5.56805012505	2.88752451201	2.08302254227	8.32990625336	6.5581144342	8.95174897623	3.14405860352	-4.99213762089	-3.26069372357	-0.168493616045	1.55829961992	
0.846936590724	4.41426338072	4.79517940808	2.03568719338	1.86198962149	5.5789272798	4.50329607496	1.97824859871	2.60573506163	2.61505744412	7.62828116593	5.5718611637	-0.772849556606	0.920817849728	2.53091512543	4.26952267025	
1.70251464166	4.82019228564	5.7603770135	3.52350644942	5.98415618439	5.6607197401	1.28891025776	1.61454296296	4.5168711227	8.23197833801	9.0	4.34074718177	-2.34044102212	-0.619891768549	6.80197225785	8.52154031106	
6.05425351566	9.0	7.13543378433	4.93763874564	1.28804645897	5.68857761787	5.07802003821	1.83037974118	3.29701817791	1.9519316212	8.99254075588	8.35675566447	-0.300326466573	1.38573043998	4.06639434325	5.83459239424	
2.32647693158	5.1918366014	5.50015962741	3.60492388699	1.52729338472	5.99603217942	5.01941163458	2.89118704976	4.7844597549	3.15808605329	6.06222003201	4.28163504669	0.700099125815	2.43152064208	2.04239468893	3.76168558253	
-2.23971360956	4.52907012421	8.85691299033	2.95229258404	1.10264434683	5.68594113605	9.0	3.52263243573	3.29735285498	2.15549171918	7.94548321958	9.0	-6.0	-4.27267395152	7.2804047387	9.0	
8.14762030174	9.0	8.996456733	8.96632452514	-6.0	5.56278667202	3.80774678828	5.38006434262	9.0	2.06248448723	9.0	1.92875900491	-0.469383207982	1.28405784321	0.730141391645	2.43939469708	
2.10892195229	5.26092111357	4.95070894706	2.61335970269	3.98849373958	6.13864053784	1.70552805138	1.78546062667	4.84643748382	5.8282449899	7.60400849536	3.4743902662	2.49984699503	4.17305094003	5.17079533755	6.86096909713	
5.93508048808	8.80288753261	4.54296255698	2.57349860548	7.44692848788	7.48632059361	1.05861508883	1.68312869538	5.96773535644	8.9807772768	8.88517076887	4.1701235482	-1.25734329263	0.435730520771	-3.42349036205	-1.86682703222	
-1.19149393484	4.51649928384	9.0	4.16030688036	4.93600243901	8.89053262082	2.21324592419	3.43900484183	3.47604570509	1.70130457544	9.0	4.60817354076	-1.69602431932	0.0306920450032	4.39375127883	6.11093488875	
1.44774095664	4.52130958568	8.90176998631	6.69434596059	0.029597498215	5.57744189261	4.00395410233	6.49738290433	8.96804221008	4.32351359432	6.19104029895	1.80832917574	1.03911381629	2.76398251275	3.90011963423	5.61843310215	
1.27836064837	4.37817466247	4.49989113898	2.12121393731	4.30144834176	6.90977771878	0.912453758723	1.49636715671	1.82889738508	2.74558140168	9.0	4.22808677343	2.2991070201	4.16702445854	1.66165767171	3.40839746734	
2.81580836422	5.64495783471	4.98855034432	2.98256587147	2.32449206835	5.72980557266	0.910869106218	1.60545789066	3.06295919176	2.78705226419	9.0	4.31480496832	-0.618936676395	1.22956332532	-2.80631118205	-1.0624220303	
-3.38141647361	4.51295420338	8.99211392046	1.90988872784	2.63809554278	6.31209441148	8.98793365112	4.44194683657	8.99514520187	9.0	9.0	9.0	7.22603378601	8.96852247267	-6.0	-4.27707568513	
1.59269808656	4.5116902175	8.79297142559	6.74124228449	6.20856292523	8.00175520063	0.149359376779	3.9058346395	5.94742519212	3.83681126775	6.03554886866	1.61023173988	1.16066136948	2.88768753105	-0.224900233281	1.49946323366	
-3.2843803566	4.48310275957	8.92785161254	1.99296920848	6.55651637604	8.99137459921	2.15306360614	1.81698187835	7.62040648468	8.68701157122	8.95054660467	4.89701913563	-2.09307399324	-0.34145207879	4.89764970281	6.62832559194	
1.27408363036	4.91216709128	5.22513701924	2.4106282365	2.34731442178	5.70991521179	7.55887019822	6.52688320253	2.79723888157	3.11411999997	6.32931004164	2.84504959437	-1.70162233331	0.00720599417538	1.55809937599	3.31410826554	
2.57832519778	5.54528636428	7.72291590762	5.64506402806	1.05368649499	5.26458922364	5.17797834956	1.53494051883	4.26705789805	2.802575864	9.0	8.92151070416	2.66836598765	4.26305051815	-1.78982630456	-0.0467392435915	
0.461021110316	4.54905278396	7.9292257377	4.63472566739	4.28506169472	8.05067372226	8.08615171287	5.97235095331	0.753662023994	1.62552724781	8.85771417782	5.58101919454	0.628622818164	2.30873712459	-1.00764960394	0.73882285326	
6.27808819954	7.63496923914	4.68581343286	4.28966428262	3.08598393611	7.12435241327	0.990756592956	3.15654642121	4.84274022969	2.28988838312	9.0	4.48637822464	3.78477501625	5.63674394655	7.16269427126	9.0	
3.49695702784	4.85330562122	8.95452500994	8.47277516438	2.19556226892	5.85324457603	-6.0	3.14704219347	9.0	2.53212556872	9.0	1.73946038834	-3.58625231046	-1.87049548571	3.29533635217	4.99979830384	
1.23872927399	4.51718079016	4.76514750134	2.32772283911	2.76324641003	5.65377349622	8.96592942406	8.96199591015	8.46496320826	8.95563878312	6.42407363315	2.12073892662	0.460870705164	2.22265695762	2.12834165245	3.80129425705	
1.87092919043	4.82369776024	5.19949821547	3.02833591076	8.99803527588	5.67310254476	0.967438834875	1.54189470038	2.52808107266	8.99544606287	7.10035675892	2.59417230544	0.208719501553	1.95642563791	-0.67786685625	1.03538213522	
-2.88567131476	4.47517918457	9.0	2.5138877267	6.05812535011	8.98484966694	1.35727617751	1.70359329079	8.93145496905	9.0	9.0	4.68482750539	-6.0	-4.25707674161	7.2456443515	8.95296210683	
1.54291083211	4.74691412849	8.50431990905	6.19650606778	9.0	5.79771146715	1.30660040712	1.60323883487	2.37385632253	9.0	7.75690634751	3.11100029584	7.02398707958	8.80442510489	2.47813335773	4.20981913772	
-3.51608830128	4.48473763371	8.94122198901	1.62676847317	8.92462532126	8.8335475463	8.98249902358	9.0	2.38225998232	6.32433903577	7.69947417893	3.20314600566	2.59466718649	4.3463120695	1.61321678046	3.33486555761	
5.44479280928	9.0	6.18924196948	3.03774335269	7.89969776412	7.8996997161	3.23707227696	1.62416635702	1.68657734372	5.60484540767	7.0873562543	4.19537047159	-0.0630831940533	1.60983850578	-2.24884846275	-0.492855526754	
4.27894602195	7.29375408946	6.06053283287	3.74854215383	1.3352523027	5.73949220412	7.52757204821	6.33925028825	3.90599458395	2.66639114688	5.60320226323	2.88581400236	3.43209287444	5.12430959714	1.29245742753	3.11529582382	
