-5.68937825074	-1.27939423918	8.38197221733	4.8360091519	-6.0	-0.245335140999	5.37836171679	-4.17137271917	5.82419555968	8.94488283955	6.59124414691	6.28673873004	2.21504740607	3.94685559057	2.19281998059	3.91227492338	
-6.0	-1.30776477437	-0.189653452624	-3.90516635898	7.27385534814	-0.165804209277	2.14334458824	-3.79477680065	-5.97573233211	9.0	9.0	6.28457280743	-2.18290797691	-0.443689035319	-1.69870110296	0.024435904874	
-6.0	-2.38735345142	-0.59709558853	-3.72832429149	8.84041975259	-2.23722968907	4.35182453019	-6.0	-6.0	9.0	-1.73290078061	4.13916498269	-6.0	-4.28774787921	0.268903082284	2.000830108	
5.62647794878	2.8734099306	5.27094271219	8.99923385398	-5.99322037821	1.98816910134	-1.60371640277	4.16000589373	8.83572876674	1.24277445043	5.24965989941	-2.0465511776	6.52597972447	8.13308964927	-6.0	-4.06726678187	
6.31223979738	6.91765407735	1.45656073324	1.71628598613	-2.48177972642	6.76357234102	-0.295870922154	0.612478414812	1.54333768712	-4.42184240131	1.91492734719	-3.25685308669	6.89997095507	8.62326657837	7.27862619336	9.0	
4.50994893336	1.63406251528	-1.8742215116	1.84471750099	5.27788367544	-1.11315255773	-6.0	0.510321729001	4.36934244709	8.07363766573	-0.548571820448	-5.17434429063	-0.752368302285	1.04928576442	-1.31677703084	0.343506495665	
-5.89094693174	-2.89401526862	-2.5764378089	-4.70919173636	-4.39910634748	8.67826173279	-1.92681822715	-1.97078687777	-3.64163426462	-4.55024566536	7.99767090148	-5.10898034624	4.59530357601	6.31648522453	-1.30331732637	0.417603367202	
-3.1618148312	6.08072883318	9.0	0.622313557628	-1.8348704889	2.21083030847	2.58347773899	9.0	5.10942135621	-1.91438936843	5.38421373214	0.962823804352	2.41633347277	4.13712817363	4.11590838574	5.83697784682	
0.17996258007	3.09993347497	9.0	6.94249876436	-4.79208218997	3.42612248236	9.0	6.29788897025	-3.20376331791	-5.30262683791	-0.404499815403	-4.79891764298	-6.0	-4.27467809044	-0.299761458883	1.42357358607	
-4.0589205733	2.29760649224	-0.518414726993	-6.0	8.53369098204	2.10418721003	8.88900099285	1.99364886819	-1.52411715613	8.94302664186	0.43604190425	2.29290256648	6.82995960775	8.55804445452	-1.39581227501	0.326357608712	
4.9087265643	9.0	-1.07834021133	-4.43634033942	5.39876349212	8.99829003507	8.38658890984	8.07700529642	-6.0	-6.0	-1.69009763381	-5.91026850455	-0.861370185677	0.863909469144	-1.21351991118	0.529035415077	
4.12736764148	7.02661704922	6.22770272146	4.19206996412	-3.89159106803	9.0	5.33446742366	2.77259952703	-0.586348563114	-2.08906884885	9.0	-0.809045257523	6.47517598426	8.19688236966	7.27877563733	8.99997746852	
-6.0	9.0	9.0	-5.13476127843	1.33840310894	5.30255992519	7.9119969718	9.0	8.97968709888	7.3628806546	-1.56071384831	-5.97937927483	-6.0	-4.27878825675	-2.758630098	-1.03740830817	
-6.0	-2.90932410358	-2.59214044406	-4.76862123067	0.705277484883	4.3005336081	4.02084737698	4.11149861229	-1.84971465292	-2.58436271348	-1.03755294804	-5.14102741365	4.87796793756	6.51370545571	5.08826900658	6.75417404605	
3.31551513775	7.07940811035	-2.74859635087	-6.0	-6.0	8.20320625639	4.96650906748	2.98836549223	1.86839158257	3.8310735668	8.99393540216	-5.83278796726	3.70419210279	5.42287183355	-2.23931210851	-0.50201032445	
9.0	1.5697137824	-2.6136363684	5.66161890439	-5.88559256827	5.21997492539	-5.78530993789	1.54222068613	8.87207190113	-6.0	-1.48117791779	-6.0	-0.947572824357	0.809395812321	1.34053178589	3.04785702649	
5.19538484158	9.0	5.24413496885	1.96900450485	-0.511057155626	-2.35607503347	-0.0971912866707	-1.23969452919	-4.43248924873	1.28546750708	-1.86443832515	-5.24548257496	2.4120458273	4.14514003532	2.62467686217	4.37647425319	
4.9051777126	8.84738191842	-2.53474486032	-6.0	8.98749811951	-2.04747456359	8.99848732723	-6.0	-6.0	9.0	-1.52661309356	9.0	-5.271903732	-3.54694839719	6.04261157042	7.78453499322	
1.85063600352	1.62533741144	-2.45507720389	-1.36557520059	-6.0	-1.95528882517	0.739336232519	4.18773181558	2.59472617139	-5.87931195658	9.0	9.0	-4.91404754227	-3.19084952711	2.66298771448	4.38550242468	
-4.91242674636	-1.99788034884	6.45926574031	4.41236004355	-5.32981323558	4.12545746836	8.65684400573	-4.87437845529	7.15916159344	5.81866507127	-1.08649681721	3.33947985824	5.6153442477	7.33539568156	-0.521539134836	1.19749669623	
-0.218854076187	0.515009042923	1.23323031113	1.36603847618	-6.0	1.57196890117	-1.11661932193	3.99566831883	7.74377093941	4.14887852174	8.17962487221	-1.89485044276	4.61302129536	6.34277016885	5.21532654733	6.93442760393	
-1.29213691914	2.47334908196	-2.37876357796	-5.63236185888	6.3803377709	-3.38699597637	2.45542348161	-2.082811583	-5.30386657228	8.36407385703	-2.90301862659	-2.89655790375	6.48929403665	8.21329345838	-6.0	-4.26298227797	
-6.0	3.67007605568	2.79648732555	-6.0	2.31982879906	6.36212092515	5.11001298062	7.50762825316	9.0	5.99064617934	-1.35378300393	-5.77651482102	1.15372336809	2.87505957911	7.29025460036	9.0	
0.730459345075	4.48273771912	-1.33149637259	-4.57567739404	-2.63827770385	-0.310133291342	1.36854463717	-5.34229262682	-5.49046348702	5.66424828448	2.5350635483	-4.86326713663	-5.85367736937	-4.12962363931	-2.43016826003	-0.69162291198	
5.80366174997	6.66885257688	9.0	8.99999379103	9.0	-1.48086439825	-4.89043856703	8.99991979409	8.96887183653	9.0	-1.56980378818	-5.9937758799	-6.0	-4.27866529701	-6.0	-4.27874021442	
-3.68799240957	-0.231254124128	-0.323550672307	-3.1156125849	8.94431375068	2.04159535462	9.0	8.82656685845	-1.70639237673	9.0	6.89090730698	2.65579482252	7.26686955827	9.0	6.29566631758	8.01642697286	
2.40510589831	5.3596577979	5.02831437577	2.92680847773	-3.30457510505	7.13702805038	-0.813012069268	-3.48694975722	-1.55719593797	-3.24511589311	1.08052095355	-5.97160521614	-5.18877560809	-3.46680012613	-2.29951153124	-0.571583756474	
-1.21182848131	2.30894384769	2.38628121442	-0.381443477473	5.43426078949	8.93142321866	5.57775803856	4.80044772791	3.50172180094	3.74827981277	5.02470558954	1.34536993903	2.31993650044	4.00259950556	-3.9053331802	-2.15163458448	
5.24652743288	9.0	9.0	5.75529498352	-3.81460493648	1.73811458465	8.49103045821	1.71591246821	-1.11204705749	9.0	3.72037495503	-5.79606272316	-5.62578939849	-3.90452019863	2.72612224098	4.46456191342	
-4.45802103624	1.34884469278	9.0	4.05784084721	2.4257937451	6.23870200099	-4.99248510566	3.87246207921	3.24853430873	-6.0	-1.49247189183	-5.90449929104	-4.57147071865	-2.85156628498	-0.287839317601	1.43402072358	
1.82798663253	-5.75991174315	-5.90380525496	2.4807711128	5.21098077634	9.0	-2.18273739079	9.0	6.31059843589	-4.87795994303	2.19458484133	-2.32289327579	6.71839860553	8.48429475005	7.28486392257	8.9955610229	
4.17394402356	8.58559675442	-2.42896558028	-5.97577042377	-1.61496879079	-1.94470659135	-0.516878352565	4.06776428387	-5.9200378256	2.36304792222	9.0	-4.52112238713	-5.61830195127	-3.89725526459	-4.96041823868	-3.23889943292	
5.19081395939	8.97510587474	0.443722145744	-2.79244656865	-4.02380025154	-0.89272740899	1.01545667364	-0.263252428942	-6.0	4.1405161682	9.0	-3.62620259312	-2.96860947177	-1.23216386559	7.23802156603	9.0	
4.52200141381	8.26617007117	4.05971582691	0.822611291214	-1.58443966073	0.085914260228	0.233586968944	-2.90388883605	5.69242409293	7.91492741455	0.605461955092	-0.776032639745	5.26850212754	6.9940864957	4.49512324751	6.23265123592	
2.95834450514	5.72952247285	-4.09225000159	-6.0	4.93140385112	8.96354993252	-6.0	4.58119882983	5.19578000791	-6.0	0.465743524673	-3.93414062312	-6.0	-4.2841683234	-6.0	-4.28357461219	
-0.456752593177	3.29357753397	6.73304184057	3.49142672819	-0.0536580946536	7.38747074913	4.44703359691	-6.0	-6.0	-0.210844664999	-1.8537720333	-5.26379681456	1.60096878381	3.32655682257	-5.47587455106	-3.73741596738	
0.961337126397	4.70548447542	9.0	5.76295511543	8.9963628768	7.49945264662	8.72005400523	0.829359568825	-2.61280365724	2.77832924117	1.76121694626	5.1322746697	0.461097783387	2.18604616742	2.88871748486	4.62513444811	
-5.44889957419	-1.04188744539	2.89339488897	-0.649938984972	-6.0	-0.0108147320777	0.76381719214	-3.32506182361	-1.85243058833	1.2207808914	6.18809307034	0.233402900351	0.447829767638	2.17489965644	-0.662408790201	1.05709706978	
-3.48109795363	-5.9558855417	-6.0	-2.54053947283	5.06166080411	8.90011218015	-5.97002761414	-0.0851064467577	8.53145923683	2.22958360758	-1.63091535065	-6.0	-1.74288009141	0.0157722721346	1.84476614647	3.43878891018	
6.71147506641	9.0	3.06165199442	1.54202177673	-1.79313386435	-0.569531729412	-5.07366168184	-3.80303325001	5.40246777507	6.66112318791	0.478847833262	-4.17190889836	-4.34944686645	-2.57441830898	3.76085311325	5.48573472034	
1.52854915707	-2.57650769172	3.76602971766	8.67644424604	-6.0	-1.47651161228	8.23234780031	6.70266032817	3.27489844459	-5.35050557457	4.28977255952	9.0	7.48464525469	8.99631333701	7.34219388563	9.0	
2.27333664912	1.28201577175	1.91393815457	3.76999160844	2.7893633806	2.03818238472	-4.65821288074	2.2868832882	2.84999865943	5.20241759835	7.60214792301	-1.92704553487	-1.53224481123	0.196442113321	4.12528437599	5.84619701252	
7.1033782815	9.0	9.0	7.96827218233	-4.37938344796	-0.32364223326	-5.93114202191	4.36694817832	4.927122345	-6.0	4.56654069078	0.157564492785	0.944991612627	2.66668497174	3.96878202263	5.68989747153	
2.29554187364	5.21580339246	9.0	6.9451374665	9.0	9.0	-2.42545831324	-6.0	-0.68324770873	8.93399641622	1.96024503608	-5.06575172534	-5.70511354247	-3.98166312879	7.27864178893	8.99981454299	
-2.87146478876	-2.23285729785	0.0309259823876	0.258088530737	-1.2649354431	2.69923204338	-2.4203611566	2.45823608281	9.0	3.59500629119	9.0	4.57785981441	-0.286491342997	1.44203677842	3.38889661328	5.10985683042	
-6.0	-2.56673723732	1.90082066798	-0.715601904298	1.9935110729	-1.8713129316	3.74799154656	-6.0	-1.21440304971	6.09713328043	2.00695726525	7.25757627063	-1.22305395352	0.505088379392	-6.0	-4.27791067929	
0.686187917072	4.43612423193	2.58352062276	-0.658838078193	8.43042059892	-0.993713271867	2.31771689957	-5.55451897334	-5.60627122469	7.71296359507	-0.97908659423	2.37473843903	2.58821617251	4.31453288315	0.459357781201	2.19849003263	
-5.99970008345	7.77737740592	7.46632622922	-5.44599005462	-1.55756176892	2.4787443083	-5.86579096457	-4.11295045819	4.35364327236	2.00157478487	-1.58011333594	-6.0	0.291524022517	2.01236288436	-5.2896195389	-3.56847316824	
-5.97583218781	-2.48809277301	9.0	6.05367844451	3.31561216098	7.06243961605	0.24034494003	-6.0	-5.95661774954	-6.0	1.33737148355	3.19801570668	6.73271972764	8.45540975534	2.00022624347	3.73903796516	
5.63693596978	-2.67861733219	-0.193414084148	9.0	-3.90543289326	5.54365661824	-3.52672328827	4.99249072254	8.99841062165	-6.0	9.0	5.03867966549	-5.8711364379	-4.14399821527	2.92505742885	4.64330126612	
0.122347748797	-1.40916642541	-1.17737945213	1.15264130278	1.20154366557	5.34092784848	1.78411450448	6.60217881091	6.07015257638	0.73580519344	3.6524490266	-0.894985191638	5.41459674275	7.19285766777	1.33983715485	2.87385448894	
3.65874278853	3.93810843326	3.08796878753	3.72357049127	2.60902168792	6.51375529638	-0.300555606842	2.78484630464	5.1091308854	1.54321013051	6.56704138854	2.19934411268	1.84833260556	3.36681304065	1.5815254983	3.32613959181	
0.118505195031	-3.15838035813	-2.35596546342	1.83554179658	4.57932845649	4.16291499759	-5.64642558921	0.905667302032	1.27450088779	-1.40634616715	-1.45717163394	-6.0	0.406246604439	2.16643274219	-6.0	-4.40677020842	
-3.65933378314	-1.45474431184	-1.26970127995	-2.53684245243	1.64272319268	5.22360628162	7.79842530708	9.0	2.21426553065	0.953302849537	0.200904061774	-4.31350575451	3.51979930748	5.39385673968	5.74387146798	7.55605091657	
-5.99484888619	-3.10162327787	-3.29762814187	-5.47715794935	8.76655413498	8.50705732489	8.28365883592	8.93430735432	1.84316331051	5.24642743701	-1.42831475932	-5.95410963934	-6.0	-4.24911852597	-5.62704065419	-3.92583677889	
-3.32156676135	-3.44554325176	-2.44901416608	-1.46017069498	-6.0	8.26198967628	9.0	-4.71327199661	0.6036978517	-6.0	3.9278561522	9.0	-3.96113123882	-2.23995856653	3.02340239453	4.74463330369	
4.28102221191	-1.27740016819	2.57588607734	9.0	-1.70151950095	-0.22626948576	-4.34089189537	9.0	8.07907568413	5.46861226224	9.0	-4.18980316263	7.26416037042	8.99395298246	-0.389765480443	1.32996873289	
5.10265133994	2.86814791269	1.33870416496	4.43917177189	-2.20404882408	9.0	2.77069959944	5.73263637762	9.0	-6.0	4.01417682664	3.86293696185	-0.0419523579353	1.68040633609	-0.30467004359	1.41705683775	
-6.0	3.31307452958	9.0	0.420586012024	6.2111627981	5.77485263629	8.91056628166	6.86645805694	2.08732376842	6.37759106014	8.87581156232	6.34688624046	-3.12081906709	-1.38892000368	7.27334075534	9.0	
-6.0	5.03742028142	4.34154072624	-6.0	7.87729439558	-1.09884585734	4.03462859741	3.07521729185	-3.88151604337	9.0	9.0	5.3963065772	0.906543209907	2.62330768654	-0.84805087458	0.876311371544	
-6.0	-2.37276308118	-2.75020999834	-5.97438722627	7.26423328261	9.0	6.95517192576	2.81458021443	2.29460648595	4.5398313311	8.96805209274	8.63812953214	0.0656264033512	1.8174270172	-6.0	-4.23067347977	
3.28189988159	7.03276347947	0.98815008206	-2.25371023373	3.12321441833	9.0	8.49844576784	-6.0	1.2501491921	9.0	-0.248395664073	-0.0036845326274	-1.43306639364	0.293427776104	-5.07637777907	-3.33908405288	
-3.89667546904	-1.00369252151	4.87543948507	2.86121096718	-4.25200866886	8.49160884833	2.71016038698	-4.53181664393	8.70236342506	7.33018798601	-0.0167973226599	-5.14244365323	7.1519913184	8.88709031379	3.52866202211	5.2412411233	
-5.9555358437	-2.24577824025	8.56005240182	5.3610708827	8.04253380232	-3.02475230707	-3.58393871201	-4.66395143195	-5.93810872566	8.99500392083	-2.58377760438	-6.0	4.70183447714	6.42814680046	-6.0	-4.25712361416	
3.56819198764	7.31877330562	9.0	5.75835024204	-2.20531366548	-2.20496923077	7.93520447743	-0.0124478326245	-0.145588667561	7.36861330141	-5.34470711569	-5.53855403947	-0.143925752632	1.58118504243	5.83357485906	7.57281034582	
5.37567520374	9.0	1.41166007845	-1.82162653804	8.58880367434	8.89677899582	-2.03122307204	-5.91663772757	-6.0	-2.25597987143	1.8398114363	1.31124496517	-4.44891256414	-2.71986677659	2.08686185804	3.80724211633	
4.55554950507	7.24055416898	6.22192991019	4.48427801657	-4.61821372586	-0.0468304816036	0.51567033131	0.500027841669	4.91611689089	3.11607136259	-0.026801516553	-3.91790124366	3.78819012082	5.65599042106	2.39125313501	4.08510512781	
-0.696749401345	8.90542684681	9.0	0.265085250462	-5.47122571282	-0.955654057883	8.62153733081	5.33050528089	-2.96953675527	-5.17648824491	8.99887859727	9.0	7.27468348489	9.0	3.76516677724	5.48682651093	
4.53130632272	8.29064565939	8.8407226569	5.59870072282	1.83651336548	-3.10190857981	1.39262823364	0.261096458905	0.174958277233	9.0	-2.60493446912	-6.0	-0.38373886255	1.34772652268	-0.0449842760858	1.69009097395	
-4.33328412958	-0.578886790933	2.28946531481	-0.986295829503	-5.2191235227	-1.95424225689	1.23268341934	-6.0	1.18566970146	1.75794028327	4.75955006153	7.47868716971	-5.06232685193	-3.3693309982	3.36231538674	5.18032587082	
-5.23917652988	-1.76796465212	9.0	6.23237923924	1.18459684091	-1.11820544044	7.44711488691	6.89005345028	0.305648798434	6.21204318013	-0.543508230145	-4.31017004855	-0.048521745197	1.66422371952	-5.16578678034	-3.54791711769	
-5.06531051694	1.51354264454	6.16607006098	0.456090350323	-1.06173247214	2.8172633822	4.14807337781	-0.220750126525	-0.450022160464	-0.897483552537	3.27067998977	3.22008193922	-1.90062897202	-0.172714899793	-1.01767297788	0.700041748284	
-6.0	-2.66081862717	2.86317197155	0.0486954750783	8.99777349141	8.99732940375	9.0	9.0	-6.0	-2.33215331155	-1.73989280998	-6.0	-6.0	-4.27279258349	7.27173900151	9.0	
3.98899281626	7.74280420735	7.00904486433	3.76409583398	-6.0	7.65326477562	8.42262656999	-6.0	-5.99724805402	9.0	8.99999930186	-5.8548119532	-5.43239914964	-3.71121046874	-0.976199269089	0.762325106819	
7.44948905807	9.0	8.86794071359	8.08630334262	4.5827325016	8.93304861831	6.04045054175	7.50745617903	8.98623736927	6.31642531262	9.0	4.86102171459	7.15573724714	8.93361410815	3.33431290253	5.16276245086	
-0.855064959844	0.0521311588612	1.8875885107	1.82713492882	0.801159260187	4.54258493127	-4.18085563159	0.0437472299966	8.55238957061	3.83959144202	4.41262068226	0.129616347571	5.71665253779	7.3873877233	0.466182575607	2.16425082194	
-6.0	4.16822894953	3.278385872	-6.0	-0.533812046494	2.89426896445	-3.60608171576	-6.0	-0.345578237909	-0.110196180836	9.0	6.69866069886	-5.07924458526	-3.35595647148	0.172887053948	1.89295244168	
0.47913893707	1.40393222571	-1.23197517348	-1.29045813332	1.95809619809	3.78984941168	-0.57117397834	4.70545039329	3.29561313701	5.23060633905	8.92942458576	-1.09838201241	2.20491012423	3.93474921629	-3.83210411236	-2.11216903883	
-5.55351828954	8.59958713113	8.60295643783	-4.68507205782	5.15213777245	5.63119781168	1.93276509815	-4.43670542543	-5.98722900694	2.90344055419	-1.7049189626	-5.68839110415	-5.5955252278	-3.87427955955	-3.00245694403	-1.28122047255	
-5.99153945356	-2.46675155465	-2.92219213762	-5.99186108016	-6.0	-2.21728871384	-2.28786378621	-6.0	4.67650764175	4.65437861343	-0.793720626518	-1.37108898143	5.75411615956	7.47018790681	0.195012952055	1.93153916416	
3.65905954314	1.51594157013	1.77788327308	4.89963746261	-5.92047830862	-1.37936069732	-5.93988575751	-0.88411100191	0.693495491251	-6.0	6.74185404899	2.68067943189	7.19430696494	9.0	7.25376325561	9.0	
-0.901690748649	2.02368892926	4.17309688789	2.11390392784	-5.68042015262	8.98615228857	5.98506729261	1.39658118581	5.75804001563	-0.562130281993	-1.25844082223	-6.0	-0.417451855835	1.30494287212	-0.68543534668	1.03935177546	
-6.0	-2.59486566565	-3.01788498273	-5.87217068885	-6.0	9.0	7.7369367036	-4.65029012543	3.41948841702	1.77864977011	-1.90591559366	-3.51290007945	1.63364700756	3.34806769906	-2.07596711125	-0.355150961195	
-6.0	-4.26331973089	-6.0	-6.0	5.7294989185	9.0	-5.98324973474	-2.49770789006	9.0	9.0	2.60881683727	-6.0	3.95181374139	5.69186445738	-1.89461994694	-0.370009738955	
-6.0	9.0	8.99989871578	-5.13484035891	-1.1264580703	-2.18071592201	0.274305758849	0.536427723191	-5.77584552251	8.96476939929	8.93177494127	-5.99967721526	7.2793778057	9.0	6.47155436212	8.19243078851	
5.22105766988	8.97471851234	0.977592660234	-2.2673484016	-6.0	7.8220330412	5.78425447912	-6.0	0.87527594007	8.93460313223	4.72384808142	-5.99990504391	0.98563883194	2.7068308664	7.21017876114	8.9486730016	
-6.0	-2.25238684482	-2.42356859622	-5.66311468777	7.09899420461	-4.00743645681	6.27018559162	-6.0	-6.0	9.0	-3.52839670384	4.22203064605	7.25335664727	8.97998518052	2.67233641217	4.41076993914	
-4.77324255481	8.19672207497	9.0	-3.25753016331	9.0	7.57423284856	2.69709566226	1.68695052824	0.338585205189	5.6654316242	9.0	5.4329258212	-6.0	-4.27501773575	-6.0	-4.28532389248	
7.97695972241	9.0	7.17619407715	7.01822086249	-5.97583814867	-1.60779743175	-3.11324944047	-1.09953697265	-2.55180222097	-6.0	-1.82200798571	-6.0	-4.52203207298	-2.78760007483	-2.02084004222	-0.291372603626	
-5.6183828141	-3.07742861973	8.10785741587	6.42613580901	4.32142625794	8.28310551832	-6.0	0.92263494785	1.44461370852	-6.0	9.0	4.58053291038	-6.0	-4.27396183389	-0.974411534522	0.751249798041	
4.28327487375	7.20953860049	7.76066253953	5.69482944692	-1.41576530979	9.0	-1.3817425751	-4.44940763962	5.60179629152	4.42420135589	2.68298680072	-4.47086561189	7.19298097461	8.91120341855	-3.37873878221	-1.65552987487	
-4.62255358332	-2.75422967114	-4.97504210358	-6.0	4.96789069571	8.99563520044	-5.38309908317	9.0	8.91808790972	-6.0	4.21048446854	-0.237021811741	-3.5949412773	-1.87568269604	-0.250460633612	1.47416207362	
-6.0	6.4479561957	8.99433968641	-2.57301538653	2.29277978123	6.30257642798	8.99710533415	9.0	9.0	8.06623249868	2.09019565905	-2.01410167045	-6.0	-4.2965911496	4.77800312278	6.49340688967	
-3.42297719309	0.33281516683	-2.75318610469	-6.0	-6.0	-5.05725450313	0.0105836736452	-5.93401141778	-2.29491776011	8.54681206833	3.31688217274	-3.14929403608	-6.0	-4.27828427314	-3.0098213011	-1.27025501389	
-6.0	-2.24735922737	3.25328822989	0.00936188477809	-6.0	-1.54095682787	8.3627502744	-1.09899016557	0.0479306272337	4.42394837149	-6.0	-6.0	7.15920822628	8.88463759523	-4.16389841333	-2.42572469343	
-6.0	-2.2602846982	-2.76164709575	-6.0	5.79023167312	8.31274852761	7.47956338668	4.06559559648	-5.17352549512	-3.8064838117	-1.25431658357	-2.35230745775	-6.0	-4.2731777083	-6.0	-4.2589702491	
0.390777295231	1.4872118551	3.01279321383	2.67174941126	-1.33837928468	2.45082861396	0.205550359272	2.39063823102	8.01060044105	5.56172664842	2.94560343709	-1.38500957745	1.77635789101	3.51747326617	1.88909929791	3.51962135663	
9.0	9.0	2.83021163548	3.692298411	-6.0	-1.64780424857	9.0	8.36326797332	-1.29966754754	-6.0	9.0	9.0	-3.92484884024	-2.20125724398	-0.116592460994	1.60019220033	
4.90289457775	0.550343746491	0.546074422107	5.93744497145	9.0	5.14537342968	-2.81606666898	4.94152788948	9.0	8.37599619846	1.91696550677	-2.59701626277	1.76834703656	3.50068697442	-5.15025000808	-3.40637337099	
-3.79443578033	6.43217511506	6.29191188671	-3.06964805283	-2.11826059217	-0.344241032202	-2.06940831281	-2.20912834186	-5.94776100919	-4.1013862625	-1.53537587322	-5.99908037168	-0.999682439465	0.721579609196	-5.89912232755	-4.17775588511	
