5.24528886275	8.99894862686	9.0	5.75555783961	-6.0	5.62957745865	3.56247710225	1.5914961644	-6.0	9.0	2.93169194164	7.66461427017	5.8282308291	7.55011273376	0.740101547866	2.47881000093	
8.28474161592	8.36220219952	1.06876296912	1.75717348589	6.36548091928	9.0	-3.08426562042	4.64511904209	1.27585056932	3.31182875365	9.0	4.64510575804	-5.78110562378	-3.99169253961	6.95856286718	8.83545863609	
-2.51276742722	4.52873278216	7.81809355065	1.64447422584	6.19926648195	8.52717850155	-6.0	3.91966060549	3.39741014745	5.0140744415	7.50000759071	3.07747894465	7.26983085088	9.0	1.94898567239	3.67101006555	
6.03727893515	4.84934793435	2.75925149867	4.75911509828	-5.2914927682	5.7039830591	-4.83368538591	8.8909349372	8.36901217931	5.2727330369	7.74327967314	3.25922948427	-5.76667784566	-4.05774903976	-1.29594546654	0.551264665245	
0.224017413517	4.64107556766	8.66177076263	5.14763729366	-0.157787887558	5.96191655094	7.70599796194	9.0	-6.0	1.71772151749	0.598806415324	2.99353851721	-2.24096316488	-0.492624874344	1.54904510944	3.31109516812	
4.59611761514	9.0	9.0	5.4620348961	-6.0	5.63305371304	-6.0	9.0	2.67756548159	9.0	4.06301631747	1.58705364354	7.27696193692	9.0	7.27784871847	9.0	
5.50239148625	9.0	9.0	6.14766160495	5.04683493363	5.67304694079	9.0	9.0	8.99331590946	8.84408231151	9.0	1.89468291682	7.28332774179	9.0	-3.33248341025	-1.59863319244	
1.14281865272	4.76006896589	4.70551241434	1.71966907343	4.01464045154	6.51319664492	4.84781235662	5.56143357964	0.92719966235	3.37046144477	7.62411189495	3.45957991033	-3.42854894969	-1.71988564748	1.09160232278	2.88030544078	
-0.220817801464	4.337661084	5.95508465092	2.41074806457	-3.28418019166	5.69933247065	3.38793259102	4.73221712818	0.385831090159	1.75772366731	4.03606759396	2.7714988046	-5.29945537947	-3.45406589638	-0.270591683807	1.35182892831	
0.501414157002	4.56548166884	5.25401769318	1.87578000953	-0.287581840227	5.48645170449	3.50089975385	5.33000596923	-5.05142357083	2.39795985413	-0.00161358509762	2.10697864222	2.26690278032	4.05097202133	-1.57680040221	0.207070015591	
-0.153812728747	4.5826351273	5.45906841788	1.64644202755	9.0	5.75570583172	9.0	8.86330033848	-5.99882576733	8.98662621589	7.08742059669	9.0	-1.57740234832	0.0605263846747	7.17702518331	9.0	
3.04927100637	4.2823897836	9.0	8.82675752925	9.0	5.82352566893	-3.59010584665	4.61978538832	-1.51635359253	9.0	5.95934445105	1.58834268701	1.45093650805	3.17814668758	6.20631339888	7.82065559434	
3.94880379256	8.69718232368	5.60748635205	1.72399884024	5.28474603573	8.75917620829	7.16656290607	9.0	2.81262984206	3.28209338665	8.68677129729	4.37430919463	-4.57300564981	-2.85050351289	3.74891971251	5.47045364679	
-0.221506746365	4.62242378325	9.0	5.20884510504	-5.65884698535	5.60427658104	-2.87302680971	1.64955975568	1.75288712837	8.97340359375	5.02266444828	8.72145833569	-1.60278597021	0.153489263714	1.52650210643	3.32973113177	
-3.66799206363	4.51635811112	8.99924246109	1.68774963059	3.81533166751	6.29627773873	4.62710361787	5.28047727274	3.94033935867	5.43899200161	6.93131996312	2.59790487339	5.68380465559	7.4117236427	1.44957161699	3.16845484102	
2.778300775	4.53957709698	2.61928812668	1.72672349397	-0.351990485043	9.0	-6.0	3.99326027889	-2.01895540036	2.2168063797	9.0	4.60617085846	2.87947452601	4.60346103595	4.0559114404	5.77413550209	
0.626131024111	4.67859607314	8.69725188973	5.38639164029	4.79315686979	5.79145409801	4.21501659108	8.97024734316	-1.89614349802	7.35531899841	5.51503696768	1.58243638854	-1.78130281392	0.0884558649018	2.26469196933	4.04358404059	
0.141633951423	4.55153451888	6.66000547183	3.11489688393	-5.94422725427	5.58219117668	4.60889761332	2.09541149177	-6.0	8.55385810735	8.86921448954	4.33197659791	6.41670583509	8.14409844062	-6.0	-4.27762121556	
2.7692103734	4.28965720623	3.4538194188	2.98394580921	1.10864878241	5.47406592666	-4.57268079453	5.18340194721	3.88235783584	8.99118482168	6.01678938752	1.56786922221	5.73421386629	7.50136857223	-1.44005873817	0.3135624504	
0.993132294618	4.53956133258	7.07122186117	4.38988991136	8.98954418724	5.9336681938	-4.56445606142	8.47218397311	0.30923941812	8.91089606685	9.0	1.62643793966	-1.01520668233	0.719375277142	4.8464591907	6.56688270714	
8.72202865829	6.35356869972	5.41828703298	8.61165921172	1.37884549521	9.0	9.0	8.94956820665	9.0	2.12440252428	5.80892742558	6.97346106941	6.96390540268	8.72835109718	3.29559597817	5.01252760999	
0.181315878157	4.57231556875	8.38603454627	4.86104410992	7.82791999992	6.00083747679	1.79227120217	1.63265331059	-6.0	7.64495430286	8.10906590238	4.36736477666	2.64009587904	4.36600347052	-4.35140660681	-2.63339082714	
-0.061294633187	4.62847347486	9.0	5.30118637071	6.70654528745	5.78872739093	-5.68226251327	1.71134127349	-6.0	9.0	8.40358239327	4.88090812258	-4.14644719018	-2.43349772137	0.596086165233	2.28015572676	
0.397007118228	4.87341631959	5.25603790481	1.75821684955	1.2817378776	5.72860715043	3.34006739337	5.79074915584	1.12859782236	5.42764707893	8.42769756006	4.99655583256	-3.72153556475	-1.99935833853	1.06107364848	2.89254385527	
0.325780107133	4.52176125056	5.05196872261	1.54855233689	4.42967070571	5.67905848518	8.82961529889	8.48835572442	0.299674192422	6.70507993467	7.02233401683	5.30826998577	5.9366043589	7.79055347224	-6.0	-4.19787636627	
1.87061555509	4.73343695974	6.10847423443	4.12875853831	-4.47398361943	5.54157190482	-2.38745288276	1.8975878988	3.63847197001	2.18371525109	4.63135270285	2.25888512157	2.42140104594	4.02262508653	7.29575596652	9.0	
-0.292766913238	4.34825887071	9.0	5.18909278377	5.73379183308	9.0	-0.135252871261	1.815566445	-6.0	2.28270526482	2.68304839885	2.02012916871	7.2558384744	9.0	-5.54962618049	-3.75918255514	
0.27509800431	4.407008489	8.99996327419	5.97278723917	-5.64917795177	5.61914337318	-5.51062590948	9.0	-0.147456265922	8.09337877079	5.85620439292	1.57723384289	4.79245544896	6.60897899123	-0.243049226068	1.34391345157	
4.04964967446	4.85442726817	8.66590403167	8.85587321683	9.0	6.81902472633	0.65140199057	3.703852927	4.37892868924	7.53798516713	5.89266916457	1.50382643225	0.0124005702956	1.73636663482	4.54591360611	6.33936239019	
-2.49397282116	4.51378169725	7.74280811119	1.62923200315	4.02002525476	6.1475917006	7.68919498081	5.51977000931	-5.99972728183	3.59100276241	4.27447946432	5.66581192258	-0.623466046803	1.10055053266	-5.89578148194	-4.17091008886	
-0.0980379862134	4.54935778637	5.44051129078	1.78917188826	0.0828247528423	5.89096717553	1.87502627946	2.28055266235	-1.33810642616	3.45511099052	8.99089433784	8.83985969079	-0.21934032839	1.50588240384	-4.2010293462	-2.45714265706	
-1.19530524586	4.53260876977	8.96032538842	4.09735704935	3.56119448736	5.58289713901	-6.0	5.34897907817	1.23366616751	6.91405614161	6.04248641253	1.61987356585	-2.05007760363	-0.321492556574	0.230224013903	1.95124333276	
-0.306936439021	4.25601026517	5.15363157815	1.6094367795	-2.93332163798	5.36388848677	7.79050794696	2.2231370634	6.66780387489	7.55086383503	4.02078633659	8.73840058702	7.09855201112	8.82292289076	-1.89706701196	-0.199770978767	
2.41940931374	5.33290183614	5.23395464149	3.09862492119	-6.0	5.48513825503	3.8087017012	1.84867826172	3.8466294018	2.6255227549	-0.0422548685602	5.31558843462	0.409312408511	2.13157023955	-3.74372624506	-2.03269077392	
-3.56140562717	4.52952950688	9.0	1.77537436138	-6.0	5.57827226604	8.99918019011	3.04892449039	0.810330079254	8.98710667577	-4.00691919088	8.13573233456	-6.0	-4.27167098489	-1.73353273258	-0.0115735351983	
2.2028190479	4.69114612505	3.35581749064	1.70807984008	4.91162695048	5.98280699155	-2.80536151633	6.5299462841	-4.34221396334	5.7527525776	7.24638651677	2.89784624702	-1.52764617151	0.242322087253	3.17402916873	4.89327928789	
0.1170309558	4.52533419904	9.0	5.45829710894	-2.87473583361	9.0	-5.86734171036	5.36994247737	-6.0	4.55773527387	3.69255174707	1.6063980614	7.27442076624	9.0	1.14359031699	2.86175432747	
-0.109947020377	4.55731553949	6.39388610772	2.72900372068	4.28964051628	8.31709842894	3.14467489779	4.69001232993	-6.0	1.69825953534	3.24489166803	3.0965875632	0.250109860156	2.12480210749	-5.03145172003	-3.45056044436	
0.0926214480425	4.52234543359	5.4527632456	1.80474562989	-6.0	5.59815514425	-5.72558949993	3.53280778933	-6.0	8.99798027297	-5.47750469783	2.05609007489	6.70947099331	8.37529329178	7.40393089268	8.9331293584	
0.822840859096	4.75307319109	5.20724969155	2.01886944149	-5.97732853467	5.79675180255	5.71402042646	5.39620032596	8.95506334936	9.0	5.79886486502	8.82750486854	-0.540811653577	1.15780164984	2.95977605714	4.81506344782	
5.96064975763	4.82459911748	1.767130847	3.77124207257	4.46950103322	5.62621522793	-4.60838324598	6.00154258543	1.75490587826	5.56817769394	8.69302447325	1.63355906809	-3.39287025039	-1.65517130397	-3.74933054201	-2.02943633691	
0.139355402186	4.54807920387	6.69773850129	3.15333374698	-5.80619646387	5.58366608156	5.85589769009	1.65122327293	-4.68495944221	8.96295220881	5.78751148059	7.19488971403	-5.83303417775	-4.1040508447	4.17141200774	5.89239387529	
0.134702577244	4.54259705499	8.99059525655	5.44738226597	-5.37495088223	5.58542306936	-4.68536052684	1.90686233453	-5.9455638641	9.0	1.5643026242	1.93363652554	-5.71284138315	-3.98280216295	-5.99137310016	-4.27048743612	
4.64647390956	9.0	5.07780970234	1.5878212073	2.99104089527	5.63721330586	-0.410142240307	9.0	-3.60876094529	5.04517584094	8.35888698707	4.91427339713	3.27722351838	5.00049722784	-0.998792687042	0.722484595219	
8.75650740473	9.0	8.36897583088	8.98958771378	-6.0	5.6323263218	9.0	9.0	5.75007915941	1.58783337995	-1.02708230046	9.0	7.27792445583	9.0	-1.13534994334	0.587052839971	
4.466171056	8.21682284937	6.54640590184	3.30914667755	-5.99447235843	5.63906622585	-4.75010458953	1.60296058865	-4.98151392255	5.57554057589	1.38788442785	8.80331127536	0.619889606982	2.35501791532	-4.99158671382	-3.24492328996	
5.58021859075	8.98059416355	7.75891255253	4.91560593645	-6.0	5.60349763272	-6.0	1.59432086227	8.93979234713	9.0	9.0	5.13268242435	-5.32488464224	-3.60048570497	7.2598561145	9.0	
2.59682473904	6.35703153801	6.32000319566	3.07734759233	2.1666039703	5.64461715202	-1.08696583156	1.61759361806	-1.8391678379	5.44001386006	8.7932625353	8.40188909897	3.72142393125	5.45647846579	5.28262620826	7.02754688758	
-3.30311166009	4.53142878769	8.60305269543	1.63419226358	-3.02466072145	5.5790054011	-3.0373012614	8.40624336081	6.09780907515	8.52074514166	7.48342207769	3.06226391597	-5.99998636091	-4.27188280918	-5.97047588451	-4.25137486288	
5.2490192595	9.0	9.0	5.75785350855	-6.0	5.63176368371	-6.0	1.59210115395	-0.203747280464	9.0	3.76673106431	8.59457339339	1.27299430114	2.99863741305	-5.99971192569	-4.26144164799	
7.49702490668	4.37939355675	4.77733295327	8.66011688736	1.76845592271	5.53736126063	1.01257042469	9.0	8.82584716836	3.6966148918	6.11159776418	1.69309450482	-6.0	-4.37004539337	7.30757529873	8.94993992002	
0.881427464324	9.0	8.84274126694	1.58926626086	-0.165056715152	5.63254396775	-5.66410470027	5.04602290622	6.47385150798	9.0	9.0	4.57985073042	7.27893521673	9.0	7.19231402476	8.91377019572	
0.680681778116	4.52747825853	4.67785759399	1.70203180921	-6.0	8.59551338703	-4.41498654669	4.0555688494	1.04351273563	2.41205240351	9.0	4.74313305237	3.95765614155	5.68858686223	0.268889590448	1.98697246443	
-3.6769648381	4.55388876609	8.99641489293	1.62539952184	8.26217507197	5.66967917577	8.96948479349	8.91865852144	-5.97855291575	8.99990113054	8.99986862639	7.7550600438	-2.46243180335	-0.736763664495	-2.58187714708	-0.8557911988	
0.684903494126	8.93734181639	8.99399775011	1.60786722196	-3.7442066713	5.63329181899	-2.43155306479	2.98017176687	2.63089885284	5.0372529597	9.0	6.01967097621	-6.0	-4.2791323934	6.7844376036	8.50663279815	
0.924738381976	4.31933554843	4.17684358734	1.72004855693	0.713367857559	5.340524611	-4.10567116028	2.33422715724	2.89615820929	8.14618118627	6.2556131449	1.87034991058	-5.42070448519	-3.72885044831	-3.46164927789	-1.74072158954	
-0.00651296486547	4.52354694053	8.88669915272	5.27769959075	0.88299708778	5.59198518196	0.346538175605	3.94086010636	-5.53928732652	3.31805683601	8.28837899128	1.64255949381	0.577530743905	2.30279097454	7.29656083197	9.0	
-0.109202431714	4.27680036029	6.33158007402	2.82543043582	6.33453318972	5.33359176708	-2.99922040494	1.46342977427	-3.19280782923	8.15732861829	7.11845958011	3.30046319331	-0.158594787453	1.60175247198	1.13408786109	2.88362777287	
0.611067118754	4.74003124958	5.56800142948	2.19948543928	-1.80499170427	5.77417744242	9.0	8.71329512605	-6.0	1.88631519646	2.8352157151	8.98177388217	6.94312539546	8.74723188764	6.73142285428	8.33927954654	
-0.248956260927	4.3962724403	7.41380556322	3.75654500956	-2.71482519069	5.68387526279	8.89151407067	9.0	0.135047390594	1.55672519641	9.0	8.32161025666	1.99181553195	3.88993325347	3.41544997764	5.06373873276	
0.122520357177	4.53139290547	6.24592008342	2.70289317073	5.5853533003	9.0	8.92858807467	8.99766578313	-1.66971023673	9.0	1.17925897698	1.91132971796	-1.0893498941	0.635615684587	7.27818526525	9.0	
-3.6178728757	4.57241800044	8.9782986643	1.63997445021	-3.28667950376	5.60910346073	-5.17852877576	5.09478280662	-6.0	9.0	9.0	8.97667630415	7.26684222957	8.99898634405	-1.72263586781	0.000993304913197	
-3.69509072752	4.52936165936	8.9899008948	1.63195433429	0.960238893711	5.58292733635	-6.0	5.99634885187	7.2101777973	8.67513717033	9.0	4.57742170438	2.1252541795	3.8534327714	-4.42211829655	-2.70187013806	
0.451292459465	4.89948613705	9.0	5.3372085913	0.922490762899	5.67370287449	-1.33363579885	1.6918231773	2.24045195779	8.38977238047	6.96938100004	5.26787666495	-6.0	-4.27797170731	2.63784854641	4.49054181435	
6.08188661263	9.0	5.90096181488	3.84796763335	-0.295719157331	9.0	-4.26823107318	1.610712276	2.7057812429	5.20325882969	9.0	4.61468720434	0.40872438773	2.13377538447	7.27860714057	9.0	
4.59161536372	9.0	7.95695698546	4.4122858027	-5.56113933392	5.63618531708	0.674587432215	9.0	5.66211947047	8.77200894558	1.04811260103	1.58909629817	7.27869467746	9.0	7.274068074	9.0	
1.34853053895	9.0	8.92036759669	2.1339507815	-1.74394195782	5.63201456299	-5.19214431027	8.09979653657	9.0	8.59946840166	9.0	4.57981569731	2.02742319999	3.74819795815	7.27845687127	9.0	
-0.13920739535	4.54004780681	5.26094501804	1.58582299499	-2.08255780823	5.66263415537	2.74083672373	6.06969471867	-4.55001993273	7.79562096705	-2.35092614642	4.05067288113	-1.60979156204	0.224225943457	0.0912087598366	1.83429219376	
3.2554186831	6.12897737521	6.05818015504	4.04920024435	-3.56951662243	9.0	0.860889338272	1.66505411448	6.05279459362	4.53301350859	8.83218841887	8.86379107593	-5.99947110658	-4.27286800289	2.17336695753	3.89390491191	
-0.28936109265	4.31766489876	7.04912624474	3.30344127511	5.55493027821	5.38451542247	-0.435345458773	4.96187762871	-5.99395220338	9.0	2.32175860318	1.58563549479	-0.549451829238	1.13037034115	1.14803651894	2.83507950263	
-0.132061442856	4.34380018585	4.99549323279	1.54960985716	7.27278416828	9.0	3.40286868133	2.87040017384	-3.08641384146	3.80793064236	7.16624112716	6.26206994776	-2.11485673878	-0.224836018724	7.29524698038	9.0	
0.255843086919	4.26438359588	7.37543253993	4.18832953053	-1.28312396431	5.58710169923	-0.143860669365	9.0	-6.0	1.5582453382	8.9940221919	4.85185178003	-3.76469336278	-1.9668779718	-4.15204468488	-2.37389600896	
-2.75112434095	4.53479598374	8.05582680904	1.63702781933	6.66018658834	5.59299102294	-0.777884898602	3.2332254906	-6.0	9.0	9.0	6.17287623294	7.27117453103	9.0	1.26108622899	2.97920310877	
0.35268603695	4.54650582965	7.18137580629	3.67309835136	-3.80222512215	5.7533084264	1.42721844384	2.49261694997	-5.97526316308	1.80832783088	-1.98135311768	4.46545588685	1.69875668623	3.36506841317	2.49734703053	4.28247431785	
0.0988599840765	4.52013159477	9.0	5.44729315333	-6.0	5.55994979563	-5.96330495335	8.97093910484	-6.0	7.09417598745	9.0	1.60882953451	0.728723353475	2.45471290818	-2.83773734325	-1.11306700312	
0.0566316174326	4.37473142948	5.69495177181	2.20113286027	5.93624746969	8.36818652737	1.16206328636	1.89658279826	-5.38464667018	3.15749570508	1.91705792758	2.35593843173	3.51279723231	5.1919155997	-4.91114002025	-3.06313147005	
1.43636240167	4.53454343189	6.26441130337	4.0308986444	5.0360496338	9.0	-4.88331637982	9.0	-0.70668253624	1.62094885356	8.9983232958	4.57530454551	1.81219352183	3.54121123358	4.27097481759	5.99248743801	
-0.270584774907	4.07485731621	8.95553510361	5.62511238236	-2.209779177	5.17547291141	-5.9986168376	7.76646602851	-2.87292202551	8.92780712126	5.69098576761	1.47800303642	-3.31438525178	-1.65459973602	7.10573916931	8.60257507955	
-0.0775711554688	4.25440677925	6.60984968525	3.19249966616	0.573418523468	5.42450050197	-6.0	1.86662732297	-6.0	4.05062567011	4.65904372156	1.80492483827	-6.0	-4.30485981478	-3.54756640139	-1.99152286767	
0.536476442476	4.91605511537	5.35093236941	1.78815235986	6.96156678797	7.6287283449	8.61079303107	8.86501531594	-4.91531795022	5.04406041443	2.16662346266	2.92995400757	-3.98193253698	-2.2195677796	-0.876934827699	0.952286106593	
-2.2283135892	4.53306709705	8.12158515249	2.22543139102	9.0	8.04623308784	7.22660936618	1.74908760546	3.99325629354	8.31257735414	7.94519844995	9.0	-5.40793856124	-3.67954236716	-6.0	-4.27916881924	
0.49077070035	4.43018674325	4.87397280117	1.76681829191	6.12837714099	5.47203884276	1.05615816912	1.83615279273	2.36527903788	9.0	8.98807537265	4.96915106167	-0.272822067155	1.44223707375	3.42447390826	4.9661923135	
-0.398259343425	4.38042043875	8.5286198309	4.76798826564	-1.05439227735	5.51523924728	4.29049418637	1.62715244726	2.01039496984	4.19266711872	4.20211204766	5.21074184305	0.655009423032	2.48157625588	1.60591307203	3.35737984666	
-0.244499148857	4.53139048064	9.0	5.08935210172	-5.92719187917	5.58015853742	-5.51886375622	7.90270202894	4.70374207735	2.7254259144	6.09018491794	1.6678663852	-0.701737618214	1.02687651661	4.22249809643	5.94372243063	
-0.306399280958	4.38750965393	6.94760410982	3.26172441538	-6.0	5.43306097515	2.82882770899	2.48767079025	0.433400293137	1.57507384702	1.31903549126	4.06231256472	5.32127846269	7.0896110563	-2.1002452845	-0.284893750225	
0.727902303954	4.31428115161	4.16053901266	1.4656818179	0.562389832193	5.31656395171	0.272423340047	5.70393571099	1.42128673235	5.85425628547	7.07531561228	2.79625624926	-5.44295666802	-3.69623668141	-1.82024718486	0.00959995490918	
0.13229325162	4.53290640164	5.14829542511	1.61023298358	-0.951150982896	9.0	3.68605861613	4.91974888618	-2.33088957952	9.0	-2.01131282328	4.76129492577	-0.635445162071	1.09528519499	6.0017886366	7.72297097953	
4.00322719386	8.43025204875	7.31040825675	3.75669022663	-2.52999410911	5.63840032764	4.27134959796	7.59809975268	-1.16563260136	1.65137448222	0.8825290676	2.49994864207	1.4096469895	3.13445314697	-1.14250598995	0.584942828176	
0.673499965856	4.73436346907	9.0	5.64432182177	5.12536716302	9.0	8.99194444117	3.03945494089	-1.20197787199	1.72253533655	5.62072323823	9.0	3.29660184392	4.98900113207	6.58113572795	8.27632955824	
5.42857971266	9.0	4.29854702407	1.59179971278	1.14675604982	5.63468708896	1.72051068216	9.0	6.76899702821	9.0	9.0	4.66854805034	0.940241004237	2.66328111115	3.6479440454	5.3689294203	
-3.19761298526	4.53749519326	8.79406129376	1.92333972254	-4.52596998203	5.58613656948	3.20934026121	5.10898415514	9.0	9.0	8.99824032808	4.76431250719	5.01308497325	6.74218714553	7.22942950788	8.95105578885	
-2.83247419721	4.54143310254	8.14666775937	1.63755509567	0.264267714274	5.58920550273	2.00657223242	3.14081861317	0.383469878379	7.4719613274	8.99982763138	7.43481284655	-5.96005677081	-4.23130585266	-0.591738397122	1.13512502982	
8.1324223326	8.99873615446	9.0	9.0	-6.0	5.63589646137	-0.688297287602	8.97628250797	5.13411998445	1.59063003824	8.9921883037	8.99993321456	3.15337295975	4.87795625292	2.54389100141	4.26668182836	
5.2562098694	9.0	6.33500118484	3.09950258192	-0.724620879788	5.61961503649	5.58404617097	4.27787877989	-3.4461444702	3.96114061343	-3.75557718974	2.92221599596	2.31639099187	4.04374302664	1.28422687029	3.01591729938	
0.998027737393	4.8472236453	7.12895930722	4.04202624791	7.19041225125	5.72445373558	-2.24352730447	1.87535771543	-1.02964603078	8.95277607871	6.2871989666	1.98991008111	-3.89837495546	-2.0341722924	3.19235831967	4.89014877952	
6.54431294054	9.0	3.6911109458	2.19725285072	-2.48001363986	5.47040216402	-5.60092845812	2.08540692352	2.49936903063	3.51369762577	6.67114060425	2.23393010549	-0.759479286751	0.935818090755	1.05842307616	2.61176771812	
6.78488556881	4.83484523719	6.33317952126	9.0	-5.3309565523	5.71335080579	-6.0	9.0	9.0	5.65634465184	6.07964436924	1.6891784511	-3.1439836832	-1.49596215961	-0.367290525806	1.49295420187	
-0.402721543917	4.35378104237	7.18001582134	3.39342892606	-0.23954839549	5.52692323633	8.97481042711	2.30609407396	-5.46547404695	1.71884148518	-0.23770068084	9.0	-5.17440572029	-3.44716611033	-0.585904915041	1.15631722553	
9.0	4.83432888899	2.95821553827	7.98939102457	6.38364350088	9.0	-6.0	8.99665856902	9.0	4.01697977663	6.06059593511	1.63797691721	-5.76756706206	-4.03897741508	2.44918149959	4.16998643096	
5.18283105859	8.93622921861	8.53291295454	5.29095015458	-5.52858470584	5.62925034176	9.0	1.91190781284	-1.6480268833	3.49009425407	-6.0	8.96897737627	-2.02836729036	-0.30132368094	-5.47757509742	-3.73930189441	
