6.34812276408	9.0	4.88407761012	3.20031653315	4.59026091729	7.82809895107	1.19927955148	1.63879972036	2.82263373199	2.43407352368	9.0	4.62927475768	-5.64598407427	-3.80584628577	-3.32982020497	5.8340391787	
2.81079907868	5.7738686237	9.0	6.90107120293	4.52798839189	8.84676634852	7.00865512453	1.62474145402	8.69479345022	9.0	8.61257249307	8.38830546784	9.0	9.0	-6.0	9.0	
-1.62631125938	4.53316663676	8.59087670991	3.29598189123	0.755043552005	5.64224275241	6.6894492871	3.90524424754	6.61974404427	5.17051304559	6.4511861605	4.8153544609	2.29456434608	8.89969011121	7.48797319598	3.14477844942	
-0.889225886604	4.5383550599	9.0	4.43656010093	2.00054084379	5.61521597869	4.78559802516	3.44932871488	7.04516440983	6.86534570772	6.06275513599	2.98313913727	5.70057960263	8.04520356224	0.767341980626	9.0	
3.73115311144	4.53155948608	8.93418175552	9.0	1.74362137569	5.61865663243	4.55242523791	8.60073707401	8.9995828037	7.46113655517	8.99163663309	1.6193160613	9.0	-5.86162177095	4.93527523595	-5.99604966656	
0.821283476629	4.36374076313	5.12291920699	2.3946832501	3.76171560047	5.60315375732	3.27476125918	1.82820003865	1.98495221157	3.9699730503	6.9337496919	3.62643533168	-5.23434109389	0.75690671766	-4.55968102963	6.61358852487	
4.76985575968	5.63648108628	9.0	9.0	-1.57376988148	5.6263611684	1.07473425007	3.81365675291	9.0	5.45223783243	9.0	1.62346146722	-1.16822096789	4.32352253884	-6.0	-5.99873792773	
3.2689031082	4.76774260742	5.66502897224	4.9711981114	0.944509480811	5.28429672767	6.26558900318	3.58536574152	4.41707198893	1.58251770461	5.60507721038	5.84135599715	8.94787976008	-3.16679367545	0.0977420497519	1.65575989368	
-2.57076932327	4.53640614205	9.0	2.75796208324	1.97966991772	6.08645953646	2.78029798983	2.96321273726	8.60498364671	7.53304241121	7.59374857839	3.39264024245	9.0	-6.0	-4.87099335852	9.0	
5.35489516819	6.13376547052	5.23775303097	5.37564714818	2.98394599428	6.99086230646	1.47167633614	3.94053406389	8.99831211354	5.73414439391	6.1470459989	1.79566971096	4.41136435902	-5.99922744261	-0.766769503715	-5.9999973004	
3.84215594348	7.72990021727	7.5373617254	4.42445008269	2.37666650607	5.74012362977	4.93060054531	4.60303507182	8.69005039284	8.9244581488	6.28561654678	2.10798321081	-4.83206360265	6.96116280774	1.39508871052	8.31353873664	
3.30409768174	5.8896594415	8.96304978301	7.32276875952	0.902972831047	5.8066326689	3.1802144578	1.81756228915	4.37141573507	2.26129811459	9.0	6.47012137131	-2.17776806265	8.09395228684	-4.39365412338	6.70638559501	
1.25585987389	4.33866166031	6.8407702778	4.6158731012	1.13777734509	5.58779765863	5.98156597775	1.74023812524	3.57063757451	2.49821435111	9.0	8.99718032807	1.49265976577	9.0	3.86295055562	5.87562046068	
0.68458778396	4.19970554933	8.88324274055	6.2242676785	4.7468470775	8.5608180304	8.78173652708	4.42476075583	1.86170338801	1.55636533239	9.0	8.93111597043	-0.574265435345	-6.0	-1.56901363025	9.0	
2.87472133424	5.75496579722	4.5128100274	2.5218109352	3.64238643178	6.65640413978	0.836901787763	1.62955749752	2.77127316973	2.95142684825	9.0	4.04310610445	2.29719560224	-6.0	7.96527715897	-6.0	
0.830681271711	4.45952090319	5.83288674501	3.14028459568	1.98950028896	5.92269141489	5.30226399678	4.93628742621	1.88373382912	1.6372613285	9.0	4.66069112026	1.05246682898	0.565118678081	8.53113875234	9.0	
1.49561310175	4.67550006634	9.0	6.664967684	1.39372306671	5.45818107133	1.1469158603	1.56243841205	3.49167999333	2.90991114095	8.85333619717	4.06330608312	2.29957474326	-4.82361874109	-2.13298606278	-0.437348869466	
0.61342672234	4.53135663864	8.85368590291	5.80275123445	6.37950907234	8.99504091528	7.32629906558	8.11856981657	0.0834246742155	2.99155435612	8.99836744042	1.69952742224	-5.37158962342	8.40900442538	3.78504212022	1.70063242412	
3.13076892867	5.32309960617	5.23895935282	3.95655308016	8.24877928689	5.8387897801	0.62461871768	2.08232006398	3.34194766891	8.09064346965	6.55348845585	1.7911610085	-2.47706330545	-6.0	0.890653244968	-3.09969433273	
2.78653041008	5.9796782085	8.52490844566	6.0737066358	7.13340636327	7.96395096755	1.33763001243	1.53178652512	2.47295798665	5.04015389305	8.53050868229	4.08708876021	6.0820846977	-5.999800633	7.53462718551	-4.84213246131	
1.06010681152	4.35584353328	6.17037260627	3.85019794221	2.26129129222	5.51387867693	3.18196596863	2.91237117258	9.0	9.0	6.31505558085	2.06821175572	8.99875272469	-2.41221152211	-6.0	-5.82383066717	
1.46673420756	4.25784390005	5.23710308322	3.24299757354	0.9889659664	5.57063264854	8.09440648112	8.36102038902	4.08453094551	2.52435983628	6.40792772214	2.20525266663	8.04407271805	-6.0	1.39426265029	-3.31743696345	
0.801291806533	9.0	9.0	1.59697654593	9.0	7.10182179593	9.0	7.37523703901	3.22457299869	9.0	9.0	5.89759524296	-2.29361574914	9.0	9.0	-6.0	
4.82011199121	9.0	8.86777639439	5.48943209742	4.89750688486	6.55637217854	9.0	3.20792619004	-0.787276814157	4.03203571565	9.0	7.39395251231	5.03158710975	3.35398066465	9.0	-3.447123502	
2.63899483636	6.08757034579	9.0	6.31810765819	4.25648433451	5.93040590293	1.85888739891	1.68385542235	3.58201864965	5.33603199761	9.0	4.85849988267	9.0	-6.0	-6.0	8.42762407436	
2.81340957514	5.72141094333	4.48678819792	2.40716619764	3.28170787315	6.28736917407	1.05072897041	1.78816475129	8.99894550616	8.98836123918	8.9557955474	4.16806090763	-5.80157142793	0.386631046929	-5.71237770871	8.34441384893	
0.440700113593	4.5197211625	6.41088324474	3.19615778078	4.36856618041	8.17181996817	2.65623307339	2.71593737487	0.180515144967	1.78591995466	9.0	2.54983847579	-0.870450189478	-2.9085138884	6.76303783364	-5.82128565054	
1.8598133647	4.87199555072	8.69579713793	6.45592857553	5.88151428617	5.79566559197	1.48428758178	2.09194612152	4.00698406158	7.54144903903	6.83665731455	2.00633511514	4.37460732109	0.604514838167	9.0	5.13173745264	
-1.53910522353	4.53264691633	8.99199116581	3.78443960047	2.51704092825	6.42253924367	2.77519867878	2.20349891158	2.35552352616	1.78965943081	7.42685235175	3.67774942296	-4.59558391791	3.4137842394	2.90718978053	-0.0591314878097	
8.47941492003	8.9968248411	8.4784859232	8.82764624776	0.517922731854	5.61068783864	-0.184987199704	4.02246172666	9.0	5.88557385451	8.79124382569	1.61996169671	8.71049847096	-6.0	9.0	-5.73698682849	
-2.59767662261	4.52107107811	8.79943847652	2.54549156469	6.11454497692	6.63380259451	9.0	8.99201006839	3.41131713454	6.04295263913	6.09374582288	1.97100926472	8.99991392109	8.20986507156	8.99395844599	9.0	
2.33432494988	4.94020720818	6.06980954752	4.32538162012	2.38263311766	6.01805192565	0.830040944581	1.96032854078	2.637248708	1.83714127292	9.0	4.05447990283	9.0	-6.0	-1.83383548667	9.0	
2.26346223719	4.63932709136	5.98377819174	4.47465385237	1.55827700042	5.98140420763	7.85481799292	8.98401064074	3.61995898779	1.80097556258	8.94438519428	4.26445358831	7.43473504332	0.739393852437	-3.02663734382	0.906658295998	
4.05817390672	8.76970580636	9.0	5.08943282287	3.33639331614	7.34346103405	7.45366663131	2.93295189684	2.48920157242	1.57939566067	7.94615352358	8.42734504298	-6.0	2.15740518686	0.745591611625	-6.0	
2.69100131226	5.63729985887	7.61784243707	5.53695335316	9.0	9.0	7.01382564918	1.61228087613	4.4512397578	8.98192819813	9.0	8.88769375641	-2.18513425949	0.539977562195	-6.0	9.0	
0.949436210417	4.53742212681	4.53223622955	1.76882907868	3.22724690373	6.33209548395	6.44814256386	6.30519104814	3.07198322652	3.57356962354	8.11586072166	3.84621978849	6.64997801407	6.95763193568	6.29933443498	3.43574427636	
6.28801162521	8.70786722441	5.40923415785	3.85411037158	-2.04467526482	5.67095142791	9.0	8.98552417527	9.0	7.08331173138	9.0	2.22155796636	8.76979015357	9.0	4.0045529932	8.99999369133	
4.43905690135	7.29483696133	4.98538041141	2.94771548101	3.22320771217	5.76521205781	0.689662057992	1.66525695889	3.01138889905	3.46673082217	9.0	4.07087026221	9.0	7.53603132814	-6.0	5.91606964616	
1.24905526821	4.25102450664	4.7153840092	2.66132801106	5.15111070443	9.0	5.48986105801	4.64960408006	4.53675733638	3.53303385687	9.0	5.85323402558	0.228822650508	7.31221217118	-6.0	2.95242253903	
1.30485460414	9.0	8.90347621932	2.07347627062	8.66540353232	8.73368189143	8.93687868731	2.10805760941	3.98897853721	7.48601359281	6.56605942908	8.84622770134	7.76891560686	6.86048498841	-0.930889447576	2.61180769246	
0.881954585664	4.35879661252	4.51236946932	1.87304894686	2.37274559273	6.06987003632	9.0	9.0	9.0	9.0	9.0	4.43494269728	9.0	8.99761376527	8.65533832705	-4.60488007928	
0.788891277015	4.30275716893	5.01116029023	2.26383287643	3.35769929974	5.48081802514	8.98457080538	2.25168103441	3.51702983147	5.16918370608	6.30159897133	8.35507665001	-5.96663995331	3.54311133788	-5.80929717424	-4.76909523729	
7.80772658909	9.0	9.0	8.6909391205	3.54853699939	5.62973971898	-0.0619475583691	3.32523371843	7.76292459574	8.13327116492	8.46365062189	1.62666164453	-2.24373099718	-6.0	-5.99740043642	-1.02623184296	
-0.899281167953	4.5540180103	7.04120074689	2.44864899295	5.62825639003	9.0	6.44982311712	5.00380785796	2.41104864932	2.4993312875	6.28887240871	3.3017655341	4.50854100815	7.17913916252	-0.0496275158611	-5.82331652691	
6.34377516445	7.75452393727	8.94985336607	8.40629812573	-6.0	5.59069679855	8.99747296347	8.96267179336	8.92100728789	2.26524653798	9.0	3.12101857815	2.09640981819	9.0	1.13926346725	8.85693633363	
1.75058123134	9.0	8.98095796706	2.59650446154	2.73744240995	6.35220294988	2.15417659965	1.81237143852	2.68720580655	2.45309398399	9.0	4.97635350533	4.63025207926	9.0	-1.95128143893	0.459341922713	
4.84797693657	9.0	8.88624113839	5.53106848729	6.38823481346	5.63517957717	3.43944932448	1.59026768668	4.13296283276	8.6436172441	8.95458505139	6.1311586736	-3.169117246	-6.0	-6.0	-1.22688039298	
3.20534735163	4.27610157148	9.0	8.98819761551	4.4501074432	8.52639598758	2.08070748352	4.3503446843	4.54110627573	1.61500827507	8.55860439999	3.98240098887	4.17430515621	0.922404927815	0.127199735746	0.0604480176461	
4.12075710903	5.11501710743	7.7599739705	7.62854338241	4.83356835057	8.96213577369	1.3306271549	3.64561569261	4.41069019993	1.71610205182	8.72848080889	3.97789202126	0.429337286427	-2.50102276277	-6.0	2.47531308479	
0.740883373471	4.47264649549	9.0	6.11394459677	5.13485963113	9.0	9.0	4.60296892188	1.48873101505	1.62474950896	8.97441603307	8.39839884413	8.30293338808	5.43726562323	6.75685518383	-0.754609293597	
-3.00808901398	4.54016899386	9.0	2.31830603602	5.34817803351	8.99998465251	2.6713309021	2.1687755521	8.98288533027	8.63567826127	7.15832479155	3.36894035914	3.86708353626	5.94555789799	-0.480284807835	2.36407178223	
1.74656466688	4.55756561641	8.90479621712	7.03342633963	5.24969471403	8.83507110841	1.27624096669	1.87923850703	2.56152175797	1.72805013801	9.0	4.6688032475	9.0	1.3206331911	5.53417151024	-4.41170573493	
6.99575697668	9.0	9.0	7.86582245842	4.55766960213	5.81798837021	0.877400055825	2.51279152949	6.95061795696	7.88551747222	6.33205623578	1.56986124947	-4.1876399883	-5.9920916196	-5.22821217264	5.91355539944	
4.62776567877	7.32750220705	5.883974716	4.04983289081	-2.05302386623	5.60880270525	2.66880272613	2.28272163285	4.71909529461	3.01440766697	8.96255254228	2.40882800029	2.54299186964	6.41022692102	-4.9130504199	-0.969452742922	
-3.40085159646	4.58581973735	9.0	1.79490596217	2.6581221395	6.03754991753	3.3549695009	3.26854961484	1.53178744066	2.27498927565	8.96321489902	4.07820104099	-4.50842291554	4.22979916075	9.0	8.99550586877	
-3.03887213661	4.52362226961	8.99624285267	2.28173426666	2.07088520746	6.07894107599	8.25370269431	7.21589927201	3.46771407739	2.92967434418	8.99999804721	5.61275021698	6.64755688857	0.721392985889	8.99981947984	9.0	
-2.04645144082	4.54042955554	8.55174765756	2.83324030668	8.99994931182	6.31325766325	3.50548156333	1.66026615153	2.43887693555	8.5650119735	7.81187532547	5.22654010313	-5.99999958228	-5.65481872686	0.888288140208	-4.28410457069	
0.971135541221	4.47872805453	6.49589487815	3.84989419002	5.73636878903	6.1359690247	1.84719706794	1.62366465085	1.66731265924	4.91672303211	7.24636892674	3.03044597239	8.96648328823	-4.73763714758	-3.34281546151	5.80795381384	
4.84613186695	8.7677357361	8.96829990225	5.92610477442	3.26513844946	7.16248917201	7.98398821527	7.18081089016	3.71181229039	1.58396438806	9.0	7.03537657093	-4.01723081607	-4.77255040753	6.88102556462	4.85769599115	
0.744999531318	4.28943769348	5.8243950981	3.11785311505	2.65553731898	5.21487198946	8.55543414206	1.7542451743	7.39244344301	8.50383320142	6.52182023353	8.77189450014	1.49015482808	-2.99583748203	7.96255554421	-4.84244384665	
-3.36166539956	4.52942056747	8.7533393015	1.63858408323	4.62836907162	7.3052817841	9.0	4.18476308912	7.6644392262	8.82558659409	8.84295259807	8.99919961483	9.0	-3.01199187903	9.0	6.77954116822	
2.28318102236	4.52759648246	6.04035055066	4.66101417268	-0.488615779907	5.60193223534	4.28120641849	6.28346441963	4.02424540382	1.91938522686	9.0	2.02736608037	3.28739151901	3.95541929969	-2.25532876054	-2.02399135778	
1.10732354692	4.59729319533	5.59443836873	2.96778571333	0.68005076027	5.60866292436	0.859668287478	2.00578833739	9.0	9.0	9.0	1.94465151629	9.0	-6.0	-0.105458836475	-6.0	
0.819504132118	4.50365698192	8.53932464036	5.68657913321	1.36342282985	5.60171134231	8.99909355948	6.24393800166	1.92652327058	1.56159633873	9.0	7.0601131136	1.21351651185	7.0411408191	6.12527527289	2.80458779523	
3.25830609981	4.37880556422	9.0	9.0	5.02957887594	8.99041261615	6.82508668303	8.97731181635	4.44066389307	1.54583489436	9.0	4.55611362192	4.96254597548	9.0	-4.50130858245	-3.77722324703	
-0.625064152527	4.52081244452	9.0	4.72214092368	6.19113862345	7.63556885533	-0.921738251408	1.61626188831	6.59804312732	6.04852482019	9.0	4.58236763292	-1.12218238563	4.07152046944	-1.72508815886	9.0	
9.0	9.0	8.23429199805	9.0	-6.0	5.23413983214	9.0	7.76215617221	9.0	1.79393398546	9.0	5.42783012106	-5.97536549947	9.0	8.90863798404	5.46407580943	
7.0303212852	9.0	8.9995549783	7.87445309201	2.70495307721	6.72794027127	1.09846874265	2.47579814256	3.79472539546	1.8713884293	8.989963924	4.60587856704	-5.95898950013	0.0289753482953	4.31642026832	7.37967590614	
3.85775691066	4.68070309357	8.95518161889	9.0	8.96478506176	5.9311595534	-1.54684649815	4.22232345754	8.29831638459	9.0	6.03793974528	1.61647418536	-5.77853374815	8.83093128602	-5.98875569813	-5.50382079955	
1.59606231497	4.93996906729	5.18399356263	2.79306300323	5.59558650359	8.90935240373	3.35964085432	1.78238951778	6.34257681229	6.43138570999	7.04413272238	4.11101331627	1.40513695406	-2.93482326283	-1.97026973155	-3.09243093933	
-3.65177574495	4.52096588638	9.0	1.62686993354	9.0	8.89006711016	8.56371593017	4.4368436537	5.06345570996	8.99464271503	9.0	8.45324923752	-0.798623706949	-4.12951321583	-1.02905841199	8.15813183203	
-1.15204106803	4.53186039192	8.97358307723	4.15329709855	1.52509224509	5.77301280862	2.96043855111	1.99191069269	2.72438130773	1.87826519832	8.18325583038	4.76993086229	1.28512492346	5.89246922879	-6.0	-6.0	
0.252849372672	4.52766714953	5.70991838646	2.297859158	2.7380902375	5.93818195039	3.26678136325	1.97023749751	0.0902330219589	2.69122821636	8.99937446451	3.51530271563	7.58437351106	-2.0619935128	8.99580587607	-0.0045270363453	
3.65390279678	4.52339240821	8.99999514535	9.0	-0.629229486688	5.60832820976	8.99052799383	9.0	9.0	1.91572893695	7.2656864042	7.11595222204	1.11926578671	-6.0	-3.53370955103	8.76678732892	
2.38408289327	6.23401556289	8.96893617261	5.96563575322	2.68889732215	6.84773271501	3.7183898336	3.01417917022	2.57144341206	1.5595154313	9.0	5.59785395634	-5.64511140573	2.63971199428	-6.0	-3.61483866508	
1.01716838741	4.48265816664	8.89660526238	6.23275111817	2.2035370448	6.18542118407	9.0	9.0	1.7778885466	1.60055093146	9.0	4.3568413329	-6.0	1.59197171525	9.0	-6.0	
7.04069397254	8.98915385506	8.99804445201	7.91456115946	-5.91733015578	5.60886622493	9.0	9.0	8.8838173013	2.73558939598	8.9418978082	2.58206413271	-6.0	8.96774152487	-2.79269111001	-5.8761631397	
2.50507845124	9.0	9.0	3.3744268475	4.03867829273	5.82697828238	2.34388733748	1.5839771857	2.31468498905	4.19761244541	8.98874612342	5.0933573206	8.97009574786	-5.99216633501	1.69191560887	-0.629387369484	
1.45493157085	4.94148347298	5.24581589831	2.70502335974	4.2497715491	7.48914773919	9.0	3.00196357114	8.97514758506	9.0	6.10570068935	7.76767796667	-6.0	6.41045006405	-5.2576102291	0.578975458703	
3.82246456353	4.66858926206	8.96974900119	8.99114848274	-0.331987026685	5.61424581377	9.0	4.50082746115	8.1913898146	1.67714820345	4.91710500632	9.0	2.17013698153	-1.4855781991	-5.99929985055	-6.0	
0.770362067845	4.44320090403	9.0	6.07916948316	9.0	5.71210421856	3.83761484603	2.6671101116	1.6562661848	9.0	6.42820160769	2.80187779348	-2.29691691362	-5.85473163388	5.32089597952	-3.32472926324	
1.44383094124	4.81248142635	4.7294771685	2.29727792261	3.86331843291	7.58215661263	2.52074115272	2.07497232585	3.00970264795	2.92807656401	7.11054153328	2.79503161341	4.74341438874	5.35754192198	8.68793036031	-0.558810894508	
5.60079403167	8.88190402637	5.0257595675	2.46240486546	6.49417063016	6.22555727586	1.40741901847	1.56354148572	4.05822442814	7.69713882158	7.90662183407	3.60096783437	-4.89933142123	-4.63517891648	-1.09840904942	-1.1428060846	
8.02621486224	8.91239787145	8.99953952443	9.0	-2.29882264447	5.54784542372	2.24042844628	4.34986354219	9.0	5.45374481315	9.0	1.60220858882	5.24082069128	9.0	-5.31817545956	8.77402347488	
1.48771880163	4.70052898837	8.38052369652	6.03249514939	-0.183822334726	5.61571458916	8.77621228328	1.96124622196	8.87509008091	5.02771621122	5.11761071439	8.99999990154	-5.86145037228	3.15167073522	-2.13258761263	1.89734754075	
1.96959490498	4.82612530031	6.69962693958	4.5485383687	1.20281864429	5.43988964689	8.5803892979	8.94174206221	3.14634222689	1.75776846426	5.99626766129	2.07876441851	8.77071152208	0.241016842734	-5.61663667505	8.90263730676	
5.49601966815	9.0	5.99779623469	3.32583522253	2.89305086003	6.21377017705	1.66917239677	1.62006718049	2.65337221157	2.64055511338	9.0	4.75941434484	9.0	-5.91750924163	1.19843065559	1.82328456465	
2.08616217289	5.54519676287	5.79740714787	3.18569955225	8.77012159862	9.0	2.17319295121	1.70438481224	2.54544161528	5.8691505314	8.99513604606	4.993118375	-2.38643728864	9.0	8.42558725792	-5.2379117903	
4.41589245602	4.53497215252	7.579420863	8.3256096273	2.94331126098	6.95982551313	2.95637078121	9.0	8.99830685807	2.37419099932	9.0	4.58052204918	-2.62505634248	9.0	2.97254461897	-5.81365170271	
0.834100325865	4.54512233748	7.91372219236	5.06770991103	8.69399095408	6.32846667583	-1.57673567209	2.50788222701	3.4648156995	8.08395584785	9.0	1.67879337083	0.174894245814	-6.0	-0.364776429387	8.00107731749	
-3.62831210921	4.51790456336	8.97209519063	1.62550007755	7.79832811619	7.6262310254	8.76869346464	4.4333301284	5.0074343598	8.99999488753	8.99978112495	8.66275876691	-1.16679653652	5.35684676394	6.76980824512	8.71655309278	
0.923511882035	4.56940201899	6.78491961885	3.89030036187	3.3266777792	5.61538825026	1.96519956817	1.60691314094	3.38722546932	4.78382517421	8.99354746767	4.86465874236	5.75818945911	-1.92372293687	8.92979844948	8.35704950965	
4.9202598588	4.53015484889	4.09926378065	5.35193163192	4.68698438159	5.71400607126	4.03746825606	9.0	5.95227218353	5.72016388171	8.34272493085	1.61128362795	-2.01089391046	9.0	-3.85917577714	0.355418089332	
1.19356513626	4.56106401073	9.0	6.46127095735	4.86698484018	8.99708963052	9.0	9.0	1.9412266044	1.6283718808	7.80927745783	3.11055703367	6.56746989	4.62455729112	-5.99999999975	8.39918380583	
8.11300375233	8.91458769096	3.49326520147	3.55706967074	3.57547586873	6.40669548504	-0.284866262554	3.73396187318	3.90980180925	3.36323058788	8.9377686631	1.65225216773	-4.68472042179	-4.90819801849	9.0	8.85696765894	
1.1422503315	4.89936018658	5.01408209985	1.98260937069	7.73128261607	5.90238881955	3.63954489791	1.98374849935	3.10581719355	8.94298383403	8.98622045817	5.81545871438	9.0	0.945943769367	5.04887453292	8.38818159052	
2.15335600071	4.49134915663	8.95908900059	7.58211955605	4.62931902131	9.0	8.40131368746	8.82388404504	3.58580910826	1.68701387239	9.0	4.93009295187	-1.88560506624	-5.7734136107	-6.0	-4.98364165486	
4.03430435048	7.35842133861	6.23884258142	3.66673032441	2.06072534862	5.99142865418	1.62045787083	1.57795247915	3.84948861849	3.41856106963	8.77035643902	4.49267993746	6.57807395941	6.43694769982	6.731970917	-5.43315918149	
5.91144844995	6.78678950889	9.0	9.0	8.00858520064	9.0	2.31131956051	4.50837550167	6.7631488046	9.0	8.04580187118	1.63690216966	9.0	-6.0	5.41910913999	9.0	
5.46379504447	8.99999990418	6.03751485174	3.43380019961	-1.22518425363	5.75038734009	5.67564131763	2.73949153176	3.25335346003	2.30942023706	8.83842793514	4.75717445482	2.8410495101	3.50741050881	2.64901500523	0.963333439746	
