0.0860533854779	2.4921135747	4.68387724561	3.21480233515	-3.58978814884	1.06895350993	9.0	9.0	1.66238745529	-0.571977966908	0.849589421823	-2.61578686319	2.12287053917	3.88991012647	6.44101461368	8.25795239916	
-5.83485407004	5.1935624638	5.90083270475	-4.25779196482	2.70382480408	-0.613630629767	-0.802089591387	-3.12475362124	2.22404404717	9.0	-0.465930528067	-2.62437624306	-2.05909019976	-0.3369797959	-3.97394355269	-2.24786423823	
2.26965964591	5.35392024566	4.49071593517	2.048540942	3.64017388502	2.7053079486	-1.90352889736	-1.470958652	-0.529035168526	3.6317425291	2.92378144052	-1.42899542121	0.723274750774	2.42607095136	1.67436457205	3.41026959343	
2.40378806295	6.1535238583	4.45467349154	1.20942316398	5.99791794062	2.51124094204	9.0	3.14963491457	-0.0103136054713	7.37348374495	2.97120693147	4.30056158984	4.42744254954	6.15231592584	2.50462775888	4.2448171048	
-0.53426003321	6.48241550037	0.337233096731	-5.81005215215	-2.82933878945	0.832662117104	1.08806852802	-3.62654765328	1.47532253897	1.63111048149	9.0	8.90616503705	4.17363781756	5.89737257204	7.10812245978	8.83330689782	
2.83336654782	-0.833301712434	4.47558082957	9.0	2.34357148208	0.249024269567	1.0224428242	8.2727162961	8.67772890205	7.29972157996	1.04028395161	-3.66081878074	-0.915199440323	0.812635745158	-6.0	-4.27682055114	
-6.0	-2.56589903144	-3.01090825176	-6.0	9.0	4.3945833426	9.0	9.0	-5.40432197125	2.96161800367	-1.44811142377	-5.70747942426	6.90765627179	8.6177576407	-2.02490133372	-0.297831751902	
0.343799910822	-6.0	-1.11757406773	6.08677020226	-6.0	-2.04173058546	-6.0	8.49443680414	9.0	-6.0	0.602040701959	-3.82463937475	-1.74807351742	-0.0204128963912	-1.13856977904	0.58241489391	
-6.0	-5.774427973	-2.4362328522	-1.79213475557	-2.07208840894	8.27188581158	6.30548827659	0.336338457598	1.69503570961	-5.22002836858	2.10501330055	3.66427133204	-5.96137818532	-4.2373989544	-1.04883923698	0.680055563059	
-5.97532310836	-1.7308107436	8.99998762991	5.59719717404	-5.37142546535	-0.634858532406	1.78748538479	-1.70779035996	-5.79140277476	-4.66763159272	9.0	5.71261967831	-5.87429063099	-4.14175555559	-6.0	-4.24770068663	
-1.26767064254	-0.330868036138	-0.3384113671	-0.468689742262	3.45946645104	6.64875977191	6.39581422468	9.0	1.88764000344	-0.455809204258	0.883831314045	-3.47659586115	4.89030680608	6.41482094661	7.1119889064	8.8967319332	
5.23006894248	1.58865543506	-1.23819205058	3.10335159528	4.32752886884	8.97637553696	-4.80368654705	2.43700887261	8.89348019674	0.869555173254	6.60176089782	1.95562474416	5.91032870441	7.98701183063	-6.0	-3.97150388417	
-5.96379368465	-1.39016312248	5.06589236488	1.44806742173	-5.83447851991	-0.296105512732	8.58058024707	-1.88341728599	1.44924939564	4.94666055867	5.83734297602	6.18344870277	-0.413842010159	1.30791389289	-3.10571367185	-1.39215416836	
-1.63189864649	-1.26187673247	-0.340813556161	0.214083192197	2.81633621627	2.36310466074	-5.36010310402	-2.0753195729	-1.42949669659	-0.755952377272	-0.543091488943	-5.19479749439	-4.42380272639	-2.77579029107	5.21050842283	7.03345241096	
-6.0	7.88654333444	7.2363563392	-5.78504828683	-6.0	-2.06209994433	-3.99606430397	-3.87113976063	3.79583178182	2.99558603012	-1.75427768718	-6.0	7.27882547238	9.0	4.25671304285	5.97786596034	
9.0	9.0	8.12814296478	8.99253507968	9.0	-0.415962276708	-2.85962252774	4.72924189505	1.8473303383	9.0	1.54510580166	-4.76328809828	4.172459455	5.89574178405	-6.0	-4.27873249032	
-6.0	-6.0	1.8276188864	2.69199323041	-1.02464056111	-5.44310037317	0.585086294465	4.21832824906	-0.856071000858	3.34500424636	5.4355840359	1.03778956558	3.5681377471	5.28714630488	4.44779214079	6.17174363217	
1.78434093991	5.74144375592	-1.51959577315	-4.65132365319	2.59782650018	9.0	2.08752082483	9.0	3.67418038299	-5.99997356821	2.47898894854	-2.10569450464	3.84249367323	5.56766689511	7.2642613947	9.0	
3.57744026746	6.54117236346	4.43988195342	2.29927171154	0.633410669305	1.70381121521	-2.74130442696	-2.33807004746	6.43347670389	8.45465185663	5.7909049667	1.30846716564	4.6619429811	6.20743581267	-0.439123204092	1.35262769669	
-2.46290881556	0.421696874708	-1.78083854489	-3.8579801589	4.70627503465	5.81575303138	-5.20245191968	-4.74783547589	-2.89472385643	-1.09904450573	0.492345485491	-3.90411872583	-5.98624171117	-4.31376229604	4.41711775122	6.19548506497	
1.60173388321	1.68702241684	3.8908302602	4.66933676362	2.09701070589	4.31879300458	-3.62968441872	2.52429956294	-0.268189079236	0.472980628909	8.82772883433	-1.27018757063	-0.227004124009	1.49868341433	-0.144626163191	1.576673999	
1.4110440832	4.25299264196	-3.96711607968	-5.94308915932	-1.63062873127	2.41168473022	-5.17201840422	3.75690049824	-4.113729634	-6.0	8.08094011519	-3.98929350703	7.27531460274	9.0	1.80869245074	3.53018156777	
-2.66944790633	1.02483744054	1.53300256903	-1.27444405588	3.00719544415	1.64850040727	2.67281316495	-0.876093893309	1.48849882053	6.35312324718	2.23794417699	1.29151659498	7.22553986788	9.0	1.84361601519	3.65031974502	
1.17423345934	3.75870908447	3.67842338867	1.91834708005	-5.86572160895	-1.62115737385	8.62165686792	9.0	1.8114221325	0.191651600258	-1.57903085968	-5.61160213863	-3.84106206605	-2.07416458952	0.298784957313	2.01749387084	
5.50113033577	9.0	8.90093995574	5.93774595741	-2.90593090193	0.820797557392	0.0794690295458	-3.20500822401	9.0	9.0	3.08252416303	1.98244963732	-2.5064807612	-0.778385030192	-1.12965880629	0.615417086147	
-0.975635925891	2.78148144434	9.0	5.75357282273	-3.38361032953	-5.10221842656	6.45309568445	0.763442018871	-1.53722765455	8.97759396358	0.287538075705	-3.44948321585	2.78299040145	4.50330304439	7.26044721324	9.0	
-6.0	0.147606392148	2.80593034456	-2.47727096956	-4.5764827455	-0.531936528859	-5.00381537597	4.92274820391	4.53608339675	-6.0	-1.58237378307	-6.0	1.09990890637	2.81966536994	6.81436373357	8.53770181265	
-6.0	-2.6472559336	1.75922660945	-0.858082485053	0.939934920697	4.86713888876	-3.33617400413	-6.0	-5.45988826453	-6.0	0.675448261904	-1.06812197595	0.46212419181	2.19081260195	1.15430390542	2.88169062219	
3.27289348406	5.20527083041	9.0	7.77669684992	-2.56090141232	1.89582464576	-0.703427133555	0.433404420031	4.4141634162	2.01005189278	1.81646877627	-2.20015572794	0.819668579309	2.59210200704	1.67969252682	3.58595264803	
3.05947219357	7.27093229321	-2.65024845761	-5.99670573784	4.76187841624	7.07734459752	-6.0	2.81441715095	-3.13192764399	-1.43646924675	9.0	-4.80853062381	7.25622990469	8.97746088765	4.75671738751	6.47806393287	
-6.0	-2.8479059465	9.0	6.78528731089	1.67275872715	-2.01113008633	-5.99938082247	-6.0	2.12663002179	9.0	7.25238849132	3.05834356814	-1.80253078531	-0.237091661532	3.2934255776	5.14740782984	
-5.7716076033	0.552585491374	7.23930092179	1.78539168355	1.44295168802	2.32155731005	-0.00971992565162	1.68095560808	-0.0354039308419	0.830458126515	2.07853413399	-2.34414794082	-2.46133489302	-0.730948926564	-0.588581351316	1.12982804556	
-3.32183974106	8.73283865649	6.46403545058	-4.71431030008	4.98964674596	8.94126652586	9.0	-0.051995757176	0.0648801571654	-0.478342004828	4.35865079784	9.0	-5.78898348409	-4.06303051515	-1.62641372139	0.0958681320136	
-5.99182992446	-2.22553097222	-2.75086101799	-6.0	-1.91129481421	-0.41587109853	-2.61992082382	-5.62506755723	0.152672065393	2.54891196252	8.97780787553	7.45591327433	0.628327404506	2.3570223546	1.17556412499	2.91255497678	
-6.0	-2.56673682498	2.52793584337	-0.0882218817973	-1.36552893424	-1.86969526677	3.68441733863	-6.0	1.90928375518	5.8604217406	3.12071269692	8.30724535744	-5.87397347223	-4.14512055687	-5.30339073961	-3.58095764063	
5.09918993143	8.93507830981	2.17718634136	-0.793599402324	3.85666095898	5.18457427965	2.52455795786	8.99219737637	7.20067061059	8.99940521714	8.92065869307	-1.65682397876	1.55178158568	3.27304084404	-4.64895458051	-2.92794894005	
3.3447871796	7.09811252	3.11812094478	-0.125350198566	7.35465682917	1.91439873228	8.99943332675	1.10694061759	-2.69212031525	6.6431282739	1.60764869541	4.97697917103	-0.657882804344	1.06868975599	-4.98194868288	-3.24337865831	
-6.0	8.55424946648	7.76924466712	-5.92648973525	2.68347130592	5.23582892169	8.99731443007	8.96761768344	6.7221163633	7.65612601333	-1.57318143206	-6.0	-6.0	-4.27902022203	5.5564327399	7.27829564308	
-4.57399135018	9.0	9.0	-3.70885276214	-6.0	9.0	7.18780598319	8.83230779007	9.0	-4.41899014438	9.0	4.79126431059	1.78986093852	3.51108390282	7.24375481088	8.96500482862	
-5.77986564562	6.99570130595	9.0	-2.91047504292	-5.41895351553	7.26359999226	-0.890639901031	-5.95119958909	5.53951859597	-3.46800979642	8.53195968722	8.93435092138	-1.13895596102	0.582246866351	-2.65528190955	-0.93404913695	
-1.30284109104	2.44982836388	5.91097139815	2.66852131166	-4.59648565689	0.720362887282	7.79405972182	-6.0	-4.24106235458	-0.0751623736012	-4.38609345486	-0.703229046417	2.44110769267	4.16756440172	4.79181526615	6.53081137201	
-6.0	-2.80367933648	9.0	6.67794923	-1.91994386392	2.16528382236	4.88874662514	-5.070512885	-4.94179074376	-5.88528027639	1.18551870355	6.87345908125	-0.248744727959	1.48134696059	7.20829245758	8.96353722245	
-0.108361719665	3.6432713095	5.45218323507	2.21194557865	-5.35958338968	-3.9088655467	0.638789585961	-1.43087585049	2.29043054863	4.7309084025	-3.42481685698	-5.87763815426	-1.54977184924	0.176973066308	7.26241714304	9.0	
6.16595769888	5.63797289962	1.07085473009	2.46389004034	0.608385610934	-1.32156836714	-5.77461436765	4.03947917233	0.301612889568	1.71672962048	4.88222883696	-5.40010221158	-1.44309973643	0.278147185131	3.40919688066	5.13058050192	
1.02707683919	3.83404478492	0.44175554551	-1.49933158719	-3.2268273405	0.820991373427	1.04793924004	1.19750383007	-1.03432054569	-5.08533473245	1.28917752759	0.158393550908	1.38563122222	3.10824212187	1.61772275288	3.33933830942	
-6.0	9.0	9.0	-5.28202111051	-6.0	-2.09340510901	-6.0	9.0	8.99999974867	-6.0	-1.4045640982	-6.0	-5.36793899	-3.64521423754	7.17913890397	8.9003871443	
-6.0	1.21546994503	5.23424475091	-1.10622912901	0.549456814285	4.41040657088	3.12155103927	2.04588477788	8.48067958584	8.0163230303	5.90872235894	2.58968663087	-0.523545572967	1.20870874866	-0.23103973089	1.46738441152	
-4.2711315433	-1.42721538148	-1.47139190435	-3.48044076941	3.73822869704	6.91519332086	-4.73160363614	-4.51557468806	8.95718646436	8.81988320322	1.35139701918	-2.98129122646	-5.9623524764	-4.1587843629	3.75452147233	5.49195622043	
-6.0	-2.33911501804	-2.8662279017	-6.0	5.93934483725	9.0	-4.1362271523	-4.34517027829	-6.0	-5.32889090656	-1.83947469304	-6.0	0.985733954257	2.71533106882	4.29211460652	6.03397033345	
-0.430619898013	2.73536661002	2.93848360062	0.570957248841	-1.22493558609	2.98120557595	8.23957308925	-0.178517168317	1.5560995308	0.429201650689	3.27481148335	7.64957208601	0.214458435888	1.84707194909	0.788980794478	2.58069397166	
5.20235811664	9.0	1.33230042178	-1.9493335407	1.37039744849	0.571812722589	4.96168957129	1.31728009206	1.2217677988	5.95412053232	1.0604710998	0.133008458982	-5.87763546683	-4.10548971236	1.551148563	3.28939550186	
-3.27404096694	-1.82665696812	-0.514466122391	-1.095162422	1.08721899635	9.0	-3.90839652902	-4.02576823503	1.92210175484	-2.53919667525	7.02937845422	2.70980323596	1.7737601973	3.49742955061	0.191966522425	1.91327292098	
-4.8325132488	-1.73803342682	-1.7988480839	-4.0267286517	-5.74602181811	-0.661759890671	-1.24766620684	2.31043955739	-5.85284132667	-4.52727860692	8.99999963831	-1.95410847119	-5.99261262478	-4.26249196652	2.08311836054	3.80351833609	
5.18232443782	8.92409056715	4.35864133057	1.12712687913	5.36869881374	3.84116946023	8.65549876204	-0.0269261553426	-0.573336933377	9.0	8.99591207228	9.0	-6.0	-4.27509651706	7.26182598239	8.99989054001	
6.07454619025	9.0	4.54916601162	2.49015985836	-6.0	8.99216977065	6.63855672652	-6.0	4.892978867	3.42315011892	7.94044027586	6.07396443231	7.27887872162	9.0	1.9567741302	3.67889048728	
-4.64550063918	-1.7329677105	-1.82946483065	-3.87494632675	-5.95587499046	6.04852120744	7.30583827301	-5.29902599255	-2.40554800538	-4.0030471469	-1.59329212721	-0.379955549487	2.91492296853	4.63754249664	-1.78492109788	-0.0691297418415	
1.07264522831	4.6978227726	-1.17341839404	-4.26487042622	-6.0	-2.37020703022	8.7495589516	-4.18600564902	-6.0	-5.88005574129	-2.18095202351	6.32486785172	-6.0	-4.28107102432	-2.21939990554	-0.474916085242	
5.32479503925	4.36214752786	0.784809938673	2.57481286074	4.79586101989	9.0	-2.76710129206	1.58441484027	3.47989073853	-1.35669632762	8.93197792913	4.32399090276	0.0257265165191	1.85647367215	2.09967423621	3.77056286089	
-6.0	-6.0	9.0	9.0	-6.0	-5.42624232355	5.38923094792	8.9885870198	9.0	9.0	8.97867363793	4.63257752217	7.27878996666	9.0	7.27631367014	9.0	
-2.07024622386	0.836863009974	0.881566426919	-1.28326584276	1.24849326641	3.44122018039	-1.91093221481	-1.55638819138	3.67696720512	4.6124103789	2.34709831488	-1.88335487321	1.07806057404	2.62583637347	1.61758580702	3.29906752153	
6.13927957515	7.51623147629	-1.51530746491	-2.08482792911	-5.82379950968	-1.17139075861	8.47830724909	9.0	3.06119814753	-0.107195141898	-1.23891932029	-4.25302820083	-3.6699090009	-1.80719336387	7.07375413508	9.0	
3.03233138203	9.0	-0.252574532706	-5.35512292171	3.58640054187	3.92651408916	-3.0918264011	-4.40182196126	-3.71341823138	-0.0421961566682	7.19409201724	3.50993723334	-1.45328873895	0.270142161504	-5.11640171534	-3.39484788496	
2.4717486429	4.01975160475	3.00861677588	2.32417844915	1.27635086085	4.99662285939	-2.85227355662	5.50342284797	4.52696297648	-3.74745890337	-1.21726316047	-6.0	-3.2676219643	-1.54654128249	2.9571084342	4.67804875772	
-4.59020918904	0.616641995217	2.89267090433	-1.45092523489	1.74024102858	3.89435127517	4.62768251157	4.72189644592	1.49640358754	2.46445474462	2.23375417793	-1.95689245966	3.76970277636	5.50543307089	-4.31733750802	-2.59527143039	
-6.0	-2.67738671067	9.0	6.50258260717	-5.97485815321	-2.15305274582	9.0	-6.0	1.86746644981	1.3649532959	-1.60874527835	9.0	-6.0	-4.27041493468	1.2833379733	3.00696687801	
4.79238573766	7.70443490043	6.95181876771	4.91129437694	3.7606724907	6.21027196607	-0.742129103356	-2.77773181481	5.98637718711	9.0	4.81563646651	0.398573951369	5.9736828527	7.69804077778	1.53775974862	3.25597775644	
-6.0	-2.29678191911	-2.81854133954	-6.0	-5.91453020801	9.0	8.99721167011	-2.64706913413	-5.99992005401	-5.92222964452	5.25049542591	1.2410287609	-1.53113785701	0.170511576963	2.73679571277	4.49189567345	
-6.0	-2.11977412324	6.61464338621	3.357131287	-4.21894025363	-1.41686391242	9.0	-5.12777469218	-5.99999317997	-2.32391869725	2.07262463006	9.0	6.91168385408	8.61632492016	7.26387147251	8.9260201128	
0.129704129088	3.87651882008	9.0	5.7617630828	2.04953349025	-5.15432168315	2.83794523581	-0.35656469749	-2.1418087263	8.95720206493	-4.67331691934	-6.0	0.520886495307	2.24703764734	0.334737325405	2.07053672613	
-2.39732626107	-1.53514518256	9.0	9.0	-6.0	-1.50739626902	9.0	9.0	-2.32063839453	-6.0	-1.74174255395	-3.69841275364	3.28894642041	5.01911326616	3.0083719555	4.73236602727	
-5.99492335328	9.0	9.0	-5.12981435845	0.4233096917	9.0	0.0546408366447	-6.0	-5.99555249551	-6.0	-1.87612182116	-5.37699776025	4.73772861103	6.45879142121	7.27856783902	9.0	
-1.44652400807	1.10333172675	6.41916294284	4.7352538689	3.44157752861	7.40575876403	3.29181564427	9.0	4.70791203545	-1.52411170334	8.91926278613	4.49568230027	1.85421950103	3.58256869547	3.5267727574	5.24633412767	
3.04691917864	0.594797352042	3.2921744024	6.6094863697	3.4095501624	6.60648639532	-5.40802240919	1.17343959282	6.60363970973	8.5646431413	8.48900898321	-4.23362989753	0.404939668558	2.12604873197	-1.94564837052	-0.224198946684	
-1.13104000472	2.2020249831	2.56701309328	-0.0362132865065	-0.445371971345	3.84308088661	8.69342038451	4.32228619866	4.49395035998	3.76630324841	5.49006988633	5.53351318299	2.3480398046	4.10745972151	0.893652573565	2.63660375799	
-1.43190529252	2.32625207708	-0.265470417921	-3.51604931386	5.5432567419	-2.20456308469	8.03156837399	-2.65708209135	-6.0	5.63977607666	-1.97604466798	4.19599163703	7.29027300556	9.0	-1.98552277931	-0.237405533731	
-6.0	2.77542681789	9.0	1.08966996309	-4.20889712486	-1.96440050625	-4.80807779956	-6.0	6.6028787835	7.92876200078	0.223734842064	-3.1376081492	0.43207947867	2.15331750124	-4.29640049739	-2.57509281588	
4.45344066886	7.2939935177	-1.65004984376	-3.50758193098	5.3987101155	9.0	-5.21093914148	-4.62107121929	-0.237873087834	-1.0166800143	9.0	4.52404520725	5.94539943241	7.88109592478	0.981508767496	2.71215154519	
0.944394301118	3.71242277859	4.42364128279	2.54284737072	-6.0	-1.40601076185	-5.08316214553	-5.21861670834	2.8580597204	1.12074779314	3.67729467503	0.0493695683613	0.875170752958	2.59079857831	2.09800035925	3.82535377484	
1.37901381417	2.32494084552	2.71716608553	2.66693589246	3.91654966679	8.20191970947	2.08312994546	4.30639419142	9.0	5.79464275525	9.0	4.61690728862	3.34716404664	5.11654158806	0.0208848824635	1.75985703967	
-3.95005908108	-3.0801599095	9.0	9.0	9.0	-1.34707589938	-0.257352521527	5.44385379527	-6.0	8.38682796888	4.73344911244	-6.0	-6.0	-4.28220096972	7.27042069126	9.0	
-0.397307894969	2.49380080701	8.90931581533	6.90953924517	9.0	7.73647887266	-5.91769284261	-5.15837160397	5.02837856118	8.91205498693	7.92912234057	3.52451101753	2.76856458314	4.48731376072	-2.88617222946	-1.17545587615	
-5.66462010745	-5.9675870318	-5.9202911949	-4.53615411755	-6.0	-2.0783746868	2.1894167391	6.0075092103	-1.48827604128	-5.99973293744	5.64009508335	1.2358597631	7.31502523306	9.0	-6.0	-4.26903526884	
-0.226898715294	0.65409767657	-1.70671906065	-1.72567490501	-2.24761361709	1.80173639466	-0.311413657846	4.71287334876	0.440726577872	-5.20807682681	8.4012496181	3.99864593467	-1.62617596096	0.0992767868356	-0.968213556031	0.75205288065	
-1.68481374131	2.06736271772	9.0	5.75770054496	0.812089638692	1.65172561226	0.507818490644	-2.25739512127	-6.0	-2.94622408424	-1.62353845397	-3.38013500191	5.04147707793	6.76694618413	-2.47318645926	-0.73439802109	
4.95048860882	8.72226644674	4.54627557631	1.29592379875	5.1402531296	-3.41164830423	-2.10905444285	-3.63019124683	-6.0	6.43915555332	-2.93822312601	-5.94694809793	-1.25965362453	0.467681703569	2.31672880937	4.05831405542	
-6.0	-3.39452443967	-4.24675503272	-6.0	-5.98405943513	2.5181653012	5.04579739584	7.11456152112	9.0	9.0	6.29008623482	-5.2511511801	-6.0	-4.27699196127	0.859625249252	2.58139728435	
8.90410505676	2.40240863489	-1.56624030464	5.39419653146	-6.0	-1.5401886727	3.24692658878	3.97062998257	4.75178550074	-5.87184587619	4.2358150661	9.0	5.7302908057	7.47441081954	7.10418322186	8.94658114919	
2.42053945179	-2.56306806493	-2.49028165544	3.31183679344	-1.07582676035	2.37039758619	0.485754791252	8.90644913482	7.02133380061	-1.40609991846	-1.32663600304	-5.75466687913	4.50283180168	6.18491980911	3.00869696652	4.79468177684	
-6.0	-2.11623765832	0.418776628981	-2.89662589129	-0.817165220949	-6.0	8.18757338962	-2.2563077615	-6.0	3.02119264218	-5.47474460243	0.418641159873	-5.11610655633	-3.41301140354	1.07255064336	2.83105343712	
-4.68388750205	-1.43627820588	4.74659440614	2.3629015661	-1.59509602648	-0.38788657659	-0.467434199864	2.38167494585	-1.25230800503	3.55658056125	5.49589334474	-4.35111939843	3.37537132406	5.10425653064	6.0151466313	7.735940469	
-2.53345933267	0.409399894555	8.57292383886	6.48550915656	-2.85140654661	8.8058544155	3.88968136255	-3.50595823438	6.26248458687	5.00394114075	1.35996094641	-2.61577404834	0.350953968255	2.07729306388	2.04101022198	3.76154615826	
-5.87606964259	8.06055818641	7.713687234	-5.35703500327	5.48271506165	9.0	8.57657167408	9.0	8.89906874061	8.42750677968	-1.54495546169	-6.0	7.27808025337	9.0	-3.81444345287	-2.09254898178	
5.45247049171	8.99347482907	6.94840248093	3.96967015305	2.67534375118	6.33078650876	4.54978297419	2.63684077835	9.0	8.98377343573	6.99822990155	4.58289828057	3.65648235781	5.34400667075	-0.24445010961	1.4360057905	
0.675297969577	9.0	8.77515845123	1.31179085322	-4.05209867574	-0.0102747067277	-5.99270705436	2.776896404	6.00888697153	-3.35142379781	6.94399782981	2.518331214	-4.86377696458	-3.13980181086	-2.23669322164	-0.516135147228	
-4.5409574225	-1.93436019431	1.42608856969	-0.31487104582	2.39346130209	-0.886808526195	1.34274796748	5.15388837727	-2.19510860703	6.75361158694	5.61303098112	-4.85049160186	-2.63311573894	-0.904953612379	-4.26375908534	-2.54207739399	
-3.00597533999	-1.74380536195	8.28306895139	8.03295230339	-5.91034141742	-1.58818981992	-5.33092157218	-3.38136111136	7.66309916694	4.38883248835	-1.51476037555	-5.68195671868	1.41401023605	3.24048937917	1.00671393491	2.88140062373	
2.08142292511	5.00420186876	2.01196131591	-0.0431955247449	-5.25433496691	6.60708435603	3.08755762199	-5.19233148948	4.67693551785	3.20504185542	-0.875529034397	-3.97083927777	-4.01787828221	-2.29978171592	-3.0274864081	-1.30843741584	
4.37220250421	8.53115301259	-1.76470402954	-5.0568081154	5.43131834569	9.0	-6.0	-0.272227957624	-6.0	-4.70796459566	9.0	-2.57447522728	-1.09774906214	0.624137625222	7.27876878256	9.0	
0.12198268776	8.99987600451	4.4937596643	-3.51767034992	-2.99875811561	1.04590525378	9.0	9.0	3.82845575948	0.0976170358745	9.0	7.7008479858	-3.81707573076	-2.09664314496	7.27776049103	8.99999654431	
-3.71841119621	-1.48395872054	-1.40020461374	-2.76969865724	-5.82213369867	-1.77638547807	-6.0	2.02510814044	2.6335257796	-6.0	-1.57972367149	-6.0	-0.179862387375	1.54142432238	1.20932937249	2.93060234336	
