1.46173621004	4.98594910031	6.83846373027	4.25712766261	2.3267196184	5.49523730041	2.60387351768	1.79688751615	8.8199350674	8.90525135888	6.52090123497	3.03314285153	-6.0	-4.40375290363	1.91062350475	3.76391175358	
2.6234863001	4.82351949638	8.69600447766	7.36964149938	-0.308436003365	5.53860749799	-0.568141657512	2.55563343278	8.98986567407	3.32986341565	6.83018233473	2.52509571893	-6.0	-4.28148234596	-2.41650177446	-0.707188692642	
-5.98722601726	3.37459944018	9.0	0.964024998298	4.26413540597	6.08478006549	3.58553052717	2.51289270224	4.77997613996	6.61449465602	9.0	5.24496884079	0.349773862281	2.12198530886	-5.87791693097	-4.27054934109	
1.11162563191	4.53824181077	5.73301087317	3.06677157169	7.2529130533	5.80861954985	2.04960689268	1.83703430613	1.95048895543	6.9234388469	6.26013958114	2.17656335638	-3.51027083943	-1.83303509073	4.20594209174	5.94036486054	
4.62210498811	7.2884470023	7.0037090838	5.11808638658	1.39120772386	5.45393957774	0.9760252549	1.62655974571	3.73935549352	2.60819224685	9.0	4.62003598624	-0.0567548523378	1.70150816729	-0.850358023879	0.731326883243	
0.242436189978	4.56498375926	7.37349910883	3.9181537704	0.680840169006	5.59815443058	3.15159600082	2.50115252907	3.36072971096	4.66945994325	9.0	2.43138070402	-6.0	-4.26833690936	-6.0	-4.2775655477	
-3.20535337071	4.51217041738	8.95673139744	2.09892975441	6.14384657041	9.0	6.26566201693	1.84163832327	8.39204651897	9.0	9.0	8.9919637888	6.55837129984	8.28632741376	7.26912810077	8.98515387208	
3.46753415911	9.0	6.71437419859	2.03767319915	5.18249457364	9.0	3.72936566535	3.27461593764	5.68220388609	5.44530717541	8.99891248581	4.90313314732	-3.14405977811	-1.42451329215	-0.249105665473	1.46710510503	
1.36249235513	4.44773579387	8.94158091216	6.85979614729	2.02124861841	6.25679240861	5.03103116607	2.52029871166	2.88336472947	1.70486474796	7.06776704183	5.30302405889	7.19859997202	9.0	7.40412316952	9.0	
1.62675397515	4.64854328209	9.0	6.85209348351	2.57677834828	5.74995216126	0.354426753801	2.10951772804	1.56171953167	2.81720860286	9.0	1.83055104603	-0.0917428063507	1.63816669633	-1.90052989512	-0.186734425449	
1.00375941701	4.25588279502	5.62970645024	3.25401502679	1.80592074921	5.90683588607	8.85564502937	8.42146094176	2.35437264897	1.57502466989	8.9301900858	5.06090815933	7.3165206832	8.99999885322	4.32375803024	6.08062409757	
5.39868901436	8.30257833084	5.73357936438	3.55415794179	1.66707938416	5.68414684183	1.29001766016	1.70991128747	3.07112474655	2.24816903239	9.0	4.56551265782	-3.5291225404	-1.72824197065	-0.983094334531	0.68851021022	
0.845082157137	4.45337157758	4.69047210643	1.84577290634	4.04851274408	7.26173854249	3.14761810674	2.15328627318	1.77776751426	2.44632093513	8.59220014036	4.98845999463	0.0433198413046	1.77123177285	1.79247911483	3.51567586228	
1.00380010722	4.48663985775	8.99986699779	6.23296506473	4.39077098659	8.22679172403	9.0	8.23620861066	1.748301289	1.50787111084	8.91845869385	5.29668282258	7.25698323061	9.0	0.414402002621	2.10593206332	
0.8900142988	4.40561051343	4.41400463821	1.74569581989	4.97315444044	7.8627209175	5.56824275952	2.1867794627	2.86658859053	3.63597475055	9.0	7.90116654497	-1.43545429438	0.401666019597	1.1639521255	2.93868328849	
3.89039970217	4.95530663301	9.0	8.81361033231	5.56093187405	8.98854269811	-6.0	3.4645110461	9.0	2.42241208979	9.0	1.73067240264	-3.44437792835	-1.72184449071	4.19834581552	5.90618708037	
-2.86321782322	4.55192586209	8.9862904838	2.45909210608	2.66446807053	6.59159151862	5.58369970266	2.86250695862	2.83716178884	2.27523245236	7.66107731749	5.98884408676	-5.28038715634	-3.55233853887	-0.986333308693	0.732335477533	
0.795564098527	4.33277988732	4.33433822531	1.5972434142	7.24809487055	6.81144497656	7.19161433825	2.6031081883	4.79077322495	9.0	9.0	9.0	-1.42534601972	0.338668731992	-3.17231916201	-1.45887236055	
1.4746883282	8.72995510864	9.0	2.6092039419	9.0	8.6941201619	1.41982090223	1.6424258836	3.50709417659	6.89006772328	7.843766607	3.5572951188	7.27858753822	9.0	7.27680367251	9.0	
7.89585514927	7.29950387312	4.41518430486	5.87751069226	5.92701708213	9.0	0.760946236419	4.97789648555	8.75132455799	5.07632390605	6.10163485659	1.5897617053	-1.31144918933	0.382648657683	6.74169172674	8.41030143417	
1.10079525984	4.3918619729	4.79155829638	2.31787079198	2.32959710922	5.68793787387	3.54866219225	3.57765267504	7.11966838739	7.1396439637	6.27404312085	1.96164144002	1.02996897025	2.76239328941	3.58245110819	5.37735871296	
6.32155441238	9.0	4.95893770583	3.00627386092	5.60831339092	9.0	1.22703890728	1.97905765273	2.94361109499	2.56294371666	7.29651157651	2.71360305959	2.84021950357	4.58326222867	1.21563057111	2.97180675781	
4.53262944643	8.36943201972	8.63737599219	5.34777643982	3.10723202391	5.54749388646	9.0	9.0	4.92524958486	9.0	9.0	1.81602630943	1.50193746388	3.2210777972	-0.531780492608	1.2038007933	
1.45087127298	4.80829400737	4.84189599069	2.21336038529	5.19732639147	9.0	9.0	8.89689653653	2.8637788876	2.52742299631	9.0	4.8514260345	-2.97619734082	-1.20580682012	-2.79316009329	-1.01755547473	
1.14090973085	4.56561585868	4.63161586201	2.16595117184	5.39242456593	6.49822538951	4.8140367798	1.84200692904	6.80591462545	8.99511586509	6.49645288649	5.17338934553	-0.324657933654	1.29063783836	-3.32196514767	-1.61210232891	
2.49829843565	4.92585875375	9.0	7.4239108834	-6.0	5.46915647381	9.0	3.28173489932	7.81564458136	2.21707815529	9.0	7.91581980651	-6.0	-4.28067262145	-5.96948475933	-4.25509243286	
0.271812069466	4.5926897662	6.07780384125	2.61514270871	4.41006086185	7.29053894234	8.93533984796	3.50539654548	-0.48413236884	2.74918147626	8.82738669864	7.15236663129	-6.0	-4.26387549174	3.51200309942	5.22785628992	
1.01979338335	4.64019995158	4.76097946496	1.83252587598	7.32533885162	5.99981710713	5.78563379748	2.01176616626	3.18404408394	8.38535328204	7.94895071323	7.118815505	6.01425140556	7.72202583089	-0.449957553023	1.40847748601	
8.97958492753	6.96226530247	5.8901919081	9.0	0.846162787847	5.61445111176	2.61934994559	6.45831971462	8.90503896988	1.84194601966	9.0	6.34323071955	3.18438522964	4.8698766892	-5.33691872007	-3.51728948801	
4.92794539976	7.94355859851	5.79067273459	3.47977524067	7.56371564214	6.29095080253	0.939839788632	1.51025919107	2.30673732923	6.74064299759	8.37544387577	3.91920460092	-5.230634118	-3.43853782524	-3.85189387426	-2.0804836811	
4.42904756711	5.111387761	4.52602266975	4.70932981852	4.83518868731	5.59769568585	-0.218763347837	3.97530633207	6.71236982996	8.14435920095	8.98586225858	1.61817158567	-1.87516783986	-0.142209848395	4.16394169899	5.88290175754	
3.78919643291	4.39966293194	4.32608894536	4.5286482994	4.57880170903	8.42636660868	4.18716743576	7.06398078962	7.07623770527	4.1030810502	7.63198263733	3.05173262601	1.81454986139	3.53232500806	-1.69971740228	-0.0508630021205	
5.20087122038	9.0	7.79269312489	4.53776620556	3.57410825877	6.39614585901	8.97470160579	1.92526927115	-0.595626051471	2.96361310123	9.0	9.0	-6.0	-4.27192325157	-4.35501978541	-2.61813995418	
2.96648750005	4.7014140136	4.64622982473	3.51559243995	9.0	7.88668967322	7.1532057684	9.0	4.93205962859	8.17037269268	6.19432305232	1.60151943614	-2.05542596742	-0.312451843179	2.42626155751	4.09770895006	
5.85695956123	9.0	6.89288448863	4.46243281545	1.4701429642	5.64139236391	3.34164981941	1.64700897709	9.0	8.08238715282	7.84244561853	5.43459958604	7.1749541742	8.92019912572	3.04164932971	4.76478845211	
0.985476926429	4.52335583449	8.90694842758	6.17722338526	4.78591002711	8.26724763998	4.54110629364	2.08025487548	1.79351705068	1.88521015049	9.0	7.0508145973	7.23681202434	8.85388312677	7.24095100784	8.9999993835	
6.73281561283	9.0	4.80562916701	3.40935835832	1.61876686816	5.47926157033	0.820342335167	2.07881094804	6.60709626106	5.05471858716	6.45969394949	2.01699615603	7.33747935259	9.0	5.4407815047	7.1525300249	
3.12164408666	4.56211214234	9.0	8.42268144698	5.03174644009	9.0	2.84522445546	8.99997281953	9.0	2.31178591933	9.0	4.57939582074	1.56625093706	3.30213025226	-4.71725069719	-2.99436924861	
8.99613916456	9.0	8.15053783133	9.0	8.3981079205	9.0	4.08831995634	9.0	8.75506421314	8.7953752767	8.15150566355	1.5962452403	-6.0	-4.28234685728	6.91088670006	8.66475823347	
1.26115368624	4.8093527983	8.97094040402	6.28082293845	3.24916223671	5.82135996874	1.8901557758	1.54882466169	2.29657446697	3.20337668691	9.0	4.99143881967	6.89714386407	8.7398223373	0.989199541816	2.85550692468	
1.51838862173	4.79481939705	5.38321669366	2.95846724878	4.70638005952	5.51644173516	2.42011691241	2.36975345342	6.53885331797	9.0	6.06382180467	1.96119432189	3.50912961145	5.19766558898	3.42415045595	5.26973739634	
4.94387563375	4.72091360317	4.53057503088	5.61440482346	1.03793707827	5.61010524569	0.278997876641	5.21616089694	9.0	5.58380369314	8.82023789229	1.75045493763	2.22518138432	3.9651170333	5.08006142161	6.79682659776	
0.970504739109	4.30512746951	8.76220947437	6.35512650404	2.24196451453	5.53904551453	4.71144672444	1.87009755913	2.61870794891	2.66962044016	6.13572782311	4.58971550928	-1.10224099878	0.575272788815	7.10061952351	8.77371335213	
0.803267888592	4.28298007695	5.20815609792	2.48344928364	1.98100691533	5.83360448196	4.76339984139	4.32862441744	1.6769008083	1.59842312889	8.78988569148	4.70682504449	-0.82407101166	1.07010727937	3.14327634397	4.88534913315	
-1.8812993349	4.51603051172	8.5967864827	3.06388726576	8.99861881997	6.13442056534	7.92949853747	8.00307887493	2.74810616234	8.73485515959	6.05194447989	1.88219664836	1.7593347692	3.49490566776	1.90199883101	3.62318845964	
-3.2584527993	4.51398838961	8.99958596311	2.09046562905	8.45608188714	8.99552688156	7.74135289432	1.80818355021	3.29048603421	6.23795323679	7.51499828455	9.0	-3.83401578556	-2.10404297268	-5.54154397408	-3.82061007694	
0.908625103931	4.32054739	4.60594585963	1.98756694188	2.1464401505	5.89054711557	3.4614774262	2.77863684418	2.40580464771	2.30687355556	7.33879610742	3.53877613751	-5.384726837	-3.61609983785	0.386887264472	2.09032178032	
-0.250093747513	4.50884875291	8.7996041359	4.90613632816	2.66801361107	6.19884056394	-0.0910445026246	2.00743353472	4.47923682951	2.28430103047	6.52015635341	2.10491829251	5.99820622992	7.72310891824	-5.16179967417	-3.44641220463	
5.09333150603	7.89368867819	5.67761282367	3.72152185738	-1.81168796504	5.59365921396	9.0	2.06338056061	8.99385659697	7.44478560075	8.88320330539	9.0	0.73960140382	2.47067141662	-6.0	-4.28060424032	
-3.17838389704	4.52592919662	8.99411443905	2.15267847376	6.05736711791	9.0	3.08975140758	1.82615662473	6.04805378395	6.52641871191	9.0	5.86374522603	7.13585183946	8.86483026349	2.41663604483	4.13416905983	
0.322068114262	4.55066382729	5.37636264154	2.01493608012	4.64454827195	5.6027428472	9.0	9.0	4.02905978265	8.917962065	9.0	2.16403456621	-6.0	-4.26898072034	7.27508161857	8.99749783378	
1.04068949271	4.43066726862	4.58179463604	1.96691211378	5.33968261568	6.44800351146	2.59051530971	2.39120363377	2.18937129202	4.70483400614	6.50324985061	2.27758130275	-1.53487742691	0.181606812351	-2.60605421126	-0.891023556315	
1.3418858789	4.41554035201	9.0	6.73352679734	9.0	9.0	-6.0	1.7477628594	7.00723780996	5.72261941054	9.0	1.71573123605	1.56333268899	3.28089384978	1.97111467741	3.65917742498	
2.5502301397	5.17865102552	9.0	7.22581265172	-6.0	5.50947851742	9.0	4.44649357106	9.0	3.60256209775	9.0	6.49887999225	7.27896013647	9.0	5.23019856784	6.95011183191	
0.820290535303	4.60592324652	9.0	6.07670111392	-0.919125945506	5.61762084173	9.0	9.0	5.62058975955	5.15120879671	8.99999781057	1.94093167352	-5.91682995772	-4.18070836641	1.14164944454	2.86195878455	
2.7171501999	5.09781641079	9.0	7.43196697317	0.99064674203	5.40043771525	3.31981097357	3.66904337785	9.0	6.96774279085	5.51300547244	1.78255870485	1.21128393932	2.94292337258	0.77446728917	2.64409308637	
5.79378240448	9.0	7.35987707659	5.04573373059	4.50480998358	6.06874263134	1.28468580002	1.5675939351	2.71238483584	4.15395772516	9.0	4.65109811212	-5.99684721104	-4.27309752406	-0.56563559513	1.10949283939	
4.82343388214	6.32608135591	8.88955716048	8.24942508124	8.10786438946	6.39481564477	-5.98747984162	2.97467992321	8.86683796144	8.00021355913	8.93912746322	1.601449512	7.27355921845	9.0	-5.95026344612	-4.23463669602	
2.04789631586	4.49088507706	4.51328070694	2.82819444252	3.00935538122	6.54360517512	7.72176142944	8.83870544045	3.49274861722	2.59715455742	6.54240840513	1.97582686711	7.2903337371	8.95109492038	-1.3139543305	0.473269943352	
2.31040338315	5.37464009615	4.90368431135	2.90401083399	5.70474958306	7.39640814201	1.51215840877	1.73083762824	4.07460212012	5.23914904271	8.90328121087	4.53898645075	-0.436424383688	1.24838584061	-3.99285899734	-2.19849606569	
4.24510200781	4.68080614941	5.18169790861	5.71399382702	2.34164291279	6.59803282585	3.68156809757	6.40334121095	6.41801595002	2.54508843879	7.52601373722	3.28533572003	1.65970224652	3.37942459442	4.52222476975	6.21075593765	
5.90719295686	9.0	8.69481762612	6.31925912998	8.95874555392	9.0	1.47169309881	1.62973020382	2.49838183103	5.72521453308	8.06421947041	3.79913322866	5.27090243295	7.00669665348	-0.27468422212	1.387526537	
2.1817436094	4.99692687604	5.19770455381	3.24840542405	2.47993967003	5.51360118189	0.954898705269	1.55374943235	3.76007082383	3.64142157406	7.10988881718	2.65107605384	3.20914184218	4.88818672074	1.41866938543	2.98934537389	
6.4455350616	9.0	7.84559466017	6.14884121916	-2.14146925975	5.61000594977	5.50075344794	5.31174885687	4.01945833268	2.18725862499	8.89053321626	2.17417502405	6.69668749494	8.43200598799	-6.0	-4.28282510366	
5.85894426931	8.00311087759	9.0	7.68038095344	4.98782129201	9.0	3.93650041508	6.86692784579	5.1081179792	1.59942340466	9.0	4.65803534139	1.87667942887	3.56515409418	-6.0	-4.29576591166	
1.10281403535	4.60110764194	5.36372654122	2.71955028111	5.04659308234	8.98804792971	8.89916436075	4.49108418785	2.1307007398	1.86994808706	8.99200221985	8.86013532008	-6.0	-4.37933643491	-1.2585674832	0.409964396793	
3.52021925891	4.77722518333	4.85003265927	4.50905730531	2.59324250277	6.6932763198	1.6559893878	3.75952768816	4.65007535277	1.96225402261	9.0	4.58417785883	-0.516676083217	1.18228657514	-3.08456345262	-1.26200355407	
1.04234452968	4.54566223743	4.63126745379	1.7337650688	5.92125972382	8.94518465366	8.90058079224	4.21357785788	6.75919940829	7.53880106847	8.76769881335	9.0	-1.12849171383	0.581761938021	-1.6700685542	0.133529213324	
5.99819326163	9.0	4.72100474864	2.47578837042	5.55098472985	8.47236820128	1.13064497407	1.67528322306	3.46701502455	3.51028232185	8.8759312975	4.54066235444	2.1993821026	3.95773468714	-3.41549467175	-1.66825949638	
2.92077095505	5.65062979061	9.0	7.23398466249	0.992029426398	5.64562466952	9.0	2.13989678865	4.24741166458	2.47799428428	5.8529632868	8.72480701517	5.64379679746	7.52521485748	0.159734719224	1.84668881895	
-6.0	3.36783290403	9.0	0.945923484878	6.81082937582	7.86624415536	8.91564803005	4.08272553095	2.11374113455	4.74210958872	9.0	8.99970735128	-1.99008557856	-0.226419376749	1.1194861788	2.71627883665	
2.16359799549	4.54093359983	9.0	7.48690167522	8.77342633473	7.48748045376	3.61500893961	8.9348105022	8.99997961483	8.40601567797	6.04458492876	1.62264513701	3.39731272823	5.1289688966	7.17667609771	8.90003633035	
4.65885337888	4.62535122593	4.641960603	5.54500869647	4.43575217048	5.58468770508	0.314811454188	5.23106742375	8.66680669113	9.0	8.99721227534	1.61371746604	4.17151268912	5.90268554207	3.51989052742	5.23615655025	
2.19229547159	5.34753109599	8.9998153582	6.64781190015	1.02504834664	5.48341186787	4.15119471235	1.52947997698	4.78069458191	3.669170356	8.88429376478	7.40581777079	7.19380023509	9.0	-6.0	-4.24803228804	
1.11820730556	4.5640853982	7.36768411339	4.78747304805	9.0	6.30603314104	2.71160941358	2.53034180438	2.07781266065	8.08523761552	6.05731327227	1.92707552733	-4.5742558187	-2.88462343134	1.16961120373	3.00339251934	
0.963823210257	4.39827651902	4.53270796838	1.88761183895	5.95539587588	6.03780257554	6.03479452611	4.79992760401	3.23991391496	6.79860329703	6.34540125244	2.99509230118	1.98110470084	3.65859493329	4.96964815952	6.67492482686	
-1.64601788791	4.46157569958	9.0	3.78869877502	8.98948442614	9.0	-0.0244291454382	1.56949059351	7.31197314569	9.0	9.0	4.68353627505	0.0614913800141	1.73770970531	-5.27049714522	-3.62444437282	
-1.94197973395	4.57204943023	8.9801845873	3.34344738297	2.28648614239	5.678960298	4.98698191382	2.91936774295	9.0	8.99947481262	6.0956199317	3.75210077996	-5.81076224316	-4.08529765581	3.35247584788	5.07375785763	
4.30151187183	5.73909463629	8.54727218899	7.98482706167	-0.395627375799	5.55372368859	3.41714359662	3.61090726909	7.89693566471	1.9001242593	4.20945786964	3.07124199368	-2.49608513176	-0.77520509117	1.28521609347	3.00990568251	
2.71147033951	4.85092401173	7.04861045182	5.63152410574	3.89031741115	6.58154421444	2.4808984348	3.8214531499	3.38764687639	2.97272742247	6.18173044517	1.71477320075	2.85512738594	4.54937066966	7.46812657277	9.0	
1.26689150823	4.51663166525	8.95740822251	6.65335280618	1.01101245507	5.43888109061	5.23649666886	4.5176390852	6.68736657781	5.47384407664	5.79289804494	2.32951675233	1.44286584216	3.15889314131	0.00125516934597	1.81019669161	
1.00194786868	4.38330301217	4.72825420466	2.17604728932	1.61235083918	5.64480494522	7.15263396217	2.78293046065	4.94866448227	4.39023763763	8.8819753073	9.0	-0.900627479653	0.83259744617	1.05817234243	2.79216204957	
1.41063345373	4.62584573169	9.0	6.56766185993	8.12696788487	7.23733807389	1.4690980084	1.51759913996	1.95300764198	6.36656480541	8.61617123535	4.20933709785	7.02369344906	8.79526930042	-3.32065473976	-1.51862487345	
2.99097232349	5.30471290186	4.78936943167	3.33838514551	2.76298829936	5.54307232711	-0.129695115395	2.26160256414	8.14066234256	9.0	8.70464577378	1.70466735371	-0.635051814522	1.09851382444	-3.19168473076	-1.46858099927	
8.13431583432	9.0	9.0	9.0	8.99588706849	8.74239727767	0.884063492386	7.44629978963	9.0	6.19009007417	6.07349614259	1.5895370591	7.27918881741	9.0	-6.0	-4.27759497206	
2.14232742368	4.49315626753	5.1371305116	3.79555785999	5.23655511001	6.72839100195	2.27378841224	3.422789594	3.34513725469	4.18294388584	6.20455723263	1.66718380774	-6.0	-4.10745412058	2.80650990353	4.51323914885	
3.23680973413	9.0	6.81352867398	1.88459420058	5.3293256679	8.89768605802	9.0	5.65276185809	9.0	9.0	9.0	7.88252332567	0.676857552811	2.37748521257	0.188648300176	1.94671074108	
9.0	9.0	8.13498587416	9.0	-2.33721578513	5.56914498583	6.65609677024	9.0	6.16486895453	1.75132704057	9.0	2.18314235398	3.97679767912	5.70774017748	-2.29955655213	-0.578970026628	
2.34645187586	4.60994299328	8.82357643778	7.42257218274	1.88613881191	5.64129082208	6.40918261881	9.0	9.0	9.0	9.0	1.6599618243	2.56479215815	4.30885052652	-6.0	-4.26599765503	
8.13685431295	8.9970911928	8.99993888248	8.999999774	-5.69905526229	5.51380633365	8.99050182711	3.90718858756	8.94737153382	1.86034550502	8.99376849193	8.99995250814	-6.0	-4.27562389768	7.27293350643	8.99381891165	
8.00488280817	9.0	9.0	8.86944925718	-6.0	5.53646818479	9.0	4.61120885058	8.99947905245	1.97008773411	9.0	7.91615029996	7.27467882539	9.0	7.18133909912	8.89946546215	
6.01777493313	8.73441169523	8.49078575438	6.57758723588	1.32890592996	5.62967760524	5.61739855384	5.48288789427	3.49095355074	1.94254748448	5.68577670695	2.13687903245	3.50706802172	5.26012844753	4.85910896458	6.62490383924	
1.32569261416	4.47357675521	8.89851865509	6.54975377558	1.58351367372	5.51833579096	1.62288986544	1.77669139644	2.49009445346	1.87498510688	9.0	4.71378822984	1.26822649677	3.06448250762	2.29633524298	4.01078948451	
0.891394988814	8.53284969155	9.0	2.22757622445	8.49576571872	9.0	2.63600497117	1.70584638578	3.85818248414	6.78118736288	8.99635527013	5.50685700805	1.74785457711	3.47098152729	6.83729328227	8.55849362165	
0.793162838096	4.50489573842	5.60459418432	2.78015538262	-0.850674218077	5.52176060002	9.0	9.0	2.84303522352	2.23219613703	8.9956225987	2.2321957239	0.952538942549	2.67259685544	-0.0331111468207	1.696233335	
2.3438147002	4.55972369214	9.0	7.63502305023	3.7308317463	5.60289174756	6.33635892394	9.0	6.65319809867	8.51931562938	9.0	1.62650259585	0.184826530564	1.92050843955	-2.25917198222	-0.535440202753	
1.4719277644	4.6496817405	8.72970589548	6.25324270568	2.071064233	6.07865927651	9.0	9.0	2.27433810058	1.52337578254	9.0	5.01775619356	-0.548436226226	1.15928813695	-2.32677659872	-0.515490279993	
4.07338713506	6.81370881108	5.98413747408	4.07858633916	-1.39889405293	5.61818032398	3.7167940592	3.3792083513	7.61157875093	6.01755772829	8.25996951242	2.20390741461	1.003625307	2.73763450785	-2.276820407	-0.549463690408	
1.34326239383	4.48966242915	4.53910293412	2.22522629428	2.91694389802	5.76399643939	1.7327095367	1.70987731234	4.26087055124	4.75385090767	7.4570530809	3.23176821289	-4.19621620103	-2.3826095831	5.61797976382	7.24711863957	
1.49785935413	4.81375153297	4.92855922946	2.59826885424	9.0	9.0	2.18094068842	1.76292286508	5.81616764958	9.0	9.0	5.03436090304	-6.0	-4.32767737934	7.11339070447	9.0	
