-2.84448840595	4.59670451887	9.0	2.38289247795	2.96057859576	6.96312607632	8.92963190183	8.89888117903	7.22361572688	6.54230187704	9.0	4.75926285876	4.13583715252	5.88882964214	0.902374471679	2.65252076502	
8.31634253248	9.0	8.81949612525	9.0	1.17866446309	9.0	2.55837330091	4.84168666225	8.94169641196	5.24025571426	9.0	1.61195545746	0.50692418682	2.23250317207	-5.90869992315	-4.18932025459	
0.296873556135	4.36548940198	9.0	5.97490900371	4.18747073142	5.11651316522	6.65039114267	2.27849991844	6.17685643655	9.0	6.2864175977	5.8776848072	1.47699793408	3.34167426312	-6.0	-3.93519465572	
7.80833687777	8.99243002005	8.95853381614	8.60179993102	5.24188769335	9.0	0.900718487622	3.22563377188	4.10355934903	1.65562124576	8.99230302225	4.45540311724	7.23997854031	9.0	7.19013755611	8.96952522045	
2.7398968511	5.3879389924	9.0	7.21573648838	9.0	8.34994025741	-5.99649911386	1.85720901776	8.80771612806	7.75700802222	9.0	1.90259854237	7.26692305623	9.0	7.29118224042	9.0	
8.82918969998	9.0	6.81864818151	7.51905926413	3.24746764288	7.30834727597	7.96375319951	8.82398823478	8.99998189378	3.08293494878	9.0	9.0	-6.0	-4.27444154476	7.27646331903	9.0	
1.91275031326	5.12232250442	5.69838973771	3.38615943563	1.27552454719	5.75499502127	3.74261910936	2.45307180993	3.95251900281	2.68111919288	6.01276817206	3.1548738427	4.49201700846	6.31286664446	-4.14182202413	-2.30559567334	
0.95689917183	4.58402777856	8.58739313101	5.72344872054	4.70225278112	6.30077462881	2.40567923967	1.50146162681	1.73126093417	3.81938071365	9.0	5.41783218929	-3.74373486798	-2.04791710881	-0.878541761504	0.927720672276	
-2.4461942252	4.48432161251	7.9396189799	1.73641398207	3.76819016661	6.39356648102	9.0	8.87356127334	3.0290922681	4.14013801124	6.95737708599	2.65100717445	2.78106906634	4.51781680652	1.69977010463	3.41933195514	
1.41316849901	4.98689558091	9.0	6.21423013995	8.25545998399	9.0	9.0	1.89610322541	1.9656815128	4.84647122055	6.34291712048	9.0	-5.99988669025	-4.20136268435	7.23987210927	9.0	
0.931965124316	4.48023110095	9.0	6.30662286306	1.55401974817	5.48188702326	8.53341568732	6.18936052386	8.99123863323	8.71797832472	6.11838520594	3.89837008824	2.65192682667	4.44813275473	2.74888506993	4.37276907532	
5.18329194539	8.11934192694	6.58858328359	4.28793608185	2.35900927612	5.65956607416	1.15009150832	1.61196929535	9.0	9.0	9.0	4.54250980838	7.15060109999	8.99999935506	2.21308803348	4.05942449301	
5.91682798981	9.0	8.9777249786	6.60176276827	1.43466820858	5.72159385191	5.81550349867	1.68543408375	3.66254248202	2.71700198975	7.36791542402	7.384263163	7.24205593216	8.99540997647	-1.21432229946	0.47238645731	
2.25333976247	4.6237447153	4.50382411975	3.02956438483	4.59763478799	7.21211066919	1.3442917516	2.55863359547	4.27399552835	4.20267368293	6.40901601107	1.65723522714	7.23150473258	9.0	1.92958557484	3.67199359045	
1.21931700246	4.37290268283	5.06947004821	2.63016472345	1.66530366951	5.62059042706	2.10103562798	1.97551083258	2.4665775662	1.92856193635	8.94660865462	4.90972908029	-1.89263416686	-0.115454846074	-0.672792573723	1.03836831554	
5.84983801073	8.612834749	5.48700398902	3.50527038179	1.2940718477	5.61930227226	9.0	2.20165455573	3.55366805683	2.18490196625	5.97027755049	8.92348037106	4.63447359565	6.42151696524	-3.39335620357	-1.65970473608	
8.97405600354	9.0	8.27540655326	9.0	-6.0	5.27761625884	6.21523654173	7.41728296266	9.0	1.76433502928	9.0	3.01485588296	7.29988349365	9.0	4.28361299916	5.98111923543	
2.37332023218	4.5955899833	9.0	7.63376819194	-0.640755819513	5.61168261993	8.91372103933	6.83731789582	7.94375426144	2.11598017912	8.32318997936	8.99888910627	0.223049915936	1.96006230058	1.07261136976	2.80470059189	
1.48996317215	4.51817699531	8.997113513	6.90517142468	7.48776209428	5.47495101372	3.11620615981	3.62983648592	3.94271030081	8.78530219209	5.97222407535	1.70656157135	7.28082955341	9.0	-1.6293078996	0.129561566703	
3.82007938848	5.34117477595	8.31529629564	7.66248591101	-0.357443192795	5.60002191572	8.93799919769	3.53265765099	8.21570794893	2.3034934417	4.33728854512	8.70589379946	-5.95962543296	-4.23366359674	7.27354274336	9.0	
1.2780355488	4.72044920742	4.97167635492	2.5219432734	3.18117992281	6.65632944891	4.91511165143	2.47528216849	8.92006320158	8.71923864529	6.30167157794	4.39694218448	4.0762273523	5.87506771012	-1.64907663792	-0.0272075996522	
5.2220207858	8.07448581461	4.67494794209	2.71144846671	3.18411256652	6.65111376874	0.971070597725	1.61879339537	3.19890672064	2.63735573058	7.40024652066	2.8590512715	7.21658954135	8.99472490954	-1.51574282536	0.180957199958	
1.15495722185	4.53539825786	4.84984943773	2.28914475744	8.25349741249	8.61193073474	1.83809075286	1.67026633635	1.94414166119	5.18791581531	9.0	4.71407626761	-2.83996821376	-1.09576272982	2.56502813389	4.24114187243	
4.46858093764	7.33082991709	4.47284127395	2.40030739949	5.1835323627	6.08356316176	0.888500704734	1.57293738786	3.2768831142	5.5119402215	8.9908921742	4.41841728532	7.23190079751	8.99680940005	-2.83512032973	-1.14153225114	
8.50924384359	8.99856805545	8.58863630554	8.96672041778	9.0	8.97327161459	-2.48425295702	4.04369392262	8.9783018851	5.91136020942	6.03950240062	1.61860760802	-5.29941149639	-3.56749580444	7.27486075641	9.0	
9.0	9.0	8.1345225749	9.0	3.15769842667	7.21308636969	6.94653498959	8.70816996324	7.59540164911	1.60382016516	8.97660119007	8.16825493539	-6.0	-4.27698888653	7.08853074795	8.81045002316	
9.0	9.0	8.15603072988	9.0	8.31762047422	9.0	4.11746799813	9.0	8.97334331136	9.0	8.18594104591	1.59716703792	-5.99903235858	-4.27947865239	7.25463796813	9.0	
1.38584380866	4.48695498356	8.39446151922	6.27568310285	1.11342547994	5.39431210614	1.86640264646	1.62501382767	7.27448348633	6.07672093206	6.4722085849	2.55147652391	-5.74128860082	-3.93815549763	-2.87905079039	-1.2033674294	
1.24646291079	4.60849678944	9.0	6.55248040102	1.37216643226	5.51988036175	1.74165398077	1.58094178471	4.36794499534	3.64807231509	9.0	4.7756558713	-2.2378069131	-0.447903124112	-5.3439170145	-3.56167439934	
1.23228668154	4.87117157439	4.95011600252	2.12401675851	7.95667927996	6.635971582	5.61711769312	1.80604816825	2.37423732845	7.34537679734	9.0	8.32993024684	-6.0	-4.29943665933	7.31751515228	8.99850519299	
5.95273453928	9.0	6.05560558057	3.89815131727	8.02819224196	8.80363084037	0.884959301724	1.55464324846	2.44481544814	4.6338282815	8.9999998907	4.39762766421	-1.06094082692	0.723824429661	-5.25937806652	-3.45498557956	
-0.973679504251	4.46736370215	7.65909289548	3.07885892947	3.29740158952	6.31791579487	1.90809714006	2.37607125744	2.93915041394	2.8079960979	6.14932796609	1.84921230501	3.18426815813	4.92345788903	-3.60560559288	-1.89254049766	
0.987140036895	4.43028662504	6.13399003257	3.52471157657	5.74250388835	5.31440121065	1.91112532374	1.47153975851	5.12090353186	9.0	9.0	5.10940692428	2.99645698661	4.69265953832	2.50701383899	4.17005075419	
4.20161417382	6.94243291262	4.92664489514	2.97801523754	8.84380072549	8.99758477344	1.25851866718	1.81901647701	3.09154139081	5.84758587656	8.17655578193	3.80252466007	0.153117707527	1.92462031049	-2.56624378759	-0.910263953215	
5.51207061194	8.50711492577	8.68874150477	6.49722289173	3.96216483272	7.16818422724	1.07867158742	1.64516648225	2.33673344877	2.29448919929	7.56154841459	2.96938101997	-0.50560988674	1.33730358107	-3.7327133176	-1.98116974136	
-5.98628182555	3.33685780032	8.97765405949	0.969976935317	3.66372680201	5.90080112178	2.93434514229	2.26639424384	2.33984608976	3.73806950352	8.99635868469	4.8805147822	3.20492720397	4.98473234265	7.42517729394	9.0	
1.39927482622	4.87538826732	8.5013997828	5.76751690073	6.32843755536	9.0	9.0	8.14672052123	2.24664392544	2.93738209497	6.02173974493	2.63901443374	-1.106232665	0.510762051441	-0.435291364798	1.35511809858	
2.74774429731	5.52320581166	9.0	7.09780230925	-1.02499185736	5.56062303269	2.12261221155	2.0741221033	5.55098951833	3.92411518564	8.02366675097	2.12673816992	4.11940578223	5.8491240017	3.64971527092	5.36686553046	
7.01168647263	7.86880669399	9.0	9.0	4.50394131444	7.9598321671	3.97439906826	8.51054677719	5.99309256657	2.20865906445	6.91561959861	1.72107146449	2.92316902433	4.64846816863	-5.09803436403	-3.37003129751	
8.10749865062	8.97049746565	9.0	9.0	-2.25241034411	5.581896067	2.35713759625	4.47584915335	9.0	5.44748970474	9.0	1.62068867553	-6.0	-4.2701392637	7.27950202027	9.0	
2.77381653517	4.98860189048	5.79971412811	4.44958699598	2.66636443846	5.69849749633	6.71768232499	8.06580018061	4.8558021997	3.8486395872	6.07523009351	1.69605907101	1.28700154748	2.98024801191	-3.4902929932	-1.80119129222	
1.14965219614	4.4054919309	4.7905970206	2.38516214681	3.23015365394	5.76301733651	2.22864403664	2.07561068467	2.40066714226	3.22817533183	6.20821590302	2.09065732771	-3.81636323421	-2.04291623281	-0.9326409564	0.683777147638	
1.92917177029	4.55794351522	9.0	7.23608794878	3.15710523742	5.62608456109	6.75964011207	9.0	2.74293108863	4.41468444545	9.0	1.63454018019	7.24192571864	8.97502444256	7.28172286936	9.0	
-2.48233394451	4.50240719796	8.90569484108	2.77794837368	3.22425533546	6.08269441497	2.05101406205	1.87058610715	2.74877497977	3.13608942393	6.50762821486	2.47653037397	5.6585632131	7.38805646735	0.847945380934	2.57215859856	
1.73263622092	4.54625626843	8.26228926396	6.31552227256	7.26434734615	9.0	3.51344787966	5.56527827465	1.26914606812	3.86014186217	9.0	1.63482628108	-4.92955190582	-3.19593601302	2.40079306559	4.12303015199	
8.60792134161	8.99674312241	8.59978723592	9.0	-6.0	5.36444540741	4.34679954764	5.19048283128	8.92414598798	1.77812160979	9.0	3.12202221325	5.15945664925	6.86275569218	7.28991147284	8.99972244561	
1.41792114401	4.36408388883	8.7290901167	6.63532988481	-6.0	5.28230689215	9.0	3.96914669966	7.54131346746	2.61125295189	9.0	6.83464136213	0.938758347862	2.63474665093	7.33778186839	9.0	
1.22927749856	4.66424907373	8.21775591882	5.57824226143	5.5637807838	6.17171067515	1.75879878073	1.63099271693	2.04707888351	4.9759076999	8.02974085585	3.72454925474	3.45141959417	5.32457529355	4.01398209934	5.78374057085	
-2.24789430326	4.47575981083	8.2541551915	2.36549755046	2.51776958142	5.86227644652	2.22596928535	1.97714425305	8.95770717759	9.0	6.63701043377	2.56769142816	1.15727597038	2.89051245022	-3.35398176802	-1.63705810212	
-2.08496097182	4.54395346129	9.0	3.23907041883	1.07027270188	5.69522929433	8.95575002032	3.54788422251	3.08445433707	1.89311726814	7.36779943059	8.35381742909	0.99124414842	2.72425049252	-2.69602027686	-0.971246678643	
0.856687408271	4.35122952633	8.9455238314	6.24169269641	4.33466314548	6.4283122316	2.36808013258	1.63836855235	1.6959357683	3.28188937979	6.60915153827	2.85919957887	2.17551322139	3.9051610887	2.07621655975	3.82797081916	
4.08939080065	4.95094879125	9.0	8.99312721905	8.93859830735	7.73679589535	-1.90845840771	3.91626993588	8.02203026779	6.84322140494	6.04388801162	1.62755647559	-0.879706975916	0.847603810913	4.69202155259	6.41276043614	
1.21288073835	4.35807452433	5.3778966021	3.26644460539	2.47212394776	6.07153919162	1.90905440285	1.76975057985	2.49296771628	2.02164762735	7.72320564433	3.56153584307	1.95623757518	3.70994941725	-3.07468938878	-1.36869842796	
1.32414054411	4.63478435608	4.65631219987	2.14214400734	6.16801593079	9.0	1.56165907348	1.75170631399	2.52792962496	3.21640212284	9.0	4.53964781092	2.12339470479	3.94369776296	-3.06872515331	-1.37471538701	
1.78948429493	4.57840746359	6.32311169392	4.39426687495	1.19827480618	5.56377089488	3.05326243742	3.08068596088	3.15723071424	1.64719265751	7.0275340046	3.1753499923	-5.33373739959	-3.46567728696	7.38021482658	9.0	
1.40102113134	4.85200108507	5.4630344222	2.74671497855	6.80746810251	5.92185155145	1.94290320555	1.73026714431	3.0496739982	7.33047044383	7.6077430889	3.5986929565	1.17393530316	2.82390460111	2.29456404365	4.19528958013	
6.94367062105	9.0	8.9416839382	7.75071352267	5.37130862376	9.0	-3.06132558572	2.48996110588	8.73470100867	2.80616634437	6.62692448635	2.39293219712	-5.9974603834	-6.0	-0.833382358971	0.878698292437	
5.35960743189	8.93933686493	7.0194812266	3.94702351642	8.35387945104	7.95684955331	9.0	1.89442269566	1.74254541802	6.02354933446	6.4039128468	9.0	-6.0	-4.27219146952	-6.0	-4.32955913878	
4.28613257122	4.50551371666	4.60653307153	5.13722229074	7.90188575646	9.0	5.55358049327	9.0	6.53901866783	5.72460913868	6.0550172865	1.52375028714	-0.897468092704	0.919373547051	-0.248286071727	1.63408240427	
2.58587188513	5.50351554754	4.6711602834	2.53005749624	6.8910893803	7.14773553619	0.930046543695	1.50515055348	2.61979968445	5.42846302472	8.99732666532	4.48748926743	-4.86617844777	-3.09962517836	-2.00066060876	-0.33049356643	
0.859324489446	4.38590714696	6.25311321059	3.58230693924	1.83974081212	5.30996600479	3.31794498759	1.50762748596	3.21831675285	3.30823950468	7.05184104651	4.42579142859	-2.40139636147	-0.648401305496	-2.90023119647	-1.12476576719	
6.0064399408	9.0	6.20991807487	3.9929339888	1.35722910944	5.61566718815	2.34589910747	1.89668266144	3.79299318604	2.67882535254	6.33963652496	2.72360561087	-6.0	-4.36696488817	0.927852533108	2.64843962725	
0.616713954134	4.48294587184	8.99898388048	6.0079233031	-0.898447166654	5.48762296962	2.79891447093	3.09396922902	6.02718100213	5.5720367951	8.99999270826	1.77291631658	4.04250391554	5.74459812375	-6.0	-4.27459725926	
1.13059271596	4.31410178309	4.53124700733	2.22676842581	3.54448532584	6.22003242057	8.94380539064	8.99878522435	8.50634028641	9.0	6.06115772137	1.94349501244	-2.36598910465	-0.689078210429	-0.195748316454	1.5146396741	
0.78352036637	4.42057970313	4.41492537298	1.58344743823	8.89066861769	8.50240141255	9.0	4.37686939368	2.88279882877	7.12309399311	9.0	9.0	-2.86788154483	-1.08538424311	6.09990278109	7.81861171864	
-1.48440001037	4.52552316749	9.0	3.85872344788	5.03126241852	9.0	3.85068783338	4.64704921779	3.07905262242	1.68279275387	9.0	4.64705617553	6.61693676512	8.34451621787	-5.99999495753	-4.2790797902	
-3.75307501823	4.35004577138	8.97228451791	1.68234763239	3.29326011786	6.58579153777	8.951008306	8.36231973246	2.85403433009	3.30032975234	9.0	5.06082917089	-4.35042612801	-2.59659573264	1.03925662261	2.73381756485	
-0.213870704282	4.53205914817	9.0	5.11902857446	6.10346698982	9.0	3.72140749237	6.38820157217	5.09253096872	2.97362198438	6.08573104781	1.65946759373	2.41328909999	4.14276519956	-4.84290248213	-3.12238929632	
3.35789934355	8.5336645822	6.12557804501	1.7976474791	4.51336200816	6.52771106496	7.88593109007	2.07989864497	7.04848958206	8.95917489176	8.02508631437	8.93755070553	1.76883220475	3.48986544252	4.27177691437	5.99203489112	
4.18187204457	7.76333951518	5.68820774371	2.58608522861	8.13237027941	5.68643773425	4.07948238331	1.60621361413	2.59353360644	8.96848700198	7.40560991829	5.37980426764	-4.74581604642	-3.01560139665	5.05726605872	6.72652476361	
1.29846704115	4.53261540552	9.0	6.63168971684	-0.400383517442	5.57350488142	2.83911430134	4.0861528337	8.99999777542	4.64480475329	5.59239243638	1.74617511046	-2.98370919897	-1.25435525522	2.04286826178	3.76403471845	
2.91551645218	5.43033019406	5.32420589532	3.66152693484	-1.96154727889	5.64629710527	9.0	8.2241096242	4.53145847721	2.76124751854	8.95633275882	2.91292338611	-6.0	-4.24484913453	1.04874101153	2.74487411261	
1.29873223741	4.53595683509	9.0	6.63497137482	7.99280709669	8.98809057127	3.58570822151	5.20044538838	0.831508269734	4.59625511467	9.0	1.63437155293	4.31290596038	6.04815387321	-2.42019492619	-0.699731862531	
5.98606601836	9.0	5.12150597174	2.89750970005	3.71020130769	6.48582683561	0.984632935345	1.55820384043	2.84078621123	3.21644366671	8.99937063004	4.43832258475	-5.96456649442	-4.20505874296	7.16933334832	8.92289144517	
2.33740101798	4.64245103803	9.0	7.59741138877	0.978800649263	5.40042312685	1.42638674398	2.20163398047	3.75775926499	1.60227298997	9.0	4.9846740726	7.30768851815	9.0	1.10516983084	2.8783101903	
9.0	9.0	8.13405398795	9.0	3.92499986161	9.0	9.0	9.0	8.0306671245	1.73874917192	9.0	9.0	-5.72027349713	-3.79541918311	7.3816557256	9.0	
2.14213267304	4.34308440708	5.66040769496	4.44727816043	5.21350980623	9.0	7.89330695515	9.0	3.34711430828	1.60545062726	9.0	4.59644140318	-2.24271377969	-0.45492444222	-6.0	-4.26855121123	
3.43904303649	4.99059339565	7.92377123469	7.25853757366	5.69866834153	8.56317408636	3.31197447035	5.33634445713	4.39509636508	2.87858570059	6.29656040172	1.74870347576	-2.40107277654	-0.692694115505	2.69830938651	4.52372603817	
5.40344138079	9.0	5.96807915305	2.89059767699	8.99962923767	5.93203642507	8.97932112069	5.05466200226	-0.849092486118	8.97697165631	9.0	5.53241934473	-6.0	-4.27572673052	-5.38079420578	-3.70759640889	
1.03213002782	4.49662277184	4.51837730695	1.80351561775	4.130570692	6.13018658778	9.0	8.7188399486	3.22634791993	4.93796179577	6.67322193509	2.5189980392	7.16128403562	8.89771027641	7.09421614269	8.78928862673	
3.71904729984	7.32978303634	5.78492788395	2.73660773092	0.900256234695	5.64826388312	8.66537959153	2.85428608325	1.56112784228	2.87918326701	8.41198029176	7.4837020334	-1.21804201913	0.488226890455	3.06864525209	4.75167701289	
2.0455450789	5.04878612815	9.0	6.7317727473	7.40408946168	5.68249576675	2.55247164252	3.08719485866	4.12858391731	9.0	6.26100519653	1.78081254704	1.86046404893	3.59603525786	2.88407894983	4.6753033719	
1.64930148212	4.55755970842	8.98652168505	6.91381053131	-6.0	5.37227451028	7.86727821631	3.75177799167	8.99999994676	3.84840778774	8.92006041849	5.94903889552	-3.92135675554	-2.20428564119	2.87297479791	4.5757891707	
0.280312066045	4.58272945806	9.0	5.56259697375	3.1315915242	5.65284284252	3.11505592533	2.82049225649	0.479657215307	4.11896566225	8.99714179012	2.13976731893	-0.8079349265	0.923636665561	7.28933656999	9.0	
5.85561160602	7.4134571938	5.34574604831	4.63738126924	-2.28132111129	5.56881455388	6.60388193711	7.56279857271	7.94061172113	5.15846901146	9.0	2.0106314555	1.01728059402	2.74638746801	2.39537692696	4.10138073998	
5.6136060611	8.9998693193	5.7972600064	2.95928089006	1.93966880883	5.63622245883	6.1216991161	1.67018489724	8.98382409559	9.0	6.89230554782	6.95995280111	1.89944742927	3.63715061904	-0.91446051891	0.76902403283	
4.07011418047	4.88571540086	8.95463995852	9.0	0.45522708275	5.63452243874	-1.29447682956	4.02369475045	8.99714468384	1.94163696174	9.0	4.57878718651	7.26600683975	8.99922543754	7.1402293034	8.8607861537	
4.95509082489	8.53165297942	5.98867303325	2.91034957608	6.26405254655	9.0	5.07064355539	4.11716075769	-1.01187317923	2.85400681536	8.86519970142	2.598711816	-4.56298836347	-2.83994455217	-5.39547867112	-3.70028817219	
2.81088819453	5.65786818962	7.69517977096	5.73555766991	5.48938010986	5.62076765609	0.926966295094	1.59367183622	5.22969181926	8.17132988716	9.0	4.28537532704	0.924068008659	2.7438349644	7.21747636506	8.94068007212	
2.18089238076	4.42588488226	6.41296424189	4.86664506426	2.12476055526	5.84696700547	4.49669743083	5.68809295977	3.28749187044	2.20290856107	6.20636105609	1.69104228405	6.82276769875	8.54204648991	-1.73680001277	-0.134692484734	
2.20660189764	4.88443090779	9.0	7.14178466678	3.83969617278	6.27385606205	-6.0	1.81084250049	7.14840264461	3.26617698447	9.0	1.7860830129	3.12276188298	4.82648844876	-3.98016765936	-2.27265939131	
-2.89897644281	4.46367020095	8.93945473426	2.40811817213	2.05833464359	5.92695364857	2.50376646976	2.11585210726	2.76011897495	2.31924102433	8.99657384202	5.05379781127	7.25566504869	8.99999627519	-0.0907185102944	1.6371982144	
-5.67205551939	3.42738501077	9.0	1.09066632529	4.59803371328	7.12410685133	6.60426048421	5.42026999764	5.4885181844	6.65136492045	6.82515608843	3.18965566647	-1.81190295285	-0.0305733272282	-3.08206397934	-1.50909953598	
1.28796514023	4.28804708496	4.40179574359	2.35136387211	4.46148983456	8.33172157963	9.0	9.0	9.0	8.18152976824	8.84171482548	4.83684019704	6.69081361867	8.407188019	-3.53133840424	-1.86920008087	
5.77164679401	8.63858619799	5.32363649428	3.21708570257	3.74993978434	5.38188937856	0.988828476669	1.56597513766	4.28201031269	5.48323437643	8.24494407224	3.97020263592	-1.73594347169	-0.0287870164085	-5.77079516267	-3.94218636526	
7.22778496018	9.0	9.0	8.06793732783	9.0	9.0	1.09074513091	2.774399028	3.59993100785	5.71945516818	6.38992818848	1.67870497075	1.32086909146	3.21881055569	-2.28713897322	-0.743996342402	
2.89565094269	5.85929040491	7.52115514285	5.41205124102	4.30045874842	9.0	9.0	1.90547378833	9.0	9.0	7.58258974404	9.0	-2.16754379312	-0.442648768659	2.53358759204	4.25396135215	
0.955363922853	4.38942044591	4.73496587732	2.10305803706	1.73560708076	5.63127049007	2.78286677556	2.31446289497	3.05562419473	2.7512296134	8.70303418491	4.78217984138	7.31509934661	8.99985380594	5.97025618482	7.70164722595	
1.30591305241	4.70039963988	4.9684254484	2.44754030633	4.90427891908	9.0	9.0	5.05670237884	6.3509412655	5.65064850665	9.0	8.6464911886	2.1962573007	3.91177407911	4.67264429717	6.54849345744	
2.40854749199	4.66984210187	8.24328801052	6.66586991116	1.90010147991	5.93441151294	2.84426616358	3.96020927221	3.1438493135	1.60902552999	7.43265669073	3.09637546767	7.25561646466	9.0	1.35319083266	3.12850641478	
