4.24759942716	7.05506583467	9.0	7.10443925374	1.04124610189	5.40191077967	5.25630453468	1.75023727968	3.7041681593	1.94170900495	9.0	8.93281156407	7.41822159705	9.0	-6.0	-4.10753259192	
0.884568549487	4.50564591966	8.21162335802	5.45831307848	-0.386920195626	5.57701408494	9.0	8.95279229478	9.0	5.15779695854	8.57329720619	5.51006648216	7.27104748688	9.0	4.96288616371	6.6809022893	
1.1609740412	4.61983283171	4.75782061986	2.13798054598	8.82205039809	6.56877055687	2.9267952147	1.77175250202	2.74925612929	8.35992524595	9.0	5.87064035862	9.0	9.0	-5.87576127273	-4.17171757604	
3.08661269574	5.14114209821	8.99744384428	7.81579014605	-6.0	5.4646087744	3.46715321315	3.05090945993	8.63883532115	2.49834613109	8.8702090176	3.01232318307	7.24040865144	8.99512233867	-2.96020580852	-1.20417685439	
3.37730251699	4.52391279369	3.33504712163	3.05430842478	5.72462902796	8.94414423583	1.14099370038	4.77189165694	3.8780760143	3.23145703185	8.91064417653	1.725342008	0.642233646774	2.37760961132	1.05322120355	2.77486734581	
2.25506819153	5.41215971032	7.81030769763	5.45378746516	1.51677907477	5.53392738183	9.0	9.0	6.00298895966	5.06400739583	5.93369706446	1.92603301393	-1.85014918339	-0.179159659608	-3.75174101203	-1.97285558198	
-3.36798345523	4.50211633322	9.0	1.90619515336	2.5767208256	6.21777688118	4.55125782321	3.82589520534	8.97781140209	9.0	9.0	5.26025766008	7.26733816636	8.99949067195	7.27272289766	9.0	
0.953849962975	4.40404661043	4.41929027324	1.80787869622	3.2677581541	6.75127179492	5.14383723366	4.6957171606	2.91023437481	3.09410814491	8.10846297553	4.01895405457	0.119689078411	1.91101487986	-0.721149547668	1.04538707607	
4.08943724039	4.51919551725	4.45171437778	4.70282362277	5.17673636684	9.0	5.9201035596	9.0	9.0	5.84278356398	8.96497014681	4.53917977821	-1.87375646202	-0.199713373339	6.0920099364	7.80686710552	
3.02561717468	5.81340748139	4.35425690937	2.23382926854	2.74505278187	5.75098606722	0.763249913895	1.53800697408	3.92267304179	4.15448397136	9.0	4.3215016776	-1.2866909225	0.457128302908	-2.65553035826	-0.994537195989	
0.215271908494	4.54536537099	9.0	5.53829099556	0.259462615533	5.58367374478	8.99572311767	2.3678685091	7.74096014924	8.72473936497	9.0	8.33239955027	7.27000105153	9.0	7.27941353803	9.0	
6.70814399307	9.0	6.94192111866	5.68497467739	0.901284981146	5.5270619202	2.13336807394	2.1037363605	4.28768414556	1.7560701622	6.60303149165	3.38235216583	6.5659585082	8.26078380242	-0.343978274028	1.47734046509	
-3.66329837028	4.4361389106	8.9998282263	1.60286179455	8.89019138718	6.82335762658	4.30192445991	3.78203426912	2.16795279173	8.13914005446	9.0	4.94607738007	4.73000746283	6.47108355121	-3.7587021384	-2.06405480497	
2.88249327906	4.43792013874	7.46810915137	6.7615005868	1.07209572325	5.3658957791	3.73335098762	5.3033179156	6.15753469263	3.40106066071	5.75567557889	1.56183457847	2.77384830548	4.45983675826	4.74907171755	6.36458714205	
-2.71741914001	4.45923134364	8.89426737306	2.57268276965	1.94891014383	5.8186430944	9.0	8.99939345749	8.98698385277	8.34387525101	6.39461033348	2.24075633949	-2.98691539744	-1.24929814414	1.11413204982	2.81523583946	
3.48818337683	9.0	6.92264841716	2.27444727545	5.0564452372	9.0	9.0	4.66248433159	4.05597851076	3.4751575849	9.0	8.99492729305	-6.0	-4.27690896699	-6.0	-4.27874468033	
1.66008755567	4.59703819063	7.11665149259	5.04309268025	-1.26649071135	5.58758766768	8.15951958648	8.85920305902	3.8092463703	2.35655549011	8.87630841162	1.79337597691	-6.0	-4.27076884452	6.44173218188	8.1631276445	
2.02647031809	4.66187126944	8.87933872367	7.07246187133	3.47945387361	5.80200093788	-6.0	1.86429487624	8.06889709164	4.1974951936	8.92569432831	1.72328547255	-2.05104659411	-0.351859025149	3.16167295949	4.85730527469	
1.06386874916	4.42999348611	5.4317032526	2.78201223204	4.9099835196	8.6888425406	2.90534345571	2.42334890717	1.87798227793	1.80294511964	7.45999664365	3.48546190427	-0.700038018409	1.18864870629	-1.10618917501	0.636731273272	
1.8615482823	4.49374181789	8.78612113509	6.97439894546	-5.99125042719	5.25549140998	2.89445588041	2.64337843317	7.62644881719	2.42908046003	8.91724205455	2.30494756237	-5.98624058154	-4.31284642939	4.72023471105	6.45039416572	
1.30748704251	4.44948915024	4.92228945068	2.57453950839	2.48773578668	5.91087931927	1.73764346965	1.84545976324	2.3564943288	2.23250085241	8.85807583086	4.67490792392	5.97682270005	7.72809825494	-6.0	-4.3320479611	
1.68428945952	4.54070670045	9.0	6.95848865247	-5.94869442228	5.35511228841	9.0	7.92206141774	7.24213382679	2.23953234323	9.0	2.9088488164	7.29143773688	9.0	-5.65202583396	-3.95088238489	
1.6677644177	4.6446263663	5.35516504928	3.27380308768	5.23996629517	8.99975755467	8.30940959191	8.2160408708	2.97930494883	2.17633537232	6.33476113866	2.34445029732	6.64331345243	8.48914148973	-0.981925830211	0.608811324757	
1.0570455749	4.6797922587	5.55951079541	2.82398893062	5.0321167506	5.65167124313	2.99707963469	1.64278357901	4.42123314771	7.51608722228	9.0	5.65878142684	0.17965892276	1.95332848423	4.88099388843	6.63722141087	
8.97087214247	9.0	7.28507038843	8.1270380904	-1.65602190528	5.6437573812	6.02080326202	8.94797029189	9.0	4.59408618053	8.43167909021	1.65696505744	6.79324022048	8.49818938961	-0.607028411868	1.12429149453	
1.35261683247	4.98916412388	7.41849776769	4.62786352454	8.99223470208	6.53173819308	6.79853315613	2.94802236839	1.98236416748	7.88116056234	6.00874027824	5.41672607529	3.00210775899	4.72293754481	0.914056714476	2.7000446169	
1.31859711187	8.99064141997	9.0	2.18010645888	9.0	9.0	2.095098458	1.70205133622	5.56622751779	9.0	8.91234756705	4.90882175526	-6.0	-4.27375517349	7.2767254071	9.0	
-0.524571393608	4.6036853333	9.0	4.73913814301	0.23213499508	5.66719090479	6.35633219698	6.66192922237	4.32558452099	1.80098365283	8.85897007724	4.65220946868	1.9942327325	3.72280230429	2.65950552737	4.38148681696	
0.859720290874	4.26749573917	4.82843254272	2.24064464956	2.84411672947	6.42103658721	3.05967951261	2.16688926357	1.90895093848	1.88810000121	8.8382095536	5.31759376662	7.25399603874	8.97082088545	7.34136807336	9.0	
6.13998698874	9.0	5.52845347786	3.60957691449	1.78050759805	5.7223189559	1.19387103414	1.68976779914	3.12681491001	2.00423235946	8.37276096661	4.04844331523	0.521509191409	2.19835487615	-3.35922364957	-1.52813224925	
1.77833164059	4.56665849303	9.0	7.06001018205	-6.0	5.39723772945	6.35523100951	5.09392667906	7.60313551187	2.37171336757	8.9968319273	3.19669973381	3.99686555854	5.70636596227	-2.23892874308	-0.541864448933	
3.79167305692	4.54839655803	8.88379441225	8.99030131873	5.03298628796	9.0	2.45883338827	8.99999868029	9.0	1.92980264399	8.5790673728	4.15995759001	0.946971134501	2.67407589653	-6.0	-4.27618233743	
0.801591234004	4.36652762279	4.42141525734	1.55978555271	3.63367790307	5.82842017299	6.31686306015	5.57921546968	7.30383483382	9.0	9.0	5.19521542119	-5.74210597647	-3.97684103007	2.65826215156	4.39484781951	
2.77224458695	8.22163044043	6.30693625985	1.59221766459	9.0	9.0	8.18791159242	3.54772385563	4.30946974156	8.22299289994	9.0	9.0	-6.0	-4.27863370739	7.27396060888	9.0	
0.949220001411	4.38192526432	9.0	6.48940053052	1.55892778659	5.64421862298	2.82748069555	2.05819586212	2.38421049272	1.69866427973	9.0	5.46510524554	7.31191750219	9.0	-6.0	-4.26526279533	
5.92891933661	8.95398437365	8.87540346159	6.61459547552	4.87589155665	8.66947694483	1.46674563474	1.8618524648	2.75195752825	1.9815290142	9.0	4.67166612488	3.20134475452	4.90216362975	0.976072723208	2.79847047348	
1.27486209151	8.99408860774	9.0	2.14962798365	8.88273284069	7.82051677755	8.9995183713	7.12615973253	3.47776551456	8.06490888367	6.26695061471	3.6154955418	7.25351440817	8.96746648365	7.2898461769	9.0	
1.47591727098	4.88782527446	5.02146081218	2.43649910163	5.05095518518	9.0	9.0	4.59887098977	9.0	8.36818226245	9.0	9.0	-6.0	-4.1840336735	7.15095688341	9.0	
3.72177716013	9.0	6.79551405466	2.35713826636	5.06796546733	9.0	8.75630893635	8.99345339011	4.65055399138	3.95165208728	8.09522871638	3.69432877009	6.67192037206	8.39001863059	-6.0	-4.27567064587	
-1.87004432965	4.52401205303	9.0	3.4661930954	0.473092349325	5.6035221591	5.46604095637	5.14953286412	8.99999999956	7.15464400856	9.0	5.05799144801	2.75647781234	4.48794887737	7.28385019583	9.0	
1.1729160979	4.71647711481	4.99492016428	2.1895954887	9.0	5.87070116419	2.8498633618	2.01670503911	2.20257101444	9.0	6.50858820159	2.86011854051	-2.37959882372	-0.554856244575	-5.98521694847	-4.30338700903	
1.10604963922	4.34488105361	5.86881591188	3.42759766151	1.67630799501	5.3126859077	2.19812313241	2.03983254973	9.0	8.78290647302	6.13046162391	2.01889400487	1.41377700141	3.15055795028	-2.12268615734	-0.391810220972	
0.872502615419	4.32172948934	4.95509742211	2.3429699476	5.78802075984	9.0	2.54913262328	1.81689880421	1.8223553969	2.19980047659	6.86719575095	3.18400056062	-0.237585864902	1.45271375311	4.12191747531	5.80971899365	
4.93788472254	7.96644175855	6.11438636459	3.79999991839	1.13416966201	5.46747354712	3.41691978209	1.6116333704	3.47249959515	2.25177079144	9.0	6.91511798963	7.28609022575	8.97878736036	-6.0	-4.16637137191	
2.84679485263	4.64160591854	4.73514813937	3.95538631791	4.31620073183	6.8981980243	1.90234533904	3.50259468715	5.13791867756	4.36440459788	6.22907472486	1.56645081801	7.19323630275	8.97857252067	2.41590195599	4.14612295236	
2.9399890317	4.60889802309	4.58391377484	3.66957501889	2.63240163391	6.52153315158	2.00801782701	3.89254260863	4.24919414135	2.27468222915	8.97293510052	4.36254074116	-0.582089081885	1.22360412643	-3.9829571355	-2.22319847199	
1.04522218198	4.46462915676	5.54488322531	2.84150460824	1.96775924414	5.92942693192	3.73450255826	2.55500163861	1.87638634413	1.64440867326	8.99969320597	5.79676142165	-2.30006200338	-0.56050084244	7.25668680194	9.0	
2.24011446166	5.08515852107	6.04299287134	3.95039082454	2.73269018743	5.70880769545	7.69514210717	8.45807103616	3.31821152757	3.12675605659	6.11243551595	1.69839983702	6.80893586223	8.51158537566	-2.74709347534	-0.953469644702	
5.00943226747	8.98180548179	8.97902075142	5.63185343478	3.43896715736	6.39625007854	9.0	2.14272665667	-0.787759987421	2.75343254593	9.0	8.62596137453	1.54729802781	3.27100579603	6.88560988551	8.66167020313	
9.0	7.60013794043	4.54399310145	6.76933388288	5.11386372749	8.9864837683	0.770199870936	5.64234709297	6.94680152067	1.88901692894	7.6019159865	3.04043092327	7.19369813427	9.0	2.63201472559	4.31063498875	
1.26788020575	4.54586729818	4.45282461834	1.9131511545	4.91717138433	8.5683280901	5.93187971645	5.89186041686	4.63847672087	4.61354584722	8.62734906782	4.28498224089	2.8777196579	4.69886444374	-4.31803796926	-2.63923237917	
5.18514050471	8.45930801807	8.95190239763	6.44121557568	-0.753992563079	6.04832923883	8.94637484549	8.86122635911	4.00817162877	3.19182387807	9.0	2.09608350502	-1.26120998533	0.556041298217	-6.0	-4.22971384321	
3.92137589913	4.69807247148	8.91642317771	9.0	-1.86934280888	5.5726171296	5.0597165603	7.64136681834	6.70065163247	3.07194912274	9.0	1.62847532366	-6.0	-4.27650620925	0.532685325279	2.2452068456	
0.780626227171	4.3356205915	8.99999999688	6.33675485457	4.8896188349	7.74676543225	6.07867056704	1.52310665894	1.71317266137	2.47483683025	9.0	9.0	1.69417402708	3.40953388222	-0.190708702945	1.48588952035	
1.65346719172	5.12858101999	9.0	6.26525921248	1.70397007117	5.7029209477	3.94939217133	2.04246963446	2.71539137081	2.0632354246	6.33988997028	4.0213564577	6.8824375242	8.5668510925	6.51251041319	8.32338729058	
2.27029988992	5.06146744779	9.0	7.07363247507	-2.07352746672	5.60490494016	9.0	8.99837439232	5.45000556247	3.85036978864	9.0	1.93055748707	2.17623438739	3.90700089019	0.455807618614	2.17923308915	
-1.92563203742	4.39753714498	7.76698736373	2.26970714322	2.14269919451	6.07583456165	3.53553952026	2.75262849754	2.51728908653	2.12767976	9.0	5.35781607194	-6.0	-4.24281613383	6.276078939	7.95786800394	
4.91531830457	9.0	8.34599454623	4.96173614441	2.77149083172	5.67083018999	8.95253573264	8.86143297437	5.59056818633	9.0	9.0	1.94491020431	-0.429085720154	1.30459126849	-1.39387755202	0.373970426283	
1.05213157538	4.55306573992	4.99196022867	2.15408958516	3.11201830494	5.61756955835	5.02583646299	1.81736221894	3.38478353122	4.69521036827	8.99699708547	7.68232395478	-1.13516067285	0.61949328079	-2.67920348356	-0.90487752891	
-3.32479199491	4.5082056018	9.0	1.95789552439	5.2581834213	8.12544761701	5.05234664754	2.00360988163	2.45163291352	3.25662550382	8.99998201423	7.5378944946	5.43843818396	7.16525571919	7.28927776342	9.0	
5.3391379518	6.20502251021	8.99999647321	9.0	-5.77332602665	5.52770722989	3.6732826703	5.23462925477	8.99313596636	2.09415264672	8.97699777785	2.04964451406	-0.426793529854	1.27989876066	7.32135117142	9.0	
1.0534118055	4.39096791401	4.63617441307	2.03553707577	3.59610000908	6.11735727446	2.94624384186	2.24911663697	2.47699894729	3.67841037916	6.66729159327	2.87511651269	0.408079293109	2.25112702194	5.39967527921	7.1069523691	
0.798015854082	4.55862033969	7.59694128024	4.69973498198	5.29034291063	9.0	-0.4279456468	1.97390236647	5.04114729818	2.37316250004	8.98458159687	4.56027806801	1.0852916916	2.81313081144	0.643254133091	2.36618580153	
0.812022680911	4.28492046647	4.6156428063	1.92747230695	3.88889535123	7.45599959759	5.11422492599	3.17980226436	1.89250252549	2.01806895473	8.96113864663	6.40234376871	-1.38620346564	0.314411837225	4.99776090578	6.69526574532	
3.77708825654	6.37795000447	5.15753616156	3.45362722333	1.60279366144	5.54294092836	0.9855703324	1.84345401703	3.42401470407	1.99752589672	9.0	4.65274458717	-5.19110051562	-3.49911707269	0.809907994791	2.53986727512	
1.3992465619	4.34319514562	4.7081972798	2.64177921523	5.14551133637	9.0	2.91389772485	2.6716556147	3.26650808983	2.55019939371	9.0	5.11955940831	-4.87294731723	-3.18001030885	5.65810488557	7.33938186575	
2.38283418545	5.22812033334	4.63281831156	2.56407664927	4.50064655051	6.09851723076	0.882872083219	1.50955199012	2.77327095275	4.22746792294	8.95599624893	4.49552889009	7.28344119922	8.96731820977	0.307356872693	2.03973479216	
1.04398622087	4.46917291775	4.96680052323	2.41529330087	3.26650077666	5.49880598611	1.8316095566	1.57920561462	3.35813099067	4.63119898634	7.40035919561	3.17678646554	1.28594411269	3.08920189691	-1.60877430798	0.141851570631	
2.3121634854	4.52698187621	6.34428168514	5.20887471391	4.60795802486	8.74656323896	2.39433954546	3.39873130999	3.6351134313	1.66778654836	8.88004114971	4.48819138728	-5.92979188016	-4.13635251929	2.02119360014	3.72689267824	
1.88497405172	4.74949538026	8.9455957101	6.80080193	5.87219187132	8.99963515368	8.525165253	9.0	2.7820938847	2.73482233267	6.15897204767	1.78924719465	0.730825127251	2.55578146387	-5.51399000974	-3.73049507875	
1.31451157474	4.53132097124	5.02868677676	2.54982325985	2.96666854509	5.71543318434	1.42806596463	1.59575227553	2.46852282808	3.19433021867	8.28264530308	3.9543567607	2.95240189099	4.64003793254	1.2921069015	2.97537701497	
2.43801265129	4.94061169574	8.7436560277	7.06372043748	-5.94223446164	5.37347531695	3.96482372294	2.79535653559	7.75153026578	2.45175031827	9.0	3.25298333699	-4.81189279358	-3.09833956342	-5.53126355493	-3.82164803397	
1.90738992453	4.27310625057	5.06462494293	3.67322301107	1.57526589025	5.64839702807	2.14959197279	3.12742543295	3.64233478866	1.87957059127	9.0	4.63399122085	7.28035063172	9.0	-0.798262426204	0.894543409525	
1.31098166783	4.57653074787	8.28415794335	6.09331874908	5.84682575396	5.68441861284	7.49321527237	3.20820178407	5.6973971647	8.99220556677	6.09333663871	5.96168899951	2.8381031201	4.55934779773	-1.83464509898	-0.224267548862	
3.37214162962	5.9348494324	8.83574891505	7.06137265057	-5.98430092522	5.36376127328	9.0	2.13744244455	8.78630942568	3.48794059345	8.99964318564	8.99643626818	0.795821943834	2.49789355876	-3.65394191392	-1.93306328068	
1.12024505694	4.44408724967	5.34253928054	2.8139566698	5.11677600959	6.93646848021	2.7585735078	2.75508899517	1.97298984481	3.60701056924	6.038382275	1.83044287894	-5.94210551037	-4.26996212727	-1.27309182465	0.499659531867	
0.998796748907	4.50781436089	5.40018578877	2.66643352949	2.29257567436	6.0984311781	3.26373705674	2.5629157901	1.8469070345	1.72692448106	9.0	5.27669310399	2.02018872399	3.74929816206	4.41019920571	6.18949322141	
1.8725063647	4.69068333469	5.40463214312	3.56595607108	1.8419694327	6.23603848897	8.85279427178	8.85991093775	3.68619021121	1.98157150951	8.85786095602	4.94601105984	5.21878578068	6.97822602368	2.45853684558	4.09077119042	
-1.78347931584	4.49730953802	7.17331253893	1.651291164	8.97842980868	9.0	8.57594035197	7.84981226131	4.65806781584	8.46315664257	7.86162819789	4.06565900771	7.26773771715	9.0	-5.71008658995	-3.98790652297	
-2.30281493049	4.49066815873	8.99538297144	3.05701930199	2.2295811931	6.00257327059	1.76276328979	1.87534461064	2.83669822601	2.18158441303	9.0	4.81125753633	7.2695078527	9.0	-5.24361566899	-3.52506068717	
-2.9564876681	4.49230536154	9.0	2.39837345737	2.0645576046	6.02322980204	2.90180900769	2.51782766838	3.15287089726	2.58619236848	8.59532224069	4.64724249895	-2.5879837157	-0.846172575932	-5.66582540736	-3.95722859934	
2.63884033196	4.47243942026	7.43028027468	6.5386774716	1.9771631748	6.1582111641	5.35417540913	7.0161555389	3.84327201992	1.60984294627	9.0	4.48490011329	-0.800191761285	1.08358759526	6.241760321	8.00800567533	
0.958787991558	4.57521496288	8.94375229926	6.06287493369	2.82960988881	5.95293366848	6.00239049582	1.57893400196	1.75678890869	2.34961210366	9.0	8.93194432647	-5.99672160184	-4.32941397575	0.00491548015327	1.75098660749	
0.990207635459	4.28986902	4.92547683277	2.48978663746	4.06998416405	5.75704134531	2.06237267478	1.60780300481	2.41641132829	4.2730061115	8.61825600547	4.6025533039	1.96410622861	3.64710726079	0.481432155368	2.09419553432	
4.09503886977	6.61660993835	8.94693374883	7.34450993597	3.88298147277	7.59647883199	-2.73829087869	2.02814796429	7.16735359798	2.09312900446	9.0	4.54152331455	1.43144575874	3.1604476578	3.22463613457	4.95180736613	
3.85675826778	7.78589842876	7.05358298183	3.73230964556	7.9142536864	5.64865611299	7.66113247652	5.55856295199	2.70324477043	8.80746863148	6.13797914069	3.6807685103	-0.493302123765	1.2259323151	-2.07499602409	-0.315600612517	
0.18890609061	4.54351985621	6.47135084179	2.98144327596	9.0	5.88017831137	3.58523859914	2.65276094412	-0.409489814554	9.0	8.99969718763	2.66246297706	3.06523311322	4.79372989141	-5.9192790309	-4.19889139807	
1.07523636949	4.51532629586	5.9066660663	3.15779306357	1.84978788239	5.85650598273	3.07247053556	2.30643753874	1.9859642006	1.6479083731	8.92392018381	5.30127288995	5.44799788858	7.18775716997	-3.95803714789	-2.16429539497	
2.48077509969	9.0	8.93018111036	3.27638241174	1.86307886347	6.09227875274	6.82063821816	7.100642443	4.50741031084	2.855102708	9.0	5.15650939652	7.27623403101	9.0	-3.48548575042	-1.76271757124	
0.174504035914	4.5291711284	6.68141883143	3.19808235709	0.612532671545	5.57780454787	4.59654317047	3.57854051804	3.09597695276	4.46416186623	8.99728601099	2.69140568241	-0.477529304946	1.25470264988	3.42386525907	5.14083415099	
3.18741920684	5.91511493868	8.80861652968	7.09032405639	4.92505374511	5.44527292689	0.850789921123	1.63158336903	6.60780630706	8.76271670084	7.52859323486	2.94787526148	-3.19486448384	-1.41530082779	-0.491802969077	1.20861851598	
4.02673896508	6.65144129517	8.99995276101	7.24083164892	5.3518304271	8.99980559364	-3.00333697265	1.90668335381	7.48626365619	2.37200901312	8.46783954124	4.04072805447	-5.4649003654	-3.73581086146	-6.0	-4.27835243337	
5.03273769407	8.18695632416	8.22941173212	5.90538556237	1.61442133166	5.67172199268	2.00064278786	1.59921024781	7.47452839484	6.47683081912	8.06019352178	4.41954564138	-0.329007411066	1.35270906056	0.95777369461	2.83004131901	
6.19377098231	9.0	9.0	6.96667128774	1.31521722231	5.38343956043	1.16068812673	1.83223752955	6.05967587434	4.78126063556	6.09461503483	1.84473929956	-6.0	-4.23034565227	1.96066803353	3.73976311022	
6.13756469024	8.99999865897	5.54074610807	3.3896234845	8.49264966942	6.1125551268	1.24204409263	1.60245949305	2.77955624695	8.39186366303	9.0	4.59668406356	2.61003486413	4.40362610042	-5.79549105098	-4.2606207732	
1.43297623966	4.4878422649	7.45696460279	5.21986545942	1.38417661928	5.69761148903	8.62382867268	7.23324264586	3.89815053532	2.92238541379	6.07928042347	3.1483009552	7.12471492354	9.0	5.85521838953	7.44765653362	
2.54227821156	4.37082806596	4.84076689326	3.79773036676	1.75190501902	5.79154432628	7.16734108798	8.8825212123	3.83986130423	1.8505660447	8.83434308966	4.28090474567	7.24073070057	8.99753471628	0.356741808534	2.1110162786	
5.01722744312	6.68546101469	3.62410259099	2.81717541957	4.20309072967	7.89759071822	-0.0383790487844	2.85847917939	3.36511063259	2.50389194859	8.85459201245	2.13110210626	-6.0	-4.28678009449	-0.343577432017	1.36937774228	
0.922952467156	4.35682674492	7.68768579955	5.12643143086	1.75692445011	5.32640777578	4.79172599196	1.61204686656	4.18498847226	4.05239386851	6.60605071381	5.41234938747	-3.94765955259	-2.33177427594	0.368699859424	2.10807478448	
-1.91489033454	4.57459018095	8.96414742392	3.3257830259	5.7159587008	5.81813499557	8.47075513324	8.9764465553	3.93530828327	6.64685955433	6.05553185237	1.75611035152	3.62682734744	5.36755489989	7.27388768674	8.99458739461	
