0.811407988074	4.37295595615	4.34882748158	1.51378272266	7.88064909259	5.77462716433	7.055230325	6.76501045059	2.97453919324	8.9680768576	8.99999666778	4.74897517579	4.48445688988	6.15911061859	-1.13018328166	0.613601749977	
5.8989030428	9.0	5.97408682779	3.59490874354	2.54850969145	5.94638589429	1.47082628624	1.73213541818	2.8852224706	2.55534557638	8.63209817395	4.41685303157	2.37183566427	4.04083327171	2.70673110481	4.45778862441	
0.218052916	4.5501508403	6.22078699144	2.75769861431	8.4094425667	6.82815354486	9.0	1.95487414908	-0.423387219136	7.19284018709	8.97402500416	8.99783222961	0.0782987999879	1.8101558952	7.28038102014	9.0	
0.825044132738	4.39890880128	5.35004392583	2.58408727429	5.00164985485	8.87423901701	9.0	3.41628803442	1.7047226919	1.63141655173	8.00198040647	9.0	0.504945253305	2.30860881578	5.54581356342	7.2688758375	
2.57779083551	4.87655623549	7.37691209975	5.96802108447	1.41308257936	5.88593574316	8.30751555381	8.57625507886	4.03644897764	1.67288118537	9.0	5.56666735175	4.52956090216	6.30997568809	-5.99998228137	-4.11282735074	
-5.97963168186	3.27927732839	9.0	1.17871161489	4.3948606799	7.77277304607	5.99634061377	4.71230883388	8.99792160901	9.0	7.45133886713	4.02837787285	7.2318191702	9.0	7.41542247563	9.0	
1.00325395421	4.65954485856	9.0	6.11749588452	9.0	5.78636824888	6.4774904448	1.5949393014	1.96599859991	9.0	8.7110581134	9.0	7.1990893085	8.8676685333	7.11326760305	8.99911980862	
8.1372398673	9.0	9.0	9.0	1.10550708008	9.0	1.9501486444	3.67348785809	9.0	1.91579170151	8.99848863759	5.48231890585	-6.0	-4.27868826297	-5.99999949984	-4.27640814819	
9.0	8.9984595396	8.14264432107	9.0	9.0	8.89076667351	2.06763727732	8.99580719368	6.16078581657	5.76077690375	8.99754685084	1.59765464135	5.53791763242	7.27461078362	7.28296585429	9.0	
1.06381660094	4.74607070759	8.99996883183	6.31371269811	2.17520526855	5.45782668258	6.73487071218	3.69028845034	3.09633674457	3.3856293982	6.12529764158	4.6091522356	1.49504402315	3.25096004881	-1.25569824241	0.46190259859	
-3.69673334271	4.44606687983	9.0	1.59304985163	9.0	6.79405829968	6.82505025636	5.74724548296	2.67502060281	8.72721363035	8.95140050498	5.46815003713	-5.2927906946	-3.55347687792	-4.46916844181	-2.74986872063	
-1.1523144231	4.5378935386	7.10632823187	2.27778313224	5.4947764232	8.92898694225	9.0	8.6051475382	9.0	8.87265075416	6.36848944355	2.48001867536	2.36908156832	4.09799861841	6.83358085261	8.55487819131	
3.46850469844	6.20886607273	5.66013073348	3.78735639533	-2.34801378561	5.56470160604	8.98188981747	7.0635916654	9.0	7.31821081525	9.0	3.70663979389	-2.28988636034	-0.563545637235	7.25258279667	8.98453451538	
1.03014377467	4.27748946988	6.65944585659	4.13535479873	6.5776083492	8.86415196995	2.05953974333	1.5179401953	1.72247193068	3.04751226408	8.82599340805	4.91343335135	2.62142178528	4.26098263601	7.2696206574	8.97269365564	
3.36251203033	9.0	6.75049147659	1.88232340769	4.1550896405	7.77187825252	6.24550969741	5.50615222735	8.98686536885	9.0	9.0	5.32819121992	-6.0	-4.27579105878	-6.0	-4.27192574154	
-3.13455852249	4.44384129331	9.0	2.24866241082	8.81955073362	9.0	2.42215564358	1.68600746775	2.20381940798	5.56104558156	7.93114598788	4.25137104278	7.27739220309	8.99629602462	-1.58429495848	0.135055959302	
1.02940802257	4.39007821326	6.09360006698	3.56305283013	2.363402244	6.14917721575	3.20990067629	2.07905823216	2.08698503807	1.76777525696	6.47475266335	3.2010189352	7.42235512282	9.0	2.76640766219	4.46409977617	
-3.38932948137	4.49659402983	9.0	1.9129531394	2.69127456269	6.33892970726	9.0	4.50774653058	9.0	9.0	8.99319742695	9.0	-6.0	-4.27830723913	7.27987732239	9.0	
0.832940586652	4.39828158848	4.49588597059	1.66106388923	2.78087865258	5.99630538459	8.9844567994	5.13549515441	4.53443159838	5.1670282743	7.89325197382	7.21014746287	7.24466587403	9.0	6.1908788535	7.90462696346	
-2.21177867021	4.49965886742	8.81920345847	2.96109728781	1.77923871329	5.84135422054	1.98905657323	2.1243475019	3.06170958519	2.13284959381	9.0	4.78020863845	7.27811646529	8.99972464022	-6.0	-4.28411604944	
3.4249575452	6.87611197584	6.9141356388	3.9940140234	1.93724936994	5.68023971785	9.0	8.0030998648	9.0	8.97125643089	6.02983051386	2.66016013445	2.92659230715	4.65358878795	-5.43417243312	-3.71608152668	
0.536087372491	4.51472812275	7.93695308091	4.82945670326	5.47402228611	5.80584317967	0.674992686199	2.98809973862	8.11466277408	8.8989223215	6.05055805777	1.63231174219	4.450451067	6.17581946346	-1.22100878715	0.493514000601	
1.49238819728	5.02106333207	5.26599134911	2.53965040265	3.62242751171	6.35595353157	7.82135949155	6.35362629014	3.03405275919	3.89771394627	6.37263127216	3.30145598562	-3.27622639877	-1.43727547464	4.7956874164	6.52677829541	
1.58035249551	5.03382317095	8.85400409196	6.25128433952	5.70086777805	8.99989202323	5.49676520645	1.81108085708	2.3481326551	2.44472097045	8.40383664081	7.60871217705	-2.73566889528	-1.05192565825	-1.18106390406	0.477278572674	
1.67924342538	4.90453480851	9.0	6.52388360457	4.91511398409	8.84227984494	9.0	9.0	2.49555379079	1.87133895307	6.65431076595	2.45439093962	-0.728256806906	1.04607874375	7.16508357954	9.0	
5.42378667519	8.9261635815	9.0	6.03794141227	1.95235241641	5.65736898674	8.43912782949	4.65958531108	8.97189674443	9.0	6.01201087956	5.38951811711	7.27027234265	9.0	-0.0869682750667	1.64030449699	
2.2956706773	4.92828455578	4.94769679655	3.30685642677	1.55013994104	5.55047025117	1.19484101137	1.88579616578	5.16305213209	3.66104141086	6.64232605778	2.35413727593	-3.62232877349	-1.78977220386	-4.61729457879	-2.87578747924	
0.481776350882	8.28983133035	8.9446678669	1.96615177838	2.82186960522	6.59711893926	8.98160392904	6.95094206549	7.45458315974	7.28723039065	8.99695584323	6.55081675216	5.23108703234	6.95129655926	6.60517356581	8.33436153109	
1.27860646876	4.57480183286	6.96914015422	4.50295483749	5.09147870079	9.0	8.97607821868	9.0	1.98093954124	1.59471036484	8.77758325	4.46804785302	-6.0	-4.275521955	-5.89924568563	-4.11919299649	
6.78442655955	7.7631669748	6.42377019579	6.49724099042	1.64949394512	5.47538949673	1.13973432555	3.48985766425	6.98252603112	3.9682899691	6.02819941276	1.62930062341	1.14098571933	2.85107920375	-1.81768922258	-0.249060784748	
0.952598118208	4.48942886228	4.43830058881	1.76878917023	8.4675257619	7.18430454026	2.92533141457	2.21654241364	2.88135315077	7.95314689807	7.4838215544	3.564258824	-1.72536182192	-0.00421197133169	-4.72496721633	-3.04745929228	
8.80185793571	7.58565490704	5.19717504524	7.2824806446	-1.41019346456	5.58002710387	9.0	7.07329816344	8.94494334999	3.28892914884	8.06837828691	7.68411561179	7.25328195006	8.98650659925	0.28095390922	2.00678569424	
1.04638847776	4.50179590533	5.69938334918	3.13986733926	1.05652184508	5.91861271312	8.76586128638	7.90166260427	4.86047935101	3.41591491601	8.98965957445	5.51054542589	-1.52199101201	0.38847070181	7.30573923552	8.99972276089	
1.13854272459	4.40540648637	4.85226034073	2.36949498023	1.32042994627	5.46277792426	3.59693308441	3.2715918244	5.26512753289	4.49876878624	7.309628503	3.4547083245	-1.65603330776	0.0643790949909	-3.39135046989	-1.65336978513	
0.941841787173	4.4638086714	5.06672376393	2.38989135866	2.20669873667	5.73073507741	6.50881882115	5.6704027422	2.15351802683	2.17909818491	6.12783516275	2.58238846309	-4.59978584698	-2.95275992348	1.45261868306	3.21148853558	
1.86663504518	4.26697233894	8.18365154829	6.62519696414	0.988681739832	5.45955688518	9.0	6.19195786717	3.49589839379	1.45736796667	8.70343750171	8.12200497251	-1.83603524878	-0.0678740550148	5.02088728027	6.78351156527	
2.04952268609	4.47128590405	5.24602211873	3.58690550143	1.62056886708	5.4417462326	3.30284777869	4.2465063392	3.46044932877	2.18203070913	6.08343414058	1.75707784726	6.93503160224	8.62388339659	-5.21660297873	-3.59320150801	
0.170063109674	4.541734205	8.99747547402	5.49267012103	4.32865312619	6.0807826095	8.84935509411	3.60439096702	-0.640989645969	3.99440502238	8.99673660223	6.86917253524	7.26610581134	8.99629677018	7.1785834162	8.89905051558	
2.63869799124	5.49130936173	5.43319654068	3.5587946937	3.09771003034	5.70052288172	1.13556611531	1.76277287679	4.6655843279	4.98652626928	6.77629466207	2.17498651026	2.21178158125	4.18356942874	3.16014310727	4.86721675528	
0.924044976704	4.35542550917	4.69221666624	2.03372615589	5.45152233216	5.85515908831	2.76914574843	1.90196778322	2.49265757515	5.74926406865	6.56258960826	2.97320734308	-6.0	-4.15347708516	-0.657085486198	1.04930018824	
8.13814274466	9.0	9.0	9.0	3.99208021669	9.0	9.0	9.0	7.43825792264	1.63222497261	9.0	8.7256061747	7.19220542318	9.0	-5.74948664422	-4.06683649222	
6.19841961927	8.99983688577	4.45043627539	2.4071753081	5.88049973616	7.72822649186	0.877531408735	1.55784537057	2.98659131173	4.13793414871	7.10344474284	2.61456576646	7.26228763832	9.0	3.67684817838	5.35943310743	
0.773722613336	4.40108531227	4.68889285287	1.8127946191	4.39125857647	7.43059763961	2.45382767489	2.0395591476	1.40417626441	2.36750836466	8.99953212154	4.80836689319	0.510284272935	2.18329250921	5.36317177393	7.01862728879	
-1.49835477381	4.54453985691	8.52667167545	3.35064321312	5.77068559225	6.97315226149	0.512519844365	1.65455668396	7.85432041278	8.9139456155	7.36856595003	2.97705935479	-2.63389491425	-0.904462760718	7.27756893695	9.0	
0.731465387936	4.84105240268	6.94069785731	3.59877037685	1.61520422604	5.67230055623	8.93037306691	6.04402511174	1.74184197352	4.29035945587	8.9807614254	4.53159703644	-3.32647744289	-1.5410726567	5.39284526234	7.14546506812	
1.0406183736	4.50457501928	6.02890112361	3.48184089875	1.99641384675	5.92382597367	7.41821408628	2.2563872439	2.28045699261	1.75001720279	8.40877821958	9.0	-0.0537423538889	1.67126316265	5.95431497558	7.75612321441	
4.51153708484	6.96296037418	5.6660401535	4.09315089753	-2.07348852912	5.53378685507	2.52143106263	2.39207157481	4.14449263957	2.2040168873	9.0	2.48046111956	-1.37182490654	0.34447143813	1.68267779367	3.38457595052	
0.84257123213	4.34447253599	4.62246879278	1.86517956597	3.10838076195	5.82601009041	8.93368120334	5.43364716334	2.67258571071	3.6456360991	6.31333941094	5.29571067314	-1.69002967704	0.102648464323	2.21134969232	3.89982533542	
5.53399962547	7.87657152236	9.0	7.51386304501	2.30961800227	5.73545322256	-5.14570407673	2.18941788594	7.81537826796	3.24560031504	9.0	1.83299446244	1.70242646053	3.43712328269	2.20688158435	3.93102881745	
0.431437957295	4.52842263651	7.42753463438	4.19161106282	-0.712399442941	5.5549411813	3.39663518933	2.16916194503	9.0	8.99489501805	9.0	2.99543614134	-3.53680774927	-1.81317501956	-5.94982642001	-4.23292733741	
2.5550547388	4.67382528648	5.03723488473	3.68202131398	1.4396187077	5.77790441393	5.73003303907	6.66079663154	5.0879972157	3.03315244494	8.95652965644	4.9560164537	1.71027287268	3.46328147056	-1.93636342002	-0.208296391351	
6.29558499759	8.86561017722	9.0	7.29394993616	8.57786040309	9.0	-6.0	1.91240533045	8.86017393976	6.68776599264	8.99998041604	1.88079594682	7.01948204198	8.75172453798	-5.99996715439	-4.28519904942	
1.73928645883	4.41570470957	4.48423266781	2.59923792021	5.00980083714	8.99957633812	8.3083044447	8.9592336029	7.97895510256	7.02012732101	9.0	4.5479221754	7.05328587138	8.99996556232	-6.0	-4.29678397581	
1.33802099533	4.74975649061	5.51102376867	2.89164466362	2.46821055867	5.61802045776	1.81886048386	1.63857358127	8.59143977665	8.98980680693	9.0	4.83585307471	7.05572560695	9.0	-5.35192947227	-3.51863253372	
-2.19736180041	4.52879082404	8.60268616789	2.75370021841	7.85669655233	8.88869638439	1.50640755193	1.66046009458	2.99530349615	5.00480919155	8.99981296632	4.80556259475	-1.61282408125	0.107567920541	0.385645804561	2.10851810184	
1.19917748212	4.32667241644	5.03334336444	2.72017473132	4.6245851504	7.90648242371	1.86079332553	1.85526003135	2.13144856299	2.18804934072	6.45694079758	2.26076597334	-1.07832923129	0.646560990395	-0.756288905821	0.94452284721	
1.39931851102	4.78347521392	6.53680447435	3.91349510838	3.91328211808	6.5787906261	2.16649264539	1.7276090736	1.95309477868	2.84130087605	8.96092650171	4.96091371426	2.68739131919	4.38476392165	2.25118912685	3.9679200155	
-1.83302709529	4.52076409552	7.90226436728	2.40457434672	4.20794361161	7.98032637836	5.38112223134	5.00347812563	2.7297525543	2.28789615295	6.79622526059	2.8833906051	-0.806973753237	0.927115389536	-0.908929981063	0.814567673319	
4.97275188142	5.81639829749	8.96734180991	8.99146108467	0.046691441129	5.5853900667	-1.24953221714	3.70389800127	9.0	1.92452393485	8.42713828259	4.02533834382	1.6793275768	3.40599308136	-5.99666565693	-4.2773970961	
4.03694062913	6.79548688995	8.89389860362	6.9667722381	1.13141754559	5.53390259547	1.39263930687	1.71845180242	8.31086336577	6.74860807879	8.72690797606	4.61325611673	0.692763201619	2.43600298978	-3.7590638929	-1.99645025931	
1.03507957808	4.35983571056	5.61463729136	3.05702784698	4.14044994463	7.32249035102	2.80669868142	2.60370294123	1.8093593914	2.15088268802	6.21371227137	2.09682213885	0.811039621831	2.51835055235	5.40745988529	7.07583477966	
-3.6203544993	4.40565807273	8.97068278859	1.66190612405	4.72932133241	7.63747033475	9.0	9.0	8.23144435208	8.99832506836	7.80540246754	3.46716332487	7.27240959265	8.99999976394	4.2244922227	5.93133395233	
4.86785743497	8.63901544096	6.89223564189	3.62205979771	8.05120962161	8.21144920949	5.19596329308	4.05969973097	1.72855489083	5.45692277248	6.10116333427	2.74488832674	-0.846968194048	0.890258695851	-0.831997366196	0.930347167017	
1.13808441039	4.56176706453	4.70529489031	2.03500834829	2.21022754853	5.99287848543	5.01447770618	4.77504332436	2.55667777366	2.41645741817	8.87452340604	4.73243495619	0.877309839652	2.62809706114	-2.58922662327	-0.830121209244	
-2.58254635819	4.54026788782	8.65710984565	2.38473213768	3.76417309912	7.24390746389	2.05694876653	1.94851707087	3.9751391463	3.71138441502	7.42325015482	3.35148507961	0.944940899556	2.67688955314	-5.78521864417	-4.05895764146	
7.11088646511	8.61732429352	7.36256815838	6.55022512222	1.2207090719	5.69132730554	3.82758001773	2.97469757902	4.23058354333	1.57382480494	7.96184794843	6.22668401216	-1.2000449966	0.477280995503	-5.96634723986	-4.32876327778	
5.89632123202	9.0	6.02984863289	3.87945800462	2.74399461534	5.65276697105	1.26638463124	1.60898467829	3.0212753591	3.13098214569	9.0	4.67448729257	7.21058427342	8.94416519371	7.22707734364	9.0	
6.0646825383	8.98671558623	6.46134581224	4.44071499387	9.0	9.0	1.29556347482	1.81316785813	2.75796901452	5.67484858906	7.1623293556	2.54769325091	0.808813418537	2.57655605559	-0.163727256654	1.51365013477	
-0.670341833084	4.52160408602	8.99937519469	4.6675034313	1.07133189321	5.58385168695	7.75444779591	1.79914478091	3.64612951747	2.57555270432	6.66428221375	8.20294168297	0.4262882698	2.15134915565	4.270898717	5.98814716844	
6.09071279179	9.0	9.0	6.95192741345	7.67812059493	5.73750338039	-2.66156757925	1.61560930141	7.87654794968	8.99053357372	9.0	4.5712859821	-5.97781730644	-4.24963960593	-6.0	-4.2824409394	
2.69679357667	5.18234088671	4.89929779081	3.17178488718	5.21293465203	8.99969156213	2.73921281963	3.78829474346	3.17399904898	1.88368234593	9.0	4.51989906051	-0.553066263089	0.993666964898	0.898171190442	2.41861045237	
6.12301807706	9.0	7.48060756499	5.30007641548	1.90767760797	5.57605557119	1.14171488337	1.7503308673	2.90381224808	2.28665635212	6.53984233469	2.19363744418	-5.30710621632	-3.62008025654	3.50486429063	5.24870381323	
0.403942706053	4.52311071083	5.37211806846	2.12210346577	-0.311454199043	5.55728172913	3.82997198395	2.9157615146	8.91557547761	9.0	9.0	2.97484891645	-4.32565858112	-2.59804063432	3.27620455726	5.00025890647	
1.23393141235	4.75753788314	6.57181501871	3.78576666622	4.9789495583	8.16380178293	4.79018209973	3.34053549437	2.01361011668	2.49957109575	6.15763550813	3.09826457419	-4.42861088457	-2.50377045064	0.573000466009	2.40484472282	
-1.17905746097	4.53978416803	8.98050364193	4.12578020886	5.0173500297	8.82023847554	0.330352007904	2.31290383364	8.55364102926	6.20902567238	7.03603738276	2.61359444972	4.23973459665	5.96881742164	1.28022896168	3.00309922454	
2.61869106696	5.33732421188	5.3293484565	3.43155949547	1.73229240297	5.34844351418	1.00118970361	1.61507576665	8.22974972215	7.39308958073	6.52649323012	2.15006200564	-0.908704966764	0.743325397324	0.209374995022	1.86217834292	
4.17330449015	5.19661628393	8.98291740488	8.82710554746	8.62152982902	6.18743655767	-5.91919688279	3.46778819759	8.99881599281	8.38783231776	8.85012839184	1.56366945153	7.05465917818	8.77936012384	0.969319629546	2.6763660731	
1.05924028146	4.52583809374	7.0203744445	4.21950302189	1.65647502377	5.27751925696	8.90457886425	8.62702110722	8.41355487959	8.5692183433	6.02179152529	1.93993180514	1.7221142585	3.45364165052	1.47653026957	3.2156763012	
1.53324134443	4.45765502458	8.99926503052	7.00878995047	3.8394777999	7.91462383121	3.90027734413	3.46284588883	2.83703264499	1.68967159267	8.93274912451	5.23636493808	3.5554682211	5.3543051336	-5.90320874038	-4.22949028459	
0.47687702229	4.47399515149	5.1423284326	1.7569466881	1.08071161924	5.62377391735	9.0	6.02120475159	8.87155053196	9.0	8.66810405393	6.42108359497	7.15862765621	8.9841549163	2.19624136982	3.88231406425	
1.31545597464	4.80044648911	9.0	6.31533964457	2.22119704453	5.62456015021	5.46582828096	4.61736723373	8.62914749593	9.0	6.29210336721	2.57092423065	7.17552435701	9.0	7.22408533962	9.0	
-3.05584422728	4.56562582016	8.96997630023	2.21309995405	5.02078872163	7.67868788279	3.79279434124	2.79124900646	5.0062646339	5.74210817431	6.257702068	2.87958868929	-5.51784619535	-3.79069262978	-6.0	-4.2703759867	
5.16001232815	6.99637212273	5.83663244927	4.81832295385	0.897061815535	5.46312604971	3.28000553965	3.63451712093	4.65477178977	1.92382337782	5.30634920831	2.37001356157	-0.579352734691	1.10512171501	-0.359808609	1.4831019732	
0.869384710681	4.39704168592	4.46567523291	1.7581399811	3.0153397005	6.43982260066	3.21733068895	2.32625594544	2.48086560312	2.7514552762	9.0	5.38724862362	0.327651966102	2.06884417343	7.29551551183	9.0	
0.154798220321	4.51753330519	6.03806704913	2.54641794364	1.2155998297	5.57659653898	5.41690461531	4.14935941237	0.855832345068	2.78360363174	9.0	2.99187176303	7.27633938066	9.0	4.41023895462	6.12112542344	
-1.35201968431	4.45969786817	8.03910553963	3.08872073454	1.67079815033	5.81717655161	5.3075511846	5.59092188569	2.8152720322	1.77091079995	8.75067349975	4.41433773504	1.12124420013	2.85418353475	2.41977524415	4.13793538646	
4.98003080731	5.27459967203	8.36081845833	8.99989041651	8.45064053379	5.44308454378	0.947906081959	4.19649325389	5.81438154339	9.0	6.04101299967	1.46407854779	2.83642654968	4.52839062315	-5.91066769239	-4.2535482888	
6.32004721358	9.0	9.0	7.30722550738	7.66434633233	8.91550859973	1.00670184898	1.61192888302	2.97883144568	4.31985050946	9.0	4.64813723104	-1.3209176286	0.435196629595	-5.93464945846	-4.24182866572	
1.09483682999	4.48764820053	5.75878486706	3.15025671293	4.15842500696	6.1003402303	1.71672028654	1.49454839569	1.87833580067	3.49957312703	7.64754906225	3.46053253442	2.04877865049	3.82245691415	-0.425873948878	1.28678640703	
7.50285594179	8.57858916402	4.94728891384	4.84261652832	2.03307864264	6.58865802056	1.54536939707	3.38427425904	5.94859902784	2.68824209966	9.0	4.69702890616	-0.0494933254169	1.86094945515	7.03097290372	8.71035461777	
-0.125033176047	4.54441393413	8.39983993187	4.58032837763	3.87105745304	7.81538974815	1.64599079416	4.12691054338	8.73423271045	5.77897418304	9.0	4.5767405773	0.580625556957	2.30163943902	2.22871452047	3.95653005082	
2.39827573791	5.29634762774	5.03548619931	2.98071648145	3.09752404192	5.55854647971	0.894446275962	1.52986100451	6.44651887191	7.13661039528	8.50848487059	3.86570499174	-5.98629636584	-4.22367931016	-4.64517935598	-2.89742331105	
-3.28213098893	4.49347858328	8.80550802493	1.75364064103	2.36949537158	5.85474285174	6.76973220706	3.47340434342	8.62848367169	9.0	8.99974498179	7.72425930609	-6.0	-4.26671914766	-6.0	-4.28045046842	
5.26254831535	9.0	6.16851998837	2.93651393229	1.30550360096	5.61285541154	8.89648062852	1.85836200834	1.1781005455	3.17880705137	8.88740904707	8.99841111402	1.54653469745	3.26050858284	7.27049846094	9.0	
-2.78007846334	4.49828249881	9.0	2.57454395592	2.24018436475	5.921407159	4.77904853626	4.56615379388	3.09866930583	2.70652119426	6.27473542266	2.25291081505	6.41154598585	8.14538791834	2.53408199685	4.25895623537	
2.06821344182	4.5976381938	4.99639375809	3.37212856468	2.26970444236	6.55166252341	5.31833309172	6.13469431425	3.79859113337	2.15578242989	9.0	4.5196880096	6.93779204129	8.8596563054	0.970879231898	2.81349639791	
5.88052728283	6.75009201132	9.0	8.99718857255	-2.25421525131	5.55374532209	3.68228318303	4.24203827407	5.17302071009	1.62241242357	9.0	3.20732357418	0.080809589543	1.80817670219	-6.0	-4.28050264638	
1.1022068821	4.42427525471	7.67544673205	5.28761384958	2.06482848613	5.53390402127	2.50027668734	1.64146341293	2.88360388175	2.80387243416	8.99966136862	5.5080591136	-5.71274314541	-4.15313416993	-5.99961606645	-4.38276474512	
4.1009124063	6.54789358169	8.75441085287	7.13940317033	-6.0	5.45268505867	8.98615281113	4.42402845965	8.89830947288	3.52542389271	9.0	6.58285794819	1.56878152587	3.27407962318	-5.72879266025	-3.9992523617	
6.61584140073	8.9403912849	8.56366798435	7.0713475933	1.50303864727	5.48732924139	0.910615546402	1.95350034217	3.39998261171	1.76198062682	6.49190327315	2.18717534877	1.13330405928	2.8022285961	-5.85175659601	-4.13910440781	
