2.53239605268	4.46535209337	5.15628979816	4.13822635457	1.92215040702	5.88672451771	7.71098641756	9.0	9.0	7.0609164425	6.05169467126	1.69965210491	-3.73244298266	-1.90855720676	-5.05177232347	-3.29066196566	
1.14771101517	4.47085772578	4.42409308236	1.97127776252	6.94564554374	6.65944579681	1.52108117979	1.61642445013	2.55643670094	6.27488016649	8.75189740132	4.3153539254	-2.59326294529	-0.869669333595	2.73593748667	4.45434518179	
6.0886492164	9.0	5.03135748686	3.12233867339	7.85265300104	7.94011039765	1.25386424058	1.75278893062	3.52599438701	6.34319375063	8.69284586907	4.26335107596	0.311383502893	2.157710438	0.719751237188	2.48444602219	
5.1027447726	5.76862502068	5.49703044759	5.65890062392	1.43926082297	6.06642663023	8.99641609706	8.98066113406	9.0	5.07544613093	5.95387905377	4.23217865454	-0.127524409124	1.62349887192	-2.57738434577	-0.83511707045	
-2.78767403421	4.48031278289	9.0	2.58832726707	9.0	8.99907544429	1.68046858135	1.69975490409	2.71673968787	5.8963464033	6.91611195407	2.76915281512	-5.69197407998	-3.95353566181	-5.98806924088	-4.28492032471	
0.655911358764	4.54702443881	5.99746151843	2.97615146662	0.522282066872	5.59034226221	6.45868555472	7.05428354392	2.99134530749	3.26464857492	8.70397543159	1.7765004241	0.0756475407542	1.80167922067	-5.99645536433	-4.28821232712	
6.16796299858	9.0	8.51956644429	6.56205746327	1.13134224466	9.0	9.0	2.83831209152	3.96739279992	2.37131969317	8.99111382314	7.8904701791	-0.0983124861641	1.62947628301	7.28132813094	9.0	
6.07051418529	8.96579868616	8.74733434594	6.71427690232	4.43842047328	6.84710046169	0.938343975832	1.55480624885	2.66590298676	3.03825385869	8.98467074401	4.6044097407	-5.94249189744	-4.35332892925	7.27563801984	8.99733010049	
1.14118296975	4.46247318372	5.70278975992	3.12919095776	6.08531544057	6.28637631658	2.21002178382	1.6095286213	1.98925146311	5.45425022507	8.77309961432	4.82671562004	2.28368701968	4.03733900188	5.50841204766	7.10181803583	
0.916667419647	4.51456546091	9.0	6.17667089373	5.78955129059	6.20373407126	4.99623768777	3.03479273691	1.61973636133	4.94548651533	6.11270594842	3.51872585076	7.26048119864	9.0	7.24642128835	8.96688650334	
8.47396288475	9.0	5.11746681539	5.45211811102	1.17026330812	5.73962020219	8.99972292863	4.66094652455	8.82780937451	5.0133836767	5.64184273909	8.24752389192	7.27993879343	8.99976686988	-6.0	-6.0	
6.31384026617	9.0	8.81480537538	7.21074308925	5.71859997209	8.82559241163	0.983187241357	1.63706698726	2.91845973373	2.47062488708	9.0	4.48806852278	7.20981100863	8.99999941484	-6.0	-4.35662853553	
6.0349806701	8.96607327933	8.99686451018	6.76745762934	3.85975329482	6.85218686639	0.911636183263	1.56697109288	2.28084105722	2.40906681354	9.0	4.502451313	0.520755163444	2.23037092648	1.14052336893	2.82578491915	
2.03916510366	4.79400753084	4.56193589219	2.57230848905	7.14063490061	9.0	1.74433164079	2.65097266899	4.27688577455	5.36064067341	6.30688990543	1.67928116882	0.73163434201	2.58701386813	0.546517811319	2.22994267695	
0.90260822346	4.55531177096	5.03320314925	2.10808096844	2.79276022852	5.67625060506	9.0	2.93066468668	2.36628238211	3.22837546885	6.22338078607	7.81714477193	6.03207689928	7.69353677263	0.225103355773	2.0551580962	
0.22626862238	4.54509358141	6.69107008194	3.23454699036	1.91301756555	5.58834093594	4.03582443959	1.86131247991	3.4260239053	5.7395610061	9.0	4.20877790153	0.695335700831	2.42718283066	5.91473353016	7.63434544265	
5.88714041394	4.65133243807	6.21222827895	8.3076568213	-1.3812822712	5.57028908371	4.55635262537	9.0	7.65394787958	2.01435045982	8.63180474588	1.89926472517	6.97212577041	8.70467919604	2.50574386017	4.22904870083	
5.93121831853	9.0	6.33771181068	4.01459173492	7.92944890504	5.99988946012	1.2585425761	1.62563138638	2.71129646779	7.85820051693	8.84270643601	4.35753611854	-6.0	-4.28672967499	-5.9985978326	-4.33990773463	
1.18873751206	4.26420746838	5.92151551433	3.71181425897	2.44031999316	5.42733417167	5.68380686351	5.71568551632	7.14143064857	7.38132161101	5.99243283551	1.79831871039	1.3930700642	3.13228457255	6.97810053487	8.62895145882	
6.25696326747	8.99994233779	6.12332558343	4.22741936375	-2.00765803556	5.60641018511	5.67121520505	5.35320716783	5.87721609671	4.25852972397	8.81625469552	2.16291493484	-2.34502232326	-0.621393313778	5.56990402577	7.29448268959	
0.902964562903	4.39619528589	4.47689453583	1.71955490218	2.85983509922	5.96156542659	7.50313823044	6.60071269266	8.35483214936	9.0	7.03074651139	3.4361567401	-0.987819275338	0.728317723405	-5.86539654162	-4.18455405862	
4.10286424619	4.59121524336	5.25499652297	5.48345731641	1.2011727032	5.61503706141	8.1133524931	6.88624382358	8.89919382935	5.10778260181	7.24446338687	6.89757226213	-1.17806491376	0.461360482878	7.12901994505	8.8550004658	
1.28019773802	4.24647988027	5.13328835242	3.11935741356	5.0940284449	9.0	8.64634668407	8.57992474817	2.60106358328	1.66701882642	7.31783260423	3.35459066495	-1.03079974283	0.77269898325	-1.87520134485	-0.277316212279	
0.180136032733	4.54377984732	6.19748033387	2.70151908765	7.61040810241	5.63574132594	7.31684747527	4.29547464836	0.156048020081	8.47005036044	8.98213285159	4.67747476069	2.80886954812	4.53699076464	-3.62449715708	-1.90230765075	
1.43785060766	4.41283634741	4.54955889406	2.36945568779	6.65799629364	9.0	8.45099471337	9.0	2.74974684837	3.47370387942	6.16490788308	1.7138381408	-1.93397680587	-0.266983044986	3.26920407403	4.93548976139	
0.935663799333	4.42175293623	5.04435609304	2.38234549067	1.59543348536	5.64447521983	4.18172487926	2.86634954511	2.42215431636	1.99249492513	8.03355953344	4.82658721378	-4.31337488467	-2.59258918524	0.791624267642	2.48000426253	
0.45909563864	8.34750063188	8.95995285066	1.80681623983	8.75568923471	6.21798526889	3.96241064441	1.98508495104	2.58423261225	9.0	8.85567545154	6.23621724622	7.25371076292	9.0	-5.90173106556	-4.17603243785	
5.23627317752	9.0	8.99051000484	5.74066473061	6.39836207391	9.0	8.19424790641	5.17983370494	1.74794890451	3.03286067953	6.12337374985	4.62005383527	-0.311383971554	1.41597039017	-5.99885830513	-4.2589675659	
0.850226942399	4.41010932285	4.3690089756	1.56860165522	9.0	9.0	9.0	8.10544090953	4.0857474673	7.88559109643	9.0	5.36524996142	0.735240700328	2.48226255708	1.87680920916	3.60169765811	
-3.02012201018	4.50579055261	9.0	2.32506397557	5.27698247708	6.0518437578	2.1361539224	1.69550511647	3.62989397369	6.23155827133	8.33677311807	4.45136975643	1.36051889831	3.08699190096	-0.206330081283	1.50908616066	
-2.15648045308	4.46993257985	8.77106509598	3.024502779	2.39264482149	6.33691517751	3.31772173478	2.86611256859	2.47043937908	1.81223076789	6.99353026192	3.1460804547	1.25102802917	2.97449060153	5.11623442849	6.8199265857	
5.89658152028	5.08383011608	7.39979200608	9.0	3.53506611577	5.71932292703	3.94432602132	8.3992307775	9.0	5.96061043494	6.23615078499	1.69011300525	2.75755325219	4.56115085443	3.81479078503	5.57037456197	
2.57213070653	5.02504756337	8.99834715894	7.41506588649	6.42495708612	8.71413831686	4.19832889115	5.42897431929	3.28830546459	3.55100012144	6.54361233476	1.79266948542	2.9852167571	4.79633639229	5.41855707226	7.18387317322	
7.48815101445	9.0	5.62268930927	4.95219088552	1.19730140053	5.80462326249	3.6695154823	3.14440822733	9.0	5.78974172085	7.59383834185	5.74499393287	0.451375445137	2.04870423276	0.336173561059	2.18405897396	
1.49513378179	4.96588773271	8.99995664193	6.32602281711	5.79046501532	7.71180172471	2.1596254378	1.69174291439	2.30582910899	3.86402246159	8.98934183727	4.96874575981	4.98377055323	6.66153255416	7.1780636016	9.0	
3.26682075721	6.06587164392	5.58270672056	3.52267728119	1.1028133697	5.4422318098	7.53487001676	2.3045140152	3.62734279436	2.1993826714	5.54313144257	7.0629906809	1.31018111815	2.99756261243	1.48747065055	3.19596306732	
6.67473135586	8.03254668789	4.96896288687	4.45462889568	1.01336424662	5.45600412609	4.86396550268	3.01003446523	6.44600732212	3.48786696535	9.0	8.42012854821	-3.06809720967	-1.38959794418	-5.98433632964	-4.37432525617	
2.1103178449	4.60883452007	8.77803892477	7.13965876804	7.65943278053	9.0	-6.0	2.14388345345	7.79655850503	4.78167691076	8.99569330555	1.60815506718	-5.97971383072	-4.24827524827	1.86553364935	3.57051844986	
1.23241962447	4.70498009543	7.41696111282	4.75439032525	1.57658009328	5.55438775251	1.98910554491	1.65160384338	3.71301022444	3.38176816315	7.67745310181	3.58286036734	-1.13133319224	0.680948296753	4.86305882966	6.66166348881	
-3.36084890179	4.53072386031	8.96223398103	1.87802917651	5.55470645806	8.47815909378	9.0	2.40249859422	4.01638906624	4.74699592263	6.90479757101	9.0	-1.10801746461	0.627604960201	-0.912216939942	0.811687880442	
2.67153057468	5.34861331707	5.29995281901	3.48932316785	3.25264437153	5.37510671566	0.945709207649	1.75321862977	5.35260688862	5.8825209048	6.15483354323	1.75966854605	-2.89163302417	-1.23401803977	5.5610304655	7.30113414761	
1.14439430604	4.48293325376	5.58996409961	3.26966173771	9.0	8.88714385655	7.31425626986	1.75950174049	2.51424770457	5.83812470949	6.52349142392	7.63012296017	1.90665297408	3.68616503572	-3.76262239846	-2.10790179374	
0.137063478932	4.50048789221	6.78886491365	3.27188085549	5.95109150786	6.06588048165	8.65136538988	4.48534428699	-0.787763145537	5.55046264132	8.99713899261	5.76439597228	-3.42628492014	-1.70562795666	7.27884869246	9.0	
1.38466027488	4.60373697212	5.19644101743	2.86667252659	2.45737619866	5.96433484871	1.66798680965	1.81754590719	2.6848444316	2.46009215951	8.90260603599	4.47550623954	0.385332137921	2.2478136282	6.58959156731	8.35645007093	
-2.58542272448	4.52645200833	8.9862895996	2.73122629724	2.34217387893	6.34008969883	8.99929441993	8.98171645907	2.82012548192	1.99615313967	9.0	4.87687849111	7.27326979692	9.0	-5.99557501997	-4.27585800633	
4.3482530686	7.26474356839	9.0	6.94930871372	4.32024487925	8.96740051691	2.87090886207	1.61032606679	9.0	9.0	8.98668848867	4.6165843856	0.878881973626	2.60506490787	-3.38240394761	-1.66249532593	
4.07441946306	9.0	6.74919141662	2.67837354735	5.01456473758	8.99855848629	8.23340732613	8.98631750796	4.08456203788	3.06121239533	7.82427667882	3.14449086976	0.462615130276	2.18849006764	7.27801764418	9.0	
1.52349037063	4.65537184651	5.38858190626	3.16719892834	3.62498492741	5.43019645025	1.46566674859	1.47516012615	3.8609415757	5.18192936847	9.0	4.89609671714	7.33232090227	9.0	0.00258825946314	1.66370502878	
0.856208129696	4.42522500643	4.61148297825	1.85118943546	2.2172738094	5.82764675306	6.64502515407	5.6832543103	2.94628112096	2.98070808016	8.23785830078	4.73523466261	0.899108041469	2.61656813332	-0.920736776969	0.816193965365	
5.25007862862	9.0	9.0	5.75390614153	6.23964339663	6.7522347628	8.00652584826	6.25887725194	-1.14432257734	5.13536361534	9.0	3.3402213691	0.209000544267	1.9281853603	1.32384860018	3.06372211898	
1.40959600021	4.8897368743	7.77968402883	5.16592403638	1.44068231068	5.44090737186	3.09885336734	1.59284632255	9.0	8.33888949021	8.6898726127	5.93168544065	7.25187874093	9.0	-6.0	-4.03695951577	
4.00718987571	7.55386403996	7.88151378003	4.86414277474	2.00303893451	5.64404000107	4.28456505889	1.59509244988	8.86480249271	8.99873837275	8.95682542644	7.2245194052	7.2606532444	9.0	-4.68006244679	-2.94864956183	
0.166399214105	4.52541094604	7.09129826916	3.59942640221	5.72355879173	5.57835054793	7.06653000426	6.53871473304	0.855596436938	7.28824136342	8.99991747767	2.25209988651	7.23904845016	8.96626328229	6.62035875613	8.35569232658	
6.31038309961	8.93227150451	9.0	7.21192353965	-2.17787676896	5.6154059025	9.0	9.0	4.30961163773	2.58107597892	9.0	1.97159732717	-0.969950150355	0.771574477394	6.30046779099	8.02522855656	
3.9549743693	4.53384061593	8.71040530594	9.0	5.96034817507	5.59257993626	1.57925063254	5.87593110254	4.92424029517	7.38522593317	8.99386875447	1.61886529923	-0.40978595527	1.32127869296	0.571324353286	2.28805764387	
2.01575592935	4.95212516347	4.56750712229	2.37518532127	5.83170461746	8.8149088121	1.07108843633	1.63497472659	2.76520834201	2.90721728269	8.99933294382	4.47066300628	6.38279467302	8.08592923666	-0.637290179956	1.135987659	
-3.09033099683	4.41124868776	8.95299999464	2.25336576292	2.18630889079	6.01180957083	2.82072100885	2.56304200455	2.48146916252	2.12456000602	9.0	4.92722722796	-1.8598943338	-0.113146855193	1.95745587727	3.66075133539	
0.957905284497	4.37162220907	4.68852245075	2.07778791145	1.82550007331	5.60664354674	3.28090888155	2.521257054	3.89786016881	3.60341364147	8.90509064126	5.26616432278	-5.9462189902	-4.20472504494	-2.35251513638	-0.589400758385	
5.95490262403	9.0	4.96013449957	2.83542407239	4.98574257449	7.76162122096	1.38020187819	1.72596813281	8.7769546817	8.86575218005	9.0	4.62514921372	6.68214299459	8.57511304986	0.81761999205	2.63580089332	
1.13928100001	4.51579391678	4.35998796859	1.63443644749	8.29728448845	7.67097102176	8.92103381079	8.99861354753	3.24954629351	7.65032242577	9.0	4.5924394277	-1.16994061724	0.558741569543	5.38892415877	7.11523126427	
5.90359662846	9.0	9.0	6.75646132036	2.51217938938	5.55329277999	1.21711142035	1.54587528349	9.0	9.0	9.0	4.72186619487	7.37057639589	8.99999463715	7.26325297427	9.0	
0.354976025665	4.49294918261	5.50097561419	2.23458961946	0.411805993578	5.5700663475	3.58112213357	3.28139224191	1.58782980819	2.02674997802	8.89880657933	2.62677724919	1.6247759184	3.35864339386	-3.77378034252	-2.06005337723	
1.46196223741	5.16308478758	6.88302840117	3.64786704489	4.25143611278	5.66263600173	3.11880736239	2.51491351311	3.657391097	9.0	9.0	2.3974958098	0.00757327496073	1.53787006833	0.0704790986129	1.75780655865	
1.60406841104	4.52050420707	9.0	6.94107454629	-5.99584618912	5.37559525598	4.05302670209	2.79692840986	9.0	3.79076189566	9.0	3.19014640516	-0.284884709685	1.42854244208	7.26879382708	8.95493615409	
6.63430005042	9.0	9.0	7.49547975949	1.06964173283	9.0	9.0	8.97337884646	4.02569584574	1.93911138969	9.0	2.19992730492	-5.96128278648	-4.2354604252	6.91845053106	8.64018658191	
-1.32779826511	4.53525301336	9.0	4.00180121979	1.55136408744	5.62871340986	0.949111495281	1.68130609571	4.91642884494	3.47365352269	9.0	4.65059712227	0.842802655582	2.57103290743	1.60054320033	3.32144908028	
2.103707023	5.03272482331	5.11405023686	2.96072561721	6.95801390199	8.50445765964	1.0152101606	1.51544229425	2.26871860808	3.8861967045	8.95946267129	4.40050928016	2.28760263332	4.04773563697	3.62747578067	5.32265409235	
0.813465606319	4.37584169168	4.45632893231	1.62038521357	3.2069700812	6.17261652245	8.95669066558	5.57797158231	3.61600367273	4.47667728447	7.81868506661	6.63164822923	-0.404081161907	1.32440503662	-5.99654824341	-4.30465095186	
3.07056440823	5.889736451	8.94201823081	6.97386881022	4.0617088249	8.88190065634	4.4834332296	4.16258117149	8.96683369578	8.63330884773	7.27202359043	2.11453050215	-1.42273355899	0.314299750002	-5.99644726988	-4.27465408341	
6.6777707	8.91981391458	8.99949126962	7.7063943323	5.10040829434	9.0	1.11245353659	2.27370685761	3.3577214838	1.64201524714	9.0	4.45399181481	-1.77309102845	-0.0308409485675	3.88935370018	5.73714865463	
-1.65431147161	4.5219106711	8.95855967677	3.64963601643	8.98118376037	9.0	5.04521260726	6.55011065265	6.71664409116	8.62048099196	6.04024913806	1.63033627634	-2.13178145861	-0.402885828662	2.09283391585	3.81463011388	
6.7895249366	8.76042494936	8.83591409388	7.72391767944	-6.0	5.52649056389	8.77814704379	3.45808621523	8.64578391889	2.61136252489	9.0	7.8885338844	1.28063532284	2.98072482307	-3.36187309389	-1.64650263245	
-1.53894009575	4.48346851977	8.86104938933	3.70485746068	0.287405454749	5.51652791292	6.55943544973	2.41277472442	4.20875343735	2.42083133072	6.67938284394	6.40338682798	2.1994220704	3.91437326469	1.05754379363	2.78123534642	
0.789922712586	4.42484729464	4.5088914879	1.84527647043	5.06245821258	6.94160032761	8.84806303714	2.01190440974	3.59935679667	5.25631611294	6.7181247476	9.0	3.78843784766	5.53204681487	4.1988798367	5.92913680872	
4.49856627064	5.33817866496	8.95212859898	8.99872532265	8.77656865059	5.78583225182	-5.99389372455	3.54437130666	8.82507985869	8.82841545545	8.99999904735	1.52166247271	-6.0	-4.2967389055	5.9559880181	7.6520519317	
2.32744194248	4.81191548138	5.50440331837	3.81219240671	1.07816747926	5.58472456085	3.46567567646	3.38177439154	4.16328262831	2.19648344174	6.3679800175	3.10061915845	-2.24303200535	-0.411140213841	-2.3184330607	-0.510075597468	
1.16151434183	4.30619501782	4.46730771345	2.08343687902	2.20404028495	6.0249064001	2.37305878957	2.29340768728	3.68961022256	3.33131484568	9.0	4.80719066368	2.77538194171	4.59988942136	-3.68814118129	-1.98915784598	
8.10445881695	8.95116138897	9.0	9.0	-2.25854421162	5.56036833086	2.71407007428	4.80953444033	8.9981516927	5.4533506928	8.93954923254	1.61265478931	-6.0	-4.29114256725	2.81062361043	4.52394914034	
4.33458480899	7.28137312817	5.50134731948	3.558552427	7.18827387206	5.72891271325	1.13280597447	1.68993638323	4.54452502502	8.94165357072	8.86246529866	4.30996534955	-1.08002143722	0.799411372713	1.26805164444	2.946990984	
3.22507303585	5.04802531356	4.82683213879	3.85976245874	9.0	6.42594384918	-0.21220162922	2.85454043941	2.27344129017	8.19300590353	8.99998449595	1.62319929702	7.28588421903	9.0	-6.0	-4.28058015188	
1.34696925592	4.46261756141	4.52887885372	2.20585443066	5.18213358673	8.93401218037	4.24123516551	4.60189434311	2.62600567144	2.24570443012	9.0	4.50726895325	2.49928175321	4.29139742359	-0.112724849813	1.6215111677	
1.50922162848	4.86077195573	7.60087256588	5.18945045942	5.70779159506	6.6574634436	6.62571121305	1.63908773421	2.57221060054	4.90377039886	7.36852956402	7.92822130531	-2.33315905178	-0.626347045551	-2.82812119902	-1.17981043888	
5.08065715417	4.75565422148	4.89665148566	6.12899133855	2.9767726895	5.98290809071	5.22501768679	8.97383631854	7.9282610927	4.43843880909	5.9746198892	1.63070494295	-1.19797189357	0.417818066188	3.57550888898	5.37567269384	
1.24914353774	8.99996359605	9.0	2.11414916932	4.0921740331	6.81639194534	6.27396972466	1.76929532237	8.17953196582	8.9999989053	8.52473267046	8.50043608875	-3.44156720411	-1.72168903508	7.27710878976	8.99988979182	
3.53240956816	4.55262251855	9.0	8.83718368172	5.02831976176	8.99353149186	3.08404123664	8.99568440791	8.13978146393	1.71091149303	9.0	4.5733316635	-2.75869454577	-1.02896395116	-4.64611159375	-2.91912320703	
3.53567108381	5.14895841385	8.22153882807	7.45595649063	0.804728072529	5.27546247152	4.89360192746	6.13993273278	5.05582515167	2.21267352311	5.31923024836	1.56646153978	2.68459782788	4.42929276911	-1.32559469093	0.391516164246	
-3.17042226548	4.52804501459	9.0	2.17509649376	5.55088499542	9.0	9.0	3.88910707661	7.57229196757	7.5373405375	6.40188990574	7.099867676	-6.0	-4.2685384176	7.27819436703	9.0	
4.48457949001	7.47821104887	8.27669391881	5.95341485461	3.02524661076	5.49020755174	1.10713426921	1.64970452817	8.15233441516	8.91377987878	6.69928531164	2.18607498872	-4.38619234073	-2.62823283777	2.60680575961	4.36818767373	
1.09893885292	4.54451215659	9.0	6.31686807708	2.3494274361	6.10678030817	2.23419559786	1.95895165911	1.86333073902	1.75256375318	8.22184635793	4.06254523513	-2.53176905741	-0.782033456767	-0.289908825798	1.45035807833	
4.08361856574	7.02136229964	6.01604794972	3.76373637138	1.38292057868	5.72527410245	4.16304928905	2.92374981328	3.55146123334	2.29103068809	5.84006089961	3.08371495812	-1.89756656307	-0.129015027454	-5.94852892439	-4.17046794656	
0.221103746778	4.54979965054	5.51097148061	2.04750656741	8.46155661994	5.77694689005	4.9125896644	4.14245671192	-0.0647734951526	8.73641218882	9.0	2.66952557874	-1.46647627558	0.26346168293	-0.784981821238	0.936405333864	
1.4659272809	4.57885090888	5.02953932193	2.76774456465	1.55088587777	5.44154533159	1.6041683337	1.78259497369	3.22300133196	2.52853011644	8.96884478317	4.68944830228	0.200328965511	1.97006826566	1.02489243826	2.7296462391	
3.1756031513	4.72201352753	5.70185856386	5.01777785036	-1.82830436711	5.58129174599	6.62793177435	8.28928279403	5.9517675979	3.09990944479	8.99111587773	1.79037151034	-2.07875341189	-0.356143964798	1.58376102523	3.30195888594	
6.26453307128	9.0	9.0	7.12982121799	1.20563902032	5.34253017091	1.05754189985	1.58021715912	8.99347355085	7.68061604759	9.0	4.77900045734	1.18521801182	2.96370198924	2.60953968579	4.25011143075	
5.2517066348	9.0	6.00579261776	2.73932059618	5.06434660833	5.64513772298	6.96826716546	4.39492735824	5.65383111584	9.0	6.10810104196	4.16982637351	3.41940372088	5.14154103159	-6.0	-4.26793552981	
4.17421150636	7.12885218315	4.66387060024	2.39005792634	3.90859372883	6.14208238802	1.14996385853	1.61464677153	3.72602761936	4.64430041933	9.0	4.65252451893	1.45234322164	3.09390564784	3.2725507014	5.05428913945	
0.734426777675	4.59642754202	9.0	6.02676348484	0.115226621048	5.62475199184	3.42842668862	4.18791357592	8.99685335816	8.99755936045	9.0	1.71736299759	-3.49794570756	-1.77203380586	-0.619330425822	1.09430611936	
9.0	9.0	8.13608076948	9.0	1.23616434152	8.99905997651	9.0	4.89772375062	6.16588415926	1.61428086892	9.0	8.89938495695	7.25754441698	8.98585216886	-5.98233655262	-4.26166954453	
1.96152169487	4.52548901759	8.3307994221	6.63211195195	1.04779539932	5.67905739404	5.49909117951	9.0	6.58735291208	1.89459891265	8.31366501424	3.89379927789	-2.17668832739	-0.449386440795	1.75230716843	3.47310569855	
3.34989695013	7.13454519887	9.0	5.77391985107	3.40058057272	5.73582508729	8.14735258775	1.69511827066	6.87292244104	8.40736312482	7.13658082212	9.0	-2.66846799753	-0.926191846916	1.97878888675	3.73632722571	
