5.62673215413	8.83735849128	5.80576355635	2.59513721848	5.688741295	6.40390865424	
2.20636900205	6.55509872574	6.95372081254	2.60499108904	3.45002802334	4.16519538071	
2.53670797586	6.77969994834	7.44142450894	3.1984325364	1.92789898003	2.64306633787	
0.521337118761	6.51919740623	8.59294109851	2.59508081167	8.28480328706	8.9999706484	
5.20833764983	8.46106024795	5.85584345121	2.60312085257	3.53992203719	4.25508939588	
4.25877003772	7.81452037064	6.25569173491	2.69994140206	2.47193735881	3.18710471639	
5.0000443029	8.99997682591	8.99938547731	4.99945295483	1.80510503609	2.52027239395	
5.46974899189	8.68109912825	5.80645188456	2.5951017461	6.11727674139	6.83244410338	
3.62757963351	7.00783252436	5.97570078432	2.59544789412	4.87642237148	5.59158972756	
2.49186618955	6.59870468678	6.73092027145	2.62408177449	2.99317962963	3.70834698675	
0.686752134855	6.5195240923	8.42785308907	2.59508113176	7.77520895601	8.49037631362	
0.40731469728	6.51903459237	8.70680070713	2.59508081213	8.28347476321	8.99864211804	
5.79031809711	8.99999837477	5.80476113245	2.59508085347	8.1648432266	8.88001058707	
0.516844109745	6.51919690845	8.5982448673	2.59589206871	4.53234476948	5.2475121271	
0.11456466068	6.51877085254	8.99998796493	2.59578177318	4.59574187196	5.31090922959	
0.937807111865	6.52552882358	8.5289250425	2.94120333097	2.06357203395	2.77873939174	
0.182413416431	6.51881546848	8.93152569472	2.59512364279	5.80798547054	6.52315282815	
1.33021037064	6.53546693873	8.13837620247	2.93311963444	2.07031865642	2.78548601419	
4.77256898005	8.22142142045	6.10741054663	2.65855810598	2.66990712651	3.38507448456	
5.11811920768	8.99998954357	7.01922604341	3.1373557072	1.95023733045	2.66540468867	
4.56768751886	8.56939697474	8.83587161358	4.83416215769	1.80590165957	2.52106901743	
5.16334825356	8.38030855142	5.81256412733	2.59560382933	4.72279768045	5.43796503852	
2.75605555821	6.65926575641	6.53055234597	2.62734214813	2.94852093213	3.66368828894	
2.06260791082	6.54237807006	7.07485097478	2.59508081573	8.27245800778	8.98762536519	
0.128073243751	6.51877750992	8.98585378639	2.59514952034	5.60329235578	6.3184597134	
3.01314174531	7.13106885143	8.73240778383	4.61448067751	1.80756321632	2.52273057436	
1.52075102049	6.55784770354	8.80554399123	3.76844730807	1.83354851349	2.54871587141	
3.80298592256	7.82207644988	8.70178905205	4.68269852469	1.80695409444	2.52212145233	
0.113876287624	6.51876818902	8.99999983926	2.59510793797	6.00550909074	6.72067644837	
5.51731871196	8.99006411224	6.14375133687	2.67100593554	2.59819768901	3.31336504845	
5.67970398329	8.88979954026	5.80517636501	2.59508080884	8.28364499713	8.9988123534	
1.21500896808	6.52845335695	8.10506596037	2.7916215716	2.24229209659	2.95745945429	
5.32536748814	8.5377864506	5.80749980233	2.59508084069	8.19697299417	8.91214035033	
5.77003269445	8.98093515516	5.80620672643	2.59530426427	5.09181478761	5.80698214841	
3.92706226719	7.25994133132	5.93562098963	2.60274192602	3.56069912087	4.27586647733	
3.02916712719	6.72091775779	6.29821104935	2.60646041923	3.39071900612	4.10588636255	
2.58341064591	6.59315108291	6.60482124823	2.59508081152	8.28459815749	8.99976551456	
1.74320604257	6.5339080991	7.4146194994	2.62391744303	2.99556625524	3.71073361277	
0.118348479983	6.51877143681	8.99564745489	2.59522449818	5.28339730939	5.99856466702	
5.63507017805	8.84557645167	5.80562791189	2.5951216373	5.82870142323	6.54386878302	
4.63918976981	8.63982911339	8.74464955927	4.74401021568	1.80648316182	2.52165051968	
2.95712616329	6.68036938637	6.31987727649	2.59663405388	4.25067139527	4.96583875179	
2.73499085642	6.91831453946	7.7874894935	3.6041658103	1.84814967908	2.56331703707	
4.9719960254	8.96796789536	8.41405906287	4.41808719285	1.80996753915	2.52513489701	
4.17650755015	8.15005603575	7.58400548172	3.61045699611	1.84747215164	2.5626395095	
0.683285213828	6.51951598736	8.43131949083	2.59508871742	6.53543202579	7.2505993834	
1.69946864353	6.52967718469	7.4307415991	2.60053305811	3.70731077903	4.42247813659	
5.79031960812	8.99999969456	5.80476090445	2.59508081741	8.2572616313	8.97242899037	
4.99962448699	8.99928462029	8.9233077723	4.92364763888	1.80543287473	2.52060023259	
2.83631910297	7.00459521807	8.80418889072	4.63591277539	1.80736134978	2.52252870785	
1.07073384695	6.52098660207	8.04533386805	2.59508111306	7.79308940547	8.50825676309	
2.2661871622	6.55605892519	6.88495294375	2.59508118097	7.73127532884	8.44644268618	
1.38308194954	6.5235976848	7.7355968867	2.59508115159	7.75700903255	8.47217639014	
4.43659395379	8.44027901715	8.99029251213	4.98660744875	1.80515662523	2.52032398309	
0.331093695135	6.51894727719	8.78293439298	2.59508081166	8.28481629011	8.9999836441	
0.11672904051	6.51876991942	8.99712170126	2.59508082254	8.25315250005	8.96831985649	
0.395084739439	6.52004965528	8.92543839911	2.80047348453	2.22724561688	2.94241297462	
5.01261137268	8.99949587658	7.98946785404	4.00258334999	1.82072487132	2.53589222921	
1.53092104882	6.55810328382	8.68944803501	3.66226579994	1.84228574696	2.55745310488	
5.49305453538	8.70414065887	5.80616693267	2.59508080878	8.28264865214	8.99781601088	
0.113850076245	6.51876808283	8.99999881828	2.59508081185	8.28430223844	8.99946959315	
2.54411705867	6.58717873643	6.63814549742	2.59508381992	6.94262018493	7.65778754204	
5.58959601506	8.80011744799	5.80560228065	2.59508084816	8.17849174184	8.89365909882	
2.7725278804	6.62961171511	6.45264230649	2.59555847214	4.76216330354	5.47733066037	
0.113853583125	6.51876808506	8.99999531338	2.59508081166	8.28482607215	8.99999342733	
0.541678560344	6.51923122031	8.57263468834	2.5950820285	7.30758368068	8.02275103828	
5.79025833635	8.99993891574	5.80476145454	2.59508087363	8.12062553086	8.83579289174	
4.41528190938	7.65636231011	5.8361630176	2.59508261745	7.15066144895	7.86582880548	
4.24864685686	8.15894749609	7.11689039156	3.20658975236	1.92522419418	2.64039155198	
5.61205387177	8.84446911426	5.83188976044	2.59947451686	3.8005239618	4.51569132164	
1.03450240041	6.5207878315	8.08138055525	2.59509512429	6.28113543702	6.99630279462	
3.08782454184	6.72781426163	6.23788296628	2.59789324699	3.99347508387	4.70864244021	
5.79031529504	8.99999535451	5.80476086997	2.59508080945	8.28007447967	8.99524183952	
4.91329459222	8.91346506456	8.97639245271	4.97622198037	1.80519946928	2.52036682713	
5.00049296439	8.99999298705	8.88494744927	4.88544742745	1.80562118583	2.52078854368	
2.93197094425	6.73569875901	6.4475096865	2.64378187217	2.77775770177	3.49292505838	
1.64438262697	6.55696649419	7.94447944268	3.03189557546	2.00112997983	2.71629733764	
5.64566696036	8.85715732968	5.80681244066	2.59532207034	5.05854749768	5.77371485748	
3.96183191939	7.26046109008	5.89440523843	2.59577606824	4.59928570184	5.31445305837	
5.77351465538	8.99954425686	5.82433229054	2.59830268699	3.93465573701	4.64982309889	
0.94433869556	6.52035799859	8.17110011393	2.59508081165	8.28483084078	8.99999819867	
3.86064148105	7.52482004819	6.4163877399	2.75220917295	2.32111745147	3.03628480891	
0.508569870911	6.5191769858	8.60568826496	2.5950811502	7.75825621878	8.47342357639	
3.49969500478	7.4692733868	7.25273475962	3.28315637763	1.90306684449	2.61823420229	
5.00075601396	8.99999864076	8.82881418678	4.82957156173	1.80592842721	2.52109578506	
5.79031917011	8.99999923726	5.80476088114	2.5950808134	8.26882428302	8.98399164206	
4.88183631854	8.10157450739	5.81481910346	2.59508091545	8.0428751856	8.75804254172	
0.439274078835	6.51907600951	8.67488274411	2.59508081358	8.27910677472	8.99427413324	
0.11460814299	6.51876856653	8.99924162614	2.59508120272	7.71333132066	8.42849867828	
5.7903131559	8.9999983429	5.8047669882	2.59508179935	7.38616848833	8.10133584985	
5.08672746677	8.30217807594	5.81053141647	2.59508080869	8.28482913371	8.99999648875	
0.548751813737	6.51985134206	8.63990840302	2.66880887549	2.60988336617	3.32505072383	
0.343540621765	6.51896051273	8.77050101133	2.59508112051	7.78588583882	8.50105319643	
3.8332161698	7.8495935352	8.54069288223	4.52431551679	1.80853184732	2.5236992052	
5.09895461841	8.90464495189	6.76403902283	2.9583486889	2.0499934457	2.7651608041	
4.83864682787	8.06175421641	5.81862305979	2.59551567113	4.80289637342	5.51806373144	
3.70188976373	7.57840874265	6.89963029054	3.02311131174	2.00627753264	2.72144489032	
0.114177364925	6.51876870483	8.99979748227	2.59520614248	5.34268286776	6.05785022539	
2.83219065712	6.75062096669	6.61954759066	2.70111728149	2.46765858262	3.18282593943	
0.524328911914	6.519202357	8.58996340652	2.59508996156	6.47301352121	7.18818087882	
