1.09526144844	6.52914781062	7.41883448109	2.98494812027	8.92911777706	8.64428513221	
1.87655526767	6.60678616025	8.19402759434	4.46379670162	2.81805382337	2.53322118135	
5.14406094782	8.99821374764	5.91405265112	3.05989985073	3.60332792795	3.31849528694	
1.04852200093	6.53279160583	8.92296473004	4.43869512529	2.8189421477	2.53410950555	
2.22587411432	6.69717073283	8.82881456603	5.3575179473	2.80523561362	2.5204029717	
4.93691790738	8.93677981919	7.91817124966	4.91830933786	2.80848293444	2.5236502923	
5.13608128755	8.95610223969	5.80507631619	2.98505536346	6.40951881654	6.12468617553	
5.1415306604	8.96147639327	5.80489385307	2.98494811982	8.92194056271	8.63710792125	
4.42325298271	8.24984266084	5.81168279374	2.98509311245	6.27890088669	5.99406825054	
2.94994089349	7.01962450411	6.2956870617	3.22600345123	3.17402414239	2.88919149968	
0.870987466762	6.52488130338	7.63885040378	2.98495656793	7.49800389392	7.21317125019	
2.59230488943	6.84869712029	7.18493211461	3.92853988355	2.85589239537	2.57105975339	
-0.440412047834	6.51882545548	8.99942626259	3.04018875988	3.72624082419	3.44140818075	
3.03621102221	7.09088114247	6.34454218204	3.28987206188	3.10056034651	2.815727704	
0.0106251978587	6.51939948132	8.51378996941	3.0050156867	4.14866788043	3.86383523676	
4.90609973064	8.72717146001	5.80602085891	2.98494912271	8.31343274149	8.02860011304	
0.699192556862	6.52280411722	7.80855963282	2.98494807248	8.99540338222	8.71057074028	
4.99462072653	8.99586055879	8.99964447626	5.99840464392	2.80381126406	2.51897862191	
-0.43154413801	6.51881279095	8.93614909943	2.98579217115	5.51506011247	5.23022746896	
-0.473588175284	6.51879004547	8.99839375344	3.00601553341	4.12804769042	3.84321504677	
1.17497800358	6.53126348298	7.34123354942	2.98494806996	8.99915310736	8.71432046557	
4.99879477611	8.99993237541	8.79104570392	5.78990810411	2.80407104307	2.51923840091	
-0.424113983146	6.51881799811	8.92788007979	2.98494809955	8.95709720435	8.67226456014	
5.18001661047	8.99982961003	5.80476130185	2.98494830154	8.73122372645	8.4463910858	
2.48610385261	6.80344743672	8.97798631137	5.66064272699	2.80430739426	2.51947475237	
4.82119048654	8.82298474301	8.68143933297	5.67964507649	2.80426807947	2.51943543732	
4.81475473473	8.80549532895	7.09427207525	4.10353148102	2.83776765597	2.55293501383	
1.48325390756	6.54408167991	7.04577897878	2.98495120691	7.90804250245	7.62320985926	
3.38532054605	7.44035878589	8.77880876716	5.72377052722	2.80418317095	2.5193505289	
4.87382572754	8.7579124716	6.02506851534	3.1409817711	3.32363879616	3.03880615429	
-0.167753280936	6.51908019853	8.67178215873	2.98494867963	8.49384534859	8.20901270569	
1.82043258575	6.59733843327	8.47873953752	4.70183368989	2.81180589898	2.52697325695	
-0.491341471072	6.51877125626	8.99510241624	2.98498968957	6.81902964989	6.53419700641	
4.93969477315	8.7605893374	5.80588791933	2.98499335489	6.78256190202	6.49772926025	
0.883666735839	6.52829819755	8.99298419158	4.34835272922	2.82261909621	2.53778645405	
4.65406708814	8.58980825658	6.29375455152	3.35801338305	3.04265021109	2.75781756895	
5.02021429757	8.95634031959	6.30920422263	3.37307820044	3.03190379728	2.74707115538	
-0.494546300266	6.51876918908	8.99826382787	2.98494833894	8.70475762712	8.41992498411	
2.97910424686	7.02527666991	6.19558905579	3.14941663298	3.30473300558	3.01990036263	
3.68615335754	7.54721506843	5.84601875175	2.98495704099	7.47499881789	7.19016617534	
1.07861993287	6.52905467211	7.46112530608	3.01069056748	4.04332681081	3.75849416734	
-0.4962136547	6.51876814758	8.99999322218	2.98501142056	6.63756934516	6.35273670168	
-0.487953416793	6.51877342967	8.99167491614	2.98494806958	8.99968581263	8.71485317135	
3.9318845782	7.85379219658	6.1328485921	3.2109409738	3.19518659922	2.91035395688	
4.17415626097	8.00687768342	5.81767832284	2.98495690035	7.4816314866	7.19679884449	
5.10477165035	8.92485643054	5.80503434751	2.98494956671	8.19130229204	7.90646965105	
4.16732581126	8.17675941488	8.99998475077	5.99055114712	2.8038189547	2.51898631258	
-0.0381324627378	6.51930116972	8.56022355403	3.00278992228	4.19861820602	3.91378556243	
4.97608100708	8.97733635371	8.87522403274	5.87396868613	2.80395112059	2.51911847844	
1.0836755928	6.53401474684	8.99115765604	4.54081850172	2.81563681874	2.53080417661	
5.16050457985	8.98087178514	5.80626121958	2.9858940254	5.46565505311	5.18082238889	
3.91419941624	7.75833438087	5.82910149346	2.98496652895	7.16843941808	6.88360677561	
2.96719556646	7.09922274162	8.99829624762	5.8662690722	2.80396116395	2.51912852206	
3.65360437961	7.51781984473	5.84917583959	2.98496037473	7.34135195083	7.056519308	
3.90718333235	7.75194502271	5.83017830431	2.98541661401	5.77039881254	5.48556617021	
4.63130446904	8.63443192224	8.9974980145	5.99437056129	2.80381519709	2.51898255496	
1.83419049995	6.5886127785	7.08872470542	3.33430242703	3.06093816524	2.77610552259	
4.99768552553	8.99890473914	8.96909800422	5.9678787905	2.80384195427	2.51900931212	
3.89546616915	7.74099012029	5.83108226013	2.98555830907	5.65578030816	5.37094766577	
3.67618204115	7.53818262956	5.84694865482	2.98494806675	8.99987700633	8.71504436335	
-0.387070355959	6.51888793227	8.99994165136	3.09398336366	3.45698390081	3.17215125748	
1.29088747323	6.53805472058	7.41991996912	3.17275272219	3.25799116233	2.97315851924	
4.9137996362	8.91457253006	8.19865644369	5.19788354983	2.80605799147	2.52122534932	
4.99877381396	8.99999999275	8.99999993091	5.99877374765	2.80381090602	2.51897826387	
2.27472205632	6.71421158282	8.70101451725	5.26152499052	2.80569335872	2.5208607168	
0.40933800301	6.5210740629	8.2626761076	3.15094004818	3.30144234278	3.01660969962	
5.11223783576	8.94307377136	5.83742852525	3.00659258927	4.1165982012	3.8317655598	
3.33639822427	7.39756346192	8.73556819941	5.67440296166	2.80427875326	2.51944611121	
-0.496272110347	6.5187680895	8.99998827352	2.98494807525	8.99430170311	8.70946905772	
4.95564469655	8.91387505283	6.49807787012	3.53984751369	2.94525990698	2.66042726496	
-0.335156295933	6.51889787587	8.85124480746	2.99719066296	4.35939971269	4.07456702131	
3.90775216523	7.75225185081	5.82944775252	2.98494806723	8.99878278233	8.71395013949	
2.80089713209	6.87721522817	6.07676576318	3.00044766753	4.25857301894	3.97374037545	
3.39681608124	7.29475316926	5.88288517233	2.9849480847	8.97317641147	8.68834376828	
0.533055271489	6.52143798872	7.973330797	2.9849480797	8.98413206837	8.69929942632	
-2.65642674027e-05	6.51935725523	8.50433384647	2.98495002757	8.0922040418	7.80737139845	
-0.423474447211	6.51884377171	8.99747431359	3.05515609525	3.62941721041	3.34458456699	
-0.330357846638	6.51891527782	8.87481584157	3.02554271776	3.85284197314	3.56800932965	
-0.342440262725	6.51888544641	8.84627408262	2.98494837379	8.67772931995	8.39289667717	
-0.363463583638	6.51886685571	8.86727850955	2.98494807187	8.99976651874	8.71493387287	
4.99897311226	8.99998984878	8.60946546639	5.60844872873	2.80442468286	2.51959204071	
4.9950938337	8.9950494857	8.00144085341	5.00148520134	2.80759094806	2.52275830591	
3.95568099488	7.79752546537	5.8267965315	2.98495206108	7.81063322773	7.52580058539	
4.99862540544	8.99985151642	8.99830065803	5.99707454675	2.8038125568	2.51897991465	
4.76618732011	8.76709909027	7.9878173011	4.98690553093	2.80773509104	2.5229024489	
1.94652551988	6.6212258017	8.61190814706	4.93720786508	2.80826484714	2.52343220515	
3.72864461808	7.58589664951	5.84220014391	2.98494811289	8.93292060005	8.64808795694	
0.46231861272	6.52099644776	8.04362593363	2.98494810007	8.95720598297	8.67237333792	
2.66604730462	6.82588906305	6.25202104577	3.0921792877	3.46336508952	3.1785324462	
2.30400390513	6.71641859435	7.20029592492	3.78788123553	2.87778011354	2.59294747149	
4.20775046547	8.21621994343	8.7428288638	5.73435938583	2.80416404919	2.51933140706	
0.663800351658	6.52246817709	7.84361639883	2.98494857377	8.54912658783	8.26429394491	
4.70813556069	8.71054457294	8.64664060603	5.64423159377	2.8043427611	2.51951011895	
2.77072575389	6.85626071522	6.07048305629	2.98494809542	8.95986774431	8.67503510074	
4.46505947179	8.41687619562	6.40520947737	3.45339275351	2.98388529846	2.69905265634	
-0.492229905281	6.5187706718	8.99594920366	2.98494862696	8.52048257748	8.23564993454	
4.92533855892	8.74698532418	5.80793922693	2.98629246135	5.31323012487	5.02839748336	
3.95937387492	7.81585075961	5.87322448809	3.01674760346	3.95455264757	3.66972000522	
4.93381127386	8.75474525159	5.8059379829	2.9850040048	6.69134617273	6.4065135313	
4.57859121151	8.45358890847	5.98074926517	3.10575156841	3.41809647696	3.13326383458	
