8.91047450525	7.61612879868	8.22421369992	2.51855940616	0.135613723163	7.85078108141	
8.23062331812	7.20030019314	8.4882374599	2.5185605845	-0.0639094911396	7.65125786733	
8.99842007559	8.27987470941	8.8000201717	2.51856553759	-0.470095467769	7.24507189036	
7.2565658098	6.73400689658	8.99600356639	2.5185624792	-0.265786367357	7.44938099057	
8.99973224911	8.48059821371	8.99943634359	2.51857037806	-0.672496881057	7.04267047737	
8.90264917261	8.34534622768	8.96126629196	2.51856923607	-0.632546921584	7.08262043719	
8.84016450972	6.83112975012	7.5095228335	2.51855759387	1.1190569849	8.83422434138	
8.99990307054	6.84421780485	7.36287226935	2.51855753584	1.25998071521	8.97514807185	
8.61318585011	8.09460723833	8.99999158078	2.51857019054	-0.666131680902	7.04903567894	
8.99996921952	8.26566236932	8.78425839228	2.51856524213	-0.454062479992	7.26110487806	
8.04825111061	6.65891340328	8.1292201116	2.51855784226	0.75882007595	8.47398740123	
8.29281363283	7.02734810169	8.25309347268	2.51855900344	0.23208275949	7.94725011768	
8.15598093891	6.70775119746	8.07032818209	2.51855792358	0.710179469304	8.42534682684	
8.99921586814	7.04847835553	7.56782020576	2.51855771893	0.916681401265	8.63184875831	
8.99999784284	8.45393212688	8.97250387145	2.51856958722	-0.645243588635	7.06992376954	
7.04570019243	6.52709745086	8.99995489381	2.51855763534	1.04353520651	8.75870256416	
7.59321835542	6.55766781114	8.48300717814	2.51855772244	0.91373737841	8.62890473612	
7.30802380082	6.53000083851	8.74053460412	2.51855756649	1.18346341117	8.89863076869	
7.88071782352	7.36129197504	8.99914278074	2.51856862742	-0.609595489075	7.10557187049	
8.99855070962	8.47996607154	8.99998575733	2.5185703944	-0.673039648484	7.04212771001	
7.5439883371	6.56896091481	8.54353045969	2.518557882	0.745361581485	8.46052893917	
7.16032004309	6.52509214421	8.88332962942	2.51855752882	1.28470572039	8.9998730784	
8.99999955233	8.48060970228	8.99918052133	2.5185703704	-0.672241028188	7.04292633022	
8.9999997585	8.55824551703	8.9988861855	2.46445727855	-0.849880464521	6.85253266029	
7.16498028403	6.53172329149	8.88530068772	2.51855768037	0.971510087955	8.68667744594	
6.92823526411	6.51045248879	8.99871253964	2.4447374446	-0.463503445	7.23431471958	
8.9999989127	8.04880859929	8.56737178053	2.51856209396	-0.231713812953	7.48345354498	
8.11413967487	6.58466728151	7.98908516526	2.51855755867	1.20306354019	8.91823089783	
8.71103203571	6.98569694235	7.79322282157	2.51855791502	0.71659371646	8.43176107407	
8.89374652622	6.78986161728	7.41467262685	2.51855753581	1.26357091455	8.97873827217	
8.16485073536	7.64391889651	8.99763764952	2.51856948679	-0.641624734408	7.07354262505	
7.42933085621	6.87236617055	8.961599405	2.51856409042	-0.385245372872	7.32992198509	
7.19471247031	6.64969798458	8.9735461203	2.51856060607	-0.0667511352762	7.64841622231	
8.96434184413	8.4418714964	8.99609991848	2.51857026545	-0.668711025797	7.0464563328	
7.40139203836	6.86538622958	8.98255852318	2.51856433174	-0.400596969871	7.31457038807	
7.04219705367	6.52363730168	8.99999778013	2.51855753211	1.27491784701	8.99008520651	
8.99999581045	6.83202561564	7.350587335	2.51855752869	1.28481198132	8.9999793385	
8.20918082349	6.72018198529	8.02955906222	2.51855790041	0.729372242989	8.44453960055	
8.99999999996	8.47926642787	8.99783675753	2.5185703295	-0.670881587761	7.04428577053	
7.51277321602	6.53363238894	8.53941670619	2.51855753327	1.27157863889	8.98674599641	
8.99999993798	7.11795917224	7.6365170366	2.51855780281	0.819775542213	8.53494289938	
7.04208887361	6.52352725805	8.99999591356	2.51855752882	1.28479249914	8.99995986225	
7.5043871192	6.56477099535	8.57894175803	2.51855788185	0.745537058239	8.46070441597	
7.18613848165	6.64405566198	8.97647768815	2.51856050771	-0.0532399483798	7.66192740929	
7.36130529372	6.80976519921	8.96702324378	2.51856333795	-0.333514403386	7.38165295459	
7.2250414356	6.70627033631	8.99979089747	2.51856199618	-0.222466630654	7.49270072743	
8.42959902908	6.76951020582	7.85846897043	2.51855779378	0.829775069901	8.54494242738	
7.2549118683	6.73152775603	8.99517831217	2.51856242402	-0.261066645609	7.45410071234	
8.5735275032	6.81268694212	7.75771718626	2.51855774738	0.882054761216	8.59722211875	
8.39449703007	6.62542997428	7.74949048263	2.51855753853	1.25654477252	8.97171213003	
8.74933593777	7.18374520203	7.95296756657	2.51855830222	0.47862336229	8.19379072017	
8.19405066208	7.17135177722	8.49586169785	2.51856058219	-0.0635961777864	7.65157118068	
8.99999986192	8.23312859981	8.75169340158	2.5185646636	-0.420845194618	7.29432216341	
8.99999976875	8.48137308939	8.99994371257	2.51857039352	-0.673013109702	7.04215424872	
7.53857209377	6.86564122369	8.84563158468	2.51856245419	-0.263686728637	7.45148062958	
6.89718426325	6.60249479473	8.99995202008	2.46716946121	1.65114602863	8.99999709241	
8.99989724688	8.47718854914	8.99586157294	2.51857027004	-0.668882117174	7.04628524112	
8.00815142699	7.12398904793	8.63439926274	2.51856164131	-0.187861118925	7.52730623949	
7.04784598412	6.52456374625	8.99527531938	2.51855755783	1.20468667992	8.91985403806	
8.07791363287	7.5592988454	8.99995455518	2.51856934066	-0.636305485548	7.07886187424	
7.17911319073	6.5298703392	8.86931477741	2.51855762901	1.05461643324	8.76978379095	
8.96162932383	7.35208750893	7.90901647226	2.51855828732	0.485768713323	8.20093607092	
8.44305852658	6.63071473373	7.70621373712	2.51855752979	1.28280575664	8.99797311463	
7.7086657793	6.73095980207	8.54085316905	2.51855914617	0.195492087092	7.91065944479	
8.28983958686	7.77105931971	8.99978953323	2.51856979832	-0.652619275755	7.06254808411	
8.9995651216	7.8978989642	8.41689451293	2.51856067052	-0.0753861282983	7.63978122957	
7.98579162851	7.13534525406	8.66811565107	2.51856202498	-0.225329085165	7.48983827328	
8.99999070583	6.86547481922	7.38404166244	2.51855755026	1.21855617088	8.93372352702	
7.65859967539	7.13925311484	8.99922080976	2.51856736921	-0.558085301923	7.15708205695	
8.43643644946	7.91683929685	8.99897283315	2.51856998388	-0.659078141874	7.05608921787	
8.12955663532	7.25807295739	8.64707847541	2.51856215254	-0.237106148038	7.47806121079	
8.87295934737	8.06449471805	8.71009930799	2.51856393624	-0.37512411973	7.34004323949	
8.95475678538	6.80934833883	7.37314908274	2.51855752901	1.28482217767	8.99998953569	
7.04300813055	6.52444841409	8.99999783994	2.51855755639	1.20840817308	8.92357552664	
7.32568989098	6.79561841505	8.98849194719	2.51856342288	-0.339676400837	7.37549095706	
7.12112833505	6.52452497059	8.92195416387	2.5185575288	1.28482633481	8.99999369316	
8.11715273501	7.26676320229	8.66817288035	2.5185624124	-0.260151589614	7.45501576901	
7.04223063896	6.52367278246	8.99999967669	2.51855753318	1.2717804304	8.98694779042	
7.47256135318	6.63085668832	8.67685413815	2.51855880298	0.289711440239	8.00487879785	
8.99999976875	8.87274447466	8.99991449607	2.29164727479	-1.25977256005	6.29348019734	
8.99999997841	8.17178727453	8.69035098118	2.5185636849	-0.358128327874	7.35703903012	
8.91207254877	8.39260180217	8.99909959268	2.51857033721	-0.671081792851	7.0440855671	
8.89609537926	7.23586467692	7.85832744182	2.51855814419	0.560743623014	8.27591098074	
7.37144962868	6.53409016967	8.68119814097	2.5185576	1.10978853555	8.82495589322	
8.93065096268	7.51826657504	8.10617450157	2.5185588892	0.263900892519	7.97906825035	
8.8501148777	7.95030934477	8.61875711277	2.51856264531	-0.279806633993	7.43536072437	
8.88770912046	8.36772901677	8.99859020777	2.5185703105	-0.670225044663	7.04494231417	
8.99999993969	8.06301198995	8.58157430567	2.51856225554	-0.246366142805	7.46880121515	
7.04396833298	6.52541051856	8.99999977073	2.51855758513	1.14093240908	8.85609976767	
8.4362119861	7.40791461602	8.49026355179	2.51856092138	-0.107371673388	7.60779568508	
6.63825433271	6.33940896014	8.99948505075	2.35065013953	-0.832798409104	6.84710952472	
8.82189176274	7.15860131116	7.85526765208	2.51855810358	0.584604000131	8.29977135799	
7.540152451	6.54169233038	8.52009748327	2.51855760392	1.10195090447	8.81711826216	
8.98422857663	6.85160109022	7.38593006171	2.51855754818	1.22884515439	8.94401251198	
7.9992414018	6.90567591318	8.42499395416	2.51855944256	0.127822937552	7.84299029552	
8.99969512154	8.10894138469	8.62780908262	2.51856281956	-0.293956308057	7.42121104994	
7.36988580475	6.82774898249	8.97642690462	2.51856372666	-0.361010142554	7.35415721535	
7.34875219893	6.83018771122	8.99999963157	2.51856411846	-0.386951668585	7.32821568975	
8.82885272996	6.87055672446	7.56026163595	2.51855764183	1.03089141119	8.74605876837	
8.82814819696	6.75389637666	7.4443057097	2.51855753007	1.28034009766	8.99550745519	
