3.8974582876	6.68055767831	6.30994530741	2.52684591739	7.08567234643	8.80083970248	
4.95685566092	7.3104441559	5.88044646163	2.52685796704	5.35202973044	7.06719708721	
1.70021572797	6.52327725444	8.37450347681	2.5514419504	2.06254535882	3.77771271659	
3.95495665083	6.7343580365	6.30831851683	2.52891713156	3.12593709352	4.84110445006	
5.00082744906	8.9879607116	8.9959539117	4.00882064914	0.817946867173	2.53311422507	
1.52339661707	6.54377469705	8.92912286946	2.90874478943	1.0362716164	2.75143897422	
6.72206518597	8.99999991928	5.80478081738	2.52684608238	6.84533552836	8.56050288932	
1.19951096099	6.51888675814	8.84624837457	2.52687257468	5.0117049341	6.72687229212	
5.00244335011	8.98813843779	8.95356510067	3.96787001298	0.819413129468	2.53458048734	
2.08834697316	6.63393364964	8.80875310528	3.26316642868	0.89144353677	2.60661089471	
1.34371912625	6.51904042673	8.70216714979	2.52684584708	7.24852502922	8.96369238487	
1.04961292823	6.51877150044	8.99603022272	2.52687165186	5.02687254411	6.74203990196	
4.16919792526	6.78465154313	6.14229985119	2.52684623579	6.70428067976	8.41944803215	
4.73876826054	8.72721003321	8.99997309981	4.01153132713	0.81785476726	2.53302212513	
1.09623290061	6.52051054218	8.9999352789	2.57565763737	1.77682561404	3.49199297181	
4.22818318646	6.81601322315	6.11480748533	2.52697744923	4.32145893742	6.03662629354	
1.99288188474	6.52628304291	8.07916758829	2.54576643018	2.17366226026	3.88882961801	
6.7216406207	8.99956698549	5.80477225915	2.52684589339	7.12851344597	8.84368080564	
1.73679078395	6.55421960765	8.65363277331	2.83620394963	1.09624845812	2.81141581589	
2.55194140357	6.53355902953	7.51460944647	2.53299182057	2.65564207641	4.37080943412	
3.5969263851	6.60713437439	6.53705405051	2.52684606152	6.8723011681	8.58746852511	
6.59813482356	8.87826901493	5.8070137562	2.52687956306	4.91131118887	6.62647855007	
6.05886534674	8.34323835046	5.81124461285	2.52687160876	5.02753869839	6.74270605691	
2.31377408849	6.71390748924	8.9673124229	3.56717902192	0.844888780215	2.56005613828	
1.25287704929	6.52006329931	8.81578330794	2.54859705801	2.11451807063	3.82968542841	
4.27854126863	6.8550090501	6.10394889972	2.52748111884	3.63842503488	5.35359239099	
5.13876361624	8.99999925805	7.93921759265	3.07798195048	0.946722663357	2.66189002161	
3.39211569391	6.9673341587	7.21427149422	2.63905302982	1.44604945684	3.16121681397	
4.42247446476	6.92051319426	6.02493100256	2.52689227378	4.77295845889	6.4881258147	
6.72185039183	8.9999370695	5.80493568694	2.5268490067	5.92021547587	7.63538283861	
1.38040974294	6.53479242436	8.99689090785	2.8425082266	1.09026445674	2.80543181455	
3.85131251349	7.84140893205	8.67058553995	3.68048912138	0.835001942837	2.5501693007	
2.79313796494	6.83511980111	7.92733548367	2.88535364768	1.05366767629	2.7688350338	
1.56536410383	6.51940532194	8.4808870787	2.52684585918	7.21601294394	8.93118030111	
6.71914877325	8.99999135168	5.80774488517	2.52690230412	4.68826373229	6.40343109503	
3.20633799053	7.14709304809	7.93737833048	2.99662327301	0.983200207588	2.69836756529	
1.04561394524	6.51876808706	8.99999999909	2.52684585726	7.22123980773	8.93640716912	
1.8899154113	6.5956339417	8.98520486176	3.27948633121	0.887858265498	2.60302562345	
1.41314992296	6.51920207566	8.63376580325	2.52771365264	3.50310780493	5.21827516271	
1.41865100378	6.51914365182	8.62733849412	2.52684584764	7.24696210125	8.96212945718	
2.4127881114	6.53051543605	7.65212355312	2.53439622853	2.56696627272	4.28213363045	
4.28181035673	8.20407940367	8.18314462244	3.26087557552	0.891960110066	2.60712746789	
4.03824242939	8.03700516137	8.99991509513	4.00115236313	0.818210653208	2.53337801109	
1.13266864405	6.52186332652	8.99899904708	2.60980436466	1.56313178872	3.27829914648	
6.53216601091	8.99999975887	5.99929391158	2.53146016155	2.77935740926	4.49452477038	
5.87805322174	8.17727657022	5.82632557557	2.52710222647	4.03215012562	5.74731748455	
1.69329538595	6.52334745313	8.38255606015	2.55250399303	2.04471241113	3.7598797689	
5.01100948473	8.99823950236	8.99999884008	4.01276882249	0.817812918453	2.53298027635	
1.38888613232	6.53508726164	8.98810839161	2.84190726225	1.09082763084	2.80599498865	
5.07282781	8.89990517061	7.82562175906	2.99854439805	0.982218150275	2.69738550856	
2.19450307884	6.52245333888	7.85498232256	2.52703206275	4.17088794379	5.88605530157	
2.06047080661	6.60225647574	8.47020014112	2.92841447201	1.022836322	2.73800367975	
2.69571922175	6.53074578188	7.36192881803	2.52690225798	4.68864117733	6.40380853504	
1.30845819523	6.52126530492	8.77902021796	2.56621310834	1.86557243818	3.58073979595	
1.22679369713	6.52588629706	8.99560708507	2.69651448518	1.29364835566	3.00881571342	
2.12146290901	6.5365403921	7.98223827631	2.56716079328	1.85570819577	3.57087555346	
6.70920652949	8.99999999676	5.81789110145	2.52709763164	4.03999731708	5.75516467958	
5.1284374006	8.61678103092	7.165193882	2.67685025126	1.33791547789	3.05308283626	
1.34234737226	6.51903870315	8.703537257	2.5268459278	7.06721972506	8.78238708252	
6.09972020009	8.94809205912	6.39857612248	2.55020426202	2.08435496249	3.79952232226	
6.57364912678	8.85215440573	5.80535110971	2.52684583234	7.28164352212	8.99681087682	
1.57673724632	6.55132547534	8.99742118786	3.02283295873	0.970346960134	2.68551431801	
6.14105963151	8.42299097106	5.80877716878	2.52684583135	7.28482950168	8.9999968552	
4.27249483914	8.14543049078	7.95824893593	3.08531328434	0.943889305325	2.65905666313	
3.08100442212	6.55490718079	7.00299008348	2.52908732491	3.09173001556	4.8068973731	
4.96818720682	7.33747054405	5.896550829	2.52726749192	3.81627509863	5.53144245582	
6.68882193776	8.97030106968	5.80839181709	2.52691268575	4.61514742362	6.33031478041	
4.31195170646	6.85590234076	6.07079649417	2.5268458612	7.20715728352	8.92232463816	
6.0978803536	8.87330847673	6.32056691502	2.54513879008	2.18800143878	3.90316879918	
4.03723289388	7.90491322622	7.9196381202	3.05195778792	0.957338328635	2.67250568641	
1.1291703326	6.5211702862	8.98197848162	2.58997852805	1.67210311382	3.38727047158	
1.07133114634	6.51960168148	8.99911858324	2.55084804815	2.07286634734	3.78803370513	
2.6481062275	6.53198782782	7.41273233183	2.52885073158	3.14005334458	4.85522070229	
2.203256899	6.66257793172	8.70638750862	3.24706647578	0.89514592602	2.61031328396	
5.40940457202	8.30176459244	6.44560923783	2.5532492168	2.03264725652	3.74781461511	
4.83640894575	8.8242723284	8.99826768432	4.01040430164	0.817892987708	2.53306034558	
6.52001529003	8.90465705725	5.91381611513	2.52917434615	3.07523245046	4.79039981125	
1.30223154698	6.51899048079	8.74360484177	2.52684590472	7.11180726142	8.82697461847	
4.84324799262	7.92836066474	6.65767669959	2.57256402708	1.80374255095	3.51890990922	
5.01631755003	8.99999910598	8.9011491017	3.91746754537	0.82142639829	2.5365937562	
1.97721031837	6.52084610847	8.0704823891	2.52684659942	6.48300184357	8.1981692014	
1.8712950247	6.59157851338	8.96822401464	3.24794052584	0.89494055923	2.61010791715	
3.00516555634	6.55546551327	7.08162973722	2.53132978038	2.79174020711	4.50690756467	
6.03206725675	8.31554422193	5.81032288812	2.52684592476	7.06684478715	8.78201214132	
4.10550260161	6.75661375633	6.17795709253	2.52684593862	7.04614340008	8.76131075577	
2.67636831619	6.53014146076	7.38061900964	2.52684586517	7.20071631815	8.91588367587	
1.45206654239	6.51934315604	8.59588031762	2.52860370211	3.19703146447	4.91219882223	
3.46004469801	7.39089993235	8.03197683487	3.10112160063	0.937999662232	2.65316701994	
5.97076393115	8.31847926682	5.87589837387	2.52818303754	3.31559798322	5.03076534206	
6.71832614727	8.99999990102	5.80859220226	2.52691844586	4.57933212568	6.2944994884	
6.37317574871	8.65286337213	5.80653350278	2.52684587761	7.16306705921	8.87823442046	
1.05878852426	6.51877681596	8.98684073695	2.52685244272	5.61178366441	7.3269510224	
4.39051222177	6.90009219424	6.03642580371	2.52684583292	7.28481572321	8.99998307716	
5.60404300891	7.89954832016	5.82236217854	2.52685686722	5.39276834838	7.10793570627	
2.36085330592	6.52416463135	7.69015720272	2.52684587745	7.1711165006	8.88628385838	
6.53372442853	8.81242549999	5.80554693993	2.52684586883	7.18372081019	8.89888816734	
1.69673752621	6.5546818727	8.74971030641	2.89176595993	1.04873465476	2.76390201257	
6.68433354219	8.96242245608	5.80493546424	2.52684654873	6.50627194082	8.2214393018	
3.90564831829	6.68317546823	6.30437614426	2.52684899478	5.92211547689	7.63728283338	
4.95432913437	8.94174762324	8.99982111257	4.01240262366	0.817825289485	2.53299264738	
