4.99958418425	9.0	4.03522078206	8.99999999167	8.99999997301	1.78477265123	
-3.3218671674	5.48395457023	8.84061495557	8.99999998666	8.99999995913	1.78476754338	
4.99900961186	9.0	4.0358535898	8.99999999167	8.99999997301	1.78486830831	
1.07949570119	5.628206417	4.58330094529	8.99999998975	8.99999996767	1.78477414702	
-3.47776938888	5.487061515	8.99999999306	8.99999974575	8.99999983415	1.78533180205	
2.09096392267	6.18710673769	4.13094986031	8.9999999895	8.99999996605	1.78478099909	
4.63083143088	8.63139367738	4.03537034877	8.99999998923	8.99999996509	1.78478159423	
-3.47909321507	5.485770603	9.0	8.99999998766	8.99999996223	1.78516980886	
4.99540999325	8.996244386	4.03566932726	8.99999999162	8.99999997287	1.78473881074	
-0.165925915228	5.49391173108	5.69470366575	8.99999998774	8.99999996233	1.78492040087	
3.44017813532	7.44521973518	4.03985394293	8.99999998793	8.99999996091	1.78478552484	
1.70007481716	5.90652331904	4.24125529531	8.99999998983	8.99999996732	1.78478079639	
1.34384801228	5.72067734544	4.41163483652	8.99999998988	8.99999996783	1.78477322666	
-3.47930783221	5.48398786972	8.99810017596	8.99999998765	8.99999996217	1.78477849677	
2.6794989672	6.70621175323	4.06143560754	8.99995910833	8.99999984884	1.78477280807	
3.48774651085	7.49223982516	4.039297536	8.99999998791	8.99999996082	1.78478137163	
4.85340833318	8.85406548668	4.03538065246	8.9999999904	8.99999996888	1.78478960335	
0.836300635283	5.57220326961	4.7707109827	8.99999998947	8.99999996716	1.78478269627	
4.99963546148	9.0	4.03517955613	8.99999999167	8.999999973	1.78480685675	
1.68311919033	5.89602306231	4.24771106479	8.99999998984	8.99999996737	1.78476014921	
0.510208030392	5.52780320929	5.05239869246	8.99999998899	8.99999996594	1.78477243264	
-3.48119351064	5.48400146838	9.0	8.99999998767	8.99999996222	1.78477733836	
-3.47863500485	5.48419459079	8.99767951873	8.99999998765	8.99999996216	1.78482823491	
-3.48130007962	5.48390788087	9.0	8.99999998767	8.99999996222	1.78476689678	
-1.67934316198	5.48489343779	7.19913600182	8.99999999737	8.99999999195	1.78495990628	
4.99961255504	9.0	4.03519596547	8.99999999167	8.99999997301	1.78478149669	
-2.40457351228	5.48410033625	7.92345665652	8.99999999732	8.99999999178	1.78484949628	
-3.48120793778	5.48398793248	9.0	8.99999998767	8.99999996222	1.78477788498	
-0.00792980428263	5.49775305946	5.54048654985	8.99999998804	8.99999996325	1.78477950712	
-3.46463621725	5.48398825456	8.98342641814	8.99999998753	8.99999996181	1.78477199967	
-3.43510430088	5.48388662063	8.95378009082	8.99999998732	8.99999996115	1.78474492204	
3.61181626983	7.61534789309	4.03834038849	8.99998414638	8.99999984399	1.78481006382	
-2.65361036056	5.4831012685	8.17125271864	8.99999999734	8.99999999184	1.78457748096	
3.32299909468	7.32947838194	4.04128416892	8.99999998802	8.99999996117	1.78478056591	
-3.47939818148	5.48397565327	8.99818065297	8.9999996248	8.99999952587	1.78477265782	
4.99914320285	9.0	4.0355841043	8.99999999167	8.99999997301	1.78467676135	
-3.48129693118	5.48391280705	9.0	8.99999998767	8.99999996222	1.7847561896	
3.68196146723	7.68481305253	4.03763676934	8.99999169021	8.99999983978	1.78478006339	
2.05202250456	6.15613853192	4.13890171417	8.99999701376	8.99999977628	1.78479141979	
4.99962367101	9.0	4.03518266509	8.99999999167	8.99999997301	1.78478010437	
2.76321242192	6.78546321198	4.05700565478	8.99999998863	8.99999996315	1.78474968352	
-3.48126320075	5.48393830052	9.0	8.99999998767	8.99999996222	1.78476485219	
-3.46283220872	5.48392124269	8.98153708527	8.99999998752	8.99999996176	1.78475767304	
-1.00503199958	5.48550439308	6.52536372914	8.99999999263	8.99999997743	1.78479640307	
4.99960544945	9.0	4.03520562769	8.99999999167	8.99999997301	1.78479051911	
4.99960361073	9.0	4.03520649921	8.99999999167	8.99999997301	1.78478208514	
4.99971715797	8.9999068078	4.03491140185	8.99997165421	8.99999985115	1.78469829337	
4.99790349536	8.99840532937	4.03530857217	8.99999993014	8.99999982768	1.78480652017	
4.91726004514	8.91766600956	4.035212276	8.99999999087	8.99999997043	1.78477988101	
4.79117885878	8.7916234196	4.03520843	8.99999999	8.99999996761	1.78474770617	
1.21358037903	5.67004605631	4.49111011493	8.99999998983	8.99999996782	1.78463822057	
-3.48147867369	5.48374606953	9.0	8.99999998767	8.99999996222	1.78471870199	
0.872016179606	5.57913638495	4.74195509779	8.99999956107	8.99999952375	1.78477830466	
0.326014665062	5.51320248664	5.2217645526	8.99999998869	8.99999996505	1.7847157445	
1.15750353967	5.65194185993	4.52925949091	8.99999998979	8.99999996778	1.78479654567	
-3.48095308666	5.48421457643	9.0	8.99999998767	8.99999996222	1.78481785805	
0.0285084658638	8.99355276717	9.0	8.99999999448	8.99999998212	1.78509428778	
4.99954512258	8.99980498171	4.03490706385	8.99999985589	8.99999959806	1.78487066419	
4.99997826664	8.99997727562	4.03475312126	8.99999999167	8.999999973	1.78475609245	
4.99962798892	9.0	4.03517978395	8.99999999167	8.99999997301	1.78478385835	
-3.32640155584	5.48399953266	8.84520658472	8.99999998668	8.9999999592	1.78477941489	
4.99970983165	9.0	4.03509349635	8.99999999167	8.99999997301	1.78477264509	
0.722749229309	5.55076268987	4.86219527516	8.99999998933	8.99999996682	1.78397139718	
-3.48108512016	5.48408978891	9.0	8.99999998767	8.99999996222	1.78480486604	
-0.0846085187086	5.49559634276	5.61501466414	8.99999998789	8.99999996281	1.78478339786	
4.99377241366	8.99418680459	4.03522200902	8.9999999916	8.99999997279	1.78478814509	
-3.38315819302	5.48338252591	8.90120399366	8.99999938329	8.99999982587	1.78461553802	
-3.48092695361	5.48421697828	9.0	8.99999998766	8.99999996223	1.78481456216	
4.99990519808	9.0	4.03486319333	8.99999999985	8.9999998414	1.78475049634	
4.99544535937	8.99567817645	4.03500032725	8.99999999162	8.99999997284	1.78476314087	
-3.48049100655	5.4846374085	9.0	8.99999998812	8.99999995834	1.78491769556	
4.99957632731	9.0	4.03526173677	8.99999999167	8.99999997301	1.78479597555	
4.9996361332	9.0	4.0351715635	8.99999999167	8.99999997301	1.78478238758	
4.8893835755	8.88973354141	4.0351705492	8.99999999065	8.99999996971	1.78478835642	
4.99964759843	9.0	4.03514140449	8.99999999167	8.99999997301	1.7847527906	
4.99030671855	8.99075134068	4.03526216499	8.99999999156	8.99999997266	1.78478418287	
3.61218137427	7.61566004414	4.03829169587	8.99999998786	8.99999996066	1.78479019341	
-3.48085062334	5.4842743269	9.0	8.99999998766	8.99999996223	1.78482137844	
-3.48122992371	5.48396746006	8.99999939306	8.99999998767	8.99999996222	1.78477192261	
-3.48113128129	5.48406254155	9.0	8.99999998767	8.99999996222	1.7847782094	
4.72575281233	8.72624993293	4.03530420607	8.99999998965	8.99999996647	1.78478093235	
4.99956530424	9.0	4.03525404238	8.99999999167	8.99999997301	1.7847853746	
-3.48130263285	5.48391557926	9.0	8.99999998767	8.99999996222	1.78475636953	
-3.48083047024	5.48430938342	9.0	8.99999998767	8.99999996222	1.78487237971	
-1.23281344952	5.48349203721	6.75100476707	8.99999999746	8.99999999222	1.78454092005	
-3.48294184404	5.48254036729	8.999999999	8.99999985705	8.9999997912	1.78439490346	
4.99795521688	8.9984069751	4.03526708522	8.99999999165	8.99999997294	1.7848123217	
4.99947684516	9.0	4.03538254438	8.99999999167	8.99999997301	1.78480603543	
4.99965238074	9.0	4.0351728152	8.99999999724	8.99999987087	1.78479614122	
-3.48118802552	5.48400980717	9.0	8.99999998767	8.99999996222	1.7847785904	
1.72069295763	9.0	7.31575904395	8.99999999182	8.99999997327	1.78738797703	
4.72462091774	8.72508661687	4.03527189826	8.99999998965	8.99999996645	1.78477930154	
1.73553928163	5.92891791088	4.22818895702	8.99999998981	8.99999996724	1.78478644745	
4.99802915399	8.99857256836	4.03536918539	8.99999999165	8.99999997295	1.78479388703	
4.99982329369	9.0	4.03498154713	8.99999999167	8.99999997301	1.7847805749	
-3.47982643371	5.48515042339	9.0	8.99999998766	8.99999996223	1.78503186487	
-1.70417972277	5.48423749187	7.22321615641	8.99999999737	8.99999999194	1.78476567696	
4.99873171567	8.99933153639	4.03538450757	8.99999979582	8.99999990215	1.78461119136	
4.99958292743	9.0	4.03522197318	8.99999846711	8.99999999716	1.78479168445	
4.96798866822	8.96837049895	4.03518957037	8.99999999133	8.9999999719	1.78478619272	
