7.92438260699	7.30519190301	8.74403744833	2.53618769728	-0.717467747139	6.90423590746	
7.8345213424	7.3013776586	9.0	2.59368710174	-0.938920909827	6.86937877629	
8.99991115055	8.57868672353	9.0	2.38328647496	-1.15656029547	6.54152983635	
9.0	8.38633289276	8.99999412886	2.6059541251	0.19227845143	7.9087393488	
7.01982606109	6.722133837	9.0	2.51406123089	-0.286745575124	7.00817890915	
7.34134313719	6.5522329513	8.58775585532	2.39936054166	0.327326900174	7.97995214808	
6.76135006906	6.18227256709	9.0	2.46813474861	1.40223981036	9.0	
9.0	8.46474463744	8.9425548144	2.5264848279	0.14415871669	7.67009211461	
9.0	7.18535185735	7.76669948015	2.62635543302	1.1249612945	9.0	
8.89254588558	7.21472213798	7.98834077276	2.6907020251	1.33032280081	8.86001202734	
7.37912865072	6.74472849689	9.0	2.44931118674	1.25923142126	8.99997987235	
8.98036490628	8.50364760759	8.99873966755	2.64534537125	0.110213903671	7.53280751805	
9.0	8.8390102313	9.0	2.3144072405	-1.21923492006	6.28751800225	
8.94766197849	7.83887618072	8.67349252669	2.64912802235	0.489815197291	8.23062316018	
7.10126673855	6.48238825375	8.91336883053	2.51533851367	0.339620766222	8.33334903689	
8.95691655057	8.40334223466	8.78462201086	2.46971226576	-0.866326804294	6.73389478674	
8.76832519183	7.1360043142	8.18546405347	2.58384600227	0.40522224163	8.46756208932	
8.00443258704	7.24447919016	8.99999790333	2.75621091962	0.658194118514	8.38059895102	
8.09825688895	6.73531161107	8.18072133628	2.60634895802	1.40420013099	8.97115840222	
8.89493467075	8.14492702976	8.96128515919	2.67771142607	0.315334567196	8.02787555769	
6.85097932771	6.58218575271	8.99610871155	2.30380836899	-1.28690098681	6.35806595163	
8.04546773513	6.42635894534	7.69298429962	2.31335973273	1.42919481182	9.0	
6.27376862667	5.98585687014	9.0	2.28300125429	0.773082328864	8.51600989522	
7.83765633414	6.83416334476	8.268727995	2.39278959043	1.5281135242	9.0	
8.99997575745	9.0	9.0	2.25921390345	-1.19593092905	6.26004127942	
8.99557886836	8.75088127318	8.95957101524	2.3181722747	-0.71842080441	6.78020542971	
7.87279808896	6.64254644072	7.93648120269	2.43166144739	0.486685023787	7.82305701698	
7.26875098398	6.71758238598	8.98201280653	2.37401870875	0.855692538407	8.58350945269	
6.86659397435	6.67547998898	9.0	2.37915255151	1.49191243004	8.91108165577	
9.0	8.63502363059	9.0	2.52990034364	-0.411344258802	7.22981808685	
9.0	8.36451077374	9.0	2.64539679666	0.25995099992	7.888272541	
6.70770036793	6.36347521704	8.89345482116	2.32343114542	0.559083068046	7.95560084635	
9.0	8.7904549622	9.0	2.42486767282	-0.580080231961	7.00867501559	
9.0	8.30326996488	8.99071884582	2.61171418998	-0.0478076852717	7.73504061404	
7.53242313776	6.9619291351	9.0	2.6467072474	1.17959827326	9.0	
9.0	8.59512941884	9.0	2.33698821842	-1.02255550412	6.64901485666	
6.32270283644	6.10591201799	9.0	2.31308791957	1.38859211227	9.0	
8.57700480313	7.65145148686	8.76658617434	2.73450687986	-0.125372621806	7.49879783156	
9.0	6.64006769734	7.00480071205	2.39850778717	1.50139610486	9.0	
9.0	8.82406783771	9.0	2.45561667876	-0.768910081177	6.68301644215	
8.96125696766	8.40777988108	8.90289268397	2.30249748596	-0.957572936403	6.8881425169	
6.97601749708	6.21304696052	8.72538028008	2.37173025544	0.162174339848	7.87751723318	
9.0	8.83417330156	9.0	2.40203654986	-0.650355697334	6.84544115827	
8.95179351502	6.45545961307	6.76298799952	2.27965937168	1.1872500175	9.0	
8.76503142276	7.17456792772	8.30891348584	2.75218329976	1.07375165019	9.0	
8.01676641789	6.96593525292	8.77683287138	2.78795794879	0.659749023124	8.3386154175	
9.0	8.91519856546	9.0	2.28738919424	-1.18787717835	6.2860426055	
6.22821196727	5.94912676381	9.0	2.30983232779	1.36904849799	9.0	
8.94840409767	7.26411217141	7.7859090368	2.41521599912	1.22862653695	9.0	
6.4909416373	6.0310794687	9.0	2.35191064665	1.26984235995	9.0	
9.0	8.79987551981	9.0	2.31215254032	-1.36238140335	6.26449354512	
9.0	8.53904638954	8.92744879855	2.52353066921	-0.0474579174651	7.40005723182	
6.80530672797	6.30795717206	9.0	2.43426474513	1.19874303763	9.0	
8.31342756689	7.27082424225	8.37715953235	2.44374657661	-0.117988032413	7.52429893616	
7.38483363852	6.34949490233	8.1631246087	2.39958167045	-0.122440311121	7.4513576164	
6.42400574343	6.19532761362	9.0	2.22628703102	-0.536463316007	7.27765205165	
6.83545576714	6.42129553165	9.0	2.3286754811	-0.627154534613	7.21512834607	
7.78057412859	7.62625154771	9.0	2.33896860257	-0.742673313428	6.61228326166	
8.97352533984	8.56971230161	9.0	2.46025381196	-1.17928272915	6.7109463637	
8.25464303052	7.24126567427	8.2128366715	2.41195694475	-0.484755144169	7.21591906438	
9.0	9.0	9.0	2.2589369136	-1.19761153564	6.25866442092	
6.53509423438	6.1229108821	9.0	2.53570047876	1.4093255241	9.0	
7.84938430759	6.41522701191	8.24188100423	2.47104992734	0.501161216724	8.42587513762	
6.63228839858	6.25329090064	9.0	2.41407798366	1.19712340222	9.0	
9.0	6.58879725331	6.82211649505	2.40646031623	1.67550637754	9.0	
8.76377068689	7.66845647687	8.30288394903	2.24840051212	-0.599667625386	7.32077905103	
9.0	8.87717014592	9.0	2.33847719676	-0.794810747759	6.70774649573	
6.32016740398	6.15361530597	9.0	2.30082901083	1.37429802835	9.0	
8.13266859635	7.72379219783	8.95762690191	2.39346105111	-1.35896538799	6.49706133232	
9.0	8.41838151878	8.64568502966	2.46481688848	-0.00694278299643	7.3405396825	
7.62032110754	6.99857255703	9.0	2.6544147486	1.30791712398	9.0	
7.24728597735	6.55913271177	8.74654923531	2.2744271306	-0.858674984844	7.08690288314	
8.99999990982	8.82547995854	9.0	2.27528567262	-1.3002942589	6.45105603741	
9.0	6.27166834685	6.62378685804	2.34964372936	1.22142705342	9.0	
6.62530196573	6.49310615136	9.0	2.27031659351	-0.186295972069	7.32372738131	
9.0	8.18443313415	8.99969337945	2.75772916388	-0.102293369538	7.70304127144	
7.63040900389	6.59933643176	8.72640506214	2.7522040805	0.635596181595	8.28324981399	
7.36551163768	6.92575970273	9.0	2.62545429702	1.63393822927	9.0	
8.95884439563	8.47303869218	8.82400208681	2.35464667856	-1.2324099064	6.67410194859	
7.55926351318	7.02416858691	9.0	2.67987610183	1.56443915862	9.0	
9.0	8.30444679016	9.0	2.61799574264	0.0458209363001	7.88516131897	
6.3362735095	6.02034076181	8.98938372968	2.40026663842	1.22572978889	8.93781588455	
8.28434329105	8.07630195934	9.0	2.34058256405	-0.974664980763	6.54760438906	
7.86114619012	6.96219481988	8.98780807392	2.80611823886	0.72308965939	8.5967874851	
6.31040564707	6.13462718054	9.0	2.22870203008	1.11880094868	8.73611631788	
6.86165143747	6.51813015612	9.0	2.23268218061	-0.810808181205	7.01720364848	
9.0	8.62898750134	9.0	2.53343651878	-0.119954196922	7.4280900904	
8.99995492586	7.4361224977	7.98548844704	2.56654484855	0.170547804887	8.08895802368	
8.99994801107	7.29616895493	8.18405177165	2.79768569438	1.24577512013	9.0	
9.0	8.14886467395	9.0	2.73446495586	0.135337980884	7.93453956453	
9.0	8.85889706088	9.0	2.25411250044	-1.12860878548	6.46087615747	
6.5036815578	6.07957237307	8.84389900956	2.25662679393	0.650509168848	8.49531553153	
8.99964936967	7.81866711807	8.55547761059	2.70133667384	0.732119307663	8.3948106602	
9.0	6.6485366492	6.97597761651	2.55830594669	1.3838637685	9.0	
8.80753089322	8.21516131209	8.76474287332	2.41303691501	-0.186676889995	7.43341520142	
8.99972214326	8.8720068038	9.0	2.32073702279	-1.14799774338	6.46594253507	
9.0	8.5178936624	8.99857074115	2.53298370759	-0.07767207623	7.62877016572	
6.70246769772	6.34252348992	9.0	2.34841365345	0.344900185372	8.16127436139	
8.32591852404	6.49110562218	8.01917413129	2.69670071782	1.07619867019	8.90859237556	
6.97403832922	6.66000886928	8.91176332108	2.27349480518	-1.30950588982	6.41794287971	
