7.7469494081	7.21022556641	9.0	2.61854856253	-0.15862347633	7.41617529994	
6.49853847291	6.20589120846	8.98740967192	2.29630465609	0.939649657188	8.49992872849	
6.82999259133	6.1410569527	8.97960476543	2.55535874162	0.998313167395	8.86867392396	
7.69421977678	6.83744388366	8.99728321582	2.76497997263	1.35817884793	9.0	
9.0	8.80263302943	9.0	2.35665281439	-1.15001537731	6.34088011652	
6.99466376208	6.30453607919	8.85377153748	2.65870569512	0.436705602716	8.02459660347	
6.41813284948	6.1554693067	9.0	2.27459147349	-0.146169651571	7.71053520045	
9.0	8.64704810242	9.0	2.34568563052	-0.444322133336	7.11407618481	
9.0	8.59909251723	9.0	2.2861704406	-1.37249551177	6.47781724467	
7.74400371398	6.76537659861	8.69278889004	2.46417188583	0.730616672478	8.68438406122	
6.76940526794	6.23954765575	9.0	2.58640459325	1.14508535028	9.0	
8.98667610874	7.02799983589	7.73436652808	2.56781606412	0.354745439487	8.45279509065	
9.0	6.85144433144	7.26306944383	2.57961432328	1.27621816315	9.0	
8.99975042466	8.65240082478	9.0	2.33041991329	-0.941430448064	6.56095145587	
7.42237956442	6.57925929848	8.6790969772	2.49626422086	-0.451973058264	7.54079578613	
9.0	8.13697530685	8.99942784485	2.73764808285	0.194670308047	7.97305918963	
8.44057599823	6.27020788835	7.01082356763	2.21268030182	1.34647027999	9.0	
9.0	6.99537380093	7.29633324726	2.44078713866	0.546350196606	8.2045631253	
9.0	8.73827507365	9.0	2.45892504808	-0.944751638508	6.58737168588	
6.76176222415	6.27759503456	9.0	2.56194202442	1.51054826109	9.0	
8.06999520827	6.91758795392	8.46626699532	2.5541520353	0.67527867646	8.44322431529	
7.91502275476	7.31916999958	8.98188197108	2.58582460032	0.78658350721	8.52261364751	
7.22890706613	7.01965718095	9.0	2.2360202039	-1.37673842187	6.27665246516	
6.77166322834	6.29880787833	8.99998871047	2.38880428898	-0.558260732882	7.2780588321	
7.59370365448	7.05222282613	9.0	2.58800661663	1.22438405506	8.80742809609	
9.0	7.38261356855	7.99659276825	2.51405300448	1.06845459715	8.99758319442	
7.92150328317	6.57109038799	8.25757076059	2.54208279166	0.982588012348	9.0	
6.84441063518	6.45780235394	9.0	2.37378623879	0.707990897001	8.68755433161	
9.0	7.84942760313	8.58623570125	2.72950468805	0.25874215211	8.03931300931	
8.21728710555	7.07531155621	8.44069950275	2.4579306584	0.668555261617	8.35884780189	
6.33762273916	6.08974365814	8.94455920328	2.32245197957	-0.26682831194	7.26371869275	
9.0	8.13947600699	8.88769280723	2.65983707982	-0.364018642386	7.28504470517	
9.0	8.36728248786	8.9999999996	2.71133769887	-0.380967164699	7.12292674839	
8.51930690476	8.33134993711	9.0	2.35021562878	-1.30338397148	6.26748499512	
7.9114787684	7.14004250729	8.99979851878	2.77177247548	1.29611395397	9.0	
8.99994875395	6.8721917864	7.63606164665	2.5292018097	0.872605185162	9.0	
6.77950466128	6.31792789232	9.0	2.37864902126	0.326158624749	7.93616008659	
8.06036858932	7.50314693046	8.83971079851	2.61515235801	0.106515110546	7.431097434	
9.0	6.52474820916	7.15383253797	2.47948432522	0.921923242693	9.0	
6.65107522769	6.06878534492	8.67527216904	2.3886017439	0.805967091083	8.39222119106	
7.96682652329	7.18037673183	8.89745307106	2.7178561181	1.32398178817	9.0	
8.98631979838	7.02032970959	7.81427503336	2.65775793423	0.892721885216	8.96538618198	
9.0	7.54705679154	7.86825899082	2.394197404	0.133542328355	7.67699984895	
9.0	8.32337592098	9.0	2.6157727793	-0.875901825678	7.11258991686	
8.78273908937	6.79003344378	7.5713541659	2.35824301173	0.713028329258	8.63110491875	
9.0	8.77715476376	8.99988879236	2.40969398385	-1.00447441817	6.42057140433	
9.0	8.48865581124	9.0	2.46765661608	-0.180850772266	7.38081476903	
7.33829603945	6.62350143099	8.95913210829	2.55514486379	1.42125398069	9.0	
8.4494467266	7.02613528358	8.45123071101	2.82449079712	1.03856609506	8.79456223849	
7.68166795763	6.87207392036	8.99989590314	2.60731577411	1.17720542504	9.0	
9.0	7.32657000631	8.00107255069	2.69130327806	1.46882477257	9.0	
7.88643979398	7.77923627645	9.0	2.27012769509	-1.33509912671	6.22798350096	
7.60309581157	6.81385372787	8.99322972131	2.6921803564	0.969328857332	9.0	
9.0	8.45493759994	9.0	2.45707881333	-1.30822443117	6.69394485463	
6.4838748163	6.25319796733	9.0	2.3251633762	1.18317511835	8.89526390872	
7.98823281746	7.53216427416	8.9976809177	2.43445360315	-1.15562983142	6.62272996922	
8.43269080969	6.82787107192	8.14980008754	2.68005773694	1.1452423164	8.84782678361	
7.27362904714	6.28407031637	8.55792457307	2.61047718353	1.17622790481	9.0	
6.37323546084	6.23574075667	8.9935028067	2.24260997252	-0.759908737555	6.78887184975	
6.6620754821	6.18372535047	9.0	2.58592268601	1.40532819955	9.0	
6.33993835374	6.13435561695	9.0	2.26657453458	1.25405078661	9.0	
9.0	8.88237688923	9.0	2.24221633049	-1.21940559797	6.33414694017	
8.99990841659	8.29584097525	8.99995105844	2.42595154414	-0.74670065232	7.18862293635	
8.98923584466	7.00997983604	7.8764476045	2.65365142305	1.12591072819	9.0	
6.7172157416	6.3351426472	9.0	2.27368577722	-1.16606179884	6.65625713442	
6.41130763957	6.06022525249	9.0	2.47597982585	1.50510436682	9.0	
8.90679730566	6.45968212149	7.0380123607	2.37183019746	0.979129654771	8.94569263479	
9.0	7.49048528152	7.69936682262	2.4117497988	0.422464511455	8.06086492071	
7.17657491967	6.58331254796	9.0	2.62884544594	1.19824610443	8.90175435766	
9.0	8.69179682027	9.0	2.57964012188	-0.461857364874	6.99866135484	
6.85338550467	6.25109530241	8.9797755243	2.52799322433	1.27412704258	9.0	
9.0	7.87443454567	8.41060640299	2.43520008197	-0.771045141212	7.23248172216	
6.34021442639	6.00753729434	9.0	2.29064835035	1.34944614836	9.0	
8.97432151528	7.17917804367	7.73331227249	2.67492994653	1.47113174132	9.0	
6.21668263404	5.98120481628	9.0	2.30506600362	1.37452591346	8.98670802028	
6.28297042049	5.97983890031	9.0	2.28824279529	1.0813700789	8.74666981262	
8.99170332703	8.56445182142	8.99905612278	2.50948080437	-0.60634248812	6.99939918905	
7.35611730129	6.73569067319	9.0	2.46964395673	0.62782675362	8.63673306405	
9.0	6.30277310914	6.55872618263	2.30113909316	1.39896999352	9.0	
9.0	6.90660849946	7.16700310456	2.48380691049	1.40231907238	9.0	
9.0	7.24821371548	7.9455821602	2.50653019449	0.832015874872	8.76573738362	
6.38545828143	6.11973313525	9.0	2.42608770229	1.0152188545	8.66366833226	
7.74177382239	7.03879467821	9.0	2.63233130716	-0.516931421112	7.47199684464	
7.83501255462	7.19094352434	8.9524050108	2.67007207221	1.25401436978	9.0	
7.12815736503	6.16355282813	8.44806337404	2.28726972433	1.04714253636	9.0	
8.67770616611	8.39779607354	9.0	2.31988763904	-1.35391506697	6.5007470942	
8.99999996452	8.61312015248	8.9999999578	2.54294107395	-0.0779898037703	7.33257118929	
8.79797693403	8.12622724736	9.0	2.54245685779	-0.791475211568	6.92312345131	
9.0	8.33085567269	8.7255425955	2.61334462109	-0.0411884850776	7.4733363608	
6.34449829005	6.061327192	8.89829051065	2.2333618243	1.29927014879	8.97452419806	
6.96094030835	6.58923218642	8.98142216208	2.26019664202	-0.82054597688	7.06599648006	
7.18610264324	6.98162456384	9.0	2.38774981251	-1.20387226488	6.47934164001	
7.11704880046	6.4663568326	9.0	2.55924799303	-0.467420162909	7.24377070358	
7.47989284383	7.08982058178	9.0	2.44611948667	1.26345579748	8.99360522376	
6.97906093914	6.51222038505	8.72899382052	2.32719700594	0.671284336651	8.11267984406	
6.74815285092	6.55466696785	9.0	2.33786351324	-1.1971150025	6.53312506815	
6.65315369474	6.4751886426	9.0	2.28842880797	-0.713247289683	6.94357147402	
8.52959349621	6.6150758975	7.58493744138	2.38704519416	1.03323600417	8.85167484207	
9.0	8.34333247876	8.95068341716	2.70289505718	-0.552940162161	7.29102727317	
7.6009182357	6.00128935774	7.68515587614	2.31549851917	1.02425050231	8.73148990641	
