0.0437171281659	6.53829339688	8.99999126167	-0.311687970268	-5.99999811542	-2.94935178996	0.196146896434	-5.9999484181	-5.26890278182	-2.7220490781	-4.24247909912	-1.17176372174	
-4.51447221004	1.89070571654	8.29773329679	7.32491177869	2.43529777177	2.04801372514	7.66303017801	-2.06123304555	4.30766706373	8.80539847643	4.00755283742	3.84415289244	
-5.98804443243	-0.569863801051	-5.98962024522	-4.89297371231	8.99998289138	6.90746123604	8.83755848643	-3.55915200505	8.31325651708	1.58477105608	-5.35804556988	8.99999976871	
-4.89888985234	1.06077692346	3.28042736239	3.83547301363	8.44599504523	3.64576536048	7.92771910571	1.37651759941	-1.65078085267	7.48158567258	2.75609892656	-1.8844079879	
-1.37844274035	4.62657333355	8.23047652899	1.62308406505	6.86159285956	5.62245843503	6.07463463573	0.30444340036	7.1960122746	6.05311246067	-0.973597168393	7.43614307293	
-5.99999638154	0.495470185357	8.99880155776	-1.05663873478	6.91202107322	7.16199268124	8.99880155776	6.3455238449	-3.49189929981	8.9960575653	3.01904686728	-3.8504150258	
-5.08051258498	-0.442769991702	-5.9630402466	-4.60123698225	3.63892772523	2.99542416111	8.77640248722	-4.32935167589	-2.32385705196	0.190052711565	5.07147471867	8.98928722063	
-5.97535679074	-0.892885901314	-1.20894156437	0.158520528722	8.99999492603	6.58699242221	6.7144178922	-5.23610987753	7.71420989907	8.9999997687	-5.9999995163	0.282949909136	
-5.89946610168	0.98510697194	5.69390722667	0.219587563372	-5.3870098547	-0.311029556576	8.99999380135	-3.35280349095	8.97586854148	0.324646927764	-5.39003692091	8.78288671393	
-5.99999976861	0.27991831653	2.3279356166	1.05914076776	7.88600854623	4.91806434337	8.54017593943	-3.97306016829	-4.16693785881	3.28677333554	-5.99999999781	-3.32851584282	
-2.57178076896	2.48701143733	7.6935957832	-1.85189307982	5.37808857125	3.81062982017	1.00136920366	1.92177082806	4.55817536172	8.44140587413	-0.752902828186	0.152755382165	
-5.97905259609	0.130481066636	8.81359832149	-3.19449315091	1.78490832638	0.837116109331	-5.43904726315	-4.16762031659	6.19768538788	8.48497887845	-0.984181012096	1.95858689338	
2.50522889617	8.99998829085	-5.99999893987	-1.40449328749	1.56896889824	-5.98859582614	3.49541718825	-5.9999989423	-2.93165345922	8.95223408019	6.83026370659	0.564349290781	
0.789183726593	7.28440460988	8.99999258732	-5.99996111324	-0.36360151761	5.99385367048	1.63762936928	-2.17729838705	-5.99999891823	-2.72251953851	-1.15699663667	1.18276571205	
-2.61057005982	1.0710770146	-1.04181923143	-2.63332179977	-4.3746486955	-0.224739826861	6.56680717939	-3.17777076341	7.02501242179	2.99549160285	-0.405053107702	6.78414343667	
-5.6440025269	0.479983310675	2.25893711887	2.35791811476	8.95071732259	4.41418392415	7.0274033714	-0.962969610134	0.140464942912	8.99853800813	8.92526188906	6.02626680628	
-1.97273371262	-0.322112669073	-2.77217167754	3.56099822233	3.31275922964	-4.62700828819	3.95921359241	-2.08693065334	-4.52729513308	8.51421177707	1.75250741278	-5.6317401873	
4.78673791445	6.4376244765	7.95420641175	0.489532796929	1.56405464738	-0.369183867987	-4.31607125029	-5.21241640802	8.373332651	1.96754137352	-5.83712338424	8.86717760137	
-1.2977284136	5.19708403699	8.99999962056	8.99999962056	8.04009212651	4.66919914947	5.63713107059	-3.44944633914	-5.99221419907	2.06113934018	8.99999042539	6.56445868233	
-5.95972075872	0.470623192705	4.69550729122	-2.80923293846	8.48627739008	4.29293295875	-0.27932926717	-0.996577613644	0.466279100871	8.9416920788	3.60518598132	0.769900491197	
0.466864062574	4.8847341647	8.96546842164	0.865191862237	-2.9655219273	3.58855802627	8.96571320922	0.823895329737	3.24781711247	3.8150310647	3.80964261765	8.16770732207	
-2.05787847638	1.39239071992	-0.626542111346	-2.98275094387	1.50613157668	1.35522006108	8.7607440214	0.463257682414	6.06692948364	1.69500099254	-4.92155164585	6.45975251146	
-4.61828104158	1.08993092451	0.0341427933433	-3.25264318896	6.91938903816	4.15979698925	8.74166132736	0.797888351657	0.431869404674	3.82916895352	-0.204327660166	4.33544699474	
-5.90504387043	0.318538832625	6.90570431549	-3.9935670536	-3.66818965278	-0.968012837116	6.90570431472	5.07520711109	-1.55501635896	0.511784643566	-4.17923052315	-2.78490216757	
1.89016533737	3.50180136812	6.60124420121	2.91611709462	-2.77512598439	-4.91903372135	8.58879293858	-1.33660217949	1.54246868599	8.79998275095	8.96455646242	-0.422317692692	
-1.7728206018	4.72185872606	2.63850597962	-5.9999897317	6.19444733228	0.642865759851	4.91581728536	6.64863729616	5.92515946597	3.88046552034	0.470025754758	8.13244197377	
-5.78516382022	-0.554446434444	3.37905818743	-4.89743840599	3.36480950626	1.28270038847	8.98267095038	8.70555307533	-4.11037061921	1.50753000099	2.01531519569	1.45755912557	
-2.82553746833	3.9682148361	8.95245994508	4.44694954267	4.7489110165	4.24171607035	8.16771140781	-0.373702697901	1.55787792446	4.4994110726	-0.608611350429	2.86536108518	
1.71361733093	8.20831934038	5.09530606501	-5.99998116964	8.99999609516	7.70958104797	-1.70962549043	-1.7810896918	-5.99999756564	-0.382465316409	8.99999756487	8.99999756486	
-5.2165949444	1.0974270798	7.37806518671	-3.09822391576	-3.99486973371	-0.197972100065	2.97377467259	-2.6833047913	-3.59987885392	0.0275638384854	3.3089087853	5.35905343761	
-3.6751648606	2.81953682285	-4.70459457852	-5.99999264538	8.94086510598	0.0875136068529	8.99227967163	6.68374528451	-4.2653648031	8.62119498479	1.26885573839	-5.99999918589	
2.50549014971	8.99999086333	1.45394351751	-5.99999994927	0.427029397861	-0.977644518954	-2.25119547681	-5.8497331061	2.04484233396	-0.162579264039	1.17472686643	8.9999986398	
-5.7192478612	1.16339018711	5.99493799344	-0.398076359228	8.9891601059	6.73634627667	7.85396296087	1.19431378532	-0.31553246911	6.25920448087	-4.68153652697	-3.17830556813	
-5.89286914488	-0.620366973301	6.74793945897	-2.47784838704	1.40821475307	0.272805672514	-4.24418415221	-4.9618589642	8.82174027654	4.06234166218	-2.65240957527	7.56849695039	
-1.20378915335	2.28722242998	0.663874048407	-2.024073656	8.99850029273	3.51156212267	8.18131106449	8.26637570701	-5.58403669313	7.75416073487	8.10670410526	-0.977741374818	
-4.99655648935	0.524000265915	0.970582231899	-3.81847910088	7.81768954754	3.15045307204	8.99912616096	7.82510655053	-5.11480893908	5.17082141568	4.96612488387	-0.554604623755	
-5.96767572845	-0.857966177128	-5.93505568988	-5.20039278846	0.0413797316782	-0.525534728204	8.90004756347	-2.33082469248	7.93505451834	8.99941405206	-5.90960763225	-1.36541454286	
-2.08081476446	0.521903945058	-3.07538390992	0.361476867498	0.758635730468	0.620109093007	8.59047803261	-3.70158349108	1.68072547012	6.05858892033	-5.37914153538	-3.71114513312	
-4.12853597842	0.605290585796	2.17918657093	-3.43009383513	3.78637158752	2.07431336936	5.89732210813	-3.43805533729	-4.9576449212	2.29787017661	-5.99993048736	-1.67742294894	
3.96696390873	5.61750145376	4.40965726242	-5.8715026032	0.726684392214	-1.02846280949	1.91629253821	4.90555297713	7.04942924566	0.991423415612	-4.19292076545	8.91673260081	
-2.95848500984	-0.45953344792	2.06159430313	-5.03461071305	7.94284113644	6.82852372004	4.81657665153	1.75647455245	-5.99900505604	0.638517463081	8.93453323165	8.19385287549	
4.0151536672	5.66566137736	4.08153995587	8.90787120611	0.613939932472	0.221125877497	7.32913649444	-4.59475631149	5.76931831459	8.98214931136	-0.631656480323	1.65051891093	
-5.42884535024	-0.239165609389	-3.66715291137	-4.58095986871	2.28055111842	0.898960138548	7.82733460877	-6.01419848145e-05	-5.49826749882	1.12372139381	6.61909228842	4.58535392873	
-5.88241726748	0.0937415783396	4.17304057419	-0.0581072216005	3.74317343375	1.79594352203	2.21012633323	-3.62611599268	-3.183875576	3.01406848252	8.95761249477	8.4532680547	
3.98898121447	5.63603736067	7.98651061568	-5.42462401648	-5.9959609748	-1.9347335833	-5.99961100403	-5.41767007883	5.71770672395	-2.44837863011	-5.94212774	8.99999724736	
-5.99998308519	0.784363301289	4.24607611199	-3.2359130323	-5.99989687419	-0.511798331562	8.82819342425	-1.92322283264	5.28739806485	8.2493811179	-5.90275343402	-3.24863758016	
4.15160907282	5.80276168289	-5.99998410956	-5.6206692679	-5.9999999628	-2.05840348697	8.24297021041	-5.44533714513	-5.99981199847	-2.56853943673	1.44452208299	5.38463190394	
-5.9999910465	-1.2814463303	0.640825506973	-5.62572797332	8.98391536773	0.897075909206	0.593662894324	5.54918125398	-0.358141020869	6.78592215468	5.33706923047	2.52747981535	
3.86978508563	5.48729065041	7.95202199112	2.39441435876	8.99777325463	7.92959999181	-1.3702405574	-5.71621387345	6.44633391784	0.458898676784	-5.99698941142	8.99983833395	
-5.83197870765	-0.167747236896	8.30783841124	-4.5059820424	-5.0920021134	-1.4627797539	8.93833448859	8.35667734282	8.99228441186	6.81604521082	-4.99502703577	0.93836445401	
-5.99999450712	0.701703078633	2.73744304589	-3.53353645762	-5.99087018033	-0.594454826317	8.29119946053	-2.95946791884	8.99999850308	8.77246387424	-5.44661992729	-0.140412944102	
0.431504582573	5.17657954101	8.39205896686	0.963462144579	7.37743973855	6.15624394154	2.92764008152	1.41671302596	8.16086177504	7.13399830986	2.66599524486	8.76365999944	
-5.57748891479	-0.362886186684	8.31168287411	7.04879548985	1.30946286893	0.35292161119	5.6453731869	-4.70201536181	-3.58545738987	0.625231653846	-5.36176661976	-2.56510306651	
0.515315270624	2.16610898121	1.24570015975	3.40137168967	-5.99994301838	-1.70905357902	7.79281661826	-4.45700082369	-4.00174953626	-0.75604888283	-5.9999988128	-5.4377301779	
-2.73319499902	1.68509197466	5.99879702735	0.111752084137	1.19084188023	1.34262489721	1.95517343077	-2.65898811152	2.74376027014	4.24534171389	-4.00200396937	0.082677614792	
1.42438417103	7.91697449043	5.95586994566	-5.81340129091	-5.9999959874	-2.76587093367	8.98524145011	5.06586604741	-5.99999596832	-2.53897909096	-3.70860290395	-1.55277890387	
-5.975140528	-1.22121173059	5.47738723278	8.11410329957	8.99991412292	6.69254252885	8.63445970509	-5.55766828532	-5.94640616339	1.06892765941	4.88259849822	6.63124676609	
-2.65299120718	1.76705293868	8.4567237607	-2.57902495171	4.03327341093	2.78016783993	2.9551547952	6.07334073504	7.10093542606	8.13041957542	-1.40392531493	1.9723596512	
-4.93644164927	1.21978408776	-0.0428110345185	-2.75923733428	0.465563397512	0.754595430257	6.37954433151	-2.86967101889	-2.27564946671	1.00063291442	3.31655446046	5.21579422364	
-1.93623859944	4.55845944864	-3.59273401772	-5.99998806048	8.76285969771	-0.211781446535	5.34779865863	4.27245959366	8.89690366141	8.78463769365	1.69919315025	7.42911482444	
2.50519597801	8.9999846868	7.87464240695	4.66721822846	8.925985484	8.56722833149	3.13099884227	-5.76026861028	-5.65675095815	-1.04270998568	-5.99999949383	-4.99630222205	
-5.99997753566	-0.792432053682	8.58136097189	-3.93686691594	0.504765805076	8.9174375842	8.58136097424	3.6133276734	1.38749888732	4.63041677793	-5.38456166774	-5.10641354551	
4.29148851087	5.90858978807	2.78440750676	3.01412192641	6.76283309743	5.29936227093	2.5745050642	-4.72263715139	8.60168951304	5.60642118801	-0.577717550243	8.98648656422	
3.46487639535	5.11538579374	1.58358503741	1.56065014893	-5.99193014065	-1.86245851103	7.76452726519	-5.6464208635	0.0615658216752	-2.37323668894	-5.49226370387	4.25157927654	
2.50533275382	8.99995988731	-0.0410663103834	-4.90100672277	6.44145833621	-0.438416583942	8.99999719249	8.2826422847	0.39950818356	6.31324375052	4.9267901375	4.63068667257	
5.01845674782	6.66919089402	5.67751602875	-1.5267806148	-0.448719737884	-1.06719517455	-5.99999987611	-5.52833662719	0.971546124846	6.44883933973	8.84712763261	8.7253473602	
-5.8974196707	0.281832134997	6.1894281452	2.56922561375	-0.07158086536	0.00424395696456	5.06941398341	-3.07924731859	-5.86666441574	0.235325560523	2.95721436256	2.02414996982	
4.50430505316	6.12144492835	-5.99998653085	-2.34441825237	8.9513827625	7.39942695833	8.03280130935	-3.98083444501	-1.97241232811	2.6885800965	2.36809358166	5.65512297805	
-5.99999972598	0.893215765211	8.55702308677	8.98971026923	1.56161628449	1.11138483832	8.55702308677	-3.43476100405	3.75098161534	7.04769942707	7.52523337618	8.99976653363	
-5.98944710019	-0.727514913219	8.92198758791	3.77925031855	0.122094772129	-0.41975628695	0.33468357596	-5.07036141573	7.50201221725	-0.0463347535427	-4.31498760283	8.71619910013	
5.47407287286	7.12457056827	4.76824922581	-4.42046974877	1.82192489056	0.0781312389346	-5.23314732858	-3.1058849986	-5.99987304578	2.09344833356	-2.5052807368	-3.78871099922	
2.22109124143	3.87171785669	7.02575530626	5.69753423558	-4.91685491717	-0.419006172321	4.23525010623	-4.20172128535	8.32779946988	7.6449851987	3.86105541258	7.81569257709	
-5.98009618339	-0.489986009561	1.22938480653	4.4905054133	4.59903383257	1.9369148717	8.59835745205	-4.83253099854	0.691831418852	4.30503686808	5.62587167129	8.99993750779	
2.95677220471	4.60732626063	5.34448957152	-4.21586065702	2.60704835153	0.627707011615	6.73624815625	6.57235646335	1.61609661825	2.86549061809	-3.36585450266	5.09291920005	
-5.99984543898	1.47706675361	7.77889706579	-2.86534619176	4.18673469853	2.70976228681	6.80058058053	5.1952469215	7.61692764423	5.17618683502	-2.9674041065	5.37811227271	
-5.99999980693	0.0966421977439	5.62042322573	5.80212958292	0.113742825426	-0.00327645708218	6.72795489601	-4.23156771679	5.76298020187	8.73202986826	1.17963190227	2.66391616898	
-0.586575892801	1.07350686684	-1.97983388599	4.82262074942	-0.59928139515	-4.34854749904	4.70942803747	-5.80093406219	-1.05961542818	7.78236736372	-2.42156729443	-5.81120879812	
-3.58429525349	2.44034186116	8.99999982689	-1.5236103917	1.17736167257	1.74824692407	0.241545888904	-1.66199582084	-1.30895458352	1.98007548956	-0.681331026823	1.51640690018	
4.28413725675	5.93492739651	8.56104823696	2.31802418872	-3.26739804471	1.39662952039	5.19113116323	-2.12455780914	-5.54261096275	0.886019415757	-2.28151656831	-1.81111241492	
4.59398522242	6.20929765719	7.69838662009	-5.77385744044	8.85868635695	8.41301224123	3.13566258722	6.90440254636	-5.99999976861	-0.221555067235	6.5900339392	8.99999834659	
-2.60488621875	1.62573047636	8.22752996662	-2.71137395689	-3.66237991475	0.33005572799	2.48585625971	-0.895489646555	-0.779769941076	0.551240119103	-2.7901818462	1.63112790759	
-5.92208297258	0.663432767568	7.87131903783	-3.64728611863	-0.396152311711	0.0600968719452	4.83298673504	3.39529592159	-5.69533067607	0.285471976915	-2.10296851344	-2.51410168814	
-5.97743653803	-1.45514775263	4.31440054936	-5.49517362175	-5.9915274038	-2.74852702746	-1.10447325236	-5.49396621951	-5.98522139836	-2.52597386214	6.355705638	8.98537385759	
2.76080288112	4.4485975231	3.91028339379	-2.92178275783	-5.9999988043	-1.24638428368	2.03161499307	-2.19919398352	-0.0582374524855	3.20866419797	-5.99999978033	-4.99027386657	
-5.99776419164	0.108436358002	8.44697076859	-4.10966014131	1.05034334694	0.461561050843	-5.9999998312	-3.58735336058	-0.855647444456	2.43962038521	6.92910460649	7.91554282689	
-5.89451621731	0.579665020578	5.53568543626	0.269117396704	8.99999976837	6.65443461906	2.11176583969	-3.76274896699	8.21865787247	8.6629915387	1.79733569591	8.02060225468	
-5.99998057846	0.494715181222	-4.52400392237	5.86319470452	4.50423063511	-5.99999334014	6.34035268463	-5.99992771285	-5.83039641607	8.99999334007	8.99999999781	-0.212654663603	
-0.180333263149	6.31428138532	5.4747418621	-1.66343574825	8.99999330948	2.41534820029	7.73431274611	8.99999965927	-5.99999830041	5.21179344732	-0.405841993685	-5.99999430137	
4.01834212734	5.63573441944	-5.93772058282	3.18392070023	6.84593391079	0.15176318709	8.06695852977	-3.69976813284	-2.79920338827	8.99999347697	8.02324825541	3.60105373678	
-3.5105713965	0.809359150868	6.55770539471	4.07020730863	-0.915324294081	-0.0689435054191	8.998998831	0.490314101331	5.31241633752	8.99997656367	-5.33343088017	-3.53598476663	
0.704478864659	5.95965368251	8.48583865115	1.61732762511	5.62687712138	5.69209504454	8.98522539062	5.04641763274	8.23828458158	8.71651197407	0.775321077811	5.43915837278	
-2.38240572105	2.39390035252	1.76796569797	-1.58428523793	1.45561737386	1.84553687058	4.93186398349	-1.70414305937	3.39222445287	2.16494106065	0.946296786412	6.6507530978	
1.40722020027	7.90188410843	-0.227828269558	1.8808318161	8.99999371574	2.81722121176	2.38311874345	-5.9999999953	-5.38258154595	5.12634551938	5.40085452729	0.509637270178	
-5.99480890036	-0.452931994284	8.53355016324	-4.7939923352	6.62031634671	3.51589902291	-5.98459803321	-2.28590302221	-3.55337618274	2.63618594894	2.56903091781	3.22599573919	
-5.90689078565	0.000614836842545	3.29802963176	3.09102667215	1.07215584898	0.417902156918	6.12297147633	-4.34184354823	8.92546494005	6.36954426897	-3.69850542162	3.93111974992	
4.95873459237	6.57591503518	0.0629595859022	-4.31831502835	8.1540333948	6.59142527159	-1.21466706701	-4.4291530056	2.96284850356	2.06888658626	0.895161713568	8.98545025936	
-5.72568437522	-0.529907931274	7.4606316228	-4.87285098674	0.394902666709	-0.184960307628	4.79467334285	7.30104801265	-4.15933790936	0.0395401823003	2.88955167238	3.55700593265	
2.50538510046	8.9999723298	7.96383282346	5.56702133363	3.62390828589	2.35816444166	2.79451580579	-5.99998650749	3.73458473875	8.99999705373	-5.99999743886	-5.64790586971	
-5.91712208653	1.01883483505	8.49182883973	-2.65977215622	8.99999925388	6.73256900298	-2.87230004302	-3.098397553	2.09856062486	7.96168622985	8.4553089251	8.95650524093	
-5.89004494825	-1.13184234878	6.98106420081	-2.47568137757	-5.95121657024	-2.42655872313	-0.00785918350903	-5.47113004279	-1.74189409318	-2.20271456492	1.84818653034	8.60130100874	
