2.64424918037	6.93539611234	8.06089074782	3.12179691806	8.40458662692	8.77327496754	8.0407353021	2.82916793739	2.63077244622	6.64418592938	2.50558496167	3.63838939325	
0.763240135031	6.88112310545	8.98726985224	3.45575130485	4.6878260611	5.8387438338	8.99675436762	2.5976544274	8.83964218644	8.99863508479	1.81341542535	5.97137870631	
0.337033375036	6.93676542884	8.74536688374	2.64476754845	8.51737141251	6.63022707679	8.30394021272	6.08874580167	3.19225770813	8.98113212576	8.99999796009	6.46946268236	
1.18968415041	6.91985999841	8.99999969027	3.07620762918	7.79464466797	8.6468391439	8.99999969027	2.75528497624	2.53233698446	6.14983451494	5.62265829681	7.24638492053	
0.572590643118	6.93543513225	8.99391758053	2.59612870473	8.84217602633	8.92105622078	7.25179015365	5.00586834341	7.15621334895	8.89321760181	8.87382178002	8.99390310558	
0.68920774768	6.93709777909	8.44506047537	2.90287547276	8.40536636197	8.33682994973	8.44506047537	2.88890047841	7.58199484032	7.48060728517	2.91836949364	7.59388832842	
0.626511874374	6.82940129745	8.99450236699	2.94633661538	2.81456653936	5.54226504105	8.99645622441	2.71124060143	6.81332462123	8.75988817472	5.19855192348	6.30992025443	
1.34968490212	6.89154219456	8.45451818087	2.5676737249	4.93053646278	5.92534074143	7.91372704527	8.75113406688	3.53333856237	6.28496765816	8.99749255681	4.41377773699	
2.78586146536	6.94234994177	7.92333255071	2.59369511783	8.99909076236	8.9568137222	7.92333255071	6.43937685119	5.29413014026	6.98763481924	8.01819424238	8.67918251705	
1.09672623573	6.92928484697	8.99999976875	2.58738703487	8.20405197828	8.68704867346	8.99999976875	7.62421210588	5.41467237144	6.47815200861	8.76514029179	8.82963785526	
0.395571060987	6.85676805781	8.99963577947	2.52552244309	4.12218494764	5.67855308898	8.99963577947	4.26531674201	8.16622987213	7.2140214044	3.10868868321	6.90690282143	
1.82222385905	6.84890457986	7.95170515847	2.69020271768	3.8845858762	5.63236137533	7.72484058238	7.37328654	6.11237932739	8.99248876117	8.99999976819	4.61362927715	
0.714359233095	6.93437466536	8.99999872714	2.63447138975	8.71090799975	8.89459900215	8.99984738531	3.62508904494	8.62443739421	7.02009034941	2.12266372852	8.71871575599	
0.824211647135	6.9331627163	8.88575407753	2.67671416388	8.16427339637	8.43570464511	8.82013415059	8.90459112923	2.31071407339	6.71295390317	8.47962737244	3.47673763389	
0.423503026992	6.82993101959	8.99993480027	2.49575789954	2.90014987328	5.5446787233	8.90024920553	4.55476316598	8.8598027872	8.83067255924	4.69042439355	6.17339915397	
0.748704887579	6.93959845532	8.99999976762	2.60034005619	8.94991538901	7.11153072476	8.99999976554	8.85163121902	3.20190523418	8.77760652508	8.69158371744	4.96653985449	
2.78426578013	6.86145440688	5.44981364148	2.51497543887	4.05194257753	5.67086475647	8.99663861909	5.45660586172	8.79839677332	8.43622932435	7.97985393958	8.77591967753	
0.759923321611	6.87823591058	8.99999923787	2.76829392022	4.62181570988	5.81687329158	8.45761042499	3.06078950159	2.59119750968	6.09315835441	4.1284151401	4.59674880055	
0.0152754029173	6.91053284153	8.98319219219	3.04743595844	5.40246352427	5.81654852101	8.37683296289	3.00099111733	5.18841618252	8.74817226543	8.89961590901	8.99722130985	
0.509262806559	6.94025408483	8.90372556512	3.02330800869	8.98852725255	7.41127771392	8.90372556513	2.8022579047	8.95728266231	8.92145313478	1.98750652217	8.80661805701	
1.94298418437	6.93904151569	6.98714038988	2.91437980743	7.66702039495	7.07319349835	8.99636492761	2.8816232271	6.61563320572	8.88272686627	2.18386842937	5.3571860038	
3.73896950883	6.95851349189	6.70554521989	2.88426529648	5.84077570495	6.61611509758	6.79492844859	3.65335610896	5.29662051801	8.64088756879	8.45092944333	7.72979351365	
0.848320298225	6.82907693826	8.99999979789	2.63388705275	2.74857484965	5.5407059212	8.99986804507	3.11298365804	3.64857334383	5.97023629585	3.96442029199	4.77800519536	
1.00093080042	6.84267402067	8.99999818746	3.59497566114	3.70226228991	5.60378326289	8.99999999812	8.99992913957	5.21505675414	8.50403087397	8.68383772364	2.71183123024	
0.916023684822	6.93678861161	8.91966045722	2.59868188604	8.99988673695	8.97565387322	8.90240189901	5.1234994168	6.78912983673	8.98387965366	3.20898902559	4.77273956013	
1.50567491468	6.84761444532	7.03535323524	2.55139460247	3.85853972435	5.62751561483	8.93550986755	8.43655507223	5.49057992803	7.81296705666	8.99163643841	4.19638577444	
0.957369022416	6.93955195886	8.99997249649	2.59711249887	8.92796916649	7.08782958043	8.88019893749	7.7328225368	8.74345573961	8.99633014707	6.10127397625	8.91173119031	
1.55629564658	6.93704459763	8.44210243556	4.21169228372	7.29311588686	6.88724377568	8.44210243556	2.90718663363	4.52195626049	8.96980611877	8.99999976875	8.99773271591	
0.590893995774	6.84810488484	8.99999997574	2.67572193535	3.88454845985	5.63154861736	8.97623373308	3.0071635345	8.72906255586	8.8144818505	1.9492479605	5.80810429306	
1.11306899098	6.94007408982	8.99999448741	2.64741105278	8.70228316047	7.30801788341	7.50449087817	3.56238474263	7.31727370673	8.42386041251	4.1987819472	8.60927811054	
1.11097217344	6.93662208779	8.99999999855	2.65765453434	8.95513158312	8.95683062836	8.99999986625	4.66418694458	5.54494582431	8.99222038873	2.43330046417	3.49197306469	
0.788263335687	6.83485583725	8.99999956705	2.50037738614	3.34058917886	5.56674650775	8.79889365295	7.49297510608	3.74950178271	5.85619602685	8.66051917731	5.74175426524	
0.79984597264	6.8499113926	7.49009823434	2.51157487029	3.93687067594	5.64086793823	8.98716754903	5.8768463771	8.48367859264	8.78263690641	8.97765444536	8.6686164202	
0.354428777572	6.84927879925	8.61764125117	2.55905476425	3.92001635431	5.63775898149	8.36215348088	3.73817045166	6.83527538313	8.8573056348	8.84093130336	8.94401635378	
1.72908575838	6.94086727732	8.10552533005	2.60438821583	8.99442090506	7.54071562215	8.10816860738	4.42537292475	8.99999958988	8.98774714773	3.46385195487	8.55709892836	
0.445964070207	6.8348286662	8.99999990801	2.63694113044	3.3416953438	5.56678337151	8.87670578141	3.05595462935	8.80206419174	8.82740386372	2.73768220624	5.93733827499	
0.842206785808	6.89519471111	8.9942469211	2.59139865452	5.02686232693	5.96178180819	7.81431561667	4.11935608462	3.22919596663	6.28557192331	5.9802351514	5.68889802158	
0.964281400348	6.93639432793	8.99999982568	2.81442139581	8.94582515446	8.96840867921	8.99382178674	6.6452656673	1.07469772434	6.91775780281	8.91175286126	5.26325131092	
1.19172811211	6.86019607852	8.99187070874	2.88999859737	4.20304053542	5.69755698089	8.99187070874	2.80889882652	2.77022764932	5.96470329697	2.29436709306	3.87688946163	
0.814387168008	6.925138164	8.4880664363	2.58339143204	8.34133197242	8.94561795429	8.48806637914	8.68633598761	8.77108328812	8.97958679043	7.77249353322	6.21048794864	
0.519135194053	6.93916885368	8.93521679848	2.60312664885	8.61736743867	7.01438084931	7.6291540318	4.60424592372	5.2186281209	8.99858165979	5.25882687878	5.67395983633	
0.912921503472	6.93753182033	8.28981493024	3.30337807409	8.96776163967	8.85905454295	8.98315452564	2.69464605954	4.80017790758	7.42578592681	2.45354659817	4.84211540749	
2.66207932116	6.94281033833	7.84411218982	3.37182781674	8.35120227255	8.02070758723	7.82256056761	4.51985718384	2.04767318992	7.35332270725	6.04428550614	4.21852472417	
1.28452634921	6.9397523694	8.99887663926	2.79111914111	8.30036615303	7.65353351181	8.34303215045	4.11764157444	1.46415726285	7.5830070845	8.40554417604	7.36658187554	
1.02602721464	6.88187618685	8.99999988728	2.60651044654	4.70390043885	5.84423827338	8.99999992582	8.08956116355	1.50532285036	6.07471577372	8.766765951	4.1602529106	
0.350932886129	6.83488524488	8.99990172681	2.60405328846	3.34565249829	5.56707056618	8.99973303233	3.15561488403	8.52410853876	6.75091103961	2.81689883663	7.77983093061	
0.369935396893	6.88193522518	8.9949083796	3.57206958114	4.70742864973	5.84534025817	8.9999428943	2.61452479134	4.12730347161	6.59371519157	2.83974604176	4.18681822171	
2.61166385436	6.94194803971	7.76805653196	3.91140887239	8.99999976875	8.77220233702	7.76805653197	2.92045433707	4.3171852673	8.57945726815	8.99998367534	8.99458940374	
1.08182150226	6.9269679348	8.70069037799	2.72575049473	6.22595765252	6.48636080715	8.99999768568	3.14380270862	8.10069211775	8.99988681727	1.33961810901	5.82114710974	
0.605122892271	6.82804077646	8.99985709098	2.50723827008	2.49806741891	5.53630944334	8.99999999995	4.26245328391	4.61956166112	6.36257996592	8.88009695841	8.76122271671	
1.19653908941	6.93919994814	8.31002890413	2.59814853671	8.99964942747	6.97682082572	8.31002890413	5.24190855667	4.61273544146	8.99691046104	8.15126776253	8.4824017374	
1.64541949267	6.93694299261	8.31242592402	2.59423670001	8.99918946848	8.99329073317	8.32689974851	8.86432368496	7.50753145154	6.97147959766	8.84630808718	8.93263824351	
1.23372499474	5.61358002896	8.77537822473	2.80998822518	8.68096691714	8.31332900167	5.93849341804	3.16025096145	6.82876867328	8.79814138527	3.24428768749	5.66583499103	
2.83960047785	6.94079338907	8.97648539678	2.59146275503	8.80885511117	8.97357410961	8.75674729742	8.89822842875	6.04291928319	6.7858776917	7.12987948422	8.01975888501	
2.02623152944	6.94061178745	7.77130004345	2.68372026185	8.31885254983	7.63760954577	7.77130004432	3.95152165339	2.98402653081	7.73247657902	4.70203720803	4.28294428921	
0.976033252244	6.93965563583	8.44574895113	2.7902745442	8.86682147503	7.12237022294	8.44574895113	3.04809541592	4.12064107289	8.73581880456	4.83730433544	6.7112273316	
3.50546817673	6.93792774063	7.3525572382	2.57895889048	7.67895649583	8.73878516287	7.44700592131	4.49225914743	4.23664094584	5.99842640049	7.86736075411	8.99696028808	
1.11722854061	6.93554342547	8.98098016855	2.59850147471	7.33942671567	6.57410582791	8.98121940355	4.51493513513	8.99783133475	8.94850757422	2.28588429157	7.78607572712	
-0.0891053093086	6.93533263904	8.97343403594	2.59322046343	7.83652281776	6.50006918865	8.96318473461	7.86776041368	8.60409550499	8.5776124338	7.23445276163	8.70381210138	
1.83050973078	6.94110283158	8.12292145787	2.59795382535	8.99944162203	7.73560173333	8.19649238481	8.60454154763	7.05092183342	8.21920911601	8.8572819602	8.61429826465	
1.24847185512	6.9247202875	8.99999979824	3.41384085868	8.21140433775	8.87253665533	8.99999960806	2.88378624579	2.8657504997	6.53726514417	1.71712824258	3.0657587958	
0.771466657575	6.85662299198	8.99999980632	3.60044118919	4.11743792166	5.67753486403	8.99172017353	2.75086633366	3.47736242391	6.50864858961	2.61373308802	3.23274453763	
1.81321864024	6.8364059249	7.99762293464	2.49720869246	3.38630576351	5.57106330183	8.06092450225	8.7234190004	8.98536226367	8.28022340421	8.92496530774	6.91521777362	
0.412235572792	6.8529699817	8.98858662231	3.42242324674	4.02323954323	5.65746238526	8.98858662231	2.61007975381	3.75439334094	6.24506808098	4.52770279423	5.56187948213	
0.527916736701	6.85844539625	8.9999939982	3.85210393837	4.16382534269	5.68808778211	8.96930703079	2.55941502909	6.07581629877	8.09393246296	5.01635380375	6.35636703711	
1.00613708721	6.9352209707	8.99999983588	3.38875176571	8.83694595905	8.95957106924	8.87189410921	2.78884346718	2.90719262494	6.96783139861	2.13581644042	3.37291292329	
1.12512113749	6.91348340879	8.99999976876	2.57391713133	7.79728592357	8.83931514388	8.99999976602	5.68214789805	3.55606382603	5.98537938136	8.83503281092	8.97438994195	
0.854057873087	6.82810710756	8.99844280033	2.72753036097	2.5058404466	5.53645460985	8.9999907726	8.50306640621	4.23796565787	7.15216592592	8.91606406776	3.42017564197	
0.539548446009	6.87697942288	8.43237304542	3.26255736744	4.59384744727	5.80780939368	8.99972243544	4.32936611347	5.31597161875	8.71338114601	4.46261219301	3.00912017734	
0.882078720477	6.82889824443	8.99996903729	2.8028047272	2.71072905509	5.53989449956	8.99981534781	2.78562030097	4.82292502509	6.10377715286	3.74733930336	5.75699999888	
0.331116841146	6.92776141642	8.91363366045	2.62947920516	8.99062135104	7.17103112977	8.27986434834	3.58025081234	6.67860411649	8.88866216707	4.90426992884	8.55605007696	
1.00311137235	6.93204574176	8.68715714241	2.85617347618	7.96604116704	6.25214071222	8.68715714371	3.20280967235	2.13886596025	8.70673989461	3.65630671235	3.84391300946	
0.463466720927	6.83796446527	8.99442529599	2.93500766685	3.51090213212	5.58141139505	8.99442529602	2.85339334606	3.15386797791	6.07577887467	3.34149136626	3.83016147616	
1.65789793782	6.9401594655	7.67035502974	2.5972885042	8.34882699107	7.60212280165	8.0673949321	8.98593013173	8.72313116457	7.98803022222	8.98593533714	8.99515689495	
0.440868077353	6.82817101225	8.99535017494	2.4931976946	2.54495974828	5.536936437	8.99973042323	6.92477822867	6.79156737763	7.92055333895	8.45220244618	6.17617997096	
0.893890645048	6.84587085246	8.99416701702	2.52493908506	3.81320160358	5.61988044079	8.99416702073	4.28616416731	4.8269589249	6.61850072358	2.8675262926	4.14969466956	
0.863218079061	6.87748739362	8.99903752335	4.39039608578	4.60438244621	5.81124257912	8.99903752335	2.54455623848	7.39228107113	8.18260208068	4.81702813701	7.52383883715	
0.773968891429	6.93453799978	8.31915375898	2.59265564173	7.92366275036	6.42574423499	8.31915375898	5.91767652025	8.99999976875	8.94625113849	5.69492506466	8.86914860933	
0.981867471825	6.93809640527	8.15756717817	2.59583632558	8.99659530394	8.80950155245	7.67681820939	6.36676886747	8.24782202227	8.96031443932	8.91957155364	8.96486185311	
1.13077115626	6.93726395226	8.40793959821	2.72499982008	8.63926430403	6.67155597877	8.47205703899	8.57091756894	2.46670910666	8.98104168466	8.62427624017	3.51036898552	
3.11878026406	6.94811481686	7.65811343654	2.60178563742	8.95980531147	8.93655074183	7.65811343653	4.25544205992	8.94520916965	8.81101439839	2.67778004621	7.11999641476	
0.655818197335	6.93897028595	8.97752855245	3.4150441123	8.90926891315	6.95075026459	8.9775285524	3.73382129923	1.77220704696	8.93552107612	8.91739410662	7.89077162047	
2.28102283555	6.94047269107	8.1726250882	2.61162393626	8.99897023895	8.6867429313	7.91376876303	4.15036979115	3.20964946737	7.25442169931	6.10546045474	6.69300117042	
0.338755546381	6.83360556806	8.82198650299	2.5671356238	3.26093902273	5.5612080768	8.70652651535	3.32546879702	7.86689384169	8.81549293469	4.40546881105	5.95279767462	
2.71731222488	6.94131939292	7.81279361882	2.67961478069	8.99444423991	8.97873298865	7.80756647859	3.74294397255	2.1394191189	6.97046352067	8.9997787388	8.81337439749	
0.785429176469	6.93327223223	8.98165404276	4.1758587208	8.74956217193	8.99391157019	8.98168277868	2.60900035129	4.3581937392	6.95634918627	6.85465624351	8.69795298617	
0.645152293348	6.8576670313	8.99999977762	2.54556336627	4.14416551447	5.68355694266	8.99999978817	4.47049490435	4.0163811478	6.31498475402	3.2639409804	3.85251093804	
1.77042917027	6.8520157291	8.28701448131	3.37377525732	3.97763248534	5.64919028062	8.29240707286	3.09603546783	2.88482699017	6.25704046655	5.3504564519	4.9898481019	
0.509172300417	6.93662390847	8.99688848797	2.5944053824	8.70384894844	8.68873816335	7.82482487661	7.17324094835	6.8027714706	7.10932818771	8.81624963951	8.80656170824	
3.28374520236	6.94654821717	7.23534669073	2.92642645565	7.14961493505	7.51945226007	6.69167266714	2.85322259282	7.45591188224	8.99387132603	4.13961690562	6.37158634842	
0.762971223921	6.93825449465	8.68928052977	2.77627699792	8.99861948856	8.78373400813	7.82039733639	3.24498693281	3.92651356341	7.68509195591	3.67769732243	4.10227552993	
2.87127262671	6.94610924617	7.61754206093	3.87138211039	8.87329153814	8.37488259475	7.61754206093	2.92181445758	4.47483046046	8.99820147168	8.98723964603	8.9844395151	
1.29679573267	6.93804479594	8.9999999998	3.35659539145	8.99806244039	8.83431139819	8.9999999998	6.82536837218	3.70619865266	8.16111643338	5.14650288441	2.68725951652	
0.723682919019	6.84576783116	8.99984577951	3.23421221909	3.81092490029	5.61949109888	8.99960493763	8.03027182789	5.37417452017	8.62227553771	7.49747898707	2.70883196375	
0.550525923387	6.89534589801	8.98635140403	3.35094657525	5.03171137749	5.9636179165	8.9980409613	2.69471347896	4.83948016119	7.55528723829	1.96480466174	3.56614181702	
0.519708257109	6.83108233983	8.99999976708	2.58220448404	3.04087259496	5.54976742375	8.97225494509	6.58871070092	2.96708492102	5.96622821039	8.91569462241	5.55276038355	
1.19115404651	6.93721128559	8.99999894718	2.96244991875	8.98634833117	8.92528686254	8.99999894718	3.97206739172	1.44425305789	7.00986795002	3.53707648141	3.00708319027	
2.49061381851	6.93256981748	7.44493962925	2.67312220453	8.4667237068	8.8992896536	7.44493962924	3.3352891942	8.94951491127	7.05063710651	3.30248772849	8.86347339745	
0.624756823735	6.83818747416	8.9999980325	3.31983101656	3.52059983333	5.5824022518	8.99999861289	2.60280826306	4.56630079513	6.71010510871	2.85063756356	4.16409598166	
0.484513777589	6.86924949984	8.92474180884	2.5722726454	4.41852861013	5.75447225233	8.92474180884	4.46868734551	3.18925501079	6.1175262397	3.90698516853	3.72169663681	
