1.0147818942	6.91939578266	8.99999488397	2.60454725274	8.82797714203	8.92737946003	8.99999791413	3.76535440803	8.79967552224	8.25844073796	1.62038497927	7.44285601742	
0.837216514181	6.82088543149	8.99978007997	2.90122377302	4.46043639023	5.55382615936	8.99978008311	2.68536742642	4.91620624543	6.97381894805	5.53938422841	8.47282023764	
1.78044312464	6.93878502469	8.1812841087	2.62854697586	8.50304876913	7.22942582175	8.18127415104	4.09771644596	2.7003868107	8.22562182743	8.9997381108	8.88121748002	
1.43013387857	6.92115803697	7.9339393154	2.62771822484	7.55002921228	6.38231287857	8.61145160522	3.54902123633	6.86924963406	8.92430026333	2.57562437194	6.22105584102	
1.00684296849	6.94191056812	8.99999979503	2.88903869767	8.99414035254	8.83051851107	8.9991348006	3.19476599241	2.7574626839	7.21059649296	1.90946859948	3.2553573726	
2.91908388002	6.9495583077	8.79185024772	3.02675348977	8.96879910346	8.97214419667	7.83871250742	2.80156258977	8.07181043869	8.98537948023	0.508408985648	6.01841003926	
2.2695724516	6.9427963576	7.68788270989	3.40301152574	8.84424656061	8.23940668519	7.68788270989	2.67298107883	6.74552838483	8.69026283458	5.95706539517	8.8988587684	
0.979520324425	6.8419341035	8.99999976769	3.2992876009	5.27225391511	5.64915750706	8.99999976769	2.65070309562	3.28982650011	7.38208212357	2.10306502757	3.47663930676	
0.738541968687	6.94219413159	8.99713994989	3.02496001358	8.86357859989	8.85108817263	8.99590418894	2.86076814924	5.14107557031	8.36894344579	1.39406227574	3.73748707555	
0.443057472494	6.93800799432	8.37504889586	2.79384962179	8.51863758397	7.19466037587	8.84534031228	3.24457306257	3.3181073216	8.49699530115	3.26900926117	3.7562529265	
0.987447020968	6.92722861097	8.99999548908	2.59695961449	7.79872076924	6.54521847477	8.99999608253	4.60261493257	2.17244831704	8.21975962278	8.08147292792	7.80343778609	
1.54262990392	6.9327316539	7.77502186009	2.91969460147	8.70444133887	6.75465748561	8.99738121144	4.37281490727	1.73694011111	8.92680570743	8.99999581821	7.50484434878	
0.818787241907	6.82771105895	8.65057896605	2.51641550792	6.75446772922	5.58648487847	8.65057896605	4.1192250254	3.21942509026	8.99720996627	8.99999976914	8.70192975898	
0.783998220924	6.93824472637	8.99742302466	2.59819315065	8.940817602	7.22839891868	8.99805546628	5.04991035214	3.31574057788	8.64630860546	8.31303447442	8.54315204775	
1.33635123222	6.94124607176	8.99919131255	4.04273324924	8.35299072231	7.9708150422	8.99999976846	2.79771608563	4.64128723654	8.87986614705	1.76401450634	3.11659661899	
0.259966217878	6.81709439324	8.90858844377	2.82693063079	5.26351465814	5.54192098544	8.999999925	2.73174688706	5.95651871511	8.7559001752	5.87179981954	8.24193314265	
0.792327274802	6.93200166802	8.73354757057	4.1129962901	8.6820834191	7.83197251898	8.85273499805	2.60224066281	8.41489463717	8.96400192314	4.04112924317	8.72864736359	
0.402843087162	6.84130932641	8.99999977151	3.25433938401	5.13676554533	5.6455835133	8.99999977151	2.58599521566	4.48294619642	7.18495419283	4.95851637992	7.12402755402	
0.464338977812	6.92851451874	8.48766132371	3.200356111	8.99753473689	7.93698958368	8.53773007899	2.70552853041	7.87800953821	8.91076974021	4.60937902144	8.94761481485	
0.846654671715	6.83919006436	8.99999987731	2.81835029446	4.68712860325	5.63024446879	8.99999971886	2.83398489618	2.44282800687	6.63872482034	7.41613568405	8.28739045271	
1.79498526374	6.93650510615	8.24490585055	2.9600386053	8.91347422822	6.98120597679	8.24490585055	4.56606281031	1.7857341542	8.90487548888	6.16038838285	4.45084424408	
0.928311036166	6.94220338438	8.99952074484	2.75036859495	8.92016037764	8.89756308672	8.99952074484	3.23966493612	2.52971200098	6.96735210201	2.66650166587	3.90171290095	
2.8634270371	6.94878850681	8.94819917247	2.94339869018	8.95138789599	8.98993557033	8.47162976376	2.86057703434	3.25203674221	6.89060660929	2.92200931123	6.43052646057	
0.533670140599	6.83311605721	8.81086577122	2.81621885044	5.81487154072	5.61018952381	8.76755592264	2.83015659074	3.60429520733	8.1066849535	3.13959738529	4.1296284269	
1.64389831985	6.86849716292	8.25356423683	3.60116758318	6.62545894062	5.79826518893	8.27842614715	2.58997692888	4.6670171933	8.99493129366	3.36858373546	4.63924874074	
1.90759178096	6.94042466572	6.33873665421	2.9088133968	8.97513475864	7.53165476098	8.99995720166	3.04540182401	3.87494967513	8.96640044884	7.8322779769	8.19109131079	
0.602008909154	6.82363099026	8.99999996497	2.72915685865	5.4051595957	5.56853718456	8.99999996497	2.96576172746	3.69373268093	8.12377288622	2.41237785029	3.55755775367	
1.03830408318	6.94239745292	8.9952308941	3.44201279671	8.96275170087	8.99999968723	8.99523092086	2.74942338895	2.07512664607	6.90349641615	8.27599834358	8.96045128149	
1.44748713601	6.88399060236	8.34146294824	2.7101366919	6.85853993459	5.91094113652	8.34171317965	3.59012603067	3.93985953648	8.92559210166	2.65884671983	3.2222612855	
0.993977503736	6.94231394236	8.99999878408	2.73242974868	8.95533777505	8.9671824226	8.99999985958	3.69548661143	5.36659913544	8.94129607264	1.65114958328	3.3434922782	
1.17741547299	6.9388108873	8.437887067	3.74660650338	8.50588028019	7.2982714615	8.43318904074	2.62829051708	6.70453875526	8.92316325115	4.15199162888	7.53089807872	
0.367917384392	6.8422397164	8.99753774291	2.89185319759	6.10954715438	5.65337925964	8.75561553005	2.72565246567	7.91921638603	8.61444464528	2.45358116336	7.53098451136	
0.467834141441	6.93008461597	8.99999985501	3.52335191067	8.1278001882	6.64881945524	8.45354045066	2.68996428275	4.04476043095	8.99998642389	3.80481864236	4.7616854549	
0.460860393169	6.9397825199	8.95794798832	3.03245364911	8.99999976876	8.79444806461	8.98769929481	2.91970446579	5.09729020544	8.8352613559	1.79666025648	3.43392785852	
2.62974799984	6.94617758494	8.43924595484	2.92939973392	8.94166783444	8.99867606633	8.44724067837	2.92189722878	5.75489110926	8.77882811005	0.559279085381	3.85223110058	
0.987377545166	6.87291422329	8.96898984815	2.95580267688	5.2882559351	5.81922123356	8.96898984753	2.76844555187	6.17715228397	8.99475055038	1.25306025827	3.88782991702	
0.493857647139	6.87109491645	8.99948483926	2.81771759328	5.92847756951	5.81598041273	8.99973923922	2.96779985097	4.67634547129	8.59242306002	1.78169258147	3.46971994924	
0.944363295776	6.92321749504	8.99665589824	2.93578357007	5.98799798582	6.38197460576	8.99999816706	2.83524091272	4.71123241721	6.60459915662	3.12503512483	6.73960558433	
1.09159374013	6.94280872131	8.99962609364	2.87051507465	8.78786533631	8.94865871062	8.99962609364	3.00365914411	3.63040819451	6.99685722173	1.38266396322	3.78442298333	
1.69340005553	6.93939431793	8.34437312404	3.08539475888	7.60830574336	7.27001320977	8.34437312404	2.76696321334	8.99959538292	8.34714226591	1.76253679373	7.99881494666	
3.80817954817	6.99149828468	7.23757263008	2.88215322245	8.97056176116	8.99085651786	8.38158539769	2.89977879577	8.76517309049	8.99541083046	0.668726478218	6.72723819564	
0.832316380119	6.81175147104	8.99992587554	2.74423548874	5.09846610291	5.52086763821	8.99821377227	2.79796464296	8.9424208087	8.99809430073	3.26276958245	8.916337415	
1.20258875038	6.84756055923	8.99999926214	2.53870404278	6.26279848189	5.67948180943	8.99999969564	3.70960984319	2.38179647343	8.00716697289	5.11168689808	5.83148476802	
0.985243832481	6.81818387958	8.99999991348	2.76152560921	4.53733467848	5.54409091748	8.99952262644	2.79915988284	3.71840834503	7.14642009356	5.9170272515	7.74329469946	
0.976068125489	6.94257711358	8.99999972493	2.76983046661	8.89946700815	8.99997269239	8.9879142174	3.24769379619	1.63182320219	6.82633584478	8.55426323387	8.91826402024	
1.56102916304	6.83281974731	8.30675827297	2.71463973293	5.76161808227	5.60726891725	8.30202719876	2.88358718543	8.41868450063	8.53203002297	2.47095203942	7.90586197547	
1.37609075597	6.89719990264	8.56198907704	3.23356966142	6.00370491926	6.02466955378	8.99970348577	2.884851748	3.96040412311	8.02590062077	1.57564337729	3.06648270708	
1.58395328685	6.93396578556	8.33889576775	3.00130442658	7.22943831921	6.79819695816	8.33725861476	2.80729829204	6.73150228182	8.99699241087	1.82554037302	5.16396929408	
1.65111679854	6.94007448707	8.49273321359	3.84253297709	8.98473513966	7.5257159377	8.04167205661	2.92718161963	3.36696640335	8.96397550128	8.9879571332	8.98083856126	
2.48749211735	6.92927933552	8.99999996626	2.75505450624	6.9351449142	6.51489085884	6.77914053317	3.17024980992	3.02166371582	7.46388878008	2.89397942945	3.93919721796	
0.820669654557	6.84111394014	8.99999968986	3.56295383339	5.28639327606	5.64549803896	8.99996346099	2.5588259551	3.43788065752	7.28373550839	7.51683073173	8.82474862955	
0.755043621183	6.93023525143	8.962996626	2.63955688142	7.95159676083	6.65310870505	7.32287026412	3.64898497683	4.49124880546	8.7358558375	7.68812582311	8.21927868595	
0.267583404483	6.74525695982	8.99999110335	3.07781807931	8.95885178609	9.0	8.99963603726	2.51703153673	5.80020533813	8.99999976737	6.71784770882	9.0	
0.904980111535	6.9421356145	8.96343820563	2.89721934094	8.99339013444	8.94152855212	8.13235262732	2.90901523493	4.08592049627	7.03298663263	6.63050738789	8.64284218952	
1.30383859906	6.93908916686	8.76704969968	2.82614834349	8.48775685235	7.33853875049	8.17118283409	3.69432056211	2.01410915769	8.11275131447	4.25377465368	3.7420020896	
0.598712748227	6.86381945584	8.99999717614	2.9093839318	6.11342627431	5.77059074715	8.61221676357	3.06968867778	2.28263005022	7.68512497006	8.99945562047	8.96296928573	
1.05498423531	6.94111699044	8.99999974817	3.45221858971	8.00774354813	7.79808823699	8.97395257279	2.78159856748	2.43498165061	7.19008826197	2.51447414595	3.47816368912	
0.81177023029	6.88540590629	7.60186439319	2.66841473157	6.53517540527	5.92354970867	8.94652583495	3.16299207271	5.34455692823	8.649413426	3.23096578746	4.83622117061	
0.962501273713	6.94246963568	8.99967066914	2.62962805255	8.87106958189	8.94076995335	8.99999984493	3.96161149373	3.38378413059	6.90594362895	2.80448889194	4.296230063	
0.329145729557	6.82399575124	8.99990923812	2.99796385176	5.66997326835	5.57043206162	8.99999711186	2.64406018121	4.5454271985	8.20694408136	6.83374328188	8.7899383359	
1.61475116444	6.90520273575	8.37586247151	2.58047533992	7.49710131449	6.12074985513	7.40944281083	3.9531664947	5.65297704524	8.57571482584	6.29358543676	8.36354942823	
1.53226242794	6.93973990704	8.99987037729	5.10034248778	8.9264649594	7.46165944048	8.99999350907	2.66464782436	3.62471788376	8.78959707026	8.2175377166	8.99999859315	
3.62530631564	6.97636201314	7.47126541724	2.8935660143	8.94732220171	8.98102620298	8.81414111569	2.89493569513	3.01631334916	6.92323046215	6.13958988892	8.99995854076	
0.786116988841	6.86339983281	8.21494487611	2.67849200405	6.04452704569	5.76772169996	8.21494487603	3.06231274783	5.17473907866	8.4823407201	7.31087269584	8.54701697237	
1.51214230294	6.90602444257	7.44737641942	2.61393135263	7.82715521724	6.13236758707	8.35576119749	3.52703822403	5.29516738595	8.9972484087	4.31386066387	6.22999169154	
3.09646765403	6.95331457627	8.54482515561	2.89918880413	8.88930152769	8.96034835901	8.54483088797	2.91282021569	2.38366440972	6.86620903968	1.91796162795	4.44030831272	
1.00500076501	6.92499300307	8.74587969241	2.92913687399	6.67014608785	6.46512874517	8.74587969241	2.84255438046	8.67518732891	7.49632817027	1.8436247196	8.68271554378	
0.538966958114	6.91515805984	8.90931703354	3.32163367389	6.6928585652	6.2659046418	8.91528814895	2.89150010363	3.60289354945	8.10111657186	2.32420735462	3.14335699351	
1.52078293174	6.94112246468	8.32997556051	3.6159509073	8.99999500187	8.06790383767	8.37430741572	2.64222345304	8.99689412927	8.46775496681	2.68623871529	8.82837662222	
0.756459760188	6.83364224064	8.99058697398	2.94323003552	4.5977887108	5.6054231601	8.99964235449	2.70517069988	3.31779666465	6.73545607004	2.81750224399	4.31199293656	
3.76633547811	6.98765973897	7.58880071608	2.896737728	8.93833015878	8.98514851794	7.91951713131	2.88683807322	8.59873839766	8.96175827579	0.816537744632	6.56525558935	
0.495601643923	6.93926167313	8.95109089429	2.71637138193	7.98900779397	7.36637151049	8.99909193744	3.21616882053	6.91970003084	8.30321487788	1.79856046472	6.26680293621	
1.67814632227	6.94168528419	8.30737422753	2.98622796057	8.99928977798	8.44442295978	8.28072238359	2.9623181208	2.3695312904	7.51527885388	8.51896742214	8.95923660335	
0.360549536207	6.93104807254	8.81703793561	2.94199525096	7.38055061626	6.68160733734	8.51587904758	3.03987577458	4.22035469369	8.63666302638	2.73933665325	3.4576574554	
1.46411166425	6.93696322038	8.30903050643	3.77070149607	8.2973987161	7.04584046717	8.29560886755	2.65461429901	4.53253069917	8.9972226311	4.30935915522	5.45783598051	
1.06370725719	6.93904287762	8.92937301305	2.60438045025	8.89377289223	7.35375520836	8.9999997753	4.58798767528	2.53083622439	8.47003652145	8.10565643579	8.22328129603	
4.05233341401	7.02038905782	7.6813590376	2.87717652421	8.95361101732	8.96380151536	7.68135903761	2.89363998117	8.90620868512	7.68063880734	0.823933738681	8.31829784701	
0.690695192429	6.8394370311	8.99999970625	3.07728031647	5.45588368445	5.63846378162	8.99999964727	2.84596116983	2.18928492711	7.40008800613	8.76794471337	8.95771600054	
0.708812678512	6.84567368358	8.99637399474	3.09197077664	5.46139666319	5.66857795144	8.97540623943	2.64157416852	3.47727279367	7.29476464528	3.65915171997	5.39099129877	
2.05775498064	6.82809438211	6.93734059786	2.83111964728	5.82808551439	5.58305106061	8.82836963511	2.74597467293	5.83195101677	8.91622896159	6.02752457298	8.26169494771	
0.862925957803	6.84013912048	8.99999977064	2.61076614455	5.32072430965	5.64106151052	8.99999977064	3.14221708572	6.92773504553	8.9999188633	1.61249530615	5.14491587065	
0.933428565811	6.90499721559	8.99984767933	2.85992460555	5.89413675642	6.10695176489	8.99999082726	2.98336325273	2.2466377799	6.86126305355	2.65432789194	3.66700804313	
2.43234293911	6.8800343403	8.98750029322	2.86370368405	6.11068832122	5.86078190702	6.71912495422	2.8086056351	8.99998466767	8.13106000314	2.12385594241	8.48445099561	
0.886121758956	6.93922124335	8.67483798871	3.83557085208	8.8468809623	7.39645590077	8.6748379887	3.11522662581	3.05262471344	8.82814628577	8.60775181683	8.28357275693	
1.9910206136	6.84945728699	8.28145057319	2.73462621543	5.72094123011	5.68400980792	8.28145057319	2.90429281805	4.51877801112	7.76126690135	2.04130451586	4.55643122574	
0.515569044076	6.91385882612	8.7799939214	3.21863205542	6.99362629039	6.24716240523	8.98919908151	2.68233907637	8.81884040391	8.99303681753	1.99086803629	7.68820603171	
1.39798563201	6.88013651176	8.9237305559	3.54282901402	7.08873237546	5.88123713196	8.92373055585	3.93759755782	2.91318469748	8.85579238106	2.82989970865	2.63480936168	
0.516654888197	6.82152694722	8.99995687182	3.04052323598	4.74760340779	5.55817944147	8.99995687181	2.61866967912	8.86537574397	7.96125807491	2.61722953488	8.40175837412	
1.56665358531	6.93997294089	8.31507571473	3.87227245461	8.99536454799	7.51770533869	8.32886216555	2.92472639072	3.3835571386	8.99567941382	8.99802681572	8.99232180331	
1.71619309802	6.941061587	8.02465790819	3.20557848146	8.99999699346	7.9069529412	8.12688595925	2.86112182432	3.04085811213	8.21327238745	4.29912313138	4.7348662727	
0.973759153163	6.93561429316	8.90908540708	2.86072372873	8.93052469762	6.94847937363	8.99962167038	5.40270192229	1.15593185948	8.92628170845	6.7035422584	4.25380245468	
2.01675386043	6.83970241669	7.68962010635	2.71549181804	5.83846393755	5.63588585963	8.5806746316	2.9066119631	3.78068870038	7.80570906492	5.75120817267	7.40914609034	
0.893314457559	6.85088403145	8.64040008024	3.67302242941	6.21526690877	5.69720028824	8.99354587796	2.63637190609	3.29667645984	8.23366539541	4.86720164396	5.47039981244	
1.12954813938	6.94221538668	8.9999999877	2.76932981204	8.96711779931	8.92890871434	8.9501687852	3.10797451552	2.51970785776	6.96465042701	3.64843003441	5.15703218349	
1.51212799182	6.84704422744	8.3690120246	2.57685732295	7.19729144853	5.67631251134	8.36422039796	4.47410314785	2.36603249905	8.99120747503	5.706062604	4.60436080492	
0.75097562209	6.81463868331	8.99991647674	2.47403788307	5.99008898487	5.53232037654	8.99991647757	5.29211772729	4.26767305735	8.82618532452	8.84120116629	8.56561024579	
0.820286062604	6.94089445796	8.96883049462	3.12155109101	8.98414758395	8.07521496375	8.33863030887	2.82290495767	3.44539091936	8.06887334447	2.60510957471	3.78809456327	
1.38307789532	6.88635224849	8.64326781212	2.80960476233	7.42797620657	5.93109162226	8.12568814755	4.08413151611	2.92291456	8.93430616606	3.49872713879	3.01130391108	
1.60206362235	6.93874830991	8.32316137232	2.64133431943	8.05478792814	7.23546276048	8.3245300663	3.60033538665	5.72898712606	7.8831576897	2.85141396524	6.24104413458	
1.82255160688	6.93917489004	8.08850233098	2.87432082136	8.99373984655	7.28816136281	7.47860926325	3.47585126994	3.05971149191	8.93367204489	8.99059412589	8.57766653939	
