1.03454635426	6.92688729675	8.99882436777	2.64334076801	8.80897259378	8.967691096	8.99246279726	3.48069696623	7.90592247578	7.77833672131	1.3804799647	6.97939413979	
0.527431230146	6.94288483116	8.99999577748	2.60341260118	8.81324749693	6.75224813976	8.73145976544	5.1735317545	3.64029947576	8.99964818542	8.43954780226	8.33539447029	
0.773179641803	6.97278136912	8.94360189201	3.52577177345	6.75766153456	5.52273648479	8.65312564271	3.05869847719	2.50759285475	8.32490778573	6.48214290013	6.36754701042	
1.66781437482	6.94154160409	8.53256742428	3.39268696306	8.96897218918	7.47414909424	7.54860858947	2.97260813322	3.37180738808	8.95758843542	8.98007450306	8.98640857829	
1.07372934858	7.01361555601	8.21486422429	2.93410909246	6.3788647543	5.18828234721	8.80931677381	3.04690435324	6.28839625213	8.32350184165	3.16954112015	7.08343771749	
0.687249693033	6.96293938909	8.99999884388	2.72448477831	5.26544764738	5.46206257724	8.99930566359	3.41637801954	5.97787252217	8.73335364392	1.77636465051	4.06215903653	
0.40092765449	6.94233939814	8.3321367504	3.17025362449	7.62900219569	6.64643859996	8.84378661402	2.74682471521	5.20583374021	8.80640190269	3.18586372734	4.94043087644	
2.74209596392	6.93751586814	8.99746011884	2.85346316429	5.18927634095	5.74942682845	8.5589123532	2.9525410968	1.09728332485	6.47410567597	7.44077246712	8.71388683622	
0.990854031905	6.9375972445	8.9999806616	2.85722519731	5.10085986238	5.62074668936	8.99999974151	3.08455697163	3.69731709087	6.90788018482	1.49503025517	3.53117379045	
0.711633303945	6.9263844796	8.76788198704	2.72751313344	8.821267038	8.99500491578	8.76788198704	3.13436190028	7.32929694034	6.82260782595	3.38844182172	8.83566925655	
0.854729833728	6.9649898047	8.99999983124	2.8965762004	4.45832474732	5.21700812015	8.99999983124	2.98504093088	5.01543727152	6.7545899712	1.71003536249	4.87546028174	
1.04124178725	6.97677385723	7.83547545607	2.82126859283	7.13432952056	5.48005367263	8.59450136674	3.47445878063	3.22511289116	8.85182644053	8.92403990248	8.8054580117	
2.08526776457	6.93128170657	7.82266907851	2.89607866227	8.93393167897	8.96287790021	8.99980210497	2.88928101716	6.69226268262	8.99661086491	1.11496761152	4.62790973989	
0.516746071061	7.01159609274	8.83666517777	3.06340190129	6.07158505136	5.19345505297	8.99808556731	3.19205531844	2.36680273856	7.92780950586	8.92208502651	8.97879019607	
0.576586387042	7.07149015726	8.78397611129	2.9729113522	6.02787459532	4.96050721889	8.7898718558	3.22486069158	3.46454792545	8.21641905582	7.75884615151	8.61065298548	
0.485506140907	7.1060729942	8.99999374086	2.80989580142	6.59394544671	4.87667866469	8.98185791045	4.84928383731	3.85163152203	8.83766339962	8.85899219103	8.94747068952	
1.18163646878	6.96430786052	8.99999925924	2.76394938017	7.40341387471	5.66212318956	8.99999980634	3.80229254152	3.33735813603	8.99889007907	1.93318735495	3.31917028463	
3.08263212777	6.94288793838	8.05417732346	2.88569685238	8.8477125973	8.85755605372	8.05417732346	2.94845199193	1.75551600548	6.94802062327	4.99346146419	5.86021869892	
0.562781190834	6.93238701117	8.61803365542	2.82009094354	8.99408813732	8.92151468831	8.61803365547	2.97569521768	8.99998351137	8.31527600394	2.32822113002	7.81131585078	
2.96429011443	6.95693312945	8.80177318	2.90032891208	8.07311247778	7.03760879003	5.81812275457	2.90657903974	7.59417881198	8.6242908411	2.80259600624	7.28347857534	
2.3255701776	6.94369503637	7.10285449797	2.83748753723	7.14002464417	6.53155122494	8.997698174	3.28197768509	2.07025857325	7.56756030895	3.68867739048	3.81794990583	
0.888979448226	6.95876498713	8.8024097476	2.83128776691	5.6179424207	5.59298914305	8.99999584606	3.1900883213	2.82157183782	7.07001727119	2.50551243507	3.64840268069	
0.92549632057	6.93725189691	8.99174501313	2.61312169512	8.98112715956	8.54897675174	8.99999966913	4.22912385639	4.39051105556	7.69322723506	2.4183187741	4.34063499167	
2.19227927113	7.20319472088	8.27084128455	3.24234014259	5.8541936092	4.73764387118	8.22467368987	3.37610528278	3.00993053756	8.37910228825	8.71873429902	8.98740451222	
1.34469110933	7.00384003154	8.99999236698	3.06263738799	6.91505794335	5.25129206687	8.99999999072	4.12684899342	2.86535868932	8.91840499893	2.52102567808	2.93824072056	
3.83595713584	6.98327154427	7.66312934659	2.89785850806	8.97988637342	8.90584379942	7.66312934659	2.91630586433	3.69323009631	7.30765555797	1.35907864807	3.83861629134	
1.0928770598	6.93845137717	8.67547993326	2.82114342725	5.48209846623	5.79673012613	8.99999976879	3.24074828357	2.08497520524	6.69884724307	3.10684180282	3.60149021331	
0.337104055056	6.93911885746	8.99999724989	2.60034978763	6.44314911642	6.25680228218	8.97263044029	4.8054424693	6.31365091734	7.216848184	4.17112379984	7.07422230568	
0.910403212813	6.93880500102	8.99820961171	4.67320690261	8.99999994992	8.35016528337	8.99662075662	2.60198287531	6.22846008333	8.89496570365	6.54916279142	8.87887157649	
0.0885224273962	6.94150883034	8.94644015309	2.79389408912	5.11227398786	5.59042016527	8.9464401531	3.06513506565	3.88001330556	6.60842493171	5.04048698757	6.66993239369	
0.84283770678	6.98211287776	8.9955625685	2.82547063971	5.53332745497	5.35833412392	8.99556256865	3.12517288511	8.38322039393	8.84384339231	1.44842910822	6.71914431706	
1.08423816653	6.94485097468	8.99999318507	2.87339078273	8.51412869589	6.44796118578	8.99999952737	5.23174770894	1.2661087552	8.99999975554	5.2056686686	3.22732502588	
2.18662641977	7.21740933515	8.67163603142	3.18056007231	5.70022559452	4.71992197737	7.85099102291	3.29557543014	8.99879382972	8.99965205414	2.67926471948	8.32955693866	
1.08495083336	7.00354263485	8.99999968756	2.78355160955	5.02745532433	5.17164563272	8.99999980024	3.62367414896	5.69899461604	8.94440027984	1.71329933052	3.65302227772	
1.87207334878	7.01305084112	8.328005376	3.2775682291	5.8181198431	5.19468529795	8.32312540171	2.84847715893	3.04903438009	7.68296254863	7.32290898975	8.35166151932	
1.77876662544	7.07786900152	8.32852547545	3.39773045909	5.81010327912	4.95090234557	8.32852547545	2.87656937263	6.46733782619	8.06150393854	4.96684988117	8.97067191458	
1.66452512701	7.25397221964	8.99999269003	3.04635396385	6.42493187008	4.67059543054	8.99999269004	3.99341876925	7.32747007094	8.99998813134	3.89221406194	8.99993643091	
1.64318285757	6.95607169305	8.99958810043	4.93000444852	6.4798842566	5.80434079211	8.99958810044	2.62245226602	5.89081168294	8.91196963312	2.36998534655	4.81333996006	
0.806297353707	7.04222945663	8.43499965084	3.05258984263	6.25421966266	5.05750557587	8.93441675345	2.99427642553	8.29545861392	8.97958382005	2.48166282556	7.73600817424	
2.40223493183	6.94248544539	6.65743516134	3.5461194132	8.99999016287	7.97444267173	8.77228502159	2.96001072186	3.67900051809	8.76251571843	8.9957701236	8.97628137123	
0.708832148854	6.9425642645	8.99994717109	2.61712538606	8.90790049746	6.84082951905	8.99994717109	5.28065469379	2.17160477183	8.99526046197	7.99841307424	6.765348944	
1.98477418613	7.057389346	8.30809800005	2.98816699406	5.563235093	5.01301784023	8.30809800005	3.08889594416	7.1175230134	7.67136494951	2.93742394891	8.05545538557	
1.63433899746	7.02382373843	8.19539793102	2.92980015199	6.65810142854	5.14466257105	7.65999598642	3.07805928648	6.91530604775	8.99621548501	4.5819014385	8.12761898283	
0.777858949001	6.94325152569	8.79272358402	2.86291749477	6.20691839154	6.04859517831	8.97042539044	2.97963439671	2.9753471204	7.13818077637	3.02309170026	4.42892419864	
1.57220110213	6.97239726134	8.44411610221	2.79107996469	6.00377219016	5.50227044637	8.42615854016	3.21163028792	4.04835094712	7.74763076605	2.20147546813	4.12620412906	
1.75760979695	6.94414361872	8.16462442265	2.60420783978	8.66175989351	6.61101857564	8.16462442264	4.86133522903	4.49676970309	8.99882953223	7.13359867935	8.01459063031	
0.735232362991	6.94176547821	8.78535101191	2.62809014411	8.85505279809	7.11264873805	8.69882294169	3.79460652327	5.45681397531	8.68332565471	5.33899880174	8.36497378744	
2.25490574025	7.36352728235	8.29915739318	3.37023762444	5.9984697931	4.59681342509	8.290582739	3.53530535342	5.88863855759	8.93834849102	4.64226307212	7.22492325903	
0.944225781509	6.92831572907	8.99851434019	2.86637309606	8.88361320353	8.99135813735	8.99851433719	3.18426486082	1.39523640681	6.85324855965	8.78428889672	8.83597101768	
0.883322398311	6.92986641423	8.99999996138	2.74183308359	8.95307579506	8.9996611015	8.99984383495	3.20901802028	1.89918925789	6.90919483921	5.34614287081	5.94713909435	
0.924839731211	6.96221011846	8.99995039138	2.84044456427	5.24788134688	5.46409842307	8.99995587549	3.06688844337	2.6763077618	6.79721850911	3.227005965	4.60021944829	
1.29462319024	6.96456715035	8.99999976873	4.82022901315	7.26846169294	5.65776732554	8.99999987806	3.08765824496	2.99510340342	8.95609531938	8.94819356355	8.67520287947	
1.10300475065	6.94059547196	8.9998589892	2.69726799279	5.35538811065	5.71076522123	8.99854938739	3.30638590104	8.88818131623	8.96030730328	1.1929614497	6.57776054892	
1.41478379527	7.23373831929	8.99991646134	3.18024165102	6.10403585732	4.6884339898	8.99999940883	4.16826184385	2.04847150119	8.64370215016	8.51654724245	7.82451474711	
1.24351754743	6.97315377666	8.99999768764	3.09404831111	5.28772397096	5.3898937795	8.99999781946	2.91552496605	2.12885902397	6.91242898702	2.75513583996	3.78532050325	
1.58482405738	7.21147455126	8.38002617039	3.06993227803	6.23323759742	4.71454735254	8.51012745193	3.62088795307	3.70439297044	8.81642070522	5.41561203733	6.05009586617	
2.44794372154	6.9537791919	6.5511921609	2.7151060344	7.56471135306	6.05125812498	8.63536586069	3.54022673774	3.59859658956	8.74236130204	3.392839197	3.84305685365	
1.32943230203	7.29320992181	8.79230180192	3.4829483685	5.91247412028	4.63330924592	8.79230180191	3.29914932265	4.36177245719	8.80275713469	3.63957052559	4.97161744779	
0.785082458634	6.93675800494	8.99995462616	3.93708691606	6.44548696511	6.37464144471	8.98701479373	2.61537021262	8.25239977718	8.92022512851	2.14110859221	6.4821039409	
1.04702010842	6.95670467549	8.99359846973	3.1639449313	5.35689981922	5.54432642629	8.99359846973	2.97327857248	2.09141761505	6.83800522712	2.71630891362	3.3777219979	
2.18340639039	7.32132759574	8.35990637299	3.53555656436	5.83390092001	4.62353424753	8.35990637297	3.27112516412	8.98434469039	8.99999999565	3.37494009201	8.99999977729	
1.19440241678	6.93816171081	8.99972650278	4.0089483094	8.90818852265	8.37166792872	8.99972650291	2.62126216502	4.51500107803	7.87422387402	1.94611645487	4.40403592427	
1.08183122312	6.93120870157	8.99999967287	3.18308456788	5.68339910789	6.01194009561	8.6870415312	2.86067271138	2.4871602779	6.72343954519	2.5673945954	3.4516192222	
0.655199135259	6.94782447766	8.99509306831	4.29216541641	7.14740594148	6.13110644359	8.99509306831	2.61585026011	8.99999955606	8.91872654386	3.30748069717	8.84973675985	
0.901043798652	6.98471976045	8.99057618463	3.16049436671	5.41207479873	5.32502788246	8.99996718084	2.96286375608	2.66193320272	7.16267721104	2.4387184789	3.46366910253	
0.919561753651	6.93013586979	8.90700015119	3.18151288788	8.90340322291	8.9389735573	8.78047420162	2.71675545041	7.13836134074	8.85849854547	1.54951090903	5.22757369801	
0.450260884073	6.94016913751	8.79488503249	3.7469041131	8.74172504244	7.76319938431	8.79488503249	2.62970291491	8.99977457356	8.96767213994	3.5888058071	8.9778271172	
0.954346694484	6.89305351501	8.99431501015	2.84218868271	5.6223254369	6.48228187877	8.99431501015	2.8803907533	2.58924578949	6.23803620726	3.46044992895	4.93418526484	
0.977552363928	7.01601240751	8.4576561593	2.7394046734	6.24889733078	5.17378746482	8.45666616497	3.64818650707	8.93627804039	8.44894690149	3.23429908863	8.94014962934	
0.915293561829	7.00234256157	8.99999901095	3.36034624122	4.60402802084	5.10773429438	8.99999968293	2.80258746119	5.05913171426	7.64317678198	1.76273728995	4.08014035482	
1.13430031429	7.23378521688	8.87833367655	4.01252160994	5.91635681077	4.68677411393	8.99999970982	3.14897673372	3.81464781692	8.86466431295	8.54794329858	8.99999807423	
1.73655743362	6.97263133958	8.99999763131	3.17398201071	5.7272835232	5.47484942683	8.99999990211	2.78551620619	6.27608618198	8.21306634251	0.562491058612	5.33750868923	
0.445981370517	6.94031636521	8.55865866231	3.30281368743	8.99987449326	7.93512553438	8.55865866232	2.69339615405	7.39923296072	8.99403790816	4.47989119541	8.23174613012	
0.226437995532	6.94785512209	8.50763804657	2.60846784301	7.31864650552	6.14540418778	8.9942025115	5.03498280709	6.36672135488	8.23407750262	5.01267531866	7.11067270611	
1.42196656775	7.25077442038	8.49037927061	3.26072215788	5.98177476121	4.67124766226	8.63984315696	3.35926758683	4.4657347075	8.72158014355	7.59011113369	8.98135605724	
1.90099819796	7.10884750938	8.39256425025	3.01748963748	5.59235376472	4.87848822711	8.39935125129	3.2036706888	5.99209676415	7.84613709251	3.83346833418	7.71133797578	
1.77192472861	6.93578116285	8.32856832666	2.91639212552	8.99533939323	8.73998742236	8.33293434256	2.8722724216	8.7917087942	8.99859345449	1.60167779189	7.01426538056	
4.65904015443	6.96128322065	6.77434102961	3.51907943427	8.03272132296	7.75557518954	6.77434102975	2.5761078221	5.12593008502	8.67969329182	7.47036105156	8.99999984803	
0.944966162068	6.96120598538	8.99999559844	2.90362099233	5.3824414002	5.50856357014	8.99999984239	3.19470737218	2.08592142363	6.88825288458	2.87103245664	3.48314451356	
0.662863882287	7.01700618714	8.99999534747	2.88382464278	5.94899591655	5.1631169144	8.72101842999	3.32100976648	3.43745294495	8.01861098876	2.65655389719	3.67845035368	
1.83969150661	6.94289773813	8.13705028465	2.60287211477	8.98163219277	6.93137869684	8.18583675078	4.86944730826	4.10887145491	8.99292970754	7.53613865349	8.10483390572	
1.51085612289	6.95184419595	7.35605811472	2.86085464365	6.46918839157	5.90126808327	8.99998093659	2.97091187484	7.34793025375	7.60545609237	3.76115140982	8.80996873626	
-0.143357189788	6.92237743761	8.81640512083	2.83707343134	7.83251873012	8.12474285305	8.79981661685	2.93586274215	4.6184152199	6.90238827005	5.99624081481	7.85273301524	
1.38493127386	6.93800677451	8.93601662073	3.101519873	7.07622052394	6.76035501175	8.93601662072	2.76863496065	6.10717806648	8.99125267936	0.845009129927	4.38074137178	
1.71393602443	6.98962637528	8.36917610191	3.04607400745	5.77167712229	5.33334231186	8.37763514908	2.88375708203	6.10177706599	8.1514433084	1.91939770048	5.50449461907	
2.46144964229	7.09706607266	8.01800775498	3.19347426962	5.65152135799	4.93665471819	8.01800775476	3.00797882348	3.39086821811	7.86312629359	4.30301426961	5.39970784146	
1.51879448915	6.94115171007	8.00222816791	2.62879927104	8.98165216804	7.64245574313	8.79373862767	3.98403215124	4.78066915845	8.96270750668	2.62138101926	4.19445572161	
1.21348859352	6.92792346383	8.9999987763	2.61381021253	8.81844019888	8.94289669118	8.99999981917	3.94563776368	1.91881811322	6.83351638983	8.65056050641	8.99265992126	
1.58419359435	6.98113437938	8.35742784787	3.1858217738	5.94829171539	5.41082269509	8.35742784787	2.79371066287	8.77149249149	7.90825367201	2.32526777623	8.719496548	
0.447302747517	6.9421527692	8.96494060705	2.63856966762	8.98188418332	6.96675271513	8.96252286005	4.84660174393	2.18781487707	8.95037031849	7.12673494813	5.98189144358	
1.31030653174	6.94131562493	8.3244473431	2.75748857499	8.94957240522	7.45476192813	7.64626830271	3.11588873607	5.70423880369	8.99884703726	3.3953359616	5.71700589519	
0.695520940123	7.02618172959	8.95430965026	2.90194482449	5.52131224237	5.10858608309	8.99999986045	3.35080955079	5.0628399244	8.9647311175	2.02730002669	3.56416777394	
2.39507799681	6.94220994455	8.79752484444	3.14943313648	8.85188877461	7.9219026238	6.37514251726	2.75459231311	4.50622440149	8.32452463802	3.99271895141	5.48105403566	
3.89654923394	6.98682326911	7.73567061054	2.8590075904	8.94115319201	8.97774264313	7.73567061026	2.89921934924	5.0500282414	6.98367529658	2.3400383884	6.64778150302	
0.924438973712	7.13588357942	8.99999969328	2.8494128845	6.47726336765	4.81917339945	8.99999414895	4.57861946045	6.0321976682	8.87388744167	3.86268634297	6.69474186407	
1.56999076298	7.19866808847	8.52170202998	3.2712916218	5.84919740746	4.72921087773	8.65081846695	3.35162337508	3.00494345367	8.38280932086	8.65302072839	8.97120798734	
1.22001590635	6.93253912203	8.66018635065	3.41138850166	8.93757509203	8.86311320773	8.99999885913	2.84310673526	4.14757840479	8.0787997942	1.66241607706	3.15396176312	
0.554307860985	6.94212462438	8.99991574967	3.01103038717	8.90288266423	6.97180960935	8.59032982269	4.3766218869	2.15293326727	8.93695139901	4.70101614976	3.3179860426	
1.05530006701	7.01762606665	8.99999983603	2.94246563233	4.79083673259	5.08382283901	8.99999983603	3.17144596559	2.33842438699	6.79283975298	3.13623774508	3.96773678197	
2.86255537416	6.94774764716	7.25776105428	3.02795503149	8.99868660268	7.47669138828	7.30733213172	3.18316921609	3.32289376448	8.9221814171	8.9999836271	8.84660950252	
