3.4255140786	6.96203050745	8.10223261605	2.91184443432	8.25067067606	7.63815135132	7.98540779789	3.16338501869	0.846426098824	7.56290789578	8.78552290317	8.8125974464	
1.76357473763	6.94069636174	8.21778394956	2.64272727816	8.90694183867	8.11858209205	8.21778394956	3.60431638223	5.43762016212	7.73305756155	5.13451712659	8.29397737085	
2.2830224129	6.94146194517	8.02098238153	2.67884557493	8.99999977048	8.43255311394	8.04271648443	3.36197767588	8.98520492825	7.80590155156	2.22814603485	8.99446778382	
0.87794186242	6.94046905255	8.42359218111	2.62421778363	8.94710053393	7.60269176838	8.78683725583	3.83016082102	8.70293608909	8.92282753743	2.71533254364	8.18851243259	
1.5054029204	6.93419792935	8.59812147485	2.67304296924	7.86578882638	6.38176800047	7.0997153858	3.39954805013	4.42264425917	8.73826005534	7.89131153836	8.91128341652	
1.09751722105	6.93999854956	8.35924329463	2.61088447934	8.65847757414	7.27910989578	8.35924329463	4.13446398427	5.88794007118	8.8582460577	3.34769544863	5.54255424976	
2.78917611978	6.94244869309	8.65980882633	2.88580988941	8.97613208434	8.92095443707	8.68065397072	2.91099677894	2.5729307566	6.99679854026	2.06605079073	4.74287546364	
2.04249527413	6.93845702298	8.17609595878	2.98944875911	7.45328721724	7.08413040863	8.17609595878	2.88499077112	4.41027758924	8.11546555527	1.8045000814	3.70539314547	
1.61722079264	6.93955008986	8.31796133181	3.13533525368	8.99933671905	8.59404247744	8.31791811841	2.7456451121	4.79093445345	7.38960997956	6.02190341864	8.91623107125	
0.446893930951	6.91639072608	8.83819650927	3.73330462785	8.99999976875	8.84023533735	8.72355485279	2.60081051447	8.97210025695	8.80596677736	4.11669347863	8.85585585228	
0.118460074944	6.93244710608	8.63720968254	2.99108305358	7.81699729112	6.29003363023	8.90862452166	3.64885097087	3.03479293675	8.87114741126	3.86131277725	3.29894663703	
0.878033812885	6.93099063419	8.91251793758	2.61514348424	6.52705685521	6.5731551507	8.91251818613	4.18439189439	5.69423318568	8.54753567742	2.34584093193	4.07410481923	
0.459745493315	6.93458294683	8.99999976853	3.8410095378	7.00768496128	6.60118195566	8.65045870869	2.95028354343	3.85724659904	8.36420249153	8.99973457662	8.93869529832	
3.70655695425	6.97599265681	7.68552983126	2.8890277833	8.95490092226	8.97311815755	8.13106348846	2.88570852884	8.9433166265	8.98501318972	0.553112006469	6.92075930748	
1.64231923142	6.94074536776	6.81548788051	2.64275843454	8.99970140155	7.50397609623	8.99968588813	3.60573898922	8.77148430107	8.76633565312	3.52089582096	8.9451545406	
3.22570499227	6.95495381785	5.21501966366	2.92202862961	8.89226498869	7.40590311635	8.86546427262	3.2153629236	3.53238163625	8.97084635766	8.99138982655	8.90826861058	
1.4235620916	6.93966312999	8.29409758286	2.64160141568	8.78025274967	7.08155078631	8.29657147094	4.53509070756	2.53287960461	8.65724292391	8.99919066804	8.12654569122	
0.693742743223	6.93706572471	8.99999455908	2.84245415438	8.99974200091	8.94201131706	8.989615733	2.95665446502	8.98895228485	8.97273603011	1.34565623762	7.02191833422	
0.950113168154	6.93809499395	8.99999984026	2.85478533911	8.9999745154	8.81215829646	8.48640866379	2.94318030096	8.90946411555	8.19901988582	1.63268249811	7.8865399864	
0.862339101612	6.93238546812	8.5195266669	2.92997363564	6.67081761066	6.55130747006	8.5195266669	2.85582524929	8.80467488665	7.54736044173	2.43027203631	8.64544829315	
0.145815780597	6.92032463253	8.8016661643	3.52081339234	5.86243606533	5.98653395503	8.99396895484	2.63898714733	4.83903269271	7.44744050271	5.73476648166	7.51869679947	
0.6571139817	6.93665615644	8.99998983555	3.27884602529	8.99729609515	8.98463607187	8.99998983506	2.73341055618	2.63586627715	6.97772819842	7.96588095318	8.99999997549	
1.4719391767	6.94076048988	8.30093244498	3.78789661282	8.99933509563	7.77582994724	8.30237902733	2.62703698206	8.21850658928	8.9946816876	4.17168660039	8.99371174349	
1.26471448781	6.93652376332	8.99999977345	3.1312666609	7.56447531202	7.51801585118	8.99999976731	2.75758711626	2.62628092036	6.99282028699	2.74649792534	4.52086984823	
1.09820462592	6.93261100538	8.99973519182	4.42502435522	6.74764286448	6.47048318151	8.99973515695	2.60314273636	6.17142543643	8.97041056335	2.36957490451	4.6397657683	
0.507207813069	6.93922554893	8.47213381688	2.89979538882	8.05229181728	7.44943404143	8.99993796138	2.91201153568	5.65171863824	8.86553359991	2.13059466608	4.40302301666	
0.781814755394	6.92887046255	8.51828625158	2.86955899438	6.60736092813	6.18793117855	8.47635246361	3.15952149552	2.71150658245	7.50008026299	8.8135598799	8.91803679133	
0.838524727506	6.92450469142	8.40916825892	3.3964361748	6.24339985402	5.99420701182	8.86113102407	2.67189066847	5.7469317973	8.91179727968	2.43692249837	4.29228313137	
2.6298945975	6.93965656611	8.39458893272	2.86577737619	8.87963885667	8.94170901827	8.9999998567	2.92732086201	2.1245944475	6.87856158813	6.60369854627	8.73452193027	
0.473204868611	6.93949859468	8.99999973243	3.33252741444	8.16128665659	7.32946776332	8.9633605451	3.1410369789	2.46250544278	7.90087738183	3.06535382086	3.13744077668	
0.0805904578344	6.93694640655	8.99034286481	2.82641993289	8.93583921281	8.88897806176	8.98381344471	2.98066349965	4.2659608613	7.02431048486	6.12118135177	8.37558424878	
1.30826863519	6.93888121627	8.99999999834	3.02632536306	8.85050386217	8.54613500891	8.99770666536	2.79809642167	8.63923309045	8.99999976876	0.741463821581	6.88291444066	
0.730400664519	6.92910246316	8.71448621864	2.96340167603	6.41148418697	6.33386385695	8.71448621864	2.953350064	4.79237517171	8.44158916201	2.07022036528	3.46727244175	
0.299569013795	6.9235992686	8.19208472223	2.61919614925	7.40924928171	5.78726688543	8.94016452519	3.91589839869	3.69990455188	8.80265226492	8.80133687585	8.94893888127	
0.729458268737	6.92674370787	8.92846347524	2.69909695969	7.68270014419	5.94543638636	8.92846344551	4.8703577226	2.79778339323	8.87191742149	3.86258021521	3.27087324024	
2.6668718093	6.9409041116	8.01904258574	2.96805559362	8.93556683188	8.90382204168	8.79468165493	2.832593706	7.74763433796	8.99914657723	0.549809561354	5.72420965299	
3.97073830962	7.00328547343	7.70079077453	2.89706494287	8.98910176469	8.95888586222	7.53539393708	2.8690509004	8.83268015731	7.26043647364	1.30488344408	8.9999997895	
0.530719211656	6.89775520413	8.99999413966	2.90844911232	5.09495262093	5.98832716916	8.99999933125	2.87433360051	3.12071814711	6.3162983384	2.40388777062	3.82024623173	
1.82658657624	6.92527693332	8.99999976874	2.67235431442	8.05391482542	6.37754672875	8.99999976874	8.55913379816	0.561180137193	8.63211304571	8.99999975621	3.93053461025	
1.7408671202	6.94096626231	8.76375634114	3.66070187822	8.96358721136	7.81046645826	7.49737984547	2.63727300307	8.95216365393	8.96074581761	3.38534430985	8.94808366133	
1.03721021242	6.93357290877	8.99999959735	2.98218875492	8.33875301656	6.34988425039	8.91852809587	5.02917777555	1.08736558367	8.95028478855	8.47067580064	6.26254607059	
0.51699259092	6.92391516046	8.99986634215	2.86410390235	6.02546060773	6.26758536426	8.69889472594	2.96427053534	5.33110566823	8.3025798046	1.91795905692	3.8229340119	
0.401098803463	6.91434868525	8.99982781524	3.27224672209	5.46483654568	5.81834475265	8.72133954595	2.66978103094	8.99996736835	7.53416435667	2.39059513276	8.42373147678	
1.61397064293	6.94078399779	8.99999906684	2.60667698122	8.96397852499	7.96359283188	8.99995609746	4.44233676405	2.0505013952	7.92437498472	7.76913282547	8.17491100518	
1.48257111132	6.93763278854	8.99999722257	2.75042651236	8.99768924837	8.90192488849	8.99999922375	3.22778261022	3.16264457011	7.12502681647	1.4149810823	3.77022308127	
1.20092797431	6.9337451829	8.99968285929	2.92075660272	8.72951338386	8.9711379186	8.99968285896	2.9708152443	1.49798259061	6.70614584346	4.39410198706	4.97441912323	
0.197874492869	6.92131357065	8.47056126435	2.92084565113	5.99299943198	5.6580004561	8.83660710387	2.88901539279	3.98064038767	7.73607495628	7.77329791042	8.78185439599	
1.87255138177	6.93644071631	8.15134782557	2.84877943288	7.12076424063	6.77269339558	8.22136543438	2.95390884099	4.99218942246	7.78611380376	1.99052605865	4.70594235932	
1.1352657784	6.93778403087	8.99999978575	2.82818236054	8.9638323673	8.83045238315	8.99999999749	3.21985285874	1.25620770848	7.06796567326	8.72859344523	8.85477222518	
1.02277845944	6.94052045322	8.51414063949	3.72969246125	8.99994011091	7.60021364972	8.56245066292	2.94253440166	3.27008501843	8.83172732114	8.99999976875	8.97987999341	
2.76518470048	6.94341759203	8.99985953115	2.77113424083	7.66393825935	7.24814859446	6.55461982085	3.11997782897	2.85109724256	7.37842692783	3.68964553858	4.71836209414	
1.32683887836	6.93994801211	7.92800731874	2.70268985928	8.99999977013	7.17804503093	8.06002689809	3.5756115857	3.37334609116	8.96767573104	8.99999976734	8.97940006281	
1.11768879741	6.93979505912	8.30840593747	2.63082890326	8.99994338077	7.14949155353	7.88934280644	3.73130953184	5.36852495228	8.95475674702	7.03362055899	8.96647847714	
1.04059736663	6.9365401896	8.99134340762	2.62664637078	8.20695249324	6.6003503832	8.69642194768	4.76873050777	3.81652445452	8.86601680949	3.18241583299	3.791090802	
1.03120072416	6.93960264369	8.79404356667	2.94641808929	8.99999931726	8.50497006924	8.99999976513	2.85473852001	8.93517492834	8.97727441626	1.20781967227	7.40037170232	
0.392375956763	6.90642278559	8.75194771356	2.98591000022	5.33128880964	6.05774386706	8.67603558791	2.79493060014	3.71957070628	6.49409819168	4.83195243555	6.11920886767	
1.0795562341	6.87192464223	8.99999976874	2.71226820755	4.47698381047	5.77170747845	8.99999976874	3.19031466849	3.27473568875	6.21735518768	1.74623456789	3.46907808864	
1.43120271595	6.93782017055	8.45065824052	2.901859841	7.48208201796	7.08071002062	8.44877730444	3.06612499396	2.30393360435	7.37014353641	3.59792299889	4.01305878572	
0.771940776125	6.89500030395	8.99420333215	2.79449017283	5.02214866728	5.9599504479	8.99420333215	3.04846986348	3.8999369492	6.70427342135	1.61753036865	3.55291765044	
1.41351646826	6.93532321571	8.99999901922	2.82004080989	8.82722706855	8.95968839409	8.99969277786	3.03647824319	1.55245953342	6.80855455609	4.95776249862	5.84570501978	
0.615857888764	6.89342704978	8.99999984081	2.74641599525	4.98257324969	5.94476369913	8.99999984081	2.99735022406	8.9909069724	8.65205689289	1.51367839862	6.52414073967	
0.721888704024	6.93989287206	8.63386627636	2.68111318285	8.48068703025	7.3248568618	7.85829652263	3.62625381099	3.64314448172	8.36137570827	8.9268078208	8.98633429774	
0.788524535546	6.89447235258	8.99999981875	2.88501458289	5.00855656318	5.95472179481	8.67916243794	2.8945064257	4.23864105489	6.85421936336	1.81509863576	3.70218689643	
0.667442944388	6.93679201476	8.99505657369	3.12138509637	7.31109585952	6.86150315082	8.67172260949	2.92089323418	4.17309971649	8.37519681801	2.02489767613	3.28267750031	
0.664973910809	6.92521450746	8.00584705262	3.02363118396	7.19618683519	5.9076481725	8.77145584772	3.08117090221	3.485884363	8.8410471442	8.93732666896	8.93796863203	
1.39219009582	6.94062916648	8.99995438044	5.07131323269	8.8989877476	7.67407604506	8.99999862491	2.59942771598	8.48972371802	8.90860759309	3.75790033778	8.9998395539	
-0.0946818275106	6.91504800536	8.88623106848	2.69720905657	5.59701925718	6.01304835071	8.88623106848	3.21086949783	3.76770406013	6.71454874486	7.4954319595	8.6423972889	
1.76330235726	6.94095581196	8.25690515253	3.98902579131	8.92437877247	7.69169495371	8.25690515253	2.72101316251	3.98560317687	8.93688591062	8.39180995468	8.95446870753	
0.520868154137	6.93500116201	8.64754925252	2.6222176746	7.22408908133	6.54767960538	8.93834719076	3.77778266801	8.29061104747	8.90204654595	2.56722654734	7.05912055667	
0.858052408041	6.89995724796	8.99942777997	3.10245159974	5.15349352627	6.01165885604	8.73306704728	2.81169026249	3.17790353537	6.45232046385	2.15770427431	3.45670858466	
0.830187255759	6.94054864662	8.99999999691	4.52675874503	8.99996765081	7.84887201719	8.99987477773	2.60322897382	8.61623621873	8.95505441432	3.69431884067	8.92126037845	
0.412073403173	6.90263148426	8.95057900685	2.63508903716	5.23015431021	6.04266808161	8.9505790069	3.38622148266	5.86974582947	7.3525866384	2.09476540428	4.84383851249	
3.45159132195	6.95954527042	7.13356055648	2.87011364928	8.94908168577	8.9788735298	8.78259072443	2.91163573973	8.86296645138	7.90548372003	0.728244839002	7.93753628502	
0.0395602949783	6.92357852918	8.68399516681	3.09993041794	6.10970209116	6.01853073053	8.8779187565	2.73957605941	8.99999976862	8.66353727121	2.91751084166	7.83864443416	
0.806273746433	6.9400873421	7.98818360457	2.62645379318	8.99514598535	7.29542984071	8.99999975522	4.23894939554	3.51976453771	8.75346425974	4.11426338438	4.22438446074	
2.16853608184	6.9418188804	8.64053579159	3.82906984664	8.98361428389	7.8421837592	7.35438510414	2.62406229955	8.9624807929	8.98535363022	3.39550194892	8.93770441529	
1.25092144521	6.94047771082	7.47720521306	3.00390112545	8.93764872485	7.50100492416	8.74838965628	3.16168937772	3.50686198577	8.92990144323	3.62992303588	3.66911894781	
1.66567830002	6.9394395086	8.24998397862	2.77265717298	8.99779038929	6.9673755109	8.24998397862	4.75535339778	1.93332361541	8.98949622344	8.99757633711	7.32515727176	
0.781961046452	6.88467179825	8.99960101962	2.8088795444	4.7700147115	5.86699418209	8.99960101962	2.88553703285	8.71924757333	6.57699582701	1.52244775644	8.42493317698	
1.05769625194	6.91326243955	8.99999992072	2.67226489161	5.56999947795	6.18701439309	8.99999976852	3.34576931849	2.17367184146	6.41855019534	3.40185034225	4.3214947994	
0.5995676283	6.91796214442	8.9998416493	3.68367801706	6.76054266439	7.58527869899	8.41644880051	2.61784720329	5.30768041682	7.02554392638	4.62404828762	6.53302436218	
0.596451821558	6.93649341962	8.6592257907	3.69465554187	7.59218155456	6.65527550391	8.94267993508	2.9410212348	2.95753485381	8.19518124591	8.99987035574	8.98046373497	
0.595457370929	6.93969769638	8.93336025067	3.08437924167	8.80534721676	8.2461557121	8.63172144306	2.77783714815	5.68801506847	8.75610634266	2.00249873908	4.50736928209	
0.753932338325	6.93203030933	8.68939890198	2.96301445913	6.64639516261	6.51275222151	8.68939890197	2.90945765433	4.83197350988	8.3428103616	2.0526474202	3.65881892282	
3.07248785939	6.94987882691	7.82803957295	3.46480018849	8.95875353798	8.45939831741	7.82803957292	2.65790737325	8.98169682268	8.99905791101	1.68010141092	7.47322608417	
1.361673331	6.93951751485	8.38891415486	3.09802226621	8.99999976974	7.03959601989	8.25637055281	4.05159280576	2.19216199944	8.98722278985	5.94398175817	4.68228409047	
0.78216580972	6.93631510774	7.46624722285	2.70632724218	8.21713006791	6.5801047998	8.92435875531	3.24200466312	5.2820265375	8.94937709022	5.21209800078	7.12502629258	
-0.193477040697	6.93574454238	8.6584450654	2.99281201973	7.11492729337	6.91440206642	8.92387509343	3.19565430039	3.76618475596	7.93379026153	3.78050474996	3.73319515777	
0.85417296199	6.92667569972	8.94564451353	4.17251786451	6.51559282606	6.04889712361	8.84214568022	2.5966625825	6.80216180629	7.87849202215	4.59290076788	8.58448843914	
1.50963921431	6.9399236331	8.99999999929	3.07610847153	8.67767333072	8.11802861653	8.99999999929	2.89663886569	1.15590287394	7.48769612062	8.48783300046	8.96778894145	
1.82549326517	6.935822037	8.10585445932	3.67093703919	7.02429444556	6.76619355287	7.99668382884	2.99871516949	3.96172073973	8.32234400835	8.99941286408	8.87456738911	
0.496586217627	6.93248740169	8.99999965898	3.31678122725	7.52255535427	6.29616284992	8.1602605858	2.6809527566	8.10838935348	8.90700125101	4.18248725967	8.99201364094	
0.509478632395	6.9331396822	8.75252370262	2.7146241722	6.9842949483	6.42412248409	8.71717023219	3.9155929159	2.89190332545	7.65901863083	3.59558124839	3.45958508135	
0.756989284271	6.91533529435	8.89294849449	2.69269633565	5.60289660039	6.0232578775	8.47898800151	3.25834346542	4.30357878393	7.04228814277	2.36401220296	4.12264978062	
1.58039696854	6.94071055638	8.98416715375	2.98754292028	8.99995861508	7.52335970687	6.92467578033	3.30133808863	3.01956236499	8.71025100582	8.99999976636	8.70069118017	
0.790700509026	6.93745549967	8.99511496166	3.56845758395	8.15984108378	8.0334391656	8.99511496167	2.64397781849	8.69815190141	7.53087987256	1.89527493194	8.47512357721	
0.87841639847	6.93347374611	8.00199993218	3.20388139573	7.5665450625	6.35822946577	8.62757048672	2.72615740425	4.97910140416	8.9758943528	7.46222623563	8.97334972732	
1.04278406321	6.94052389803	7.99739887792	2.95251481422	8.96833830858	7.62277467818	8.27157001241	2.87045318377	4.79313305271	8.94519191506	3.80385651768	5.20075480158	
0.917361712845	6.93019261334	8.99977269952	2.96399756876	6.46714851224	6.60074209932	8.70342925951	3.0601580115	2.59282694117	6.92074526422	2.43766841214	3.29751042091	
0.288472894864	6.91737135265	8.99999992692	2.74396743438	5.72059383926	6.21354977771	8.98546973165	3.35618631423	4.84420203113	7.99243877029	2.14093468313	3.41126171708	
