1.28775163063	6.93788990454	8.99771852837	2.6874253446	8.99791857908	8.85429107664	8.99771852837	3.3144714914	8.56010471963	7.21092583575	1.50865849495	8.99999974887	
0.0933345885348	6.93166476607	8.66605661568	2.68875061386	6.88949554535	6.31871863324	8.99329773009	3.85672242394	2.76600586474	7.61867706007	4.48812129703	4.13693423106	
0.48685511571	6.93734187584	8.65441966308	2.72978886374	7.841745809	6.73918274114	8.65577616139	3.89841968184	3.76100624138	8.65913175649	3.25696947177	3.34803273977	
1.20248155829	6.93955526404	8.08131644539	2.61145509424	8.98215626942	7.06687208609	8.08131644539	4.64733934159	3.82669846724	8.98977426213	8.99999890432	8.57410738577	
-0.0882835114646	6.9228828713	8.4832007352	2.58315340269	7.32219619563	5.88680950106	8.88693727346	5.00588360866	7.70260158823	8.88388652038	5.19202687165	7.87118759022	
0.80609276462	6.94052615364	8.82337785294	2.80889700896	8.97420695102	7.83777687457	8.99998908254	3.61919747763	1.53508750445	8.07004123308	8.76044792266	8.27790155096	
0.299486427146	6.92782528148	8.81352184094	3.5042841733	6.45814864778	6.1578142649	8.81352184094	2.64213614004	7.47852544078	7.86248180831	3.65271265841	8.07649627153	
1.37271964833	6.93560938669	8.99999904178	2.62819627778	7.26774808397	6.58683304325	8.95249563659	4.37206133082	4.13876274071	8.12051204578	2.06772931604	3.81136932357	
1.17747371803	6.93848173085	8.45992295371	2.77691239819	8.99987647429	8.757953235	8.98867640205	3.06369791703	8.84590443859	7.5549796623	1.67559775802	8.71056700292	
0.394312321733	6.8985437941	8.820737119	2.81228127315	5.11635900139	5.99678784924	8.99994367924	2.92053450378	3.72799864774	6.27905315073	3.31127152949	5.11856013343	
1.23084001389	6.93995616388	8.43921987496	3.53058973131	8.99999974907	7.19581422462	8.42627418066	3.53733597778	2.60968164372	8.98304129525	8.1574914825	7.33190858217	
0.855074113401	6.93522867739	8.08012043836	2.61104560748	8.35698930542	6.47245267158	8.43200045836	4.00445131078	4.97258329005	8.98179150914	7.55986519294	8.90676652337	
0.670759886462	6.93976669226	8.8278540127	3.00767904058	8.38981325639	7.29222972377	7.94281083683	2.81114431387	8.72517113329	8.79463865469	3.22074499001	8.58682786045	
2.61539122916	6.942790648	7.38143985904	3.01892471467	8.44926396449	8.0329100481	8.39594910176	2.80188946381	7.69722552169	7.43750183984	2.57216875626	8.53260253614	
0.138465670407	6.91816075243	8.89652566431	2.81634348065	5.7322964998	6.04318786117	8.99989374961	3.06108882352	2.70833663362	6.76106168242	8.4462795128	8.97709115607	
0.753648813028	6.94011956513	8.57101134511	3.09433673367	8.99471806281	7.31619178163	8.87325355798	4.42839844851	2.716512207	8.87651061253	4.00379857858	2.9125220689	
4.01764592442	7.00810344771	7.7696005199	2.90513401599	8.93872815511	8.99976608168	7.7696005227	2.86540854097	6.69953777669	8.99999989545	0.581471284596	4.65330319971	
1.29497848029	6.93823499205	8.97884271454	2.60925325105	7.79744115664	6.89194948277	8.99999981201	4.20995914252	2.34632318414	7.83937032896	7.81236274455	8.39630843242	
4.04222709385	7.01129712583	8.05844674199	2.82649527885	8.91285230015	8.98680545484	8.05844664238	3.10788923918	0.476950470707	6.9388968836	8.64435907407	8.9770377005	
1.33832892263	6.94042948395	8.08422192553	2.85530627294	8.91793803293	7.43273202683	7.95130508481	3.1667813628	3.7436040253	8.95131368868	3.51105076482	3.8550213532	
0.346999556499	6.88817636162	8.99964820682	2.80450448881	4.85403010111	5.89692001135	8.99964820676	2.89847532284	5.84317215977	6.1566647201	4.06448700399	8.11838271071	
3.21769915993	6.94905937275	5.13078929504	2.77590530336	7.09903094942	6.30852882144	8.99999976875	3.07384582439	5.35391124046	8.98265290621	3.12275829086	4.48932169143	
1.17391457788	6.9054265094	8.99619192794	2.73555160944	5.30887584141	6.07531902813	8.99985519738	3.11687085064	1.92795730135	6.30480823084	3.55220220137	4.47615925368	
0.855221333613	6.93495240179	8.99997115623	2.70293997201	8.83562520865	8.98015550978	8.99999994984	3.24231831163	7.25935953199	6.81872639686	2.6920650464	8.61828843748	
2.63223576059	6.94281248423	7.8962999345	3.1668192185	8.06099261977	7.60057700692	7.90068740023	2.78364613792	3.69868394647	7.70297524214	2.1159016722	3.76310719132	
0.973336988153	6.92990146519	8.72664941511	4.00675818799	6.42956618973	6.50018938343	8.99555498925	2.60642805051	6.730633741	8.61171563798	2.35623703912	5.21211438579	
1.37081632892	6.9349086121	7.76749417827	2.94374736228	6.98766743881	6.64805988222	8.75968254612	3.00633021169	3.34100541821	7.57346689931	2.79918673048	3.57446840212	
0.567304549628	6.90570164385	8.99999976876	2.88175475904	5.32080570458	6.08017384091	8.99999978973	2.92317243483	2.31010795733	6.32416050491	7.43255422588	8.17094724703	
0.936878739257	6.93492797892	8.99849200487	2.79182701232	6.97765187693	6.84741827465	8.73074033349	3.13611628274	2.58297189541	7.10580663283	2.77039573579	3.8361721873	
1.42082595703	6.93935475972	8.23463284582	2.61311284363	8.99398483303	6.99128453248	8.30249935628	4.83287587899	3.00408296353	8.96475501396	8.18457224518	7.4543503579	
1.50214161408	6.93927417577	8.32239467926	2.63921880021	8.99934240571	6.96115156247	8.32239467926	4.94760365192	2.37553753175	8.99015632742	8.88337999793	7.58292634191	
1.12869238137	6.93981549276	8.99980108783	2.7222282907	8.28679962915	7.49368725505	8.98442892196	3.19975078619	6.52621579523	8.14576927695	1.22730883986	6.30713398532	
1.06431110299	6.92951513697	8.99877009752	2.92167839227	6.40950812003	6.57328046093	8.77499483955	2.88574088349	3.63404754121	6.93627475072	1.80548283054	4.09576334245	
2.79113865887	6.94409476354	7.83363313605	2.89251333406	8.75247975057	8.46398630163	8.09862086966	2.90807439578	6.35076950701	8.95596406345	1.31888048662	4.63604183863	
0.933952489072	6.91999423316	8.99999975589	2.82546517821	5.84699869865	6.31169114106	8.99999975589	2.94100659176	8.60149268224	6.74999961902	1.52125811846	8.81067962459	
1.37478962622	6.94063033781	8.20298080005	2.90773124179	8.99999841602	7.5846825618	7.76529724754	2.97886205623	4.17104534843	8.99333797916	3.48575352436	4.24975369029	
0.569016541373	6.93077062453	8.97391078733	2.59818839106	7.05083375084	6.21779885275	8.99033917139	4.26665756476	8.92352502832	8.88842820917	2.62000660566	7.88090373237	
0.608575516605	6.92273676037	8.62294590892	2.67571723844	6.08533226428	5.92287726162	8.62860428633	3.37241127776	3.5701820067	7.30170904993	3.36898548032	4.34419187387	
0.874985999799	6.91193272072	8.93441846189	2.85290826749	5.52361555089	6.16673187239	8.99856723805	3.19869935062	5.02081259304	8.23280202768	1.5512684348	3.19574630954	
0.977196892137	6.93336914837	8.28112095208	3.93994151209	7.35400332644	6.37378342779	8.9885367236	2.7592996117	3.87292519499	8.73149603912	8.37657867825	8.76761543195	
1.13053369668	6.92456438601	8.77151839546	2.88840312929	6.0680467301	6.20845693803	8.10424765135	2.87936313199	8.9750729439	8.13600407704	2.10903911127	7.77680240305	
1.46452166447	6.93418520381	8.99999976424	5.06558770775	7.34900756494	6.41712801969	8.99999924221	2.59540283985	5.82478108666	8.85028752921	3.09413057359	5.52495933843	
0.861724631088	6.93397345828	8.99990579659	2.93698234565	8.17946050188	8.38785592306	8.90335288299	2.85283629883	8.45536369218	6.96484635736	1.65823784351	8.63670254568	
0.19689053456	6.94049571852	8.99819872878	2.78793218968	8.98754019603	7.78376017076	7.87871219918	3.05111696849	6.05722995745	8.91301258999	6.55772069792	8.85511195359	
1.32632578519	6.937856709	8.99980073094	2.7377123745	8.9962254647	8.85934024798	8.95669664652	3.14905264876	8.77910147934	8.99903588246	0.824947664322	6.85523829679	
0.812456516118	6.92835754813	8.98078890167	2.94911717571	6.32561563949	6.5333716993	8.99996497265	3.13585385097	2.34940429627	6.8245709212	2.46499807383	3.21709563959	
1.97780130778	6.94124401711	8.39331941686	2.7454764692	8.97174512287	7.54821686702	6.90667237901	3.13799553577	8.9373792212	8.95167839155	3.37727348218	8.894716059	
1.12753255789	6.93481220743	8.99990350867	2.89667170937	8.80223801071	8.96077112627	8.99999977163	2.96447226021	4.34121622822	7.51589762397	1.04739779651	3.70079889673	
0.914459473702	6.93159344779	8.99538373603	3.04572170508	6.87331981838	6.31389944916	8.99057135413	3.6411541413	4.22052149311	8.91773867047	2.05217618033	2.85144708804	
2.02756707463	6.94135758592	8.73046132948	3.64066404933	8.93427281319	7.58396738654	7.19915286702	2.85285896104	3.60747166519	8.93881853801	8.77231499061	8.96871673657	
0.780137297245	6.88973280978	8.99990742097	2.63419856342	4.89060251966	5.9103364796	8.99934793637	3.30609869007	5.90610126362	6.94134066112	1.63356900392	5.18309667003	
0.727372579147	6.93341638483	8.73645654656	2.93929566785	6.78492200701	6.61607417538	8.46207370053	2.85452268674	4.27936842078	7.2266780488	3.41522655707	5.49057098427	
0.76053924045	6.93066495078	8.77301977821	3.5338943222	6.85521869462	6.24468786915	8.77301977821	2.7215648512	4.76688896275	8.948643888	2.36798712864	3.57238577723	
1.44532163783	6.93874335827	8.99999978997	2.76482159817	8.99820012567	8.73441584046	8.99999978997	3.54708632845	2.17896286952	7.2260266958	2.22787559458	3.29440392307	
3.96433077681	7.0021324166	8.6553884813	2.87985520527	8.9738165759	8.97391042921	6.80597724046	2.88568810255	8.811294513	7.21964027599	1.09513386449	8.99985279762	
1.10604870749	6.93866401952	8.8408869326	2.83072567434	8.98965133484	8.71493436074	8.99997072291	2.97813753658	4.94644048761	7.37856486167	1.56882168361	5.26593138439	
0.490714436865	6.9013335772	8.9999994579	3.29971045597	5.19303403383	6.02755637248	8.9999994579	2.65390662755	5.79941217471	7.56032130987	1.88671212493	4.58218177346	
0.879681496717	6.89633937651	8.99999992926	2.94607237039	5.05639140273	5.97324978577	8.99418942878	2.83580669861	3.57725241167	6.43329761017	1.6720384834	3.74992577971	
0.616336672091	6.91644742229	8.99998124614	2.89992704498	5.69540334553	6.24239190616	8.96359439859	2.93358802876	5.74513490176	8.58918124468	1.55025629782	3.64430960195	
1.35517545486	6.93995930303	8.99480283307	3.29337098758	8.99999821035	8.42340937776	8.99480283307	3.38858613706	2.79952453632	7.80568790175	1.85742297503	2.80585178834	
0.848529771516	6.90420877893	8.40680645648	2.92990879108	5.27485482027	6.06110675927	8.99035444995	2.8097247641	6.14234313024	7.4053338418	1.90016691	5.10791102763	
0.0602120880385	6.93743256226	8.88376405652	2.81707589798	8.99799208173	8.89257184848	8.88376405498	2.99299531759	6.71661228407	7.1201891884	4.03630221126	8.4735295437	
2.51169683201	6.94208123773	7.72569463962	2.71672051705	8.9991226815	6.97785799122	7.88270223883	4.87020044115	2.09750835624	8.98451679515	6.01909580522	4.39958112591	
0.838069152885	6.93933673493	8.94694029867	2.59871891466	8.94853900228	7.03374276245	8.99999358781	5.22771346314	3.37837681358	8.84731381234	8.39326845366	8.51349674173	
2.98725903689	5.29084489814	6.67537737784	3.51391973842	8.73246304311	8.01465016761	6.68314523688	2.82636758523	4.32192261733	8.75117474535	7.87255127951	8.53088239838	
0.431194934999	6.92751175453	8.99952621621	2.68819469326	6.29093507171	6.27743399148	8.25894852091	3.6303428375	2.83587278725	7.0721225502	8.24791700202	8.12392165278	
2.30165304981	6.94231017256	8.12346834339	2.73021446992	8.99952956272	7.84677089651	7.22179313297	3.20014377335	3.92107789774	8.18393144547	4.18603446335	5.50532211534	
0.0765434253764	6.9144762995	8.70049190269	2.97242479889	5.55696738754	5.98977436607	8.99587492656	2.79495120741	6.31788188987	7.13766447573	2.69127871768	6.18487299446	
0.450777904484	6.9394554195	8.99997446577	2.59956599102	8.98331376287	7.07523105719	8.99997446578	5.51209309414	3.31616306936	8.84538080377	8.73566877275	8.16928637196	
0.559402667833	6.93789925833	8.9998655402	3.01161696788	7.56178847353	7.13418223129	8.8007169078	2.88836592578	4.7618433099	8.58078154335	1.81664141166	3.60255081913	
0.846076250728	6.94039797796	7.94219624302	2.63808640633	8.99943212729	7.49664381148	8.80531465491	3.65192660773	8.99931003984	8.90422518291	3.21685423753	8.8330413505	
0.434989256702	6.93938637998	8.07787241698	3.0350140168	8.56630149413	7.08456929683	8.98248864236	2.86358148031	3.7360061529	8.76965052161	8.20485358657	8.96543658797	
0.0980829272031	6.88865952201	8.82087361131	3.35594294792	8.90620417925	8.53369640557	8.8208736085	2.80627579994	3.90459939986	8.38555959859	8.76434921335	8.99999976875	
0.963779624446	6.90225070153	8.99999574452	2.97579896406	5.21722575121	6.03746055292	8.99999920907	2.89604378075	2.536952395	6.32085609583	2.22152839175	3.4622094587	
0.147783329477	6.93365811677	8.90563107504	3.23124786712	6.85309665216	6.57545680887	8.94997190839	2.73932276308	3.420443627	7.37177776426	6.67144002425	7.75204231199	
0.938892130302	6.9396060556	8.14452732993	3.04261962706	8.73546527778	7.11959896602	8.6086609385	3.46298383644	3.04966340314	8.92869776376	3.67410136779	3.3129473927	
0.725869805393	6.9277332354	8.60600260495	2.92543243621	6.39518987791	6.19975050477	8.59076331575	2.94260432174	2.9662496404	7.26734462309	3.92458383474	4.60093120069	
0.700827584967	6.9039349385	8.93111668533	2.74187744182	5.26739087042	6.0580000308	8.99999948225	3.0709869392	5.15659206988	7.34879328203	1.55546469648	4.14293718588	
0.712955338837	6.93288076932	8.81251643136	4.0587512142	7.3170189139	6.33474209394	8.81216073468	2.61805641284	5.12376600904	8.94039959768	7.39118570767	8.93999938946	
0.578969149612	6.93924855156	8.42467048462	2.70045676015	8.97247754994	7.01741567377	8.88101693837	4.21024972725	2.40974624841	8.93318471736	5.90881418094	5.030280829	
0.605690045887	6.92524110656	8.99999974401	2.66237557931	7.00354007181	5.86446484859	7.71022185775	3.36907715345	8.88477045018	8.85318116625	3.41468887121	8.59965324254	
1.19811712491	6.93350083881	8.99999976384	3.2538297073	7.17976060905	7.3690258787	8.72162046245	2.80959083992	2.50907381393	6.81513275334	2.40341224757	3.48605041123	
1.85657515702	6.94046755314	8.11236468948	3.09002429779	8.36180444736	7.53154533403	7.97096283517	2.96567027887	4.34373420572	8.93079815704	2.47956313508	3.32163700007	
1.17643213168	6.9337632773	8.99195462843	3.57769171609	8.65211464115	8.8839273635	8.99999976881	2.6686145064	6.04888911606	8.9450534093	1.32178260304	3.8372581088	
1.05901910498	6.93101117412	8.77605015456	2.64321814335	6.98928084246	6.24396780616	8.97922239857	4.63798294199	4.29899341292	8.52646338031	2.7855029389	3.56051696062	
1.10280606204	6.93337570407	8.9999991339	3.08629024229	6.82112838343	6.87655051107	8.99999976878	2.7585201203	8.5930020108	7.0502029439	1.50499371291	8.97216601822	
0.884331734915	6.92685900813	8.99999989096	2.82588113984	6.22159812744	6.48426299463	8.99999989096	3.05894237666	3.18206446588	6.84154920941	1.85108719369	3.65672500999	
1.4364820232	6.93991427596	8.27501553311	2.68785327157	8.99907261821	8.4536994337	8.27501553311	3.32242392426	6.50958632062	7.51095924151	4.3750343086	8.61049453107	
0.917926357092	6.93811866897	8.99998738664	2.70962215985	7.64400541789	6.98680805751	8.9999993649	4.65780561141	1.41514763642	7.59525492622	5.03221875492	3.77680749417	
0.685757110516	6.91004125294	8.4382354566	2.62521668681	5.45931287842	6.13877001718	8.99991202542	3.57114536233	3.0508048568	6.39240404793	6.89428175736	7.54589365137	
1.12179134938	6.93856221059	8.99999992673	2.85149399228	8.99782564096	8.7432048511	8.96865644034	3.65371643089	4.82888086961	8.97585011977	1.63812319593	3.04758844223	
0.512452442157	6.93661368229	8.99999607648	2.61178007261	7.26574070934	6.98189764263	8.99999607648	4.00149294543	8.11852909257	8.99577560896	2.33500586251	6.35929884224	
0.179288389704	6.91503152778	8.99920415261	2.74886431678	5.63302480747	6.19303956087	8.99920415261	3.1753578995	2.54587835297	6.49362022053	8.51417994508	8.99999957777	
1.01577367351	6.92918375244	8.84623352056	3.33680309964	6.38275028822	6.55378625676	8.96165668431	2.8466393642	4.78211761158	8.43162076967	1.63301092547	3.17864073237	
1.1463657739	6.92104365778	8.99999988857	2.85267811464	5.89361817974	6.33206651017	8.99996513381	2.92995457668	3.71779578051	6.66757665142	1.56429494624	4.27385862776	
2.30297497205	6.9418748185	6.56848557797	3.41755061097	8.56972910836	7.43812925668	8.90346773959	2.66853275939	7.081357225	8.67223278516	3.92588135893	7.86870921402	
0.509132699354	6.93599719281	8.82877649711	3.39659519817	7.1536815641	6.93340938901	8.93875568832	2.77638741926	3.16063068584	7.38520849694	2.84026865125	3.65878652399	
1.37171354798	6.94067362184	8.37518795203	3.79858977276	8.95808663092	7.81036307216	8.37514473859	2.6262845147	8.88644312558	8.95525384276	3.50335529829	8.99390331146	
0.779554236788	6.90209779508	8.99883499634	3.47049772593	5.21381819019	6.03603596944	8.99882999113	2.61841963135	8.99960224533	8.84088702403	1.69168496134	6.46952490135	
1.2857177812	6.94064804612	8.81366800357	3.85727615937	8.9737901743	7.77740795627	8.0281234065	2.62287030305	6.69793272534	8.99999364565	5.66197365886	8.91814821901	
