0.616753168768	6.64422541111	8.99999989587	4.58502787921	8.77572577756	7.49172656588	8.99999738858	2.60509259908	7.10585432162	8.8719470083	4.07033637467	8.02578207482	
0.0710948601961	6.82290411714	8.79551247201	2.83987329364	8.9999585125	8.91389823289	8.99999017298	2.98733443987	5.0399137561	7.90185062274	2.18429979309	4.28004450628	
0.895961591989	6.59039162479	8.99866526742	2.93832948081	5.63819986294	6.21603656494	8.99999998938	2.89649583975	2.31075289843	6.4608403082	2.35259793073	3.74922215619	
-0.924117723383	4.896539505	8.99997232248	4.82685551683	8.95350598239	7.44396629674	8.9999995527	3.11933046361	8.93693020133	8.96264415192	3.56968501752	8.94177695351	
-1.14392496518	5.04992797533	8.99977375025	3.16058029369	8.96192298471	7.32921938765	8.9999326163	3.98270404946	1.8241569833	8.46129973185	8.75425316516	8.06752225843	
0.153893865747	6.00343259434	8.99999998436	3.51752980581	5.06341920605	5.96867673324	8.97772576796	2.62725640415	8.3652787895	8.698866363	1.49245972378	5.8921538712	
-0.973974723885	5.2939790259	8.9819305714	2.75086608746	7.75873715714	5.97075748126	8.97615071458	5.0346550421	2.55564487636	8.72827446954	4.98551786211	4.16050043976	
0.645542667617	7.04573234753	8.99999670017	2.59707288224	8.70209113118	6.81076360062	8.87339754966	4.97874516515	8.2574003359	8.99713113887	3.8983509217	8.60246863864	
3.00622733389	5.31248975987	6.80130201327	3.58063424098	8.99999976538	8.00019062956	6.80239381527	3.01088159038	3.18653249078	8.52290026084	8.97387309528	8.99836410631	
2.93337154385	8.09875425278	8.92151096111	2.63996073732	8.99741440486	8.47243010424	8.99998990757	3.60356910825	2.65392855581	7.45281184825	6.92983541125	8.82365623297	
0.305479265842	6.41754038457	8.99869448743	4.02097990608	5.83368510479	6.33942113485	8.99869448743	2.60004412416	5.97692644611	6.75656524209	2.8812507148	6.51532783141	
2.70707562185	7.63778183617	8.97714559933	2.58932252996	7.88883898381	6.17972337185	8.98300781513	5.73321393244	1.70108671761	8.68004867058	7.40996055605	6.50204468493	
-0.444363228659	5.11197747412	8.99916658163	3.03519549793	8.96404875147	6.8129478591	8.58299098799	5.30005872798	1.45489776822	8.99179325692	8.69776011463	6.65766554775	
0.982526604455	7.21385699221	8.82187308211	2.77352195963	7.13759372271	6.925944626	8.99945202207	3.11572590773	4.1921871876	7.57366339685	1.81057845311	3.99663662506	
-0.0138733645584	5.98682435407	8.99999985055	2.9205394607	8.53009326819	8.94928807018	8.99999638467	2.92971516899	2.32959778897	6.52914508197	5.99292355885	7.17836239317	
-0.0100538103964	5.94644629283	8.99971637183	3.27229358963	7.53852908558	7.11558848166	7.66366562569	2.79056971038	4.12145727548	7.96557865625	3.66433088983	4.54230714225	
2.48984754506	8.97070540364	8.82588856506	3.81479873641	7.34419594976	5.95855128719	8.99999977105	3.34042271371	2.97392785832	8.84400136075	5.47871555799	4.83919428232	
2.63211145691	8.02693084763	7.90860089166	2.73510772109	7.97705506158	7.36799994498	8.49322685726	3.26503437302	3.75545455074	7.82271380905	2.68757439608	3.89137548603	
2.95328013299	8.27408438608	8.92106709692	2.79648796893	6.33911458322	6.54096509461	8.99992392317	2.99619366447	5.98658030492	6.76747375274	3.48889008513	8.96878965149	
2.56248742765	7.5548767369	8.98321853797	2.5888620194	8.04337137587	6.13808820959	8.99999942519	5.38730155835	1.78412538842	8.88048051778	7.77877988072	7.25747957059	
1.88479998415	7.68696113621	8.96432974929	2.84644525481	8.99714547015	8.87753234907	8.99999925675	2.98336389952	2.0144686792	7.05634599745	7.93477315011	8.99999976658	
2.57032896828	8.88907503206	8.94616428581	4.13700090243	8.97964226704	7.5562868416	8.89108091741	2.60797261065	7.22116217078	8.9999997169	4.9268186237	8.99999992434	
2.81924009298	8.43723525769	8.70209655989	2.82072518099	5.3238176867	6.06301301977	8.78818986207	2.91469891729	7.38663535189	8.72185108852	1.28588974845	5.00347653502	
0.351940368023	5.59139876031	7.34564058458	2.68760433195	8.97311435288	7.05748692262	8.82895180687	4.30186694259	8.26487648097	8.95561159841	3.88660734533	8.71236516343	
1.19779178198	7.21563895777	8.82156178638	4.04346770939	7.87516595009	7.21251876637	8.86854440502	2.61255545376	6.04756308923	8.6304665688	2.58904178693	5.34016450644	
-0.837241171507	5.1830235372	8.60802531362	2.95644864128	7.0104199184	6.82101104552	8.96097400817	3.25640422162	7.19933765297	7.75209850632	1.98331980906	6.61098801362	
-0.0678840170246	6.09524531025	8.92145506441	2.78210631324	8.99883029486	8.54333464947	8.99999875815	3.121822802	4.99684775593	7.9349832907	1.55708124698	4.58397543408	
0.759097252902	6.69261618903	8.97401549391	2.60748235203	8.9442656911	7.86064423876	8.98912066195	4.37591266196	8.8198736839	8.98361124955	2.27202325517	7.89326768426	
3.11854479478	8.39189544186	8.62685455062	2.80034507036	8.86948139776	8.92814420376	8.92188220156	3.00844007292	8.90802574529	8.98130926615	0.822906926097	6.81269434552	
-0.882358781227	5.85334809769	8.77645257513	2.89702184415	6.44128254821	6.06899484408	8.27897433053	2.93694781485	8.99940943441	8.49197017971	3.63992590984	8.66050929877	
2.95770015991	8.08674709979	8.83659606098	2.87434727558	6.58732830159	6.69373372456	8.99995721444	2.95253463178	3.50131112656	7.00870253773	0.939291454935	3.86125899688	
0.260611358383	5.62137132166	8.99900735929	2.67910645656	8.12022842291	6.34940407717	8.99999971995	5.61715166748	1.12982131276	8.69252014392	8.43400861867	6.63925130748	
2.30575210813	8.77167682767	8.55619835981	2.61158650849	7.67460415203	5.79876543797	8.57751160016	4.69942991687	3.20676859353	8.99995905808	8.24022491778	7.33481638968	
2.43204410273	8.19466781402	8.54012095666	2.77149888324	6.99126335772	6.83493709492	8.46416655777	3.05719043652	8.59027757388	8.89182852126	1.9125827966	6.83547236755	
3.17594072563	8.34400549237	8.87297211927	4.44609735596	8.79851195118	8.97190552475	8.87297210285	2.5957444789	6.73497216532	6.86104570002	3.08080670302	7.97252636678	
-0.831258104565	5.5802753148	8.99999575023	3.94259094202	6.49479979694	5.93289099932	8.85123364107	2.81221859329	4.06475234632	8.43658606551	3.27286401748	3.80292167624	
-1.0565969878	5.23595950896	8.67563772033	3.44562322686	7.86686328961	6.40009990483	8.67305934186	3.16350158365	2.9720863911	8.56355276234	8.883099246	8.86053831835	
-1.48802141549	4.88789583583	8.60482451142	3.85079927359	7.98045448087	7.83462010647	8.8958312237	3.20695779489	6.86318941041	7.4922310949	4.75446226478	7.99338404966	
-0.962658235555	5.32041268146	8.99605572637	3.75759453228	5.67423215586	5.73182526422	8.75882648951	2.76590166225	4.03736803791	7.31473486061	3.13338231802	4.40185114304	
2.47955688456	8.93081786946	8.99998942792	3.10319241138	8.58093538125	8.96274386211	8.99996876501	2.74538678021	4.15934691273	6.60378218385	5.55063139827	8.07964979796	
-1.65802410041	4.76974926591	8.86716736745	3.54411743261	7.542733031	5.61291574014	8.86327450814	4.52594362353	7.19697360875	8.947416307	5.00924297236	8.07634726295	
-1.14349911472	5.39228637787	8.68689099554	3.28780781961	8.9893553622	7.82364325856	8.85848023268	2.87956400853	4.7602906831	8.99361003435	2.61058239606	4.04032754507	
0.226787812575	5.79503959162	8.99957546227	2.71403502694	8.86790048213	8.06804295748	8.99957546227	3.59990644709	1.40224570849	7.70449998207	8.72996674299	8.99966580288	
0.0408095347102	6.45941481329	8.81136075164	2.88329386974	5.46166806429	6.13240036843	8.21589426517	2.86686787609	8.9998106211	8.57315187651	2.79542312577	7.06498874174	
2.44164530056	8.99939843489	8.79451116516	2.77055236708	6.23091189617	5.76933978175	8.2769807994	3.10515817439	3.68855762765	7.74568731966	8.21755553527	8.91512896724	
2.69002908757	8.70570790044	8.99828846472	2.70184744456	6.74763315907	6.64995390455	8.91346915169	4.15135494303	1.39675230054	7.05433652517	5.88470213873	5.02279352145	
1.76289354658	7.97358888199	8.60994395861	2.89668103757	6.00585466457	6.37990844726	8.9998818814	2.93373865998	2.55375077745	6.6444014109	8.24071525636	8.99985901965	
2.03265867173	7.43592549399	8.99925781945	3.610934557	8.97017372196	8.97356911511	8.98711968689	2.64509539991	2.70851902399	6.94291678858	3.43716151572	5.18158726605	
-0.377521904608	5.53278918874	8.99978920079	3.03781159698	8.81681289273	8.96499677283	8.87900719662	2.92751319914	6.41011396028	8.99689215124	1.25495260529	4.17828708973	
3.02245855927	8.06296317662	8.97938666626	2.92009333566	6.78038546657	6.75302352696	8.99430534159	2.88765995878	1.37006280804	6.97809092647	7.20791078168	8.40781716433	
1.8793419998	7.58135365028	8.98332262363	2.77842935318	5.85517293679	6.3152825555	8.53401202096	3.21093824705	3.25483045653	6.76224747667	1.93951646136	3.45308368624	
0.160605648907	6.08996513829	8.99342636576	2.68299004536	8.72955714094	8.90317716057	8.99999977055	3.54907553295	2.82753393044	6.78631254672	2.69034042447	4.04508008474	
2.9283866818	8.56990079454	8.98872726445	2.7994713454	5.23643299526	6.04643869591	8.98872726443	2.93353846284	5.60637094039	6.80966253888	0.976481957677	5.22125368912	
-0.870040338481	6.5665766932	8.99675339356	2.98134088708	5.88084918165	6.32492559835	8.98210725063	2.80954211965	5.31540099444	7.27277865844	3.26382373835	5.26886865955	
2.82765305626	8.06435518368	8.97983641401	5.21908259889	8.98055762975	7.69346028649	8.97983631749	2.59647119336	8.92499400521	8.88086388855	3.0562843981	8.95006682535	
-0.861662911873	4.79692839086	8.73628157382	3.76527858763	7.3688999617	5.67837666197	8.08203485444	3.56609076651	5.20973253475	8.92812691837	6.40332329683	7.85890405961	
0.394011618703	6.36839083648	8.93676191587	2.63777392994	5.23562468224	5.94951761139	8.99999673936	3.78054883604	3.95450883307	6.83837042991	2.05966255122	3.66107136628	
2.18880825752	8.54624129788	8.98009477824	3.10541313913	5.72456329234	6.10833781624	8.79101683538	2.7365171206	3.50536777334	6.69654488777	3.43154522977	5.08349894883	
-1.47448330993	4.91306261741	8.9636595445	3.18146036189	8.94498814284	6.80778208626	8.93046893707	4.44743084956	2.98294982677	8.98327904308	4.41862108253	4.0883268036	
0.17626539786	5.85021256798	8.99999887552	2.89607871216	5.50848749103	6.15014632756	8.99999981119	3.07014121184	5.5547998728	8.52792742672	1.00856251784	3.40874615396	
-0.204140524863	5.47749726506	8.87281507051	3.54966159528	6.94104009962	6.80746578446	8.99999861216	2.91214116088	1.83848844422	7.05011172163	8.667815094	8.97427770326	
2.36437204672	8.97661549715	8.87422491531	2.63673054506	8.01674074036	6.54943836335	8.32085066252	3.59190340862	7.91457554542	8.9690660968	3.23247199159	7.65461535049	
-0.050742181321	5.90284482762	8.99976513929	2.91876711237	6.23536794212	6.17179085055	8.99976513928	4.21448347041	3.81001120848	7.96532547106	2.45918436512	2.93525051552	
2.85592776519	7.66839428425	8.9974338736	2.92196088235	8.73707699578	8.18589967274	8.99743387359	3.03304488076	0.390700880407	7.47930957734	8.65478244857	8.99988770122	
2.21499987939	8.70984990107	8.94427121751	2.81756730131	7.47952877879	7.09440474776	8.93196624287	2.98637066636	7.55670535973	8.9575009734	1.73560718968	5.95252351287	
-0.714791185076	5.84384702564	8.88952191993	2.70523906799	8.83070403536	8.91918916988	8.99999970913	3.40192872594	5.08180446851	6.86459635285	3.53755001496	6.54513067512	
0.00177654836947	5.94183622211	8.28610839196	3.73514378111	7.54283739245	6.53606355186	8.73261862115	2.9201614237	3.74800209956	8.76331247844	8.88040547266	8.95044857575	
-0.204899751634	5.71202020468	8.92151521127	2.85348607539	6.88918882759	6.79145863993	8.99540226527	3.04378009346	8.68741144989	8.9521035512	1.17171385553	6.76262172965	
-0.926012543031	6.06081553439	8.28026862884	2.66399176326	7.04725246663	5.67965352038	8.99525316111	3.46953981666	6.31930752702	8.76436765875	6.05931380561	8.79212734415	
-0.669149341446	5.17980958143	8.99999981949	3.11969807137	6.03181857485	5.68314563181	8.75512820472	3.39302366308	4.62127355504	8.7113851301	1.93950947649	3.24657175636	
0.0590883716912	7.03078447806	8.20987847643	2.66696094635	8.98374587631	7.28260498813	8.95068934506	3.426197241	6.17004728581	8.98531467145	5.78265019015	8.41937521029	
2.42072922653	8.01812890344	7.91885244771	3.29152610728	7.67545909584	7.16668424225	8.75230183813	2.88565050825	3.22401151061	7.79027342308	2.99934232197	3.4935693032	
3.03222022577	8.02495046975	8.8139627319	2.72113267635	8.99998056862	8.73850837031	8.8139627211	3.18755040422	8.37518796539	7.28570227443	1.26738768495	8.99999957397	
3.10548272173	8.15666339213	8.99998368905	2.96136791317	8.56503271224	8.88868753471	8.88748303142	2.86965353686	3.64694320349	6.83892192204	0.705952611777	3.85071201234	
-1.33008795136	4.9606105409	8.72457874871	2.99027547417	7.49253320145	5.53056629791	8.99329096159	4.68718193011	2.85961441588	8.91374736968	8.68112274281	7.9938503392	
2.45423884168	8.99999976876	8.72902170561	2.66004494599	7.65638349504	6.21517461485	7.94761475941	3.39723187604	6.3710715189	8.92057684719	6.30002441199	8.92039269956	
0.46460868645	6.60872046744	8.99481482333	2.59464928843	7.47434584543	6.22835393912	8.71491649765	4.93524073321	8.73058302319	8.56119216802	3.54220456801	8.64842142406	
2.84177712843	6.626404847	7.70727042605	2.62109527031	8.61077136268	6.77193311116	6.57769053753	4.22977133033	3.60955979978	8.91335279201	7.59502775559	7.43452264109	
-0.089096682239	6.29771070546	8.97572555469	2.71353062194	5.66565696642	6.22614574791	8.99997002604	3.2978918493	3.52619517547	6.65205764934	2.24765923578	3.79391215182	
-0.966440723161	5.63607630704	8.87990596644	3.0317886375	5.69460947526	6.17455153821	8.79715009401	2.89881423629	4.67629472257	7.45249023311	2.34018537998	3.88312794063	
-0.900096267961	4.88153734205	8.70084420241	3.19780300856	8.73676580287	6.93658441394	8.81786935303	4.85245535426	2.73751400257	8.59039015124	7.4495240337	6.73883893054	
1.29254035558	7.24701808822	8.99948747649	2.91719829914	4.90148173179	5.91502596247	8.99948747649	2.8514033381	5.10349470365	7.58447754421	1.24915755664	3.68566452523	
-1.21325878833	4.77611620745	8.99090468491	4.45352591936	7.16353485244	5.52925156575	8.98220379897	3.76351186345	3.74819212026	8.76270457402	8.56974032944	8.61133879531	
2.03981679898	5.64970188845	8.06943803548	3.40795983773	6.84969327252	5.89271541392	6.36586381557	3.01224435242	3.73279973463	8.75470534356	7.41195731656	7.40751527781	
-0.325679260561	5.73375486435	8.9999999171	2.82094094783	8.50095042361	8.93300835391	8.99999881081	3.15539442562	2.94030118942	6.54709834045	2.35701598336	3.93755098345	
3.01418953387	8.42769494661	8.99999976875	5.07751138408	6.63713719405	5.87090214898	8.99999976875	2.84769177834	3.73736101073	8.66028104517	3.50226957217	3.66185143424	
-0.940460128175	5.49286720483	8.48635111076	2.68321275864	8.75403881308	6.72195726762	8.90751551851	4.49618667901	4.64764191195	8.96562218382	6.85964060998	8.01002714581	
2.77666164994	8.39527741489	8.9566246308	2.87434866451	8.80548522511	8.96427673282	8.9887605433	2.90814908046	8.40569900163	6.8891201525	1.42094003217	8.97813387984	
-0.538950383708	6.02176523393	8.99999824712	2.74930814199	5.20741401019	5.99208123103	8.96951988687	3.16292220092	2.56318652395	6.31200677073	7.72675137643	8.34494514632	
-0.308346018131	5.43435380841	8.99999861832	2.74312245627	8.99128874152	8.92940576214	8.99999861832	3.61573332193	8.85572643595	8.99999973473	1.33769077904	6.80887783001	
-1.99830953954	4.97868381133	8.93629313304	3.30396680775	6.76155988703	5.71615171394	8.93629313304	3.65558959744	3.52226487825	8.35472038786	4.05277273296	3.85690368241	
0.626183162376	6.92883134111	8.99847819833	3.28467075598	8.99793386547	8.87833241982	8.99847819836	2.69466669121	8.94496657176	8.97737157959	1.59999531018	7.05730037911	
1.9610756189	8.99999976882	8.76955577323	2.63815871943	6.26855029826	5.86946116224	8.53083371279	3.48196878164	7.71267743119	7.98668601634	3.95564316246	7.87717778226	
0.0899384341648	5.65653117858	8.42815461344	2.69551932723	8.84883848755	7.2980629532	7.30590698986	3.6593766268	7.81508592475	8.93124324905	4.50173987783	8.40407345629	
-0.115669653338	5.89868179854	8.99408933566	2.90839837361	6.35263736769	6.5378402241	8.99408933566	3.00341892929	2.51215441647	6.79085045924	2.57261388984	3.82586334198	
-0.684598557651	5.29951404118	8.6782000435	3.11510214171	6.50204944772	6.58390295711	8.99938746696	2.94627264674	4.20867388735	6.82967498386	4.50612209005	7.09050604255	
-1.38858592008	5.23374574687	8.99882457341	3.05730944244	6.877913006	6.20365856913	8.92615954628	3.4015009887	2.88523529038	7.70708129821	3.1189624999	3.47034635877	
-1.38790717023	4.99697922315	8.9783965603	2.95351498462	8.79132281443	6.63367390824	8.99999968256	5.28523826744	2.99847731262	8.98657253117	6.03765506466	5.21710046652	
1.60706838011	5.88924846029	7.99485647548	2.79358528867	8.60924239734	8.83516424088	7.97347962183	3.10684399955	6.15619323679	8.00536702183	1.52342809037	4.88920042438	
-0.0858285107097	5.67451325496	8.86894025548	2.67091179009	8.11412972788	6.24248165343	8.99658994597	5.01473587185	1.66642709039	8.80735974972	8.46826450075	7.27363894658	
