0.924322184103	6.93232264171	8.6740140182	2.97165711583	6.94163761293	6.93343705556	8.97690518557	3.04682215963	2.38635304676	7.01609272557	2.73163410428	3.38967288446	
1.12326299637	6.94305053423	8.99999999304	2.61193744107	8.77323270149	6.73561415332	8.99864232985	5.22305300489	1.94525996498	8.96274819315	8.01699522389	7.03612831817	
2.66103961746	7.02834151905	7.86646612054	2.89892098357	5.83337776711	5.19287479497	7.95308415087	3.09233139249	4.59374090896	7.74266209109	2.73184778826	5.33956285514	
0.791327022283	6.93327956824	8.99999990175	2.85000177634	6.06735801003	6.2205520219	8.99943640988	3.02246937403	4.07257924491	7.3335254279	1.49229560633	3.71830646126	
0.0343289815663	6.94415674286	8.72208585437	2.6042066449	8.5309564216	6.51918075799	8.99811484679	5.54532949113	4.21081100203	8.989066719	8.90920691814	8.45923309667	
1.39720973321	7.06875461434	8.23089529335	2.823505806	6.9055694819	4.97444015022	8.99622523175	3.62607631672	3.24519744163	8.99892561738	8.06146160282	8.99999470235	
0.733247741589	6.94234880719	8.64206194174	2.9735810363	6.61706077662	6.2537246726	8.81236551416	2.90345484239	3.59328104899	7.54804656826	2.39595359716	3.82795312829	
2.44163695705	7.0550819127	8.84615155935	3.1628026932	5.77440385165	5.0550943057	7.0901150352	2.97163773041	3.53401154712	7.9272285303	2.9518960077	4.1215065462	
3.23170536333	6.87889240677	8.95883168683	2.81466520482	4.95883799442	6.19823231804	8.99999984919	6.38082711287	-1.05355735753	6.01946169166	8.36130641727	4.8201835658	
0.764655160953	6.92929671874	8.9975511044	2.81942681421	5.5067995254	5.92834972513	8.99997126898	2.99002367533	3.44600510568	6.62208563934	2.45750221009	4.53844023713	
1.01588816022	6.94114592183	8.97580818578	3.86415369463	7.75573335077	6.87688131461	8.61752402958	2.62360458838	6.64816395954	8.92814621561	2.28968564474	5.72401003427	
1.18460646971	6.93081230802	8.99999979239	2.6395316648	5.99699705144	6.22803670472	8.99949909256	3.7039991629	5.1801304631	7.87506438557	1.44214063071	4.08106770838	
0.860760744827	6.94234709054	8.99653884673	2.61443493469	7.23094377594	6.50841597688	8.99653884674	4.1236761591	4.41535212939	7.69848902282	3.13349687974	5.40140647417	
0.614637759213	6.99251022769	8.970704063	2.98557562589	6.35002914598	5.32162076672	8.77037818591	2.93888697712	7.22596679545	8.99528762023	1.97302380142	6.32599696798	
0.643091018314	6.91428488199	8.9999950504	2.72874369085	8.45215265523	8.92776745992	8.99999972905	3.10407637517	4.93645481519	7.03054385321	1.61978296823	4.60119645283	
0.758118147565	7.02579149186	8.99999976539	2.99577376289	4.85430297866	5.06222216576	8.99940426493	3.03887057187	4.4695542185	7.26415230774	1.96084836147	4.31055587078	
1.28347066074	7.00274410941	8.99999952092	3.10539567522	4.87360071559	5.15436217621	8.99999952092	3.09267573374	3.29028457095	7.0728404676	1.62477836309	3.29925362483	
1.64792656169	7.01754837969	8.29808857354	2.80692136498	5.93266862573	5.16836377693	8.30454040992	3.43723286694	2.87762342249	7.80433612821	8.37784998324	8.85943357601	
2.26442121622	6.94038845089	7.12828535338	3.3923002868	8.87162616182	8.22527827286	8.95493218334	2.71184849839	5.05718407504	8.92729367351	2.08145292045	3.81593171273	
0.728619888186	6.93408501298	8.99728776329	2.87482648193	7.14707397731	7.03406849516	8.99404805365	2.9644855945	2.53264103012	7.07578982168	2.99905653	4.1706102713	
0.457095431708	6.96796075756	8.99586409446	3.19414074601	6.56292222451	5.58201171248	8.83680695925	3.03758187391	2.81554057001	8.11191771418	2.92499623378	3.3547511444	
0.620747500871	6.94583559001	8.47732412563	2.95854109359	6.77718016476	6.15655422376	8.73861016529	2.90184340413	5.20721042916	8.8996384742	2.38418939652	3.99798743095	
0.600257545052	6.9380007711	8.53702351852	2.71632654089	8.98422500784	8.45440429246	8.53714271484	3.210306826	8.99989040601	8.03299412336	2.72018777034	8.68183284357	
1.95088464546	7.06064956655	8.29466660848	3.14280073659	5.82867154101	5.00582276617	8.08736241196	2.97741606208	4.12095344762	8.08996264593	2.88394156721	4.54496653869	
0.58823505276	6.91717482322	8.76932279369	2.67425913639	7.9201350066	8.33654714505	8.76932357451	3.26335261235	7.73300362942	6.72243994056	2.69504794978	8.21643277855	
3.6381766645	6.96398713093	7.67952385385	2.87664521726	8.93794837245	8.97306387177	8.763165796	2.89808734807	1.68525379688	6.94901907543	3.80548844393	5.50389243322	
0.378589510854	6.94644069425	8.78148672333	2.85116692174	7.45721448458	6.24149418501	8.02762520986	3.12682584458	3.99563766324	8.77114176714	8.61074421735	8.96936683123	
0.348687132678	6.94039644421	8.49044909389	2.71048338777	8.99999976875	7.89917808507	8.49044909389	3.75321162121	3.20115674215	8.23727310982	8.78034199276	8.4256796107	
1.1048261808	6.94567972277	8.99479188931	2.65598927733	4.82258589398	5.44139315831	8.93723614376	3.66220337522	6.66739780324	8.57002143611	1.6409699869	4.54765935642	
2.76302626491	6.97034051062	7.25558923185	2.73265717602	6.71308261774	5.72291397373	7.2555892318	3.28188004403	4.68805946085	8.26424538161	7.32601691844	8.6844629028	
1.28063081538	6.96981543511	8.99999993066	2.78969218055	6.3614839442	5.55244653402	7.76202304068	3.18964092745	4.50581514103	8.23083448887	2.46238761078	4.29504934193	
1.07161573458	6.94391027427	8.9479925791	2.7425367284	5.56362901732	5.76330111852	8.56560665649	3.33270023162	4.59581832079	7.75073934427	1.82185831759	3.68847131178	
0.82678987566	6.9860087263	8.66901661852	2.90858278576	5.6131422841	5.33742725853	8.68646800267	3.00559485645	8.90707910827	7.60150438879	2.41171659848	8.9302329081	
0.707938964807	6.93886903625	8.91938928151	4.31502602842	8.99780800579	8.33140846327	8.91938928151	2.60670814695	6.25847432747	8.91419494709	6.56541028559	8.91734196332	
0.841394247701	6.93983140159	8.5887940684	3.47053301913	8.99003600828	8.1062921451	8.58710570315	2.78714065303	4.3935306582	8.97745685953	2.77485488368	3.5495999277	
2.45483987746	6.9431441319	8.99985621976	2.79441765966	8.79488958906	8.0337397989	6.49478171748	3.03595590023	8.7678622942	8.01828093299	2.47148648578	8.81331865793	
1.25590679406	6.99724055428	8.99659525032	2.99425398186	5.73635329068	5.27118919114	8.97359604821	3.32479354943	1.56689341851	7.46513625552	3.36159976111	3.49346946558	
0.882512262006	7.10396832092	8.99165108957	2.89414167496	5.47348076549	4.87648106477	8.99999857099	3.53327002429	4.84276204989	8.00867020119	2.41008992973	4.83910181624	
0.6475985632	6.94097390864	8.99998345517	2.64131824831	4.83387254645	5.47550074131	8.99999877293	3.70453114427	6.02730383502	6.90759838817	2.2338302427	5.72780344137	
0.701123492753	6.93086016861	8.93081452331	2.88730581801	8.95521169838	8.9577130375	8.6148308286	2.91667955359	3.03838345388	6.97810950288	6.70312732034	7.92796167148	
0.70103488583	6.92883987297	8.98189594418	2.72300836771	8.9115828963	8.99830884467	8.98189594418	3.1558539469	7.72479075163	8.68199853334	1.45620580493	5.92453509671	
0.174811216228	6.93814129867	8.90901855858	2.80620517523	8.3405613721	7.80548129691	8.90901855851	3.19432298059	2.54875145174	7.51254594979	8.70881991584	8.98942280651	
0.381534443939	6.91164095224	8.42030713619	3.48372346559	8.33223051213	8.85814426698	8.99970854576	2.62558980109	8.53591362876	7.70652162212	3.76949072275	8.50870331104	
1.56153426823	7.29153493548	8.53990001482	3.47963181707	5.65352369	4.63572872219	8.91499576684	3.26557450821	6.2957259193	8.89610351902	2.92101379863	5.97325839617	
0.93003829449	6.92985377004	8.9996914214	2.88223181396	8.94123411969	8.98867178866	8.9865595775	3.12234650458	1.48181449243	6.90986534488	8.82567487649	8.98718199486	
2.73103794865	6.94578138649	8.86422176475	2.90057187733	7.29239491786	6.69452158895	5.92785964259	2.89657334696	6.0908544586	7.75998814368	4.62202693167	7.98608939661	
1.00899930577	6.91907676634	8.99998987887	3.11235693438	8.56761153646	8.941830675	8.95854901238	2.72603739535	8.82778872989	6.93797744826	1.41033932333	8.79113700437	
3.7116553141	6.96872352373	7.79556874164	2.87501674656	8.96689895015	8.98818507383	7.7955684377	2.88722638076	8.70754710666	8.98444080477	0.770623289802	6.69945641086	
1.08423183007	6.91130129954	8.99999977263	2.65842513773	8.19837613075	8.73205851878	8.9999739915	3.37162595787	1.94575742397	6.47548680225	6.04965940088	6.78423925906	
2.11908189547	6.96961478893	7.69059907934	2.85051255142	6.23781319606	5.58013275956	8.36960762996	3.0368812782	4.96577085156	8.02310324284	2.25988135006	4.83764821179	
0.748652101225	6.94055203294	8.16029328867	3.5433628946	8.82589198491	7.69996724732	8.99999901988	2.65044214493	7.36839612652	8.88119049763	3.29863554211	7.341491263	
0.637110785595	6.9322186465	8.66382916755	3.11563751963	8.97584904886	8.91239355295	8.6638291677	2.74339861069	8.8514443514	8.90450109815	2.23913913585	7.07819066452	
0.855141694823	6.95490086841	8.99999994814	3.11453661095	5.82696641791	5.69508282153	8.99998334344	2.89432071825	2.42687888244	7.13538803141	2.65265781893	3.62253748995	
1.07025240345	6.91648651054	8.99981839011	2.69821191043	6.56869925388	7.02087258221	8.96403734753	3.48647049696	1.79384729594	6.55048559442	3.3193674143	3.69863344537	
1.6931321462	7.23891392667	8.40362812679	3.02620007401	6.17460441428	4.68571352692	8.40362812679	3.95347872457	7.58982731372	8.89598875097	4.11127351796	8.23093708943	
0.80063780279	7.03185224055	8.63646948561	2.95157114751	5.97838578562	5.096106623	8.71807247885	3.11635996128	5.12171205886	8.92556939843	2.42977459612	4.2187312719	
0.928443729792	6.93061607559	8.99999891009	2.74296636564	5.07907728585	5.67123489633	8.99999891009	3.15847694062	2.50008409083	6.45529555547	3.67708547059	4.88123699803	
2.55744699161	7.04762752986	6.63826139289	2.92761173268	6.38161428804	5.1020087172	8.60929518384	3.12854519374	4.16167278619	8.47513860895	6.84529266755	8.16779104164	
1.47763018229	7.00388929997	8.56764538041	2.91071115823	5.72630194396	5.2325952931	8.56635367639	3.06774756877	5.85558166063	8.92295201155	1.74692636804	4.45768236006	
1.36723568893	6.93811088794	8.47142822434	2.6929395199	8.62658797054	8.11164501647	8.47142822434	3.29654359721	5.95240478197	8.1970640185	1.99738161483	5.30530191275	
0.907207037066	6.92150374673	8.99999211785	3.50908250978	8.66241645676	8.97724956701	8.99999211785	2.63331001579	8.93108914494	8.89047955896	1.50995427657	6.73416418755	
1.0924377427	6.98558584982	8.72562653353	3.53166392722	6.31550372968	5.37978534443	8.99999910367	2.82112362408	4.4294513262	8.99999962528	1.92255186936	3.42255035622	
0.881134911353	6.96963913901	8.95912037602	2.93725427294	5.68265886385	5.48693907584	8.99999940207	3.25571741998	2.45529599358	7.23877172828	2.54443253008	3.28945887572	
0.447736952054	6.94859335387	8.74539838938	2.61985170121	7.4522472804	6.11769519609	8.82087766274	4.16456929268	8.74743384623	8.68805630905	3.24912928342	8.57919599622	
0.534264241481	7.02911426316	8.82816635841	2.93682777813	5.79575192087	5.10392480814	8.96412491616	3.08986708543	8.8513510811	8.9185241417	2.16705226716	7.71759114343	
0.554363401902	6.93779077256	8.83587806403	2.69098342289	8.82996233086	8.32960537304	8.98895452773	3.29946149167	8.64067496281	8.91856990808	1.8528673414	7.18142809527	
0.924110029666	7.18058180965	8.99998555103	2.95386514696	5.57918308203	4.74804853671	8.99987380877	3.86086882736	5.00014393042	8.13163514912	3.24805357789	5.53148894516	
3.47614888732	6.94694378508	8.37493660222	2.64977272626	8.99999976875	7.30513915953	5.49649178569	4.28804586822	3.24659746243	8.8773723773	8.99999704985	8.18225953916	
2.26939903021	7.33090193526	8.29167802735	3.35352751348	6.16882411014	4.61965580127	8.275088554	3.7322407479	3.37996594906	8.99707795701	8.80503535836	8.81172571105	
1.2818096663	6.91577474061	8.99999991193	3.50559324381	6.27528570201	6.75947630688	8.99999991193	2.68331030449	3.70350909344	6.9022966512	1.4197223813	3.56901386145	
1.56513616509	7.08780629424	8.99999975534	2.90051468812	5.73526625848	4.92093743255	8.97342390783	3.38275072343	4.62037996995	7.90173936666	2.77817996852	6.13377595542	
0.610406726945	6.93402091563	8.99998516627	3.05580405858	8.96712747238	8.80037638968	8.953295062	2.78149957772	3.28740439206	7.12875833703	6.31756914068	8.09046668455	
1.20503604368	7.20120426085	8.99969944169	3.38354137182	5.22894409421	4.72049306028	8.99750743072	3.21537657979	2.80888889051	7.74034523948	4.30148829494	4.93574211831	
1.08804510668	6.97950691688	8.95746634115	2.95072327985	5.0086858645	5.29060666691	8.99768868948	3.19013119741	2.5759617895	6.8180539902	2.31425264631	3.36821682117	
2.02027340726	6.94389121076	8.66911861502	2.71820962743	8.80875833076	6.75256060159	7.76868025618	4.87260536721	1.7209698982	8.99297762129	8.34811909928	6.71081314431	
0.460862412458	6.90947965399	8.54437999171	3.53598044638	8.86186823868	8.63586845639	8.80823564156	2.61475606339	6.5964443664	8.62690429426	6.18953132715	8.79346033274	
0.979032249719	7.07297185128	8.99174935172	3.5420173459	4.78349933582	4.92325333428	8.99174890651	2.85812650574	3.41832495122	7.02088743533	6.86432848394	8.26656524118	
1.13209468647	7.12174250307	8.99914813302	3.57369073722	5.14931242363	4.83669009208	8.99454070799	2.90808966303	7.84156646674	7.84315835386	2.2384060015	7.72683550488	
1.54294567496	7.03122712631	7.88000620281	2.8690229369	6.82529890886	5.10977505326	8.29642974621	3.5714251099	3.1776621228	8.90848598907	8.99999976697	8.88754461766	
0.411470986616	6.92509647254	8.73595006032	3.2013904685	8.77045111048	8.98404715114	8.67318709265	2.7032247573	5.16281899971	6.98107257174	5.29401741152	7.90817806272	
1.10348380609	6.93824954174	8.88545285554	2.71011038474	8.97997141811	8.42619514625	8.99677960175	3.72908160067	2.49941027067	7.53401789071	2.64901157807	3.43159340085	
0.42571520613	6.9342886284	8.79607390864	2.75590302775	8.28624833017	8.10552013404	8.36268052655	3.09472019754	5.45964481318	7.24273489251	5.11877384059	7.97110818028	
2.88028245933	6.99965810856	6.58672179203	3.22527914819	5.96366913909	5.41740195329	8.95222264152	2.79095749798	4.45341445585	7.93041525365	2.24065714876	4.36839683985	
0.211411106508	6.94076076884	8.0568667407	2.95758765666	8.99939904358	7.71371443952	8.98856379087	2.96393723379	4.11046202966	8.93100180353	6.24920998463	6.76404922843	
0.154085218885	6.94075320503	8.57854593809	2.7293756753	8.99204011784	7.71148497077	8.34528003432	3.18265960631	8.66676695735	8.94841566173	4.05573502905	8.9349026112	
0.928043885481	6.92884416343	8.99999979432	2.84516567755	8.64836463985	8.7364138043	8.99557039677	3.23015729707	1.39493119785	6.87143238395	8.73012446921	8.74015949198	
2.0984107359	7.00615562853	8.53824302012	2.84818886574	6.78639449496	5.25932278801	6.73017129544	3.48943212929	3.68896411849	8.97205319805	8.85460131177	8.77677102317	
2.97591414998	6.95077094399	6.13038923788	2.94243752389	8.71942902905	7.00122320995	8.51217125316	4.06039119324	2.62851633746	8.83932903432	7.41325660705	6.2406616373	
1.08809379851	7.11402320314	8.99999461895	2.86349863177	5.11345256324	4.85019210695	8.99978473059	3.77760860514	4.96325578617	7.40740398003	3.46029084434	6.26728424947	
0.908792611248	6.9313147377	8.99160988164	3.07568049664	8.97934425207	8.96207963585	8.99999226904	2.77396058493	3.44968545086	7.02583641272	2.13780924151	4.3535002734	
1.8492580797	7.12560413295	8.28010996604	3.07601937195	6.05027053615	4.84626442673	8.19379242717	3.35885562752	3.84065297692	8.72163679862	3.0789752272	3.81981720137	
2.39448463554	6.93322145829	8.20253412923	2.9109365175	8.95790819099	8.94955596709	8.20253416979	2.86869871529	4.80483952147	6.9672981848	4.45207186906	8.03979971594	
1.10291977175	7.01105094274	8.99887153972	2.87847329091	6.41345751732	5.20291990352	8.99999961314	4.15798717774	1.29570422436	8.20895448836	8.87209462151	7.87879991933	
1.01948243662	7.25050284073	8.91948719945	3.45024450575	5.94312508202	4.66975914355	8.78077604034	3.2724370558	4.08894417156	8.87543641066	3.49894054652	4.38751395484	
1.34514304249	7.38312649967	8.99448578935	3.28259410313	6.072962471	4.57266457237	8.99605906784	4.02446017102	7.84422982961	8.99970194267	3.84484428109	8.49031562733	
0.701664366269	7.05598265483	8.69531014472	2.79340429101	5.54887988032	5.00108684749	8.99999911954	3.67057950261	6.83497353257	8.21709193129	2.67374841911	6.37156866022	
0.829872495872	6.93849706044	8.86893561734	2.97454917441	7.29480576166	6.87366192503	8.64952460595	2.83171285891	7.53170474028	7.43089905484	2.70272350305	8.48338508808	
1.49349683967	6.9371546843	8.44138288807	3.00231168672	8.78400254728	8.38601845464	8.42218714609	2.82655820042	4.45039060922	7.75507226102	1.9437473208	4.28323046638	
1.47235321647	6.94107383409	8.34303034503	3.82010960006	8.60075058472	7.41451323917	8.34303034503	2.62527253086	8.99147456895	8.99718418432	3.38907147865	8.99669559612	
0.844896558797	6.94483060539	8.97506757332	2.70827819705	8.5127584907	6.44392715647	8.96700384525	4.70780284742	1.46288280558	8.99999976902	5.79118451519	4.40409365099	
