-3.76721018435	2.72761277168	5.90611271215	-5.99997398097	-5.9999992111	-2.94881554565	7.72077430213	4.11810888756	4.83221613992	8.85341852782	5.74130517224	7.3380785796	
2.37201965681	4.75511384992	2.19100580102	0.468021780562	8.99999504965	7.07554306615	5.76718104462	0.885778712092	2.19518253121	8.30342997658	2.25352829439	1.9460870283	
1.84456437962	8.33924854038	-5.31863932142	5.77064258234	4.98115905575	-3.56540645351	8.99999999994	-5.99999999994	-5.22012858492	7.65256472088	1.25495583378	-5.99999999994	
0.550480412971	4.23098766744	8.54372174874	0.392365078138	7.8975748288	6.26768372046	3.08815375007	0.0259193463848	-0.76263956761	5.84140157103	5.25702216605	7.47104317667	
-2.62149055952	0.879390532608	-2.80396279067	-3.20192280583	-5.34535294194	-0.416727072193	8.95098907571	-3.17211576672	8.70897273538	3.8169115785	-3.89175297668	4.74690067953	
-5.99999976861	-0.215611795177	1.86141938225	1.46389266985	4.94720467724	2.21203786551	5.49573588033	-2.09378436645	1.14428457226	8.20016108648	6.55389651548	4.09098165906	
-5.52285194546	-0.0455489849283	1.0232320054	2.81219067568	8.67942836481	5.6035564695	7.54513913969	-4.38828791392	5.59011821017	8.2671168983	3.77474346241	8.49592001996	
4.75047251223	6.36752372341	8.08438382921	-3.35216182659	8.89614068696	7.57783025487	-5.7950829472	-4.34171140294	7.19431942612	2.06251348211	-5.99999970893	8.47137906457	
4.9955357225	6.61268653461	5.26263297678	-5.29542845712	4.09974255827	2.63327420669	-5.99722233592	-5.29679226482	4.84513996278	0.975040782046	-4.31174950608	8.92043688017	
3.05159586345	4.70209496246	0.370554022483	2.00451814443	0.285682272148	-0.64441729221	3.25083789114	-5.21502654292	1.45215706522	7.14575469422	8.92599953461	8.9990411522	
-1.27186290838	4.99189725439	4.9244165913	0.668020321387	6.74277038832	5.74642330984	7.65162863969	2.0727461404	2.99138038526	6.25083109781	6.28157803349	7.24513418813	
-4.07992273336	-0.347313291988	8.34682276926	-3.4983835244	8.68573178817	6.94011922066	-4.81852646613	-4.67884132416	-5.28871771732	1.3784020269	5.51568540888	8.2222501782	
-4.48244195645	1.48003591632	8.94701719843	7.40703770007	4.95453076645	3.09481899297	7.29989588056	-2.84190106998	4.15213617131	8.99999972467	-3.8759115582	-1.48962630566	
-5.23511868766	0.759557293194	8.8982659839	-1.25234374049	1.18233358771	0.857161973762	0.899678833401	-2.03722801848	-0.897206486651	3.75404516342	-5.98999830092	-3.56809930426	
-4.91880233303	0.824187592703	8.487989783	-3.51819976563	1.11858571733	0.85906613607	0.803461110765	1.87546236231	0.357927285512	1.11984997417	-2.92067736931	1.42325648963	
3.68842283767	5.33892857379	0.0965889959535	-0.517576563372	0.87536602398	-0.0028725190744	1.79473986563	-4.83843584555	6.61076705071	8.99999710675	-4.45196608574	-0.710983582936	
-5.99999976897	-0.648860611284	4.31967560715	3.98073829097	5.23650850283	1.61583319774	4.74129495437	-1.19547203022	-4.10336169868	3.89253351971	1.61978223972	-2.1757269089	
-4.04547252144	1.85593480106	5.86474156785	-1.48308947086	8.9999986769	3.2803592049	3.96021648806	6.42624077007	-5.64729978403	7.55578349462	7.76388425094	-1.08408447068	
-5.87758798335	-1.00001043704	-1.07936552293	-5.19679164515	2.6698548196	0.713032958783	2.90606881119	-4.80164350722	3.29672447004	0.937440994436	-2.11147372843	8.80733065143	
5.0871526812	6.73768862483	3.13271738111	4.59228316822	-3.06706705325	-0.718586807204	7.93192781589	-4.54962187762	-5.88798595722	-1.21564925258	-5.65099498737	-3.64522548245	
-5.71265702869	0.28636365044	6.43930396396	-4.04926002327	2.61747447908	1.33016063168	3.30552862844	3.95469009507	-3.13188907573	1.60903825253	-2.29420289347	-2.25229658479	
-3.25854482247	3.15801226274	-2.59438985733	0.0803208145871	-1.34094401944	-2.26708010945	7.72182777673	-5.99998448591	4.32757549807	8.82827578807	-1.43450166508	-0.723503650081	
-3.17951782905	1.20785025876	6.771217408	0.650621898142	5.70742017501	3.39264940787	1.71604461495	-1.89198376839	-5.02467274829	3.50762254642	3.31089831746	2.08975531811	
3.83467031771	5.48523415629	5.75124729521	-2.49977957895	-0.472343814166	-0.63855499837	-3.63634057352	-5.43881205566	-4.18353855201	-0.16650282457	3.24203793497	7.44928637655	
-5.9819450356	0.901437896541	4.98961057461	-3.44099644694	8.99999988256	6.74614862741	7.73741239618	5.69541496767	8.97959027618	4.50174043108	-2.34419261851	7.63187022323	
-5.99999100918	0.494755607057	-5.6165864111	2.13409355982	8.99999745581	-1.67391613859	3.53407361025	-5.99999998125	-5.99999745577	8.99999745577	8.99999998125	-0.382285702552	
4.13926014294	8.37128610971	1.02399718235	-1.19209886711	2.25457831575	3.64342104879	1.0240145982	-4.8711672467	-0.274793508498	-2.15344939778	4.80360797782	8.85512934084	
2.97952612269	4.6299895581	-1.10182960665	-5.85166521468	3.05248858133	-1.00684500065	8.30283843439	7.72912813932	-4.76355117535	3.30951350157	8.30283845474	7.61732829055	
-5.9999997767	-0.349840951195	8.10688793487	-4.67427061587	8.59395985534	1.61950046072	-4.46129012146	5.08260630487	-5.99999976861	6.60515984292	8.78354069402	0.395086872705	
-5.99999993837	-0.394520688808	4.10163334395	1.90144418614	2.67789380485	1.01924130414	8.39566190218	1.68968319514	2.37230593704	8.35400801771	-3.36995194192	-4.73717253555	
2.50527985549	8.9999886446	-0.482236807244	-5.96677364204	8.98290493761	2.01014587024	8.99999996066	8.99999996066	8.89268275819	5.58282359622	0.0724390820226	8.99999910571	
-3.42023727251	2.30038189366	3.21054201794	-2.03346547271	8.94543849523	6.79605374485	7.57196358617	-0.203697050057	-1.68356473631	4.43484075424	-2.763588701	0.221564836839	
-5.99999977062	0.448325692875	2.52393341337	2.90542512338	1.93348411428	1.07075371083	7.68364518316	-3.0256057478	-3.11142097103	2.0911888324	4.84314617249	4.03784213614	
-4.19753057424	2.13768656899	8.24042805205	0.760933923879	3.86217775568	2.87917099318	4.76463188851	0.934690567021	-5.6466120116	3.10439722522	8.30533395364	5.16668822792	
-5.99999976852	-1.37231619055	6.71967379855	8.98320744659	4.4024629809	1.97874582462	8.69936715157	-5.71586044475	-5.99999975878	1.03163322619	-0.369405669212	2.20183825011	
2.49905603355	8.99377359629	-3.94698423809	-1.14650007161	8.99998633119	7.78000505779	8.47541388558	-5.56217942292	8.99998659355	8.99998659326	-4.80408569357	0.81328221728	
2.50514547691	8.99982801617	8.99992806336	-3.45740772594	8.99917146471	8.99953993244	-5.99992806305	-5.99992806336	-5.99952606903	8.99997590521	8.99983775382	-0.382283737491	
3.81137110216	5.46189721347	7.87836075145	5.34268079727	0.953351222853	-0.164549110535	-0.441766425964	-4.98110151138	2.94003778253	7.8667283868	3.45772560849	4.72856271926	
-1.25558784322	5.23904037067	1.42736758074	1.35310396728	1.05354496233	-0.180172192437	5.14901764568	-5.9999820164	-3.25633411058	0.43876254761	1.12907411532	3.05124228718	
-5.3391539558	-0.0168150179407	3.39776400829	0.700380509109	2.81396494721	1.276580274	6.00207848858	-4.02636622817	-5.90176462858	1.50786360127	-5.24988319453	-4.06349946073	
2.21318480099	3.86422615792	7.97746393488	7.80681821109	3.39228093277	1.09903367163	4.82454881485	-3.73315256537	2.45169120891	8.23267655345	-5.36471623521	-2.12004075844	
-5.17904547638	1.06221093066	1.6420699083	-3.27923208485	8.99999976875	2.73713844262	8.73241977164	8.99999976876	-5.99999976861	7.30480398757	8.41994114746	-0.554407703445	
3.44486263098	5.06200474273	0.348846883914	3.27657591838	7.61533440313	6.16365027077	6.76406727663	-3.46303153374	-0.308883639262	3.47604040963	5.99586489355	8.99999486169	
-5.98928656546	0.271120198549	8.34773852107	-4.07057346564	-0.652131272291	-0.271163012783	4.71867047179	4.28434808697	-5.9999999578	-0.0461017566282	0.714756452393	0.627256035154	
1.78877151184	8.28265540028	8.90730190523	-3.40354747435	-3.67135973398	8.999675965	8.9997357606	-3.81816612345	8.89592217515	-0.382169921385	-5.99962218656	8.89743331053	
3.82836846997	5.44576544502	-5.34146276717	-5.25025790191	8.99954646177	7.98188224804	4.91474998559	-5.25624828223	1.2473272178	0.568795835264	-0.813730102899	8.99999999746	
-5.89475149667	2.80067793974	6.10723581238	-0.418656180268	-2.02063370835	1.50594953467	7.7734894881	-1.42660665784	1.77082734661	4.21386884763	8.2833754381	8.99944172016	
-5.45901336155	-1.1254080945	3.99503018617	-4.77178041562	3.55052400456	0.114078048498	3.99503018617	8.31911886149	-1.3977701003	6.26930870915	-0.909452294556	-5.37581370209	
-5.99999977944	-0.347348867329	-5.99999976861	-4.37337920501	8.99999976875	7.19610020382	8.87109170952	-4.40399159331	5.5862371939	3.20003672043	-5.99999790776	3.84101940128	
-5.90641891793	0.844011739619	8.88254677364	-3.49842741184	5.93800250162	3.26378363311	1.66471918995	4.41278461948	-1.12374608197	3.4978602344	7.8528090577	8.44303849464	
5.52801208674	7.17889332726	6.98877039669	8.98600256296	-5.89900804281	-1.19175598758	6.99782914756	-4.7801776869	4.39253535909	7.220206866	8.61389028086	8.86399851926	
-5.24945099301	1.13639035595	-0.581255648844	-0.0840117581224	2.70114598289	1.79840818107	8.35083498962	-3.20569606337	8.99997124424	6.20414879284	-0.894128816081	7.13301570228	
-5.99999972714	-0.957431543299	-1.08572437917	3.11181649822	-0.469926095652	-0.827724681984	8.6239650281	-5.30057260018	8.9892468991	3.0385969013	-1.91221308601	8.73580228954	
-5.89327059997	-0.945865583575	7.07660157787	8.87341326068	8.67114507191	6.1449971957	7.03655799613	-5.15879599269	-3.59986164277	2.69680026134	-5.97837051714	-4.64260642857	
2.50594101329	8.99994237334	-2.0907260151	-3.68970387625	5.52205302391	4.22482012008	3.56010365104	-5.99999790318	4.8302541903	8.44349732182	-1.55337067429	0.450809963395	
-5.96439661868	-1.12091859287	8.66897927879	2.26564929505	5.22507137874	1.08428524313	8.09107939136	8.78476777048	-5.99807593642	3.11103481219	-1.01771633871	-5.46473478328	
-0.0458217995738	4.64337901187	8.73897581358	2.9663287241	1.6822402945	3.4274453146	7.41902588194	0.303598823768	4.73619848797	4.05571347225	-2.23984177139	4.54944289473	
2.91478913112	4.56538250679	-5.99403516968	-0.353908808246	-3.61250441775	-3.12528264172	4.95119992174	-5.95927352814	-3.6273332382	1.00029930295	-1.72075797209	-3.56072124857	
-2.9715007181	1.17596555798	8.79244045377	6.36383212949	8.28884931426	6.11430687835	5.5607041216	-3.1733261849	1.17660804979	3.35217779208	-4.16679527836	2.50244480379	
-2.80548444191	1.10508102581	8.86281852297	-2.95555823409	2.34826314931	1.61318069835	1.83642076984	2.69483482905	-4.1568567288	1.85219347206	-4.37098871393	-2.94041194059	
-5.81448945256	-1.03502161469	8.98145072266	-5.12913862189	-0.595071334142	-0.928268811562	4.45606902581	7.63147802549	-5.89059762773	-0.649905778854	-5.92305674083	-5.01970040452	
-5.87280988237	0.411396474181	3.07670623773	4.82252374832	1.82644989585	0.999019215288	8.77340920794	-3.91321310151	1.43752825853	5.19661353399	-1.53697746125	-0.15689481237	
-0.461501916301	6.03361086715	8.9999924022	-5.99998296505	4.2929523793	1.30249815375	3.46745148647	8.99999240217	-2.91739531619	1.31668196584	7.61640058272	8.99999240217	
-4.73468886746	3.06130234021	4.31548522757	-0.627484802542	5.69088467582	4.25401622365	6.25967344792	-1.16651023222	4.21639704978	7.97304496663	0.173937744259	2.08245921618	
-4.35985237429	-0.387424441454	8.84015822948	8.38981124694	-4.07656624977	-1.66467148212	7.55676823545	-4.73588746726	0.0727643928581	-1.44130971275	-5.70153675921	1.82632588941	
-1.80962477677	2.89556976663	6.29328256974	-0.898965284127	8.59720925475	5.37107063824	0.756768031233	-0.135675593054	1.46428717767	8.84083596428	1.1287755151	0.012994120253	
-5.99999979662	0.573946854521	8.25011844348	8.90082655586	-0.811829677385	-0.170223937482	8.2659829377	-3.76491751823	5.12955904119	6.68408761647	5.05479670275	7.32005731285	
5.25735863064	6.90820747867	-5.99999410624	-5.68627076587	3.95282902361	-0.843251958109	8.2141621324	2.93964530019	-0.630169350221	4.2122114727	-0.819766832401	2.09901655264	
-3.59832696592	1.26510445544	3.65200073191	-3.0786188097	3.28873158023	2.15620859934	4.95388567106	2.48142466272	-2.77926508489	2.38001011485	2.47068389193	2.43871970512	
2.50524114725	8.99995821136	-5.90707492907	-5.51181620613	6.3955739618	5.04446619486	8.84170303583	-2.65980380683	3.32218006582	8.08719917859	-5.5080873994	-4.65538106071	
-5.0297949768	-0.986852154609	-2.95406019294	1.17787103787	-0.691268753478	-0.947258168647	8.82159247336	-4.7190457695	-1.24103312883	3.24652400524	-5.98468196191	-5.19536424284	
2.50528314957	8.99998630991	-1.59242091916	-5.98876580652	0.18304409892	-5.99999563133	-4.06893054049	-5.94682858539	-1.51266516822	8.99999538085	-1.10502415708	-5.99999990882	
-5.98208744681	-0.95902602195	2.58923225822	-5.30228035939	0.042802937257	-0.575846366765	8.95192953533	6.72145656431	4.39400963341	-0.27142437779	-4.95137449598	5.08677132506	
-5.99826782315	-0.796016593067	8.78523234901	2.56719534969	-1.82299633173	-1.38459761434	-0.649677348063	-5.13813973603	3.60950229165	3.64931427728	-5.79448793669	-1.11331235748	
-0.769187283189	3.43278538392	8.75487048158	-0.899287737633	5.6365450233	4.41601874261	8.81357418151	8.96395176412	4.76542518825	8.88534873999	-1.54229810588	0.515247334425	
4.85096394931	6.46842777605	8.02914084064	-0.179824381415	8.80771616169	7.7371539718	8.02914084064	8.19968991569	2.82431455877	8.99999980732	-5.99924511386	-5.02827433125	
4.7150273236	6.36564533971	7.6680301274	7.82373540635	3.53299313262	2.85756605053	5.30076670017	-1.9726563562	8.5705179332	8.91397676093	-0.626236968273	4.8279696184	
-5.99999982521	0.469765755492	8.99944176739	-3.8726899478	-1.31486342252	-0.826411808632	3.40474595769	3.35679451304	8.99999919074	8.99965425942	3.38254377576	8.9998237027	
-5.99999977722	-1.18997122763	8.72368525399	2.39080944447	2.27449629275	0.420483088301	0.00157449765576	-5.53389529291	4.70580501543	0.651136408312	-5.99999976966	6.62213857781	
-2.38506301833	0.667099322491	8.53754734924	8.61061945908	8.99998727084	7.99497695325	8.54811607001	-2.44451016644	-5.35291160254	1.66289113057	-5.24150468423	-3.73079851134	
-2.49196689656	1.57718216454	-5.05187905155	-2.61677045347	1.57407471359	1.47139579393	8.43785665106	-2.23140102757	5.88132062702	8.52558996695	-0.0803103899977	1.19824438642	
0.280240906138	6.77508441496	8.99999301898	-1.03670150138	8.9999967204	6.91533535256	-5.66313581069	-5.99929195797	-4.12055086962	2.21650948824	-4.19241500143	-4.91174150489	
-5.9750412238	-0.148235822822	-5.18694196447	-4.22381860452	8.99999976875	7.03942596359	8.79992742451	-4.15282639213	8.04145113579	5.05592282089	-5.97975358671	4.78428474361	
-0.917483820239	5.57725042311	7.04113317682	-0.895986373927	4.91668845561	3.6261856937	-2.77034080398	-5.99999802908	7.17881109016	8.96873901484	-0.868489979705	2.95920122417	
-5.99947189611	-1.49727972894	7.36214003772	-2.18813910254	8.51466467776	0.821959623417	-5.99618134772	2.05638613288	-4.15807859724	7.86849591046	2.24767415841	-5.43554130172	
-4.65703681915	-0.702020392666	4.49688662071	-3.45737915075	2.38634952602	0.727127408385	-1.7337803611	-5.03510585835	-5.99252759773	0.938561308588	7.31616225732	8.99999986896	
-5.99994839332	0.50379180156	8.97064952859	-3.82725715285	8.68017637865	8.99994834852	8.99038553781	8.99995139345	-5.99994839329	8.99994834649	6.99839608936	-2.38153346673	
4.01343654109	5.6640074842	2.91803684582	-3.57518908128	3.881541651	1.26858990601	8.75209376764	8.24116443178	-5.48517336978	4.13957679273	5.68279156204	3.67971592655	
1.50199732026	3.5844215826	-3.66847047314	-3.1461339925	2.86968272049	-4.83962429724	-0.905575719266	-3.58178818962	-5.04727871773	7.49023443658	7.84664756328	2.72664296677	
1.09819925608	2.74872151599	1.3731011371	7.29441180551	3.51604172234	-3.97251939648	4.20221869128	-4.55521735167	-5.99993450953	6.59107722441	6.83064423619	2.56893519359	
5.21952174309	6.8700337785	8.79470338296	4.36172708843	-5.63257382181	-0.596236049715	5.25565856426	-4.37780648168	-5.31522599652	-1.10717002282	2.84981798304	5.67649201787	
-2.40429168692	0.817510357717	8.37052049973	-0.334073427202	1.36864433795	1.00378157976	7.22693627928	6.64969766312	3.19283434033	7.94770556538	-4.90350111729	-3.57832786953	
-5.82669985249	0.659382345497	8.99778232514	-3.43688462923	-5.96809181777	6.36098556601	8.99569681232	-3.31918316142	8.99988663379	2.62518083985	-5.99990264279	5.96433505517	
-5.21765777314	-0.43165894289	7.85870343737	-4.64972936046	7.62229581716	5.41478143395	-5.99999979104	-4.17641524192	2.58480867353	5.18025180715	-5.99931273045	-0.833270032525	
-2.00586993242	1.01188814988	-5.82312663838	-1.96724480124	7.6374672277	6.56090816468	8.21150621716	-3.39920013291	6.28115412549	7.34119459293	4.5357984117	8.94455683823	
-4.91876208228	0.727566556774	1.58545607961	-3.59735630484	-2.48971297747	-0.519264388612	7.74948727419	0.0941476721438	-4.38032436724	-0.29207983898	-2.89100811285	-2.10273921834	
-3.62556132701	3.99710326789	8.080003446	-0.0638867860765	-1.52986606796	2.70121230851	8.98321247625	-0.0142524564146	1.26876063609	2.93066739213	4.08762621379	7.36846997657	
3.96766602364	5.6188684436	1.03568117346	-5.01411034471	0.436866569597	-1.22840974357	8.54777719416	7.8408443686	8.61899360281	8.83881359941	2.44742751769	8.65354750082	
3.77702744484	5.42753396357	-5.82516446494	-4.75901199944	5.41713561227	-1.80490242929	1.51418760045	-1.84350690682	-3.31845133602	8.99997968109	1.80478297216	-2.99543596054	
-4.60352104119	1.89219349294	-5.99998920535	-5.99984852925	4.77489104221	-5.85712422605	1.33911119651	-0.487791447337	-5.99999270668	8.9830557062	3.79925745121	-5.56598747352	
