3.58745836061	6.96753323481	8.29580839759	2.88136707771	8.95489285733	8.9657297084	8.29580839819	2.89689609695	5.41838264548	6.95539343662	3.45222808806	8.99280166874	
0.668263127496	6.94044036738	8.48151697598	3.485570894	8.97602356714	7.99930443109	8.58927604616	2.6584529583	6.95461685598	8.90980960522	5.55162819182	8.88288496877	
0.839582810672	6.90559944573	8.97570677812	3.02235523629	5.31666666342	6.07848047865	8.99999424532	2.84948967937	3.91788310751	6.90452353229	1.51739570382	3.46191937126	
1.18296531435	6.94053223093	8.32612680884	3.29875220877	8.8733505878	7.74648744688	8.21823166382	2.71183985315	4.51216409449	8.60432127992	3.41913481715	4.88517684353	
1.08885222188	6.89836565221	8.99571724475	2.80152464412	5.1087447968	5.99387898149	8.99999977115	2.96048013943	2.09131820999	6.22390732687	7.92784499692	8.9894589342	
0.550099857601	6.92054455124	8.8992047051	3.14411412355	5.87472005526	6.32332538647	8.7578867324	3.00627735675	2.73246292167	6.72566879633	2.95789620227	3.30747885808	
1.73488915301	6.93714465707	7.36358487682	3.40230554846	7.35291087036	6.76869574017	8.99907671966	2.66776686524	8.95205839322	8.87714796268	2.39896658651	7.80362133426	
0.463186135841	6.94006067806	8.10815322409	2.84046906478	8.79259157523	7.33284266043	8.62567249048	3.37534595622	3.57554970465	8.92660801039	8.73782254988	8.54278118013	
1.49208035219	6.93922609964	8.31613090469	2.60300135459	8.99815519943	6.95236464693	8.31613090469	4.86453824584	3.34089782841	8.99720513377	8.99999999898	8.76220036852	
0.832142428466	6.89470535075	8.9999604489	3.04422649143	5.01433585821	5.95695065247	8.9999604489	2.79374350426	4.13280871418	6.86419565722	1.49244828717	3.57297287548	
0.988555222824	6.923193242	8.99998664779	3.03208249751	6.00449607221	6.38299444538	8.99359043119	3.00747424063	1.61501068633	6.62051979889	3.3947870687	3.68530033946	
1.0405630874	6.93617514367	8.99999579	3.03032804392	8.8333692687	8.87725967844	8.99999911062	2.94394826435	5.36807035137	8.94286239563	1.16168145771	3.32823783418	
0.969742256522	6.94049230063	8.40950056254	3.93534384595	8.99892176287	7.57750979024	8.88894204963	3.02800961668	3.31286256589	8.94904819751	8.99999600689	8.80469950257	
0.87686304874	6.88529096105	8.99999949673	2.92331398187	4.78414313163	5.87197599487	8.99999949673	2.78063144817	6.94235687299	6.64085356129	1.40623935706	6.56267389042	
2.30821126183	6.9284566479	8.39967737384	2.8675220759	6.19313081516	6.24487196177	8.30993701797	2.90342134341	7.79084936799	6.97214105725	2.10853141123	8.84898915263	
0.295466880393	6.90586035471	8.64463078997	2.91287052407	5.32620708972	6.08241325709	8.78885967201	2.82394386856	7.23296906551	7.6820639908	2.51423889545	6.05035885272	
0.914203309784	6.93757208891	8.99999977582	2.64738286602	8.65276167749	8.5342088964	8.85932903039	3.65345948835	5.53422190546	8.41866645068	1.76585703788	4.19021384767	
3.62455928064	6.96978556444	7.47300059289	2.90344600932	8.94706811753	8.97735552849	8.99828932935	2.87675578149	2.73766404304	6.94052218507	2.42183192657	5.18969350357	
0.461606260203	6.93787562638	8.2200246954	2.60001570047	8.71384408908	6.76236289959	8.97786061632	5.00478039906	4.02238423721	8.95256081177	8.80723950133	8.60050541007	
0.666678128724	6.92269840672	8.99821940416	2.69427249591	5.96016942349	6.26017683538	8.99999983105	3.22042257388	8.91838368953	8.89769079591	1.51998300185	6.72328964715	
0.325839855552	6.92599994883	8.99998204112	2.7590786935	6.16996862948	6.45928120901	8.99980658974	3.17744664208	2.40457149848	6.70711208791	5.43523473954	5.96162348042	
0.199429833512	6.9211334038	8.68591526732	3.34799595376	5.95662862822	5.88117490098	8.99700570069	2.66189515245	6.3644686837	7.46227977536	4.92298021288	8.50708832998	
1.1456453927	6.92231457367	8.64585541859	2.97595309666	5.95656305716	6.36093411708	8.99999976843	2.8041124349	8.97825832974	8.66993398927	1.26187815964	6.91009034992	
0.543880724462	6.93085168708	8.88161337531	3.85277310216	6.76729340589	6.2784148693	8.84393189178	2.61409610172	5.83611771198	8.04560213169	3.53418893812	6.34044260278	
0.373141652465	6.93086487937	8.99999990222	2.73214163475	7.00799304786	6.23194655926	7.91516739828	3.14088349021	8.9814246673	8.83721170884	3.18639214009	8.24619271463	
0.121920552183	6.91052257274	8.37773520365	2.56930306894	7.52533394842	5.80509092013	8.94972842467	5.33783660036	4.75355516902	8.92951222062	8.37447144827	8.20561721094	
0.693014150633	6.89241428791	8.99999991697	2.74743331249	4.95693395973	5.93505496168	8.99999845842	3.01697970788	3.95863863653	6.3370238949	1.95879630844	4.29361368485	
0.497838734146	6.9405141913	8.48455058354	2.68717654382	8.9981215129	7.84790791476	8.06046600662	3.38729578936	5.0601374772	8.95740073333	4.04250901393	4.97846659052	
1.47324291475	6.93964946838	8.25536946105	2.60380651541	8.99887906966	7.05744195579	8.19387349026	4.40375960044	8.35987064638	8.99710949853	4.0494599335	8.98406591954	
1.15428271956	6.92904150463	8.99193970133	2.62809339625	6.37086209953	6.55492330829	8.99193970133	3.85676293865	5.29381417405	8.07281936342	1.60969184511	4.02602816337	
1.01835057389	6.91773309493	8.99744336431	3.04461067641	5.74601912089	6.2651231717	8.99999843356	2.8077572152	2.69553725227	6.53007035342	2.27644136384	3.82363403173	
0.63802801651	6.90459435119	8.7053673032	3.01140942546	5.28124895754	6.05061394482	8.7053673033	2.79984465132	3.14112441491	6.39448585567	7.99456872425	8.95988968593	
0.565425781053	6.92042851212	8.99999998842	2.63795480489	5.85456341511	6.24547366391	8.99999856714	3.52177111074	2.82466987596	6.61884032945	4.85021900215	5.80551817499	
0.385478883118	6.94044135147	8.97656145113	2.59996148524	8.97196213395	7.61409924952	8.97656145114	4.9692400937	4.78344351497	8.29405772364	7.64903748562	8.98038989989	
0.555330354087	6.91560436732	8.97919849922	2.86275763059	5.61806745724	6.0067284075	8.77006764302	2.92085633843	3.59084687706	6.77562054662	2.47806710792	4.16528320952	
-0.0361608074071	6.93526336094	8.67076901919	2.59665553327	8.4524700005	6.47964142457	8.95755868518	5.20879327197	4.15574705644	8.99993794133	7.10726900225	6.74251972024	
1.59972287135	6.93995390499	8.99999923447	2.74009926798	8.94010623394	8.416420741	8.99988297929	3.14929566618	6.8195419293	7.50664834976	1.4153075144	7.67728028296	
0.824160663204	6.92742725026	7.8903729678	3.37202467709	6.42010960762	6.11944189853	8.9610905139	2.66480433549	6.09405476523	8.24962454478	6.02981388729	8.5413763248	
1.06075839049	6.92366909806	8.99999976867	2.85702181772	6.8545888836	5.81003097008	8.99999976867	4.65308768168	3.54856973171	8.78588495269	2.83807512701	2.92735994763	
3.70992011962	6.97639796714	8.43828141559	2.86922210129	8.96272208107	8.9703113561	7.40600666005	2.906383988	8.93465626571	8.99999929733	0.523012927686	6.90742776625	
0.228285755184	6.92589988871	8.99363212549	2.79645686417	7.55759035021	5.90326377717	8.71614571433	4.38716811464	2.41839254216	8.75594496689	4.70154995282	3.50191643663	
0.954574660769	6.9370287517	8.40718767985	2.63748500526	7.83368318461	6.68699904077	8.40644297252	4.0091197213	2.99745751821	8.14063615098	8.3772011176	8.22038888852	
0.833879160195	6.93767742686	8.97585560269	2.91647150634	8.99078219693	8.86146178249	8.98494153528	2.91963295045	2.58696668559	7.08069805175	2.87600545674	4.18762517559	
1.28532968242	6.93713724162	8.99992293188	2.8576848758	8.99259543302	8.94194334475	8.4801163994	2.96235109169	4.1269059356	7.25431393901	1.62328173962	4.20985901764	
1.61074494313	6.94086037591	8.27930864021	3.82067265624	8.9997628819	7.84591167361	8.30019379806	2.6248308171	8.94324298291	8.88794079755	3.27438091472	8.94255628004	
1.22742357591	6.93836078459	8.99933247721	2.75152741858	8.93731446505	8.72261468961	8.99999976616	3.16492877053	1.83788556844	7.14652934782	8.06687754876	8.99999999881	
3.67600067492	6.97310967875	8.98041002044	2.85016642367	8.9028977224	8.96617482208	7.6356079583	2.94775026058	1.13450770178	6.91053702174	7.66310369822	8.99993683217	
0.8584169643	6.89256996382	8.99865509905	2.60837275903	4.96019842241	5.93631359013	8.82922662744	3.55973027382	5.01533829437	7.05251351757	1.92639810846	4.19387176131	
0.095989312759	6.93721638604	8.43473958806	2.95374643875	7.39331552704	6.96989777633	8.6850889103	2.89200648819	4.78864128201	8.35803803395	7.67152698038	8.61352829915	
1.20722719752	6.93981590634	8.99999565061	4.41182385736	8.43138425686	7.79611353431	8.99073778247	2.60791882286	5.88932105644	8.82557311786	2.19910109014	4.79166058978	
0.739773264953	6.9118227853	8.99862379394	2.89170725663	5.52045899306	6.16533867694	8.99862379377	2.85244171845	5.43681267557	6.41004397507	3.08730919372	7.20538574302	
0.59844337176	6.91648861726	8.9185212662	2.72905708139	5.67078291245	6.14669819517	8.74863578499	3.27332104318	4.03694635721	7.12738270425	2.18097527494	3.61647407722	
2.41296569694	6.93995226147	7.76804320025	2.73106426051	7.50452123803	6.92539876848	7.76804320027	3.37444011438	2.64547674876	7.56270242971	4.84760995288	5.06824843985	
0.0841761286434	6.92222920868	8.96804559491	3.56933406401	6.10044939651	5.90556659082	8.96804559491	2.62850777886	8.99999976875	8.12993954566	3.15208394577	8.77236235627	
2.57512007345	6.94313112688	7.91161976449	3.28584791993	8.99999985507	8.42543118178	7.91161976449	2.78593785835	2.58681478552	7.56162845383	8.34120013942	8.97951307279	
0.189966754555	6.93061954448	8.88986354817	2.5957526409	7.02428715051	6.20578719728	8.88986356362	4.38613180538	7.91876153577	8.00282389645	3.75073351242	8.1975317709	
0.356186278418	6.93478690503	8.46159937606	2.60444736453	8.0073683114	6.44605282296	8.46159937606	4.18260827079	5.72554614984	8.86232917257	4.43159104941	6.06878656634	
0.612414586189	6.93974046395	8.31934052891	2.61415561033	8.9529741706	7.16272365709	8.31934052891	4.31001566072	4.10666989947	8.92072218256	7.1552794438	7.17379768497	
1.02574752179	6.92702502297	8.10150497165	2.82685154446	6.21707873063	6.42382651872	8.09843379464	2.95484176204	8.99999976875	8.629005185	3.34516314217	7.68150043091	
2.49221410485	6.94326800347	8.94734542452	3.782754016	8.94501068651	7.80044096534	6.66375464135	2.6267514611	8.53495491809	8.9425182226	3.59752218823	8.74020798371	
0.370793188295	6.91370535888	8.91270083579	3.1195327079	5.53829157344	5.99840642178	8.60637696892	2.74861942614	3.67568269456	6.79050371585	3.56888187577	4.75707212631	
1.01655036063	6.9277742077	8.99950615492	4.54922272546	6.4133967214	6.17229700001	8.99822150548	2.59199703229	6.74674248905	8.82894145267	2.81505587909	5.57432459008	
1.54437027085	6.94053444631	8.25612291452	2.91745855625	8.99983755793	7.40082914129	8.20803131917	3.86064208102	2.18519852019	8.59539837021	4.64891304252	3.78274634197	
0.995180945791	6.93869114098	8.27773642059	3.44603109078	8.94600390542	8.66010411479	8.99999192031	2.66410040906	6.5785363384	8.72541057966	2.18766898017	5.2059212625	
0.280072343326	6.90643870632	8.99953355849	2.90623398381	5.34405548073	6.08989493409	8.95695494621	2.83445213114	4.93765113112	6.67463021064	2.14672022727	4.90847618353	
0.970580830309	6.9211490851	8.99999947983	2.65485355013	5.89431536693	6.30521241328	8.99979316462	3.52729319984	1.86123939302	6.58850455045	8.61596633499	8.99999991602	
1.30478396412	6.94061129512	8.56071220579	3.31874773816	8.98120132301	7.61833665157	7.84657584383	2.92501317067	3.34405922891	8.7467893794	8.81679966941	8.95980291676	
1.22808204303	6.93780860387	8.99179736002	2.82893276718	8.89167697194	8.75836616474	8.99998657163	3.05558847144	1.57946426711	7.06733052427	8.30096478847	8.9990759331	
1.16931103259	6.93638088641	8.99999989322	3.87440066368	8.92612961908	8.94888220215	8.9999988986	2.62515374009	3.33219302556	6.95036216258	6.86640346594	8.61400373289	
0.755240126203	6.93468520199	8.50979866757	2.62669972596	7.45721511712	6.46872316796	8.54581351577	3.79590887751	5.46929728791	8.96769071268	2.93715713099	4.53594787543	
0.345841112768	6.93949786927	8.7814956037	3.1875898444	8.54662937381	8.02322251814	8.9999898363	2.92161898485	4.66578216291	8.96189955956	2.29815368373	3.2592013956	
0.716324787939	6.93117262239	8.93827538232	2.77715073412	6.54855053458	6.51254172976	8.93827538209	3.9034331175	2.31471491116	7.05830194076	3.26983169472	3.19850585512	
0.628265827527	6.93978127392	8.99662426623	2.74547958817	8.99997466364	8.42775636883	8.98048179418	3.31202426817	1.97417035132	7.50682736945	8.60898079134	8.91176599365	
2.69253799463	6.94390436055	8.99999602334	3.02774885746	8.16150544257	7.47443722988	6.26631329348	2.80098753768	4.97121614776	7.99804504198	2.49901859952	5.00060673325	
-0.0424716005555	6.93456539988	8.87073765734	2.93093384102	8.18922583457	6.42910465538	8.99121150222	4.77880079883	2.31080874471	8.81531866822	7.89087378765	5.97680449177	
1.09314538471	6.9331055043	8.98975130743	2.82660408993	6.73533706056	6.65105602591	8.99999997764	3.84764162804	3.62078991779	7.72360836221	1.92341897904	3.03555543337	
0.827168359931	6.90023876123	8.99926488007	2.71409661585	5.16140700666	6.01483071951	8.99862311188	3.08314890125	8.86311597758	8.7896499254	1.31921835124	6.32197119865	
0.864639291869	6.94024217983	8.99996056921	3.64217604915	8.98416076223	8.20558410142	8.99076079592	2.66912339446	3.21687302807	7.80067636891	2.6476338487	4.10136522597	
0.351816020253	6.93153012104	8.43758851732	2.77624266958	7.01649539786	6.27508888075	8.52973881661	3.05172836101	5.30629947073	8.19841458982	3.48016520739	5.54422905174	
1.29479922974	6.93482042675	8.99999928931	4.31028055357	7.19128078142	6.51634168096	8.65780768699	2.60250888031	6.19406090233	8.81147677417	2.44463761309	5.26226629464	
0.181297839914	6.93484099113	8.90623914863	2.88064599793	8.80342497862	8.94803530264	8.89370810214	2.90725009925	7.62561237669	6.94569287925	2.81712868918	8.26608668799	
1.01573389696	6.94025835213	8.99998717807	4.60856488648	8.97783887173	7.37358411998	8.99998717806	2.8480551937	3.20522706797	8.96546720189	8.88201770684	8.99999976875	
0.4885315585	6.92006714151	8.99985941434	2.91859515845	5.85257218341	6.31322942699	8.99985941435	2.84373886692	8.99973055307	8.62351746704	1.56377749929	6.94032099521	
-0.036449507212	6.9203639755	8.96140043474	3.02887036286	5.8329842056	6.14844432152	8.96140043474	2.76946041544	8.4925469374	8.83465200733	2.31474235739	6.47997399323	
0.961301130087	6.92006667236	8.99999977517	2.58986784036	8.84476072444	8.95191008519	8.9999997764	4.09678738392	8.9862642387	7.24315634875	2.2117614601	8.85751769016	
1.48845331644	6.93196246743	8.4640108754	2.91823789407	6.65762142875	6.43639042566	8.51863411725	2.98541479168	3.61488799936	7.55224127514	1.94306347694	3.51756823172	
0.84900828225	6.92878329732	7.90468343772	2.65753337484	7.15770821136	6.09788163551	8.73380303933	3.52089547525	3.62245575092	8.17121865743	8.4056169281	8.95207583095	
1.12535657882	6.92356424504	8.99999821764	3.12658323817	6.02253044398	6.39137539864	8.99999997875	2.82061715851	1.77068239885	6.62548932118	3.61697683396	4.30305352525	
1.08174136323	6.93088530273	8.97851274254	2.66399358308	6.52370563167	6.62784346158	8.99958663745	3.97960296382	1.35536552123	6.85581433269	8.63325079247	8.16916147937	
0.691879547318	6.92500177181	8.999996821	4.17057509346	6.83241484721	5.90037079012	8.86737076995	2.59548769353	8.99988083631	8.93799895992	3.37120333315	8.88840558483	
0.436587802814	6.93145505462	8.99999590387	2.59139116911	7.68185057569	6.21930094409	8.79429837289	4.97623933136	8.74951396207	8.67252528805	3.98342260846	8.90983958689	
1.86550290879	6.93917547974	7.86746201377	2.60112283549	8.62747437394	6.86975938582	7.86746201377	4.53207332563	6.33463843813	8.77091948589	5.93649715551	8.44111981175	
0.660450094747	6.91829157823	8.51845867319	3.30732205074	5.75936977375	6.22263492437	8.96295483031	2.77903161673	3.70629266717	7.09027852477	2.57080747948	3.51591118606	
0.446333323981	6.94050236544	8.57653791456	2.64899319697	8.9863031295	7.84200354405	8.26872130108	3.73614237433	4.42093406241	8.61341101672	3.76016677273	4.33308244146	
1.43582181922	6.93555943693	8.99781128954	4.01100220391	7.08166404993	6.98435810346	8.99999875857	2.61353731768	6.03116015529	8.38773067875	1.46088857237	4.73029623195	
0.396530196972	6.93679376971	8.99997780417	3.31291055456	8.95608120122	8.9256851022	8.99997780417	2.68674962601	8.93339637919	8.93724824736	1.88705456264	7.02876729334	
0.344035548165	6.92326491908	8.50314040386	2.96328687178	5.9983214462	6.1968393349	8.66715646854	2.86189841785	3.82164751436	7.1046969025	6.05936969357	6.99880181525	
0.614124469339	6.9282490799	8.51379428545	2.78547279139	6.30732930329	6.46201213676	8.51379428545	3.0578123903	6.04210632773	8.75168478253	2.56944291134	4.23048992673	
0.0225718001252	6.92424648028	8.50293596125	2.70211897046	6.0533232922	6.32998993846	8.50293596125	3.47713966632	4.26348989433	7.5152084315	7.55809452339	7.60973553961	
1.68942862623	6.93981623197	8.98961916626	2.61494312899	8.98883590914	7.05457778826	6.85128427249	4.48682890244	3.54679784843	8.95816128194	8.99999972034	8.66677697096	
