0.814486560968	6.93616511343	8.99998918051	3.41623386558	8.94283099587	8.98161870462	8.99999958794	2.72562683975	5.51576833546	8.86909322758	1.57870652966	3.57818268031	
0.637491603672	6.91416743577	8.99980346903	3.71886355924	5.57337038079	6.08879190502	8.99951056732	2.63755892566	5.3784232332	8.15569948136	2.13814384462	3.86678022989	
0.839582784843	6.90345482958	8.9996981096	2.99037902477	5.25271698985	6.05197346315	8.9996981096	2.76564348663	8.85333194308	8.81946833761	1.25609935328	6.32534658312	
0.780729001836	6.93646733418	8.91266216406	2.91959941877	7.23402849451	6.97283751273	8.99999959298	2.94790943101	2.12414140537	7.21013472817	7.13954397435	7.85929464308	
1.26364270719	6.93949984324	8.99999943305	2.94000943468	8.96510227179	8.51948378166	8.99999943305	2.89151153226	1.90113091484	7.37510317245	5.63596842653	6.75536269252	
0.814186146469	6.89470970987	8.99587344823	2.72816528972	5.01452395965	5.9570198997	8.98805351057	3.05516466357	2.70386468844	6.19096803677	4.55020853882	5.89582112896	
0.615896778441	6.93253675894	8.99998795413	2.85028625837	6.68688302812	6.69150076253	8.93719732659	3.21875916932	2.5379600079	7.02183007093	2.64208077754	3.36023291123	
0.290973785708	6.92683076077	8.7961511001	2.90516397354	6.33179842167	6.13150701214	8.7961511001	2.86835583268	8.65643415429	8.9155070701	2.24550784841	7.02477657066	
1.42208447799	6.94069594199	8.96102042691	3.12780349858	8.98957960802	7.66243412849	7.11728292554	2.7499798445	8.83000309054	8.9835376151	3.47451853181	8.98517478214	
1.03656789817	6.91179339612	8.99910339001	2.86430336871	5.51749300856	6.16410903316	8.99999974521	2.88035618465	5.62907675064	6.85959366314	1.18955651352	5.34678009515	
0.827772711785	6.92604880161	8.99999977149	3.42341656902	6.17042409533	6.46021853169	8.99900583654	2.70675083098	5.53035609429	8.64085566708	1.58588042251	3.61128696	
0.487908684475	6.93767419845	7.63982120069	2.64680194183	7.9120690604	6.77971686503	8.93226840693	3.54763625144	8.36932818019	8.77730404349	4.1226505267	8.43003192945	
1.11728361538	6.93698569972	8.99999904837	2.68086892727	8.9611876859	8.92196938991	8.99999904837	3.54244956465	4.41455340984	7.70925260084	1.41256526681	3.76919863702	
1.04953979414	6.92620389143	8.99999995564	4.02761157303	6.17125333073	6.30733592957	8.9993643438	2.74971946821	4.93144169913	8.64430905592	2.06645402614	3.21795878973	
0.29342569143	6.91447146745	8.99223228305	2.96427857881	5.59726534846	6.13684926802	8.41565652532	2.79970671509	8.9999998022	7.17160240856	2.7044189006	8.67123115122	
2.92637976726	6.94748236421	7.43281515995	2.79603731738	8.98451977994	8.30765211891	7.43281491089	3.0288402835	8.95863143321	8.61276429209	2.39223665098	8.08975829351	
2.42281374979	6.93977823132	8.4781600116	2.93831589203	8.9807632232	8.87631276003	8.47816000209	2.90532186971	3.57497941279	7.22923723246	1.13972896174	3.84077895795	
0.55967587393	6.93902266491	8.60223912662	3.25244046968	8.99999976875	8.63655328196	8.79970388027	2.70505667478	8.73094944182	7.68043735509	2.76716346741	8.90135958214	
0.947270346372	6.927315131	8.60054057276	3.06938610008	6.36178431326	6.16488274853	8.63849460871	2.75845683603	8.99999982486	8.97559937982	1.96510132063	7.2727094999	
2.22408358674	6.93953093134	8.34134074336	2.87688093527	7.60117327962	7.17170649817	7.60493767456	2.92270505645	5.62222580175	8.25440364662	1.94976328912	4.83343407693	
0.986146439858	6.93757441199	8.99994093518	3.50679861522	8.82700132807	8.71230891763	8.99999978289	2.66286989207	3.1342773453	7.07756262626	3.20992117009	4.91531412418	
0.38048270613	6.92322948749	8.59236758021	2.58644350829	6.94232758433	5.67288598012	8.59236758116	4.79687660181	8.99995958035	8.85434782083	4.43835793459	8.76726305504	
0.461872063431	6.93171383438	8.98436652054	2.60337092461	6.61047692008	6.51196442626	8.78232327469	4.09780406586	8.99999972581	8.07017161403	2.76865712727	8.04779597558	
1.0963546351	6.93683270052	8.99997543486	3.08068400202	8.95879775471	8.93518801677	8.79071599798	2.76680916401	7.56022863884	8.98091365225	1.19158273034	5.55236485102	
-0.203967354042	6.92781905251	8.91477356399	2.70368299467	6.99699917235	6.06801690869	8.74397746595	3.86447813168	3.95111018196	8.63284951671	3.6779897883	3.53913896959	
0.774454414109	6.93189183477	8.99985113644	2.71789616705	6.62303870048	6.67549233917	8.99985113644	3.18256311954	7.75063350216	7.48136713593	1.49717275483	7.31092948285	
0.625449705522	6.9328439144	8.98743270363	2.75370056669	8.67313934976	8.96137389577	8.98743270362	3.10933787409	3.22023063731	6.6752862	3.29460265559	5.01088686419	
0.292279711396	6.92035912186	8.99999952416	2.63602628351	5.89389424184	5.92404998052	8.52283133219	3.64474483311	3.72476106096	7.16996464422	3.42525240601	4.21901057447	
1.39068430961	6.93860818891	8.99999907753	2.94320221252	8.61202092277	8.35985813577	8.94222797393	2.8553587911	6.07926640182	7.18500903722	3.35320768813	8.75049530915	
0.716178779682	6.93695267595	8.99981372854	2.6627787757	8.95599032414	8.91170789128	8.94153394419	3.43346989944	7.10644440209	7.92346167524	1.71421792389	6.22095124994	
0.776737237297	6.93754025848	8.99954287035	2.59606618234	8.4662170993	6.71778408049	8.99972961863	5.31773692611	8.75785218199	8.95637755382	3.69703452167	8.82673309549	
0.775037337635	6.92758535994	8.73916807771	3.35390658242	6.67815983358	6.09411980507	8.12988579264	2.82126570777	4.28185681317	8.68973245543	5.24717870527	5.61971250452	
0.699928494128	6.93335093501	8.78714990436	3.76381267978	7.00866424516	6.42841342472	8.78714990436	2.62218448424	5.48322182157	7.85542196168	6.06347494145	8.88155846702	
2.3908886977	6.9422100947	7.80168362009	3.22009591781	8.81440286728	7.27997675372	7.41798386675	3.13418269515	3.22486862304	8.93898032094	8.99999976875	8.78947879217	
2.16720993701	6.94068969903	8.89606274575	2.94501627552	8.9234131308	7.04587174077	6.92698561355	4.40167704675	2.10910082363	8.87635413452	6.65657288293	5.12488519022	
1.36244678155	6.94068799518	8.36272163672	3.14430179464	8.99999812407	7.89126488391	8.99960599542	3.41520842002	3.60496283044	8.859355845	2.13539986497	2.86945518081	
0.887698952606	6.89486677156	8.99727231501	2.72255139247	5.01821638379	5.95845515423	8.9972723217	3.15448650534	4.32341813379	6.89310079785	1.46123524703	3.71679101245	
0.618012477719	6.93721047548	8.90021442877	2.77086635389	7.39065049974	7.04981133696	8.73741900666	3.37214984841	2.13322650743	7.29910692194	5.51183982109	5.51735623685	
1.0931655553	6.91853864206	8.99999943286	2.96121153521	5.77975024174	6.28033029053	8.77034643226	2.96071702941	2.70415575408	6.59632232051	2.1081119548	3.39354798774	
0.258518934235	6.92639186267	8.88824864638	2.5920469606	6.35157528238	6.08994772411	8.97413647384	4.36931819574	8.9240622713	8.68467208575	3.13881675544	7.52846424447	
0.863060144386	6.93232381089	8.22232190333	2.88364083843	6.93331803954	6.35564486649	8.64435863998	2.96664999202	4.12715398211	8.07018122897	2.68805778664	3.92495590308	
0.32381254017	6.92861807014	8.73276483673	3.41828374227	7.47760858873	6.06866855629	8.7546885543	2.97710208068	3.36122506294	8.95084389521	8.99999976875	8.96169768249	
1.14042024205	6.92538082688	8.99999952089	2.9047459143	6.12550291853	6.43927220864	8.99999725488	3.23842786254	1.1213557332	6.66872168293	8.58773461136	8.45360021981	
0.0475672439248	6.92702482553	8.62198412227	2.83515389648	6.49849702632	6.10370581627	8.62573591836	3.34504690662	3.38446109801	7.80230173812	8.99999976875	8.82009512147	
0.775261265226	6.92737041898	8.69888240341	3.13451302352	6.31385457382	6.221466318	8.69800475084	2.78235317815	3.51570218974	7.29864718416	2.60041664543	3.8929050822	
0.680478067161	6.92809808271	8.71326134813	2.96930315137	6.34355920424	6.28303476385	8.71318361919	2.89456772362	3.67059865662	7.3643105436	2.39412270066	3.7310203596	
0.40946845937	6.90422489046	8.99999976856	2.86934252284	5.276726507	6.0618312443	8.95853430286	2.85941059773	7.97247201441	6.55143552234	2.09111728434	8.11721200809	
0.891961205799	6.92278280702	8.99850532452	3.65164060599	5.9838488969	6.37343956455	8.9999997657	2.62015686244	5.39275984513	6.83223723229	2.14247370773	5.66443010908	
0.992532209002	6.93784785416	8.99999979224	2.75854953865	8.99966320996	8.85165803799	8.95670928793	3.13918523826	2.18937576427	7.08333747065	7.90244982596	8.92528817657	
0.0654435482721	6.93900172868	8.96409262129	3.12406897391	7.99228268031	7.46651606255	8.96399888336	2.74962976215	8.81520810984	7.87515619343	2.48768502718	8.78947678814	
1.09557350526	6.93829877146	8.62107408154	3.19562762586	7.64995504249	7.16429162646	8.62107408155	2.89332524175	4.38823528015	8.62482862835	2.0511692063	3.26585807379	
0.908571090042	6.93986574179	8.85573135385	2.60521270171	8.96417841211	7.19411641498	7.861918278	4.36073778895	5.12339847363	8.76899224427	7.1848080963	8.68481889747	
1.16469202446	6.93758988892	8.99999975329	3.00950338688	8.98822905208	8.88104569379	8.99999975329	2.9786800481	1.35526280471	7.04387694987	8.6873457511	8.99996636952	
1.34173145945	6.94027493386	8.98488388445	2.93628205501	8.95348536657	8.23088322604	8.99999984015	2.87896059546	2.41216266318	7.65174812036	2.98416226938	4.69341238038	
0.0428683070061	6.92031490144	8.90783120413	2.96727598841	5.85188297226	6.26834979386	8.99866293443	2.81635797081	3.88018732992	6.68034590464	4.12195427983	5.80591055441	
1.68357054474	6.94053429426	8.20495474934	2.85643976102	8.75366481028	7.97197179524	8.10280083843	2.94592083219	7.07639266455	8.93910421476	2.10543747894	5.92799338118	
1.62052358811	6.93645120413	8.98652612363	2.92878166586	7.23742137309	6.72246025728	6.60421625504	3.28236023943	3.89071900891	8.33517349281	8.98989554219	8.77917621455	
0.782779563974	6.92831619177	8.34005430569	2.87085472379	6.48925045523	6.18887879716	8.94438686697	3.16061041274	2.36075379724	7.3274272465	8.8310646178	8.92737894973	
2.60400575289	6.94283326406	8.8173693256	2.64421838679	8.25335414453	7.76145190152	8.99999856945	3.58045571713	4.56800379961	7.46964456902	1.00635886978	5.50562896846	
1.08750305566	6.92161956178	8.99999977469	2.91752648385	5.92290237267	6.34638122246	8.50478272324	2.8560572739	4.29597932541	6.76529556819	1.92957280471	4.58899829039	
0.454733101959	6.93235407015	8.99990777378	2.59419571159	6.77644785085	6.42264156812	8.92316555813	4.64381763396	8.53241702864	7.84873118487	3.25806822863	8.15812384346	
0.675106877271	6.92954454095	8.82705031919	2.919804492	6.41702826794	6.57679144352	8.99999976758	3.3922515228	4.31737314693	8.12990923398	2.08784900836	3.03124458868	
0.760102787807	6.94000473921	8.67460363816	2.61308664813	8.68360135969	7.97344946073	8.67372791721	4.05222218703	6.92896108961	7.66394183982	4.6232961979	8.75672632588	
1.81584911028	6.94067557617	8.23726683687	3.50924385462	8.71483167582	7.92953805183	8.2330575142	2.65434988177	8.99371157667	8.73858986076	2.28445865913	8.16191626177	
0.93755197611	6.93654754842	7.76624219582	2.73877890801	8.08644829296	6.60654247541	8.48771344873	3.14246463231	8.67521209743	8.98047458212	3.76827478876	8.97177886482	
0.355178997361	6.94014428955	8.79472278146	2.59922669633	8.9939163715	7.34659633431	8.99305921266	5.53758345974	4.07306059985	8.60010079021	5.97506536578	5.81650002987	
1.33763756607	6.9369705797	8.99999980215	3.02727501716	8.96701516268	8.94011237536	8.99080404377	2.79459509007	6.9560668382	6.9682293381	2.7605177854	8.99999749403	
0.489950008531	6.93438861979	8.70008763309	3.16190340587	6.92288652643	6.65886761675	8.91140531509	2.92747007791	3.32646633119	7.59948241999	2.61023808608	3.33405412451	
0.619054379331	6.9228111282	8.93538680595	4.11261189944	6.68001280146	5.79830946327	8.93538680598	2.97362367552	3.50108416147	8.6613721443	8.93853596513	8.79572609685	
0.941862970184	6.93905478803	8.66668651821	2.87353963337	8.91804817996	6.96154872564	8.65249049505	4.66754120773	2.06597208999	8.94115239207	4.76780595566	3.28517170884	
0.866137117177	6.8869692046	8.99999896144	2.81805534703	4.82384237734	5.88608815665	8.99997801249	2.89088003489	2.83567421996	6.12110957703	6.71308648502	8.29075328394	
1.00404344261	6.9347472876	8.49644743209	2.82600210717	8.38318427337	6.43410877016	8.49644743209	4.73230870805	2.16896951713	8.95914743885	5.49744869675	3.81535920573	
0.962074120822	6.92184819579	8.99999689822	2.66493978633	5.93493690198	6.34965421016	8.84550733038	3.80575768009	5.34412278826	8.4189774241	1.9338814488	3.51447311908	
1.3292079309	6.94015477886	8.86171900665	3.49100377547	8.99985990044	8.33926577842	8.87592265253	2.69691659527	2.38062570103	7.60467140435	4.15840140703	5.1888622907	
1.04321577551	6.93213313681	8.99998961986	2.61469782096	6.64220793822	6.68477710266	8.88136931976	4.07846597694	2.70475961344	6.92250990001	3.68388267045	4.37798099586	
1.37840066046	6.92797450396	8.9993802296	3.19718403728	7.45285754762	6.0097385189	7.34399828494	3.39714687901	2.88471476381	8.77160495197	8.99387737536	8.40472569677	
0.955782533373	6.93997875675	8.95366863976	3.19424364463	8.55533401415	7.83446337114	8.99999982954	2.85724181695	1.8109304459	7.65921284502	8.55427036702	8.99998133198	
2.99682722407	6.94658939885	7.7183520342	2.9840839863	8.96768947318	8.80102563954	7.713970838	2.8209202459	5.340032994	7.13298938564	5.19098929745	8.89740077954	
1.35903040783	6.93805536673	8.40902970605	2.85536688814	7.56039091603	7.00900402388	8.40902970605	3.25467028427	2.16074933832	7.51915162155	8.72262610523	8.69975612959	
3.61652828415	6.96926332523	7.96415415275	2.88657314155	8.96215702578	8.98622539811	7.96415415263	2.89056215406	8.914971865	7.23587458597	0.828604072652	8.93721228609	
0.938166316691	6.93901729044	8.51657022317	3.61574799492	8.15336014396	7.02649667849	8.48585906006	2.64042629727	6.65958632153	8.7009738373	5.48673146144	8.97277930749	
0.923908978797	6.9222049603	8.99961602692	2.80450139935	5.9537743536	6.35959205873	8.99961602692	2.97620347115	5.75659579998	6.95901398157	1.36381095506	5.63094470487	
3.51138975409	6.9632187642	7.25717139856	2.88856932216	8.98252174294	8.96610483512	8.58319548886	2.8917479021	8.86324092322	7.2417410599	1.04354440466	8.94480139643	
0.581251537741	6.92512242321	8.29987582933	2.71990231654	6.13573681159	6.16228412185	8.621928321	3.15507267933	7.39971544972	8.87534152294	2.78974473845	5.64565258015	
2.07315527846	6.93825495164	8.04423661702	2.65090986682	8.24206190826	6.67707829823	7.38633310049	3.71235774121	4.22777509423	8.97166108104	3.45025134388	4.12868318012	
0.541919822109	6.93944940581	8.27420136836	2.72309557476	8.86512270416	7.0764937374	8.53019264682	3.79646307565	3.12263871914	8.92882990711	8.9844937676	8.50936743	
1.14008982057	6.93559502733	8.94525553137	4.12639979857	7.11788165223	7.01820672695	8.99999881517	2.60632834448	6.54963670729	7.63105846297	2.11768070167	6.20809743031	
2.63983401144	6.94434153525	7.80644585335	3.91571281131	8.95796254506	7.5671372124	7.80644585335	2.92568665419	3.40836794593	8.93356196475	8.99016774308	8.97793186978	
1.25231574287	6.94003905327	8.84527346582	2.62666639242	8.97235833256	7.22713167903	7.55193188087	4.06420596707	4.07005977239	8.95326492743	3.74108838357	4.2768628054	
2.56616148379	6.94009486644	8.96826829705	2.87626991441	8.97343754695	8.94007914051	7.99787116206	2.91447631847	6.9694402079	6.98482223862	2.00738187246	8.48195834042	
1.32242996226	6.94048379243	8.99699264293	3.55350235025	8.99991881964	8.14215589089	8.99564464464	2.67719399532	2.45254400425	7.79827409194	3.09644120088	4.40749925216	
0.820074994558	6.92784964919	8.72535953254	2.995909045	6.38995381672	6.21218895974	8.72535952782	2.98613560566	2.88575518842	7.3070305047	2.65067920571	3.42319785283	
0.97784945628	6.92834718045	8.9999956809	3.52178952128	6.63750931169	6.1377477226	8.9999956809	3.39088219052	3.79127847823	8.57915911782	2.25188159605	2.75559111127	
0.191306559383	6.92479656506	8.99999979552	2.68882486604	6.09567269796	6.41806995414	8.64873356964	3.27246033154	3.67690275735	6.71651168017	5.16059262898	6.40768556226	
0.795846718305	6.93946228833	8.9787975045	2.59896280772	8.99938500264	7.06609619394	8.65767590728	4.95441269349	7.76679527742	8.90026770048	4.53154715022	8.92598218329	
2.29917435832	6.94156656489	7.76868354887	2.92848706504	8.9992994587	8.4182256855	7.76868354882	3.12583147187	2.74125618019	7.63194989724	3.75597637998	3.94213070535	
3.08539385393	6.9486877567	7.81372438982	2.8597980194	8.89333103984	8.69699893399	7.81372439002	2.93246946639	8.13387939125	7.20252363614	2.24529910372	8.99999908948	
1.70608431743	6.93955525929	8.99909894734	4.9976324135	8.01992870198	7.15762870667	8.99999975985	2.60718292836	3.96875305034	7.95824303317	7.14626936974	8.83502681957	
1.15036286326	6.93779594337	8.99981967821	2.64148991237	8.99994911911	8.86191945606	8.94568138746	3.59216307474	8.97972591405	8.88951997462	1.36064398165	7.1684331925	
0.994111150034	6.92022188172	8.99926197552	2.87278833092	5.85664766531	6.31515665313	8.99681918618	2.96009632307	4.51911223827	7.425861773	1.17402432801	3.7009900164	
