2.705384758	6.94342376826	7.87785971405	3.16529290424	8.94538109708	8.60189301734	7.87785974755	2.73190189302	8.97992817168	8.99968552822	4.45978103726	8.99967763092	
-0.674052426254	6.93930144001	8.99896708409	2.59815759615	8.99708483977	7.04033366801	8.99999976876	5.16408667109	-6.0	8.884458032	6.95800432032	8.99999976998	
4.71189389395	7.41447409603	3.86693621055	3.27693635758	8.98774316231	8.5452584186	8.99999975087	2.72204025104	-5.98783315037	7.41185947302	-6.0	4.90627470245	
-3.64288685992	6.93946347017	8.99997290756	4.23235289019	8.97699755563	7.08689457687	8.03234759217	2.60730724189	5.52040456047	8.81728496678	1.44228472452	8.99955975023	
3.070884059	6.94804913185	8.78013140052	2.65171437602	8.3670790306	6.53247752168	8.78013110155	3.48514858886	-5.99994500471	8.78607966483	-6.0	8.87974611015	
2.31675960952	7.52170985153	8.98142065303	4.49626619306	8.33790781711	6.32798566931	8.99003202909	3.17337107311	2.42479840035	8.99943554024	2.33941595603	2.87331086059	
-1.87073449674	6.93221089401	8.99999976875	2.60084155175	6.83368918934	6.39796119502	8.99875772108	4.21652731864	1.64281308587	7.39158134303	-5.8157099637	6.04696828839	
0.607063195729	6.96574399042	8.36295621488	2.48672885762	7.45904968004	5.6026667982	8.98919423116	4.294826677	7.33890321936	8.99999999999	-4.06540824242	8.99999997634	
2.55621973614	6.18422842367	8.94085706952	4.62764396478	8.99999904389	7.23885348135	7.44108458373	2.61732873521	8.99999261668	8.99999528713	1.46388554532	8.9999844761	
2.85143943657	6.87663275525	8.05646124625	2.69759802979	7.83907531865	5.96036068144	8.9963339941	4.32060768601	-2.26031679022	8.99647552687	6.42196553578	5.21072005251	
4.11609882713	7.02825988628	5.29037528115	2.89264548885	7.58597687708	7.02474835115	8.78257214362	2.86682229042	8.98912455999	8.99935595889	4.12309543079	8.86864519182	
2.42448939463	6.93888537777	7.68437305373	3.68974142925	8.01636417245	6.58857060977	7.6843729912	2.6298589819	8.99999974891	8.89391036753	2.37278183144	8.82263847056	
2.44732531314	8.94165173922	8.98851037126	2.70829508951	8.90883141305	8.39703324308	9.0	3.33380090679	4.9331125942	7.45151632984	3.29408714559	8.17185339455	
4.25582340198	7.05277371154	7.85100489486	2.67324200986	7.33876703001	6.90532140693	6.43943844855	3.29112858847	2.22622245073	7.48508344281	3.65739075403	4.97224414593	
-4.11633755911	6.6521167917	8.99761524525	2.5213608542	7.36031896496	5.52448467328	6.7211090857	2.73446370434	3.28491436615	8.60911016516	-6.0	6.91880445513	
2.20671763617	6.93477653963	8.99995459335	2.84355438177	7.14231414553	7.34296593667	8.99999914896	2.94669087507	8.90440369785	8.96263336376	-0.345760350252	6.6906557099	
3.09134571977	6.9505741989	8.82574796426	3.96077950937	8.99995789218	7.07966867046	5.68724940511	2.65424598332	-3.69545049262	8.85848565266	2.64215449041	3.95998493567	
-2.44416760929	7.4391099338	8.94682069007	2.56599897153	5.80453148661	5.44494889	6.52151401682	3.71838380149	2.55022713643	7.43271846023	2.01355608792	3.26492991916	
0.110182994638	6.62840163383	8.63780731426	2.65330248549	9.0	8.92908261074	9.0	2.69288721079	-5.99792925739	6.87723061415	4.46517657628	7.04629979084	
2.54328171892	8.99999999977	9.0	2.9461651213	8.99198231667	8.93508194137	9.0	2.73169471398	-5.7221817975	6.96082563058	-6.0	8.99931567436	
4.16588244451	8.06690410737	8.79100875127	3.47413142834	7.6801118029	6.48615568731	8.58478068721	2.67015807611	8.99940529117	8.99912208793	1.70132889025	8.21665126701	
0.530254231471	6.98100199764	8.99999999998	2.82623490098	8.82689372913	6.53723092666	6.88522068759	3.02749820321	-4.53671274015	8.99999999992	-5.99304796412	5.24267919425	
3.23314117392	6.94960418503	5.73342221416	2.60964079904	7.73047080822	6.21654449464	8.90614356377	3.86614416626	8.99999961398	8.9624805409	3.63466065109	8.91375138577	
2.39811798402	6.94187682623	8.99999975828	2.82723606988	8.91534808538	8.08187493161	8.62809430024	3.09619662402	-2.90075648897	7.76057210242	-4.84157420731	3.61738483985	
-0.466583198675	6.93104866126	8.99807786795	2.65090528872	6.56166515913	6.46701060817	8.96988400296	3.46640263367	-5.9644908724	7.05287967724	-4.85757776151	7.64883460017	
4.11930245435	7.02892664517	8.62427700004	2.80188206354	8.98958296795	8.04496978706	8.57924346688	3.00309069519	-5.7826867367	7.95605326066	2.74670530273	4.45123356348	
3.25566260054	7.17624204365	8.9986024806	2.92491846212	8.34928595844	7.29944136442	8.87954419506	3.30820948265	8.7840536511	8.91512348239	3.88866367576	8.17493729513	
2.47819258715	7.56662350329	7.86144965509	3.3770468656	8.9795998888	6.97165643384	8.93190531947	2.91760531615	1.08785621789	8.99939538748	-4.85322863609	4.01438561757	
3.7788938313	6.98730986181	8.83416956241	3.73844646091	8.95060077024	7.00135102279	5.09661196869	2.97059800499	-3.64577818873	8.92529560696	8.98408768512	8.88782034206	
4.63847693961	7.14696243474	7.99831737099	2.61635788091	6.51030327094	6.30698912003	7.99843524531	3.40136782441	8.86791306517	7.81012353647	-1.42507895864	8.66602588713	
1.78333630279	6.92294449898	8.99999976875	4.83722802243	6.70452013108	5.67975100843	8.49325036763	2.58443666598	7.55516380913	8.37942101953	3.12937449019	8.20234652422	
-2.02538791853	6.85120198751	8.9530428656	3.24745079317	6.42782299058	7.18534293898	8.95306023881	2.5765235118	-5.97632054297	6.57820665877	-5.37186409647	5.23300394828	
-3.99861619122	7.77334373236	8.33161889072	2.5381019398	8.92627313709	6.75531750872	8.01306292348	3.92569603706	-5.99961255449	8.99527180564	-6.0	3.99930979107	
4.45083134054	7.09899620612	7.33395829224	2.69257327255	8.40712503568	6.83638467963	5.63315747031	3.23454396215	-5.6129584031	8.65755107343	-5.99729079983	4.04549143516	
0.816503109292	7.18169924314	8.94785769366	2.42983272902	8.95704485472	8.62546406785	9.0	3.53379850837	-2.99076507754	7.12561366884	-1.48161291576	8.99998895391	
4.59958984633	7.27864584775	4.02053064915	2.60864274127	8.95921477796	6.9721581584	8.99999976685	4.34042862341	-5.99992131824	8.99998398602	-6.0	4.50875015158	
3.95913374135	6.95842619895	8.99999999834	2.73955561713	7.7018778158	7.76875916968	8.99999973079	3.035023618	-4.5799054297	6.99036338064	-5.99985940662	8.99999976871	
-0.491613107366	7.09984643757	8.99015681609	2.82455154847	8.99957089154	8.78197567708	8.81729494717	3.07149162759	8.99964734297	7.35871441403	0.328769879312	8.99882798143	
2.05809814024	6.929046062	8.99999132102	2.68939401885	6.78918476304	6.08210400352	7.09080979071	3.27523778665	-6.0	7.69041326316	-5.98706247425	4.72073116069	
0.174627093124	6.92457799912	8.7036053983	2.63497307523	7.17567552492	5.62390200208	8.66000828939	3.56945032213	5.00634208074	8.87930712493	4.8589887707	6.3708558022	
-1.10836589313	6.93822872387	7.91097988612	3.00344318845	8.88996430252	6.82336708913	8.9919459067	2.81155763258	2.43514475615	8.9986659991	3.06602147436	8.99532985663	
3.1743869469	6.94465802359	8.83031373599	2.88731949398	8.98924139951	8.83874543338	8.83036126474	2.88953928726	-6.0	7.10619233512	-6.0	7.72969429676	
4.07676240339	7.02195428825	7.20164796716	2.67378520762	8.61100925261	7.9164967523	7.20164796724	3.516260851	-6.0	7.70093959863	6.34566876379	6.53473383848	
3.48369194659	6.96491165859	4.98689660831	3.17957668824	8.63903117115	6.8252411895	8.54438016353	2.72169687457	4.59062484628	8.89777509329	1.82172007858	5.11659854881	
3.0208048687	6.95306285908	6.18599141893	3.77856632222	8.98683673365	7.26355816995	5.51809738325	2.62907989751	5.81644422285	8.99479235416	5.00032178781	8.10650978139	
3.32649559619	6.95371723204	2.47048574156	3.45307137712	8.9413405328	7.22025079436	7.45545334467	2.82040567657	-0.911116272751	8.66457180698	8.59310241341	8.93799412547	
-0.921323075505	6.89520900507	8.99995844898	3.38695353821	8.88893635811	8.99998644665	8.99999990657	2.61408565715	-5.93467033726	6.95173304973	-6.0	8.99392584502	
3.76914521852	6.66787869865	6.31950176013	2.61348547058	8.99999995699	7.25631450347	8.99855190081	4.23854386222	7.29998843121	8.9702047244	4.9706513272	8.09115813458	
-0.00656956228578	6.47837865045	8.99938445245	2.46048758582	8.81040190354	6.66502366468	6.84230486104	3.21811099953	2.6421605633	8.83511420286	-5.83725221844	8.99648564671	
3.53236399884	6.8993219009	8.7046452323	2.70033326781	6.5522698408	5.70483012535	8.99999814735	2.97989508822	5.59235501286	8.69492035799	-5.78458274519	5.26053499679	
4.53378729658	7.20263524352	8.98457563102	3.88998891152	8.96363999484	7.88017193848	5.07968428458	2.62571411771	-5.95703653658	8.11320052663	3.33726027119	4.82345790875	
2.12391799396	6.86948139331	8.99999980647	2.70906847462	5.53838330856	5.45373090495	8.99998915814	2.95174308235	-6.0	7.6206589096	-5.93810386233	8.78899411944	
4.18821467964	7.04145794826	8.99999999991	3.39128767957	8.89751058731	7.25239050694	4.21578170893	2.65540601935	1.53631569706	8.67137081768	-6.0	4.61564370789	
-0.0615293417097	6.58665679978	8.62170799209	3.700214797	7.01143954262	5.84480005138	8.9992976885	2.40251095889	6.09551181026	8.99999999999	-5.99533016821	5.33411718041	
-1.62866174241	6.93754107229	8.99999976875	3.14423429162	8.36601563555	6.73160290665	8.99454341295	2.74721059196	-5.82525842672	8.56927356167	3.74386903463	5.53308396672	
4.2207870338	7.05157293648	6.64200307362	2.88491412984	8.51535168905	6.56678472696	5.88563054668	2.89910013609	-6.0	8.99999691486	5.2122280043	6.2865702573	
-1.13811171779	6.92287043647	8.99999976875	3.83560104096	6.1133086179	5.67498743952	8.99999976875	2.6087534373	8.18599203197	8.91407901462	1.90912680818	6.85301298775	
4.47635723854	7.10499682115	5.93687307362	2.89849419152	6.85420933281	6.66881336969	8.23149425854	2.86404515353	-6.0	7.2920703955	-4.62310945759	4.02270865439	
2.93277882229	6.94687164436	8.24273103931	2.60414774405	8.97221702972	6.96624914838	7.02953268476	4.69742182399	3.59660793903	8.99587810515	7.87302409139	7.65786922692	
-1.66542030197	6.92156305514	8.99999976021	2.66049103475	7.35449867055	6.0960365754	8.42363794091	3.35651221739	5.54675395247	8.973095127	2.19642987786	4.95341785243	
-0.00469956067842	6.50207550619	8.93717777322	2.72700775121	5.59075802014	5.69100082246	8.99999999998	2.76122716356	5.63427944039	8.99999999905	-5.99977534553	3.72523661297	
0.463364529893	6.98299753131	8.99980109503	2.58569138618	8.32334870011	6.27038087605	9.0	4.88550076007	2.38852841114	9.0	5.64768973619	8.99998003681	
3.94975822641	6.79530946494	5.40382902094	3.6036932973	8.99557381711	7.09172683105	7.60962810227	2.87248231002	3.0740570206	8.95317440347	2.43396939138	3.43967279509	
0.355643239241	6.87519221326	8.98704531061	2.58296165034	5.95845933741	5.55424779709	9.0	3.32064310942	-5.90171946672	7.51323100823	8.68177886897	9.0	
0.887335375231	7.26067453128	9.0	3.17125726593	8.98902147081	9.0	9.0	2.57556578563	-5.82537355834	6.92273587386	1.03458155725	3.67148965621	
-0.0381667158905	6.38833741927	9.0	2.75353385131	5.89063584938	6.27041897397	9.0	2.51649343462	-5.76149415019	6.38731661754	-6.0	8.97154706164	
-1.02950799608	6.87853487334	8.99999977583	2.56835043381	5.94435711966	5.45275892871	8.99998169647	3.55411528374	8.53307286637	8.06023431302	-1.21849866859	8.90898574492	
-1.88130482821	6.92333916757	8.99213178639	2.59454598066	7.40810285175	5.79330544059	8.99999976846	4.26352615761	-5.98870352379	8.63859811913	0.119824427022	4.86519557017	
4.1096729319	6.94292929894	5.69823383541	3.59200522421	8.92195872803	7.04669010728	7.53183505262	2.71757711382	-5.07144725019	8.9289606655	-6.0	3.28052712883	
2.57676710273	6.9425178907	5.52274036673	2.65938092162	8.99255964978	6.96686527147	8.90148073478	3.46343909429	5.15414479975	8.99909149506	-5.98042591478	6.15877202738	
0.0312217826252	6.5492949108	8.15157159056	4.32450421974	7.34067615388	5.3434307291	9.0	2.34549262469	1.4051517366	8.99999999996	-2.86590571152	8.81118711724	
4.65785913722	7.36625082749	5.62607328365	3.36172902322	8.98054275957	6.96006773445	7.72766758562	3.34150443546	-5.86974343808	8.99994908717	1.1641195463	2.80694734187	
3.88421937298	6.99763908578	8.71656445954	2.68116412867	8.98082151005	8.12631453094	4.88476424623	3.30652430166	4.299739778	7.95060424893	5.6010961189	7.11252405328	
1.7918377712	6.67815305586	8.91664406082	2.39878611617	8.98672043139	8.91553347622	8.97036965706	2.9911790064	1.08976745766	6.69621851616	2.25013522481	4.80909366515	
1.01299729517	7.50638088828	7.82355504058	2.99786158062	8.99999999966	7.18395204583	8.99999999988	3.09713076867	6.47769068863	8.69693045549	2.69684480256	8.90251937927	
-1.54583131678	6.91978451402	7.91253596314	2.63995140254	7.75395344458	5.83275164649	8.99999980566	3.45831902156	7.47386601677	8.96420660815	-5.75471735914	8.99226890935	
1.81334156408	6.93973456152	8.79289707301	2.69084911122	8.94480589043	8.5482591031	8.67364297622	3.30678719403	-5.2105829128	7.32364435887	-5.61018184042	8.99999994504	
-0.447183934433	6.92641905543	8.99999976875	2.5832427881	8.25033761264	6.3749823177	8.99999976875	6.8211048716	-4.67777439046	8.84740151009	5.74057044941	8.99999976883	
-0.40163279724	6.93737108101	8.72188469832	3.13587456456	8.97249990153	8.8779740084	8.99999976873	2.74294308346	-6.0	7.02638787808	-3.9042395018	5.79514838866	
4.01358713862	7.01450589599	8.99999976875	2.84776148185	8.95972322086	7.14935351583	4.87001458608	3.8882735441	-5.99862156327	8.81076483804	8.01217121834	7.09627178865	
-0.234729375016	6.92300451225	8.67508674837	2.63409863946	7.05001379723	5.66960188802	8.72047972236	4.35278973452	3.03563175579	8.52890192925	2.45324450323	3.62207745406	
3.24860958826	6.95327641409	5.94056070547	2.61035742709	8.5398682943	6.64790877012	8.99308677722	4.58805252709	3.23266502562	8.90454498389	8.98106294956	8.46524426059	
3.53578316902	6.96968715328	7.62095746203	3.18659047779	8.99975619471	7.27612762162	6.03378414266	2.79530197355	-5.93170312834	8.67622012907	8.25885716928	8.97835557828	
-2.43466768841	6.92615875954	8.99999976875	4.44816497324	7.73145998659	5.9288143931	8.96843484255	3.03281912412	2.15573233244	8.89272582807	-2.32339855506	2.78627369176	
-1.46393754562	6.92858570355	8.99999976863	2.77572053504	6.36565003406	6.60351019424	8.71930704947	3.04048256275	7.20444006295	8.41713047242	2.52065296422	5.63727203885	
2.09925400041	6.91586362681	8.28032671869	2.88040951382	8.94080060577	8.99984951642	8.8277359239	2.85996568112	1.03281521516	6.93726015551	-6.0	8.999830948	
2.39799627242	6.94102459247	8.57636230216	2.78685435188	8.9469373051	6.89854366402	5.82025720078	3.15287624076	2.07816452342	8.99122842919	2.95684802879	3.91504880906	
3.47205274781	6.96445518694	8.68904993662	2.83565137413	8.93631971866	8.37507756153	3.66166314113	2.96626203107	4.27162998693	7.63137578243	4.45586920338	6.27024633564	
4.13701365017	7.03292239184	5.07064522276	2.60933133472	8.99968317637	7.20006088239	8.84032564761	4.25789559185	-6.0	8.81764374773	8.83547566263	8.49902670377	
3.51030433468	6.961368151	7.45836737493	2.98515037157	6.47718761984	6.2023618736	7.45836737477	2.82334031568	3.16100173871	7.33167067877	2.57409621123	4.24686472013	
4.65021502453	7.45741912853	5.29959597797	2.61347056307	8.38019511133	6.5414402619	8.99999976178	4.73439835564	-1.16767125524	8.81254766551	5.50836721096	5.7177632152	
-0.0751726741077	6.93953276809	8.98570182644	2.59785372534	8.87801517699	7.10836464087	8.99999976875	5.407467958	8.81849864853	8.91993321401	-5.58765995124	8.99050431989	
3.48549883373	6.93555576692	8.32353637151	3.8652740826	7.16831583705	5.54568579992	7.54706792772	2.84344053443	-1.83278926056	8.891629378	8.95645901498	8.99999975113	
-0.0330510807598	6.50892146399	8.52405086028	2.58223822576	6.57563273619	6.23747911552	9.0	2.93550762754	-4.19768455848	7.02449704986	5.18373716772	8.99998361878	
-1.76760944569	6.93551638258	8.66056997428	3.1759010598	8.51091928846	6.5078252924	8.9999997496	2.72508726792	-0.67901690267	8.94681669489	-5.75843592176	8.99865025525	
2.33171481544	6.92967655716	4.41308127081	4.58589946046	7.67742576458	5.98669004348	8.91059847655	3.20920688388	2.08269971863	8.77619022142	6.8206184581	6.32053615437	
4.58986906478	7.26999926093	8.38981388898	3.58277704985	8.91818296531	7.58082880109	5.15342903455	2.65508026134	-0.313418619271	8.34538610549	7.04903695125	8.60415105882	
2.82120083758	6.93389658536	8.9999499917	2.58369458067	7.31358662151	5.91346424583	7.45824542083	5.19946800264	-5.94096466488	8.41136853554	-6.0	6.76203881247	
0.153822110466	6.77446241621	9.0	2.35623553345	8.90991511731	6.5366370844	9.0	5.4982475994	5.72693641857	8.99999999999	1.33696413463	8.99997372823	
0.472296182725	6.92472976856	8.99999959597	2.94718904822	6.09379022566	6.42435454241	8.99999976875	2.82894102068	8.34945343265	6.6494462078	0.0733438209892	6.3561706789	
