0.782659078453	7.24865629215	9.0	2.40269226044	9.0	9.0	9.0	4.45390877027	4.67497101553	6.83166691211	6.78984115443	9.0	
-0.0469353261295	6.55279495622	9.0	2.6167625701	9.0	9.0	9.0	9.0	8.99982395436	9.0	7.32278141216	6.85863083719	
1.04432707708	7.34598220908	9.0	2.91322703888	8.05641740752	6.62164212153	8.85067028034	9.0	2.31062910761	8.59766780504	9.0	3.44784516741	
0.283836866775	6.83381982557	7.71519013837	2.50737963059	8.98422926216	8.0430487736	8.91136565539	8.66567053052	9.0	8.62477027893	8.99999224055	8.9999999768	
0.0455741919218	6.61544912045	8.99809144661	3.53210573355	6.75576858664	5.39206031858	8.99829640037	4.03954884373	2.66041820486	8.99791266625	9.0	7.47350804127	
2.49373592325	8.9884888975	9.0	2.63423079473	8.357829782	7.76381700518	9.0	9.0	2.80095345064	7.56253327584	8.79917437853	4.15780508346	
0.22230593793	6.56162077704	9.0	2.43491810699	3.12213185918	5.29193882103	8.4140768924	3.27689767102	6.62949521809	5.67383289466	5.26730463377	8.99990073723	
0.213967397473	6.98551499156	9.0	2.74609039432	8.49188185908	6.94007628089	8.49421147252	5.00639931476	9.0	9.0	4.80156962555	9.0	
0.681648850418	6.9999147184	8.94565697294	3.15477105495	3.40339861115	5.87058902082	9.0	2.64946811145	3.7034671442	5.96238481352	4.89628359026	5.75321563119	
2.50536464594	9.0	9.0	3.5297652461	9.0	7.63255179641	8.81088609684	7.67956978374	3.25999711788	8.99234234454	7.48854322532	2.88554382882	
1.12728609523	7.55607941489	7.64250121565	2.71647225171	9.0	8.37784454619	9.0	8.99689300317	9.0	9.0	9.0	7.92121593383	
2.5050207895	8.99964147614	9.0	2.62312019904	5.41138686487	6.14709628884	8.40664440901	7.67140174946	2.83966946337	6.39603181522	9.0	4.98042685488	
2.50484078922	8.99934241603	8.99348722738	2.897690717	9.0	9.0	9.0	3.91839030857	1.679646403	6.96811942037	8.53112043144	7.58094012517	
-0.110405848259	6.4649770241	9.0	2.63979169413	7.78011543327	8.92892563765	9.0	2.68210195731	9.0	6.00759603544	1.35432147331	9.0	
0.638519862314	7.01918412658	9.0	2.40863666548	3.61740950644	5.76088441125	9.0	3.85705597072	6.98228997493	5.83524253141	3.89888255405	8.08169873027	
0.215386882177	6.56303051088	8.52593627205	2.38436389376	7.72385866751	6.12969004006	7.59402316485	8.45255715196	5.83509296406	8.99459644655	8.31199803012	5.45177245124	
2.45102475246	8.94071905412	8.41167513158	2.72421681267	3.57276477716	5.60276071325	9.0	2.98884216155	6.9935085925	9.0	8.16973744435	9.0	
0.604900896027	7.10915783496	9.0	3.45705828722	4.95922453794	6.46185506007	9.0	3.25628093951	5.78876394804	8.95948424398	9.0	8.75830454565	
0.485273090933	6.72766058094	8.9997735119	3.12979363968	3.84071969671	5.56426975894	8.93725254475	3.52720680055	2.05532030932	5.87186564752	4.21710153251	3.31349468952	
0.303129887043	6.79177970929	8.62063257422	2.50584400211	8.79784312679	9.0	9.0	2.87198946785	4.7615685837	6.76154225855	3.55435703698	6.64402376776	
0.182289108903	6.58919840358	8.98269587827	2.86198157101	3.32934345514	5.13106945907	8.99982918225	3.78228265678	2.03844539461	5.802532054	4.28280611501	3.24347177821	
1.01743413967	7.45105921848	7.55040474829	2.87988821885	8.54386170686	9.0	9.0	3.42053779771	8.66946547749	7.95314048875	5.2349094411	8.994795051	
0.859440295217	7.29477970831	9.0	2.58695508037	9.0	6.75795208181	8.96667637465	5.90782978533	3.93527944964	9.0	9.0	9.0	
0.677427539241	7.03581093678	8.99805796736	2.66229196525	2.64949958161	5.4134110356	9.0	2.83377017299	9.0	5.83192339034	2.69502783135	9.0	
0.0376358532695	6.53920722941	8.99975241981	2.55886750618	8.99994914673	9.0	8.99999979863	2.62147432556	4.53292092205	6.91255310778	1.04095421638	4.60709543455	
2.50564775489	9.0	9.0	2.61554849403	5.66522627424	6.2574111959	8.82362438403	4.05802067996	2.8239070684	6.45862528732	5.56735530204	5.65101099342	
0.548122301085	6.90688527343	9.0	2.90082432466	9.0	6.98262006844	8.11608539402	2.57147532612	9.0	9.0	2.06323720664	9.0	
-0.187713002549	6.38213896619	8.9325926197	2.37988140381	3.0724724005	5.68267566306	9.0	5.82302834684	8.73269071282	8.99888543426	6.28467146525	6.09251159681	
0.61109622544	7.18743518168	8.68294824812	2.68196518368	8.31818692397	8.98445650789	8.56844528924	4.41359909907	4.43360791792	6.75022659138	8.99465815466	9.0	
0.632985279066	7.00089932765	9.0	2.61439548915	8.57387951046	6.31369409936	8.36042414603	2.8167113618	2.53909199013	8.99941363517	2.72171849548	3.7942474958	
2.5070138259	9.0	8.40922044787	2.709346714	5.03139611263	5.96928202356	8.92905403931	9.0	4.01589764349	7.14989837316	8.51335517017	3.23291880692	
-0.0411116103574	6.54064593689	8.90750352833	3.46831760096	8.6831370814	8.94289546488	8.72552272702	3.04773091863	4.50875653125	8.56447289876	9.0	8.74673576507	
0.485918301494	6.96262253208	8.4369028768	3.08173662003	8.05780664932	9.0	9.0	6.42404924223	1.63415833422	5.88024561187	9.0	5.09828189592	
0.0064756427935	6.43176099191	7.32114202237	2.39110386074	9.0	7.257685519	9.0	8.9991349244	9.0	9.0	8.9618619306	9.0	
0.674438035259	6.97490264091	8.15725246118	3.11496030886	7.7933754301	8.44773620356	8.49777297104	2.80179844016	3.61936894558	7.09623499424	9.0	9.0	
0.181258812007	6.5704654167	8.88994923115	2.5641167826	4.05076540131	5.40213930299	8.75830384369	7.44732200052	1.30553257503	5.62378759099	9.0	4.18175805127	
0.747084195042	7.28260976632	8.74710299495	2.58272438487	3.5645124785	5.96961835374	8.7508666077	4.10563089062	5.77551630662	6.91779837289	8.17966289874	8.52600962729	
1.23214041766	7.68025488819	8.98739853486	3.35552546462	9.0	7.07919464231	9.0	8.84411525495	2.28802575779	9.0	9.0	3.21114069696	
1.16215813466	7.602610263	9.0	4.02403833527	9.0	9.0	8.91540898666	2.86151310022	6.65329702639	9.0	7.10078272643	9.0	
-0.0705179324058	6.38881719181	7.03170271447	2.37885108422	8.82712411735	8.92772888294	8.91163184929	7.34418378776	9.0	9.0	7.95230878046	7.32825138218	
-0.00485956183441	6.43166535097	8.95693601001	2.56946365543	2.55371350434	5.28096466498	8.90373027793	2.43675629704	6.65172975183	6.93981341557	2.3982614081	5.49493589306	
1.13185010024	7.60899493189	9.0	2.77280631309	8.93564985521	9.0	9.0	4.03733005027	9.0	8.97923347566	2.84825886601	7.16471506612	
0.100885499659	6.52451486696	9.0	4.03524450977	9.0	7.85902631759	9.0	2.4637260803	5.91812776996	9.0	6.29942941252	9.0	
0.988777869367	7.36686835141	9.0	2.5084138273	3.05366679484	5.38549061581	8.99541620792	8.99828979792	9.0	6.43913726805	9.0	9.0	
1.01932480122	7.49981211934	8.99850974366	3.29262144303	4.65040547392	5.83058657331	9.0	2.64969621472	8.20738305475	8.99998582953	2.19928483094	5.33281239197	
0.319793902535	6.82619641516	9.0	2.7253157044	3.43095807246	5.32143801308	9.0	2.77035188887	2.1367728282	5.65935024914	2.82044195391	3.16157754958	
2.50532050899	9.0	8.4903320481	2.98919035698	9.0	8.62251805623	8.81818463947	5.38987965987	2.77314693246	7.58309441598	5.6279911396	3.28550303195	
-0.00158260141413	6.62360833895	9.0	2.76970796777	7.29412944042	8.49965954223	8.77449289231	2.86744222207	2.68996555278	5.87343069194	7.57218787087	8.36105978743	
0.77888033715	7.24846097997	8.92311132923	3.1217169354	9.0	7.06149464801	8.99999931216	3.19304685185	2.03219748929	9.0	9.0	9.0	
2.50547548631	9.0	8.77303327146	2.82411697066	9.0	8.76420812967	9.0	4.17611604967	3.37397664078	7.66603853616	3.22467759168	3.10159463069	
0.15072660083	6.54123949969	9.0	3.05138343166	7.61589120521	9.0	8.83219294092	8.98695415938	1.71989379217	5.65494535631	8.96718738858	2.74099408463	
0.532088084229	6.83210490564	8.4813674762	2.47867797418	3.27186830735	5.6147594968	8.86734523028	3.37185853305	9.0	9.0	2.97364326174	5.61728193599	
-0.0703044213514	6.42038179977	9.0	2.78800438509	5.94170688054	7.20595855624	9.0	6.97838940187	1.12559976398	5.66016725232	8.99917137409	4.61959388358	
0.066260587145	6.46920647684	8.94493873524	2.78825623557	9.0	6.73205482761	8.99552290523	3.1787046379	1.27130924115	8.99998679931	3.13761952132	2.86140372702	
2.50669056138	9.0	9.0	2.77683275828	4.15882210768	5.69122364096	9.0	5.88315208677	1.99936539996	5.96918240896	8.82716842534	5.82857757883	
2.34775096432	8.83575982803	8.73325758446	3.73289777569	8.98377148826	8.67119449081	8.99448910159	2.65976023205	5.67943481209	7.68333753384	4.29274485984	7.10518536547	
2.51023517351	9.0	9.0	2.60889452459	5.72455305831	6.30276340961	8.99669885034	4.43649954338	2.800733025	6.46669071981	4.52230767072	4.39530194838	
0.25783613905	6.74333641971	7.38554152725	2.38818034185	9.0	9.0	8.9971860941	9.0	9.0	8.05715021508	9.0	7.94512280898	
-0.0847776786421	6.43230483432	8.9374181295	2.44872333001	2.71936775312	5.13447113222	8.58303375188	8.99854526644	6.16658747289	8.84461448775	8.99610350904	3.07694985802	
0.279501573341	6.75678742599	8.9891653395	2.59189345731	2.17616838747	5.35873146684	8.82294156886	3.04608681461	8.56869946221	7.3968744326	4.37405020562	7.88754485288	
0.832333922988	7.29567975936	8.96138621546	2.42317231385	4.32690269996	5.7458909346	7.31038259437	5.0149304342	8.35103365266	9.0	9.0	9.0	
0.467322704012	6.82818772188	9.0	2.62950831774	8.8839064999	6.7447915402	9.0	8.99342533438	6.26775724099	9.0	8.94190044314	8.16599042437	
-0.00597362131532	6.45177234527	9.0	2.42309580377	1.99982123597	5.15988225561	9.0	2.66871669517	3.87294864174	5.87267905314	3.23861375516	4.22760479429	
0.0404170770793	6.48746792738	8.95553179383	2.27986946744	3.71539103213	5.3991978295	7.34090749328	5.74473836627	4.83241379011	6.0923709849	7.17827460886	5.85755693095	
2.5046878238	9.0	8.96842642702	3.69940022337	4.3177623946	5.73327934134	9.0	7.29852707265	3.54468600787	6.98262631321	9.0	4.27690675502	
2.50435830271	9.0	8.8476091135	3.19962317323	4.07697341834	5.67937127255	8.94906121261	8.88390514057	5.30903277214	8.58373161961	8.99544877936	2.9902930194	
0.947693671428	7.40360210011	8.31171304411	2.73042581614	9.0	7.40961489043	8.05294972495	3.39448636866	4.054869296	9.0	4.14664870295	4.36243908564	
0.120176231563	6.71418535326	8.86171123653	2.42005283864	3.18561041705	5.18079585718	9.0	3.12617976808	4.5804367913	7.34869969115	2.35449164495	3.0078348168	
0.562417363294	6.98778127612	8.99108127311	3.46497751763	4.65402054259	6.26826754926	9.0	2.74155805708	6.86945007768	8.99884430446	2.35265327189	3.70172540655	
0.918070913425	7.40488992958	7.63310041512	2.69666352997	9.0	7.37146250787	8.99999992328	4.5011760105	4.94004220714	9.0	8.7677199911	9.0	
-0.10048819986	6.38156667054	9.0	2.32149995132	1.9612745262	5.11197547087	8.99997880842	3.48975011793	5.05299423704	7.02692650647	3.54606341722	3.86240120813	
1.12674674897	7.57407947313	8.99999842263	2.75319541805	4.34757905075	5.77442494291	7.98311335131	4.40168385999	6.24245360976	8.94038121934	9.0	7.9608522464	
-0.136837651072	6.35090280647	9.0	2.281784093	2.52200826252	5.21655853237	9.0	3.33280358662	6.91716280843	9.0	2.78182320042	3.60770750596	
-0.00353936335164	6.54983621047	9.0	2.95248966554	3.44244412284	5.36866565612	8.9931856222	2.55917158702	2.89989693525	5.94274550309	2.05341977323	2.75481534746	
0.150214100702	6.6789426102	8.97898367392	2.70853106281	8.8095115914	6.73383885542	8.95975398382	4.83224916827	1.07218270522	8.73323794966	9.0	7.01878036949	
-0.0277481860624	6.43484751369	8.99819318498	2.44948179874	7.95411546805	8.99997538376	8.93779940058	2.97069777704	8.26951884208	6.00268748192	2.12462630391	9.0	
0.743588457895	7.16936777863	9.0	2.58275097807	8.40343184948	6.46016074847	9.0	7.0390403564	2.67590321948	9.0	6.31408581709	3.51189154578	
-0.00842040229401	6.60218366867	9.0	3.75473077768	7.51492909349	8.92340788426	9.0	2.5944719519	9.0	8.60726159734	5.39113043808	8.98317855958	
0.4765146826	6.97578133159	8.97884816098	2.93623262122	7.74314443235	8.98927486999	8.99982200569	2.95926741129	1.85402022179	5.69589257816	3.14721842406	3.1874557184	
0.12531757027	6.62238551256	8.87258378157	2.86511966986	6.80885015842	6.00176811897	8.22833846534	2.78576800489	9.0	8.99819444616	3.59961386461	8.99999999679	
1.20670361671	7.67208748329	7.8999722235	3.07206988861	8.08658778031	8.19927803529	9.0	2.92075132484	9.0	8.75872338906	4.72683271203	8.9506976183	
0.723385282513	7.33184884691	8.96572731674	3.58778375108	8.99639169973	7.93841606455	9.0	3.65181740408	3.388363199	9.0	6.89937807239	6.04130927184	
0.114236194073	6.6170939873	9.0	4.11792572533	5.47846457614	5.62657101378	9.0	2.54518293902	7.47430538184	8.7756250246	5.7786895634	9.0	
2.50495497107	9.0	8.81163798121	2.5104241594	3.53191047622	5.59349156594	8.72189003776	9.0	9.0	9.0	9.0	6.12146216027	
-0.0469233475044	6.70412748299	8.11773090323	2.82414127022	8.986062791	7.16376219828	9.0	3.17956492379	3.02973535265	9.0	5.56061894817	5.4372364566	
0.278898845012	6.69710632867	9.0	2.29352038969	8.9990603848	9.0	8.98986257229	6.17796094622	7.81249416531	6.78738802794	5.03393332076	8.81848626071	
0.0839263160668	6.45293853825	9.0	2.8311009445	2.76252619324	5.18452070266	9.0	4.29179568667	2.12825894997	5.64223898114	4.74780009184	3.02286349774	
0.154528983857	6.53080110473	9.0	2.66602128632	7.80039930493	8.90989104426	8.98851237988	2.98096077118	3.62798811596	6.48972121805	1.48099066822	3.27848767312	
-0.0905772700346	6.43579682331	8.10901247289	2.511192781	8.63318017646	9.0	9.0	7.73771736566	9.0	7.78737031176	7.16392864145	7.95742259955	
0.0326200733076	6.4989558705	8.99985177265	2.97678898486	5.95939400376	7.0797172592	9.0	2.50257345821	3.45558857449	6.12882409024	7.08678846821	9.0	
2.50527072662	8.99999676515	8.57521328475	3.32556567434	8.82089015328	8.51451180761	8.84680861899	2.73476892705	5.63042268317	9.0	2.71897749437	4.17790756145	
0.673725748651	6.9917317247	8.81998047615	4.42829698671	9.0	9.0	8.85435319336	3.09112300462	5.05226285906	9.0	9.0	8.71935430879	
0.936117858128	7.41829299552	8.99750156615	3.85152685481	8.42776217707	8.87802167508	8.49393925817	2.93921404674	5.33898580935	8.99131597079	8.9996834844	8.88455096575	
1.05605789027	7.3746668541	8.8584793496	2.74319765148	7.19255304811	6.60419445232	8.98594565709	3.58309727011	1.77042577127	7.53631418757	3.75989864265	3.52466356949	
0.688417568568	6.97731001597	8.99226904519	2.43873155228	2.17394821783	5.67061071485	8.98981881864	6.23127970915	8.95689674568	9.0	7.44474263973	6.65231329507	
0.816610100492	7.42199827737	8.40305658088	2.82329554416	8.51396614661	9.0	9.0	9.0	8.98003171274	7.03022713699	9.0	9.0	
-0.145138790257	6.40634829993	8.93453670571	3.12805127329	5.03227561551	6.2815358198	8.33458174564	4.28028842721	2.66365166871	6.07672840221	4.64178219954	2.95321187289	
-0.227567644082	6.32317874509	8.95251944182	2.59778180258	2.90451641288	5.35980181026	9.0	8.81403375036	4.59394708132	7.8475818531	9.0	2.96500647314	
0.112072605326	6.55911917752	8.85198258713	2.40373560853	5.39693442244	6.9480100837	9.0	3.45558929088	2.5555518943	5.51554022209	4.01112722922	4.6569829849	
2.18473441108	8.68268608807	9.0	2.62995695653	8.93236339727	8.99999947052	8.99943531422	8.8494059352	8.99004169234	7.20175939197	7.60257910362	8.99999999973	
