-0.142341574536	6.36680166845	9.0	2.59038612808	9.0	9.0	9.0	3.68096707359	1.04135350595	6.71828745589	5.25861798157	4.42733568699	
2.50527064207	9.0	9.0	2.61223232539	8.13543986015	7.09812200486	7.89272904914	9.0	8.99987447819	9.0	8.729506296	8.20759155222	
0.017721915919	6.59067202269	8.97144395543	2.5500418148	3.48189430531	5.40081590696	8.96467259445	3.17857125075	2.30855332572	5.67723358527	2.75776305808	2.9375949448	
0.152675532731	6.7476773416	8.23456325856	2.58468741165	7.03608125437	7.93667740641	8.73144801275	2.94858210855	4.3875419337	6.77207997127	3.96618918923	4.96038260047	
0.124697227118	6.76888031873	7.91739476005	2.84908258628	8.93921099891	9.0	9.0	7.9633293064	4.72681457765	8.95700698306	8.89170775626	3.72902666204	
1.11088051774	7.56893495769	9.0	2.82384836383	7.2484281292	6.9085497023	8.9289484415	9.0	8.88258971662	7.89639699967	8.01076761539	8.5502312613	
-0.125692886535	6.57722408882	8.54291043331	2.80575528634	7.82751401113	5.86352540911	8.56079923476	3.0458519771	2.57308020012	8.99433460295	8.65589227327	8.47058837592	
2.50435181619	9.0	9.0	2.87310596351	9.0	7.18576741909	9.0	9.0	2.37840015486	8.85440995515	8.4445939132	3.06888059537	
1.08999186184	7.56957851734	8.92660398046	3.19117506087	4.10457729215	5.62858228297	8.98536754825	2.8686537189	3.13108049514	6.22450139574	3.23477889103	3.67832594116	
0.290108980832	6.5929057318	8.99611546398	2.8511346592	9.0	7.92985344411	7.45413079731	4.50492359182	3.7856235302	9.0	6.40301325118	4.73475336868	
2.50581249147	9.0	8.99010769069	2.75236945794	9.0	7.21110110459	7.86859560171	3.17647263938	4.88339407002	9.0	5.98145148098	7.74415863253	
-0.0920659046521	6.51340000655	9.0	2.58385480512	5.3519577619	5.8113903295	8.01928958299	3.66264140088	2.52419037182	6.489615998	3.99825204997	3.54310589101	
2.50518537255	8.99999129306	8.50069837014	2.7375428384	8.92621968607	9.0	8.99999927339	3.49770249347	2.57192554788	6.92385080803	9.0	9.0	
2.5011916173	9.0	9.0	4.10308092973	8.3195214292	7.14232545909	9.0	2.63441472385	6.29019001047	8.93624949451	3.81219441686	6.75857740192	
0.412242733442	6.70838375932	8.90675881166	2.31498376281	3.478108038	5.26432947408	8.97287151855	3.52753494519	8.77669191985	6.65694112499	2.2029088761	7.90577579215	
2.5063377358	9.0	9.0	2.50356226895	2.6902623717	5.55300120219	8.99995141127	5.67728433165	7.1976050969	7.31423808399	9.0	9.0	
0.50864121786	6.90437084165	8.91151248535	2.31812590009	3.16592270849	5.12088772126	8.80971022585	7.86217305001	6.49815606117	5.79350207706	8.91446126547	8.4711861227	
-0.197180028751	6.41642257814	9.0	2.50418022833	8.87922564227	9.0	8.81118536965	3.20989145713	2.09969160421	6.66132075964	2.80383715678	3.27262625862	
0.725880246699	7.1033134784	8.9999792868	2.65416007109	3.20725676909	5.25047614029	8.99034888416	3.6017452826	6.20501760439	8.96068281097	2.59561456506	2.85403724919	
-0.0877758034958	6.32061774954	8.99120166764	2.50876428916	3.05130782802	5.36857476318	8.67067993692	2.70167855038	6.3105074373	5.63185700968	3.2847720878	7.40697585279	
-0.0954458944673	6.37376718991	9.0	2.33593009809	2.39859862387	5.35172578905	8.9933775909	3.47992684931	3.15673446268	5.48992452977	4.57565271927	4.7300359685	
-0.0835819817525	6.43868720462	9.0	2.30374773517	7.91769235633	5.76495676044	8.96657099888	4.20463973972	2.3397353431	8.98259749906	8.91184780113	9.0	
0.883349638465	7.27039108746	8.17493068226	2.79023252991	6.66993754519	7.1342604402	8.71167059196	7.05850894976	2.79130541404	6.56652340537	9.0	5.26979437947	
2.49537769119	8.9899307285	8.49646928891	2.61855578386	9.0	7.28960675979	9.0	9.0	3.83861877699	8.72547239227	8.97578741958	4.83771716437	
0.678677443023	7.31412151692	8.9998437579	2.47326970006	9.0	6.84932928041	9.0	5.87519147454	4.18047785093	9.0	9.0	9.0	
2.4912846648	8.98520290963	9.0	2.56445079876	4.93540495165	5.93282385352	8.99979982129	5.62680538697	7.51279001015	6.19023947445	5.7048110375	9.0	
-0.0911926880345	6.38390385582	8.99992364486	2.34282011696	4.85414503334	5.98422723132	7.8077016484	3.6694669994	9.0	6.85909883064	3.22126779061	8.24907470404	
-0.203747300813	6.28289389019	8.72306075384	2.49844938968	3.81091089767	5.62910436261	8.89429535633	2.80230427177	7.95004585588	6.45822679712	2.24215521011	7.38465437598	
-0.142824235202	6.43304565085	8.99348534494	2.41600762339	8.6574706801	8.36692190931	9.0	4.9474191599	7.4804885365	7.00245589836	4.54053397125	9.0	
0.420234740422	7.00830800854	9.0	3.07147450759	8.24015829844	6.96472945591	8.87655948209	3.32166372598	2.1450991662	8.30093602687	3.29565825705	2.85201459434	
0.307321015252	6.83341673497	8.97737940049	2.49166171349	6.95539548503	5.31859117602	8.60906957301	6.93123748332	5.51593944761	9.0	8.99537778593	8.41165556337	
2.50333546768	9.0	8.431439099	2.65461241751	8.45510145691	8.56912133919	8.02057224303	3.91976074514	6.06057115236	9.0	9.0	8.98197560874	
1.08009988949	7.58958391185	8.67050545857	3.07511463331	8.96169238005	9.0	8.6272673064	3.16007672553	8.99419588072	7.82641012025	3.13010514165	8.48768676722	
0.17107183359	6.9298987222	7.78967098985	2.60106477093	8.69460998968	8.9747191295	9.0	6.53956538336	8.4127724977	9.0	9.0	8.51105131092	
0.0128915056686	6.43432905411	9.0	2.33251001833	8.85746343391	8.99300507512	8.65661715876	5.67643189467	6.04523797358	7.90321632919	4.09952419299	4.94825271754	
2.50527057166	8.99999770571	7.94495489367	2.99844387613	8.6946469861	7.25729989103	8.98317101728	7.60386521382	3.31237397473	8.97150723281	8.82584325266	4.09022463626	
0.714190417245	7.10081688144	8.99502308653	2.44804413566	8.83778854564	8.52259112079	8.67000115051	4.67776821994	8.99546773416	8.32995489349	3.13741320022	7.90412128007	
1.01901315925	7.48889623407	8.30311169215	2.82305247988	8.9392554288	8.74216503367	9.0	6.09296295573	6.67181611617	8.99295561069	5.93893308031	5.36326902198	
0.216440675362	6.87545997966	9.0	3.16126037949	7.15883828461	5.52226024306	9.0	2.73411294663	3.80803116501	9.0	2.29874006243	3.80638284154	
0.570229332245	7.16378693994	8.9859542384	2.6256712573	8.06540873534	8.97515645546	8.99999479396	6.60770373406	6.18448965531	6.51707417062	6.09767466219	6.66939093687	
2.50524845361	9.0	9.0	4.17475233402	6.32743308628	6.50780072723	8.99865014229	2.613957394	8.85225165989	9.0	4.9162026957	8.95828509235	
0.900758401203	7.23792822735	9.0	2.72479176578	7.62644108633	7.43126273899	8.17456983505	8.98805360592	8.63296636201	7.64498588678	9.0	8.9870759867	
0.568984889231	6.97646743883	8.96562770726	2.62050234769	3.34760295659	5.16654096881	8.97359501023	8.6981665389	4.42298681672	7.14492679556	8.02290892419	3.38334777199	
0.954605097849	7.46165038981	9.0	4.19582978313	8.63861595839	8.92872302744	9.0	3.30163955667	5.00214555653	8.90730500209	4.99193959855	4.59726387365	
0.297100923129	6.85367496219	7.94512736633	2.70164436814	9.0	9.0	9.0	6.77829460176	8.45042162564	9.0	9.0	8.9995398533	
0.48221085792	6.98131061117	8.88307266496	2.83016959214	7.40566046464	9.0	8.99956462123	8.99761926264	2.98940149134	6.22332352628	9.0	3.29667214042	
0.0209078426768	6.41297889021	8.917502906	2.7031012616	4.2374701426	5.55839579108	9.0	2.48557349927	2.47113586684	5.73560716645	3.78768941148	5.21728105757	
0.611792791855	6.9400018029	9.0	2.3841048721	2.80986786039	5.26913533806	8.92703217785	9.0	5.02619897759	6.05413557766	8.14364193575	4.55959009182	
0.0888111647399	6.54933583071	8.99988313259	2.43911090073	3.2121799955	5.29111345805	7.90693235944	8.20059549584	4.91758017887	5.87879503832	8.98163686047	5.50743946602	
0.35746173125	6.7309688735	8.98204614114	3.03385642077	8.61279156464	9.0	7.88700057077	2.49809071095	9.0	9.0	4.81700430232	9.0	
2.34558045976	8.83750825709	8.98892724574	3.66288867877	8.98621388892	8.6963856271	9.0	2.66314056025	8.99888277879	7.77495575767	2.48473154903	8.82387119979	
0.136238244952	6.56095851645	8.90892759278	2.51617772204	8.28587745297	7.10303454757	7.77350523238	5.98652788469	2.42136378156	7.96313139144	5.87285513544	2.98303594417	
0.0015900988436	6.58412926927	7.80789255045	2.22998597229	3.14466418383	5.23523253158	8.96333557277	4.37910081726	8.01057369818	9.0	8.69557450628	8.89611128144	
-0.000754683131252	6.44520888033	8.94356134173	2.77742728708	7.85633200521	5.70070476521	8.6001799364	6.44261308079	1.75435615595	8.9892524878	6.31945183265	2.82267458409	
0.152079958799	6.73126000168	8.8631301135	2.51749584189	9.0	8.71366113676	8.91905520198	3.83542212989	2.39908899773	7.127181483	3.10220989716	3.03016353776	
1.11336442797	7.57210353824	8.54082533384	2.81224561532	8.66815549069	8.85445535887	8.09879373048	5.81380521452	8.83718175706	9.0	8.01168734887	8.97048312642	
0.140304013773	6.59475571643	8.95847785146	2.51492925349	5.19836495382	6.29409465372	8.69808224477	3.27010031722	2.10252257437	5.65923474047	3.31162722463	3.77235462004	
-0.109139618537	6.39739843835	8.99998202662	3.03228755522	5.50464430622	5.75900963678	8.27794990669	3.60504331271	4.81649692096	8.91724433068	3.19607324841	2.67705869388	
1.07186500989	7.57857100783	8.86774714634	2.69220235237	8.99004361286	9.0	7.50985525822	7.14165320182	8.9971609396	8.58164513356	8.85058673173	9.0	
2.5063028087	9.0	8.88229664281	2.62453650915	8.12846024022	7.25876398756	9.0	4.14567105147	9.0	8.12357217123	2.97980075894	9.0	
1.08332682446	7.3988012294	9.0	2.70951781786	8.5222584921	9.0	9.0	9.0	9.0	6.79456951958	7.73169115238	8.99878911	
0.241254006555	6.81820914727	9.0	2.57199023076	7.34765965634	9.0	9.0	7.0443765683	5.99104920189	5.87140087379	9.0	8.87618663183	
0.0524184866441	6.4799247906	8.99477291643	2.20364608129	1.57664844375	5.14535880446	8.985879042	5.48712749877	9.0	8.99498888827	8.8755686623	8.89201446293	
1.14822436276	7.56451884404	8.92532908876	2.67857413937	8.15587767314	8.99875703784	8.99952455835	3.68776502601	7.45570594523	6.23907457408	3.89484013493	8.99998704882	
-0.104977713592	6.40722214506	8.91327170272	2.5011332532	7.33075632562	6.35155205792	8.26282082078	8.75733569915	3.7272671841	7.95700648592	8.26213484945	4.16301244023	
2.50597416897	9.0	8.99999837271	2.74172278057	3.24962914902	5.57024685994	9.0	9.0	6.03105319612	8.947548028	9.0	3.1826411745	
0.211095592939	6.67961609509	9.0	3.40360963876	5.3052737444	6.56332303351	9.0	2.35478562627	4.12027785335	5.81421446123	1.75569057017	4.29187771019	
0.669672668996	6.95914159729	8.99996290922	2.43509841437	9.0	9.0	8.35257250266	9.0	9.0	7.36526143814	7.57574128521	8.5195799818	
0.0747188732385	6.46912809768	9.0	3.31100202699	4.01847580829	5.68813453706	9.0	2.550732124	2.06317089167	5.516186069	8.6044897775	8.95369569761	
2.50527878269	9.0	9.0	3.90889549563	8.91200010028	8.3779638571	9.0	9.0	4.15077602486	9.0	9.0	2.93633077175	
0.969266948157	7.31092191383	8.98675692365	2.50434334815	8.39990302034	7.80894907551	7.45882222731	8.39208523396	5.1946393313	7.91752195931	8.95380144305	5.74042627289	
2.50648856313	8.9999793193	8.54358645639	3.37891690819	5.00595366508	5.96040875136	8.91866620546	2.98474587826	3.45831485079	6.84864486139	9.0	8.91575133713	
0.985476796553	7.56327906986	8.99999857501	4.04006920988	9.0	8.99999999999	8.9999589796	3.30596827347	4.14197445945	8.39813146403	8.99054857158	8.39748754728	
0.268085292459	6.61066169689	9.0	2.70873300894	9.0	9.0	8.94999089007	2.93889363656	4.92428662212	9.0	1.37525782651	2.83401010437	
-0.102978921398	6.46744232268	7.96414125807	2.42910404076	6.28912005247	5.49293315285	8.61757480976	3.92910858124	8.99859424058	9.0	3.6699258705	7.81354009516	
0.0542624102045	6.49926020441	8.98226891816	2.43519443133	2.80141969037	5.20442915176	9.0	2.75081011389	2.57800041121	5.37286531088	3.94926885467	4.74688111619	
-0.0975367357797	6.39914041161	8.97403021918	2.3876066324	5.53619288381	6.85997769639	9.0	8.69516225978	3.05302496306	5.68188102097	9.0	5.1435639096	
-0.196491003308	6.41833835618	8.9999896414	2.3147233912	2.61504786046	5.37925581967	9.0	3.22063829815	5.55196355644	7.66061252625	2.79083284906	3.42817549573	
0.62231982773	7.10413054797	9.0	4.28128385347	6.37410345317	6.80433197874	9.0	2.75051919276	4.80749568011	8.61691349414	9.0	8.97511175902	
-0.0114077814127	6.42518086213	8.36384948381	2.33986249113	8.96017070822	9.0	9.0	9.0	3.4896640359	6.7478145678	8.96697719752	4.97729911096	
2.50554537654	9.0	8.65680131647	2.71817932546	4.45557269632	5.77111137746	8.46764365644	3.29549799377	3.40251360408	6.3411497881	8.98221151829	9.0	
2.50473318381	8.9996000832	8.59249846286	3.33032465057	4.23754525208	5.71312204202	9.0	2.83636424955	4.84643295431	7.79596331521	8.83935391166	9.0	
0.022481083464	6.45217279214	8.2837425452	2.48010679657	3.2227821304	5.25085610276	9.0	2.69768155334	9.0	5.83936330832	2.47101548131	8.93671528014	
1.1518121739	7.53286700976	9.0	2.8065166587	6.71573524758	7.60824921205	7.85527041127	5.32127830007	3.31962393457	6.42773073378	8.17603118213	6.22867107235	
-0.0211757733204	6.47646881109	9.0	2.64328168019	8.12659886199	6.01078090747	9.0	7.40118810346	0.717386818912	8.86065081034	9.0	4.12436511239	
2.50527885254	9.0	9.0	2.61377822803	9.0	7.63687118933	8.62976379751	6.21433542085	5.79015633595	8.32449846774	8.19415875422	8.98501441564	
-0.0671490308845	6.37194771852	9.0	2.37153694859	3.17239945216	5.24583888451	7.7295450408	3.94484234526	6.40687583517	9.0	8.72209185317	7.7247031015	
0.659677464998	7.29085629816	9.0	2.7806339428	7.00543902281	7.04122604609	8.99707985709	6.95233154709	8.67807118114	9.0	6.12886303002	7.01709536717	
0.579555112199	6.88246438185	8.55500811673	2.95669139621	8.29979923443	8.51054281886	9.0	3.11453403674	4.43071491465	8.0663513382	2.032685515	2.94145504911	
0.862774387976	7.17157369064	9.0	2.70919905637	3.34671530978	5.79448731564	9.0	6.46131354525	6.41289441576	6.14905260783	8.99993161088	9.0	
0.474402728285	6.81521912137	8.99999779797	2.60928859925	4.04394843041	6.04384807961	8.51535643074	4.95538537672	3.57239822721	5.90041388671	4.68054518339	3.65063492082	
2.5077657813	9.0	9.0	2.8196197877	3.77122650202	5.61428627036	8.99974275034	2.80242203547	9.0	9.0	2.24987057169	5.94906524225	
0.17354742561	6.72353789239	8.85082698078	3.74788683069	8.38703819776	8.83654537159	9.0	9.0	3.72936265509	7.91365525988	9.0	2.70408730212	
0.532592041805	6.88648483966	8.38073246346	2.44949123226	7.62885769117	5.45369121436	9.0	3.96527627125	2.49056243265	9.0	9.0	9.0	
2.50497942521	9.0	9.0	3.00558570629	8.4246276636	7.603540399	9.0	3.32570339192	4.22749350772	9.0	2.16347613514	3.04090080372	
2.41632383352	8.91645395657	9.0	3.86804407664	9.0	8.99963726237	9.0	9.0	4.67261083151	9.0	8.96983233675	2.9270980066	
-0.189476407358	6.40116830436	8.98688294714	2.89390518456	4.58564855135	5.7800603649	8.60163565991	2.90887080621	4.59272147577	7.75329755804	2.16489349278	2.77383174494	
0.316446823284	6.85825223834	9.0	2.40790457454	2.74959801188	5.36348892014	9.0	9.0	8.53272296277	5.54732019447	9.0	8.99552045143	
-0.106121021352	6.51257664427	8.34670643083	2.46733531128	4.85030057214	6.16651172287	8.77594144053	6.9611304117	8.84191945687	8.94206470717	6.29295861075	5.7558419953	
2.50355959764	8.99814996486	8.72973988156	2.61159643771	8.99670654572	8.73961168962	8.99805677908	8.98854543738	7.66183485461	9.0	7.68012800122	5.88739412485	
