1.11265262978	7.47396476845	8.55674665237	2.57034499886	5.16962174618	6.16844632362	8.04151407179	4.37464416895	3.96647317506	6.46126365256	8.61105119207	8.07868321963	
2.50504436018	9.0	9.0	2.62146346223	9.0	7.2496744079	9.0	4.32590260825	9.0	9.0	3.03696330939	9.0	
0.127889845839	6.51521110307	8.5803183316	2.68937889125	5.96387299012	5.91182512945	8.82032840218	2.56525112506	6.62403122636	8.31302110798	1.51114754156	5.19934352477	
0.0740415029501	6.64836485378	8.55285994842	2.9040173923	9.0	7.01462780098	9.0	3.45171416997	2.66403625319	9.0	3.80886292923	3.57012935368	
1.15290025307	7.65550119529	8.99640969321	2.73119579387	8.0047596962	8.41604416047	9.0	3.95682744527	3.99685219052	7.02334964865	2.89632905183	3.85969013597	
-0.0663116998212	6.46220839974	9.0	3.37007734153	4.10676250715	5.43879290068	8.9120694824	2.47435019179	4.78774629621	7.53013110622	1.74891285283	3.0150257398	
0.331440930408	6.73193944628	8.98992725862	2.58904944995	4.74249769157	5.28099946722	9.0	3.15173300307	4.41940556617	8.02422342737	1.55066514574	2.99574067102	
0.945849653957	7.44099017484	9.0	2.61261340435	3.11941336558	5.671413571	9.0	9.0	9.0	6.34495991906	9.0	8.77677834448	
-0.158240571228	6.34852682578	9.0	2.4430248852	3.54705269734	5.30776433409	9.0	3.33541293733	1.41371581171	5.60135230715	6.00962062921	5.45157325121	
0.0949070424355	6.59590004324	9.0	2.96988597808	7.49526606049	8.99966232393	9.0	2.46712711107	2.86277396845	5.66936893553	7.57088908569	9.0	
0.530871019184	7.00012227214	9.0	2.38345865708	8.15072105335	6.56476980407	7.05162303441	3.95099460707	9.0	9.0	4.47608438058	9.0	
-0.00756261568434	6.60780810429	9.0	2.5712389001	9.0	7.17489272934	8.19172729347	6.70600628102	4.70307434395	9.0	9.0	7.2857452731	
0.377717370581	6.79464445119	9.0	2.7948643556	8.73820962317	8.2958763011	8.93612557068	3.94929971628	8.82123325599	9.0	2.86959456247	7.51236330111	
0.0721735229502	6.59226340721	7.66992184916	2.47053776442	8.95676112486	9.0	9.0	2.88422546367	8.99844139643	7.22758641334	2.84049070863	8.86952775898	
-0.26626770434	6.29020734553	8.98857345282	3.13787755024	3.91816546773	5.46039275953	9.0	2.59092253092	2.21937200268	5.80342640637	8.76572687059	9.0	
0.16393959527	6.54015287759	9.0	2.78220961231	8.79249060685	7.84349506915	9.0	2.66524912877	1.67644855402	7.64379059384	2.53256380559	3.31224357644	
0.487909367314	6.93173994421	9.0	2.57678734116	7.24909571027	6.03912295765	8.99999929769	3.0897191843	1.34254709827	8.11392810875	9.0	8.8783392572	
0.457454208879	6.89460346834	9.0	2.40699469188	9.0	9.0	7.17772797493	9.0	8.99999959129	7.04963679958	9.0	9.0	
0.123389677106	6.61650876031	8.94210166955	2.35661775855	4.53746791173	5.92035919566	9.0	4.8265565194	7.01762596472	6.2551240839	5.73026099945	9.0	
2.4528361399	8.94828683611	9.0	2.55263427148	3.48499199765	5.59594963604	9.0	3.56899933028	9.0	6.22903981865	3.28873256707	8.9863636148	
0.015001596251	6.65673499743	9.0	2.67020181928	9.0	6.6496378466	8.79939153195	2.64291295112	2.28919251846	9.0	7.8387354006	8.94690799622	
0.132695929325	6.6761951963	8.63367460802	2.41269861963	4.51607531064	5.91819035029	8.9999209781	3.12789208041	2.27270564225	5.65774955777	3.47681850337	3.83174937387	
0.428804133634	6.82113824683	8.51859954119	3.73573685675	5.42082299362	6.78392640905	8.88178527959	3.35900947197	6.09720497381	9.0	8.12567306725	7.49427915429	
0.178697987466	6.65229166152	9.0	2.65359087827	9.0	7.77416489118	8.99968071037	2.93169299813	1.177062049	7.87150429818	2.91407628884	3.0342473529	
0.5141369374	6.97870093458	8.99118118657	2.44332873563	4.49522300432	5.70648950843	8.1021146502	3.13783885061	6.21666591689	5.83662923721	5.28274324573	8.98940851339	
0.264554559933	6.71517524845	8.98331832999	2.41591826674	2.52429710498	5.07091441945	8.6743289849	7.18783910439	8.93657820139	7.66031332152	9.0	9.0	
-0.119396810011	6.35480086502	9.0	2.5436254238	3.91455100426	5.31220654905	8.77521252114	3.43066646961	1.81576765425	5.99949188745	4.17070547156	3.61696386569	
-0.0944258683792	6.40809043258	9.0	2.56525247918	3.29773656376	5.43391460825	9.0	2.82229587296	3.14970460965	6.04301442138	3.54707151533	4.40521449379	
0.441177651356	6.71575656251	8.98325006297	2.74578656146	6.41215738193	5.5672821995	9.0	2.75268281512	1.6786906538	7.82863534752	5.92437699001	6.46352670893	
-0.0435859564844	6.47267567958	9.0	2.35786408622	9.0	9.0	8.54202305429	3.81737227968	5.60481261494	8.1790444384	2.07562225413	4.05976353278	
0.96000163415	7.40976424139	8.96329496848	3.06544931023	3.69430192697	5.58118128531	9.0	8.48126523611	2.97243943566	6.29511080143	8.98682647454	3.48686053175	
2.50522225441	9.0	8.92650643459	2.73988722361	9.0	7.48940688528	9.0	5.80242596332	1.81946916229	8.4638362451	8.99260284832	6.4033358432	
2.46479035245	8.95877309338	8.89202002524	3.7380060593	9.0	9.0	9.0	2.69245319765	3.48477033196	7.18696225504	8.07905741813	9.0	
0.180547587364	6.64339229113	8.97986577779	2.42806737931	9.0	9.0	9.0	3.33646736029	1.1518181179	6.62405863509	4.16742495359	4.03153485413	
2.50416050726	8.99977604931	8.9999999874	2.50492887275	3.04916866959	5.5644051284	9.0	9.0	9.0	6.78103576592	9.0	8.35760672311	
2.50262837189	8.99734339684	8.70980550544	2.74780055348	9.0	9.0	9.0	3.60896214226	5.36868116145	8.94776577402	2.46828202529	3.40266387048	
0.346035080589	6.96047899714	9.0	2.56170921138	3.31198130462	5.46909046472	8.73114074474	9.0	9.0	6.08996170294	9.0	8.9773390069	
0.0478787158986	6.51372081294	8.96605467026	3.52167808657	6.1757415211	5.72305681973	9.0	2.79093008841	3.82841674372	8.62033538652	2.10981876301	2.54848124134	
0.526893356621	6.95653754237	9.0	2.58233162064	4.11947817921	6.32070975456	8.71616358997	8.79127606795	9.0	9.0	9.0	6.390123169	
0.758855102942	7.25632753291	9.0	2.58292734558	7.39103106074	8.44440238156	8.99867852512	6.17622831271	4.77749564253	6.23573787534	9.0	9.0	
0.735039742024	7.11310237533	8.93843314127	2.50806034902	3.41115597091	5.26217975401	9.0	7.57705848916	8.55191487254	6.2916961502	6.93933242233	8.53022019948	
0.00277308612512	6.46087105712	9.0	2.56698382082	9.0	9.0	9.0	5.19149993701	9.0	7.26573343442	3.75926150889	9.0	
-0.0195703363912	6.50097137237	8.44075150883	3.02509957784	5.93340436918	5.93821387754	8.71888835518	2.93206134216	4.78464851731	9.0	8.97522962574	9.0	
0.727441195149	7.01566840233	8.99998282481	2.60715962032	6.89557770907	8.09308316338	7.47427327872	2.96893546027	4.33955164125	6.32650654081	3.33876743166	4.47337695269	
-0.0389770626129	6.40884712944	9.0	2.3308382829	2.24035600508	5.36680632545	8.96717552143	3.12348842301	6.92005092746	6.08479865286	5.37670252824	8.93150136156	
-0.0424260225797	6.56243565551	8.99653564549	2.87408066841	5.45435596052	6.68004940986	9.0	4.29818288724	2.71784879631	6.19214284134	3.5853000786	2.82000199126	
0.62020572818	6.99284915184	7.91817780651	2.50296644363	3.48278951618	5.22647325729	8.99999992388	3.68905938408	8.75680390367	6.2893663057	4.13421674633	8.99999785114	
1.109464333	7.51760458051	8.94789839184	2.43614425529	6.6133316817	7.98429879558	8.9998731053	3.29579989807	8.0608817564	7.3912762074	1.68478580446	6.42966434775	
2.50527236821	9.0	8.97980992821	4.16430690403	9.0	9.0	9.0	2.62175225537	9.0	8.4413601161	4.08720597427	9.0	
0.0987788326362	6.60193646719	9.0	2.95030388228	8.6723774983	8.95937573512	9.0	2.99018425092	1.53057619354	6.6581040142	9.0	9.0	
-0.0898143126218	6.38666054971	8.99961757553	3.09351490242	8.98600007428	6.94485859269	8.23111014444	7.06514891061	2.19188563524	8.99361922309	8.49324034569	3.90321647153	
0.257974629012	6.99779878968	8.9999902332	3.63742740436	5.89285858064	6.13195470388	9.0	2.59467753761	9.0	8.36428144418	3.95994132488	8.96279951126	
0.297391241872	6.71300349944	9.0	2.74953858154	6.06390997013	5.55078885771	9.0	2.69045184147	4.77081415801	9.0	1.04420710273	3.08017108	
0.761026234356	7.24658314468	9.0	2.43672465586	8.53657120156	6.44241411861	8.8178715933	4.50905773906	4.3326434575	8.94755562371	5.23519365843	6.66025733412	
1.12138468684	7.48603122883	8.99723588344	3.07155325167	9.0	9.0	7.85590413214	4.0023006194	4.93933813033	8.99946197492	8.99684316305	7.87260672414	
0.0742765153349	6.49477834619	8.9239487628	2.42728989641	9.0	7.10829213034	9.0	8.99476910513	6.03472379752	8.69856384876	8.82594779523	7.97151711118	
1.03195236838	7.60074205557	9.0	3.05503335378	8.65546446091	9.0	8.43919501192	8.99800279207	5.14511630355	8.85872937871	8.99062499657	3.3430958662	
0.0174176395226	6.53077097985	9.0	2.38735388906	3.72682701624	5.17627081486	8.78686958087	2.8513264446	4.94367409402	7.09140203983	1.64361846428	3.75517253802	
-0.0872877088543	6.47221438683	9.0	2.37625353025	3.9536128588	5.23045338809	8.14749135699	3.71766514057	2.75388235529	6.08814227512	3.75585479838	3.3482698254	
-0.12731476574	6.53181397303	7.8420563242	2.76909439956	6.31626420199	7.06470329536	8.99561529772	3.01115724138	6.32275829727	7.83138351823	5.05423939065	6.8067205447	
0.135686641241	6.71936669707	8.63877178213	2.48233088192	2.22297800994	5.16006208033	9.0	4.33850533665	6.36319616679	9.0	8.91043140167	7.3099678443	
0.621892853674	7.09376384147	7.84543042142	2.60064080781	4.8591426141	5.636899073	8.99830027485	2.85258737325	3.69029180149	6.75165446352	3.67774284551	4.35114306733	
0.182969214101	6.60785278214	8.99627019374	2.4271392584	4.161298863	6.01049164523	8.77718830104	3.56877436305	2.33746859789	5.69683341362	3.41398572348	3.17189916945	
0.355181681704	6.68672146828	8.91583894361	2.53802908297	8.43905373838	6.42416080109	9.0	9.0	1.06510224462	8.70015595044	9.0	3.20668582558	
2.47050558297	8.96518096825	7.95544520267	2.61077228789	8.99887982335	9.0	9.0	7.09911418854	6.6845658973	7.08966223743	9.0	9.0	
-0.0210164475162	6.44584753406	8.25211906729	3.54952493421	6.53792286294	6.80865327244	8.92192387619	2.47253518637	8.86159002219	8.76044441263	4.86145356437	9.0	
0.593786324516	7.11515768218	8.95521872798	2.63633153345	3.46731607362	5.58106309507	8.95330369832	3.32410089865	3.57589741664	6.67137840611	3.5217695051	3.26148748318	
0.356687069475	7.00381253492	8.54470873293	3.20964487852	9.0	8.34760025034	8.51112545777	3.21350835468	3.99393922283	8.59918649767	5.48173791409	5.07448213152	
0.446733349728	7.00092164392	8.99969422942	3.80688646463	8.99923557668	9.0	9.0	3.10715590017	4.4079988305	8.94121043901	9.0	8.67969393288	
0.0091948587589	6.43460271417	9.0	3.66915867118	9.0	8.65126021326	8.55914636633	2.59067134817	4.2911299613	8.51550380083	2.22666387421	2.95157419684	
0.39159480437	6.80031665498	8.79537751073	2.30880564791	3.81914644101	5.73358742862	8.82576687641	8.72092433532	8.55294239058	5.5628308022	7.99746368417	9.0	
-0.0118011841815	6.41798315574	9.0	2.47325484159	5.32124248075	5.91575014746	8.41745629579	5.16362936195	2.03087211021	6.24374898375	4.89481264991	3.06745267901	
0.636699905575	6.92940244837	8.44207270743	2.64540071666	7.62995129288	9.0	8.72591941599	6.01617430429	2.462777761	5.75360501939	6.94946116346	4.11420876943	
0.698243751905	7.20708730403	8.44421186322	3.206786239	9.0	9.0	9.0	3.04056103668	7.00449987138	9.0	5.85710780854	8.13121922178	
0.133733177924	6.49693664314	8.99998532614	2.51110810166	2.98467647892	5.11749907223	8.27112095065	9.0	3.33331864698	6.28387294325	9.0	3.01738406139	
2.50526582523	9.0	9.0	3.19054889515	9.0	7.23959911871	9.0	2.7464011739	8.9126993264	9.0	2.10345316179	9.0	
0.535736727995	6.96402678224	8.99968740289	3.33780442282	8.95597629355	7.46773672393	8.98050346866	2.67039985149	8.98708361196	8.88384143897	2.03981385621	9.0	
0.377777026843	7.06252542496	8.85118962498	2.68571957267	8.99874741019	7.89072703663	8.8221644936	9.0	6.89391676677	8.41456301941	8.22540976017	6.74365617746	
0.250805897887	6.82160513495	8.99801770856	3.20572606814	6.19712198352	6.31584451598	8.96446210029	2.95238908427	5.05818522605	7.87226831775	2.72586899457	4.70861370534	
2.50564936481	9.0	9.0	2.61989027492	9.0	8.97719211973	9.0	4.50732373765	2.92342767736	6.97981075131	9.0	9.0	
2.50507257587	9.0	7.50584417563	2.70815948605	9.0	8.99999868304	9.0	3.30144875751	8.76296260711	9.0	5.12212642789	8.54125994867	
2.50288410772	9.0	8.99997814797	3.03134323086	7.09758584988	7.11581606477	8.30543811609	9.0	4.87482122734	9.0	8.6987270941	2.99047189887	
-0.00828724822978	6.51136864962	8.98862368281	2.67242546616	3.91420359652	5.43138290644	8.83682917886	2.73789976384	8.19887038663	5.66627765974	2.02520563141	8.63133557115	
0.803859723555	7.39300355526	9.0	3.19579874104	9.0	7.12026752999	9.0	9.0	2.49626350081	9.0	9.0	3.14439507811	
-0.0217447600668	6.49252591482	9.0	2.73615700183	7.2815619631	5.80028791243	9.0	3.99062318697	3.0116305996	9.0	2.82666073049	2.60134195533	
-0.0353772015631	6.39026775819	8.99922838518	2.34911447836	3.13487857401	5.29938306953	8.99870008433	3.27027523808	2.17609263169	5.7569409085	3.57470991706	3.45787006087	
0.971211037526	7.24614418955	8.93157884214	2.56882242314	5.02628412559	5.66172334532	7.24506119274	7.03082280606	8.99997214904	9.0	8.99896295589	8.37005993969	
0.722754780611	7.13070142166	9.0	2.64525441566	2.56972680268	5.27186520057	9.0	8.42715876886	5.65778654781	8.76407355586	8.59878626652	3.02045415313	
2.50518739328	9.0	7.89831822239	2.7364899862	8.80999636436	8.16672570252	9.0	3.33631467069	3.69989129611	7.81134150598	8.48198718682	8.99948433163	
0.0591066183819	6.41746620857	9.0	3.36406495767	9.0	9.0	9.0	8.22357440169	2.90172427188	7.3736608847	7.17790743294	2.45978007547	
2.50547888717	9.0	9.0	4.16655352146	6.85608707042	6.75147962001	9.0	2.61886239197	7.36280240642	8.22384349872	4.5227630997	8.14151287251	
-0.0224227309941	6.50205456846	9.0	2.96757493308	7.73047390255	9.0	8.19948672109	4.45772983686	2.16814457788	5.74231779245	8.39786600704	6.41668590926	
0.07428247396	6.65561689876	8.80717333511	2.43815023981	3.8282741008	5.7028943918	7.93933265964	5.30144999649	8.11323572291	8.52090533746	9.0	9.0	
2.50517482297	9.0	8.95747680247	4.166643785	9.0	8.82780271386	9.0	3.26327176975	4.44038072712	8.82728531745	9.0	8.4731288785	
-0.199490469429	6.51049577179	9.0	2.44525692516	3.75290579993	5.70231885455	8.75001274995	8.9655676845	8.72616458318	8.97775776427	8.99442417173	6.0167407552	
0.630700288183	7.07501776106	9.0	2.79418507621	4.1000166611	5.65505162357	8.99724377203	2.76327161485	2.82139865419	5.8109722341	1.76717691566	2.95043601576	
0.944158480444	7.28653476627	8.99743875142	2.98944310838	3.36194282832	5.4243015607	9.0	3.05260527974	2.8794002934	6.03343801295	2.86139272986	2.96904522323	
0.303245311689	6.80667827338	9.0	3.0923359135	7.74237316336	5.57043908327	8.98675776296	3.10249068702	1.32947310291	9.0	3.47453715748	3.00660018577	
-0.11898905116	6.4729467443	8.96089734275	2.72377290043	3.71491837881	5.5323648042	9.0	9.0	2.1972151729	5.73496131513	8.92993227637	2.79039088318	
0.146676427791	6.59500314976	9.0	2.82166682095	5.38694627766	5.32254799071	9.0	3.04733723406	1.70839730333	7.03124959541	9.0	8.99869766489	
