0.204266231208	6.60747117036	8.99436814584	2.45742087305	4.84869761602	5.41647033418	9.0	2.63659687762	9.0	8.99999998362	0.848904373418	6.43384406739	
2.52701539387	9.0	9.0	3.01387947783	7.98708424127	7.58102380562	9.0	2.96424368881	2.93217395365	7.48503742335	2.21259859381	3.25549538314	
-0.153133220096	6.39534797709	8.9995484506	2.23539647317	6.26750296043	5.16011271059	9.0	4.34202462056	5.22258241172	8.97586771326	3.73589571094	5.65220721901	
1.12280027623	7.45142548867	9.0	2.66211552451	9.0	7.82645140933	9.0	4.22960632735	2.87990451441	8.17040250707	2.98553451691	3.35862939756	
2.51602008435	8.99956617254	9.0	3.35497747495	7.5484879302	6.84099561396	8.99861429609	2.90184563838	2.38899208262	7.75331763009	8.74911088371	8.99968392629	
2.48344987113	8.93577399858	9.0	2.81479848902	8.99953339164	9.0	9.0	2.80986519776	6.73772871375	6.91518994459	3.59951083581	9.0	
0.367026288276	6.78152751711	8.01086930119	2.89888935952	8.30300522061	7.02680934789	8.89536174928	2.91742168372	8.50772691596	8.9834687502	4.14769558324	8.99999623682	
-0.0653655630317	6.50728001407	8.21372058881	2.25314571954	6.14345928139	5.15721035529	8.99383577076	3.48756489272	8.59302574716	8.97475578062	3.65461185513	8.87742100477	
0.0707115872573	6.55247420032	8.85569769609	2.49680252523	7.38301874373	7.04013497463	9.0	3.19810865422	2.22580496537	7.16598726443	8.15900533726	8.86037842204	
0.134300906112	6.45955758186	9.0	2.51822836951	4.62406238301	5.2914003137	9.0	2.61180987481	7.93048487097	8.74472027568	1.31783142164	6.02225835043	
0.0529163154293	6.43484877099	9.0	3.52766235234	5.97037181606	5.43659375023	8.99998994327	2.75046929523	2.566652344	7.81674409877	2.59525924855	2.89001423957	
0.209526026793	6.68566908252	9.0	2.98900557752	7.25285411785	7.01467201251	9.0	2.75039968602	3.2922074276	7.95562331286	1.6098489434	2.64814161634	
0.104427815	6.5362783748	9.0	2.40597558155	6.24147821982	6.49761916	9.0	3.01422026794	1.59432113836	6.41517199277	8.24224336351	9.0	
0.237803017681	6.59251091519	8.22645946877	2.54759734441	7.48319778494	7.04990599241	8.88611989157	2.69568277254	3.04554861277	7.34463820515	2.85744169538	4.0907627007	
0.746652579631	7.24032882757	8.64383065442	3.00738796547	9.0	8.16376808692	8.58305183558	2.68231854561	6.01652687664	8.99398304293	3.97087673858	6.38745025035	
-0.01028654151	6.42792092789	9.0	2.95720613236	5.5747422023	5.89656396331	8.98690299605	2.42354058722	8.4054446769	6.60931451023	1.67465396329	8.9977505403	
2.50580598987	9.0	8.42189141695	3.45257044867	7.27994372067	6.1441200284	9.0	2.6489049296	5.0068045254	8.93263639781	6.91928135557	8.61042015778	
2.11957424131	8.61424161542	8.99592033553	2.73416547541	6.24977436191	5.84859435887	8.86000493828	3.06160349077	7.56201609899	8.44595696553	2.09028201431	6.83207485233	
0.2818725338	6.75695279313	8.80712130058	2.63328864071	8.79254464362	9.0	9.0	2.72615637564	9.0	8.96514911757	1.37160914345	6.80332631273	
0.748390259014	7.05450978345	9.0	2.56179759938	5.31240709015	5.60548277356	8.97549617418	2.80659608878	8.91492351447	8.79674822033	1.99858008035	7.66665261325	
0.523920849159	7.16776679042	8.96288844285	3.0093455793	7.63688682566	6.3401020057	8.99999770136	3.6041036001	4.21989302915	8.85211815775	2.96480379415	4.02630578185	
2.54578145521	9.0	9.0	2.81046744882	9.0	9.0	8.99421856674	2.80851150008	6.85343934041	7.48396329883	1.47509660458	6.42050712433	
0.484795598724	6.88980685801	9.0	2.66057260666	5.5438141061	5.92187194058	9.0	2.63922084341	9.0	6.65677657525	0.978517810942	9.0	
-0.0434756345962	6.38009803349	9.0	2.5174211964	5.09742192621	5.50922792703	9.0	2.72512988546	5.19670227586	9.0	1.19569926884	2.97806979554	
-0.147029368391	6.29737192167	8.89690659707	2.71237596386	5.61867077184	5.32244137102	8.39950205625	2.46927126434	8.42796742704	8.31180839122	2.25442283418	7.98057602973	
0.656767222478	7.00832780118	9.0	3.81218823399	8.99824952343	8.27920707101	9.0	2.61397309995	4.59221288868	8.94523569144	7.7240255318	8.99067241434	
0.12256695416	6.56141334813	9.0	2.68726150964	8.71944703794	9.0	9.0	2.67559947203	1.52604327662	6.40528974987	2.55119057558	3.21497911165	
2.50504454309	9.0	9.0	2.65901054027	9.0	7.67008931842	8.49803514273	3.71135661834	3.44946521712	8.30010026159	6.87807452477	7.645221253	
0.616799278146	7.06781860455	9.0	4.20938689152	8.88165566343	7.03429132265	9.0	3.10398724855	2.55397725914	9.0	7.80441496064	7.23411838156	
0.568372162028	6.96416298129	9.0	2.6866106087	4.87949409713	5.23280021334	9.0	2.80527137842	8.60218948029	7.97428230249	3.01295135273	9.0	
2.41553346748	8.90972581021	9.0	4.09522858538	9.0	7.81091115694	9.0	2.63695857387	9.0	9.0	3.38245301151	9.0	
1.18559872623	7.53747347963	8.21789493309	3.00246148686	9.0	7.20025544289	8.99815242241	3.69748009882	2.99511116759	9.0	3.52593909025	3.20387266807	
0.255327468573	6.63954553829	9.0	2.66052996384	4.82035442983	5.20762804503	8.80077211322	2.47507252014	2.72735938601	7.07751435274	7.08423703229	8.21993980704	
1.13730943602	7.52865729344	8.99325397108	4.13670325388	8.71098372713	7.22465810389	8.99236997699	2.98064370924	3.77865244764	8.89599554264	3.73536456727	4.31409466745	
-0.155964424764	6.41752714481	9.0	2.41682129441	6.50344586571	6.25830547731	8.56979262258	2.89598803631	4.05126684956	7.54254030733	1.75397038545	3.84861031765	
1.13025232198	7.57436112713	9.0	2.87135605799	5.93310860659	5.70410102227	9.0	2.95700971186	5.056320096	9.0	2.34057443541	3.982283522	
0.761254591537	7.1506363932	9.0	3.21515072531	5.7956954416	5.576992431	8.97668209908	2.5963900481	5.73520811049	8.99886791609	2.96089183546	5.31216436771	
-0.0535006753206	6.62971995092	8.76037046789	2.903785981	5.96180555804	5.32898058245	9.0	2.94709874916	3.0618489876	8.89099094002	3.94836355142	3.62066129138	
2.51499985067	9.0	8.92550139487	3.03087351719	6.98955716505	6.602614233	9.0	2.84185392027	3.7412366506	7.66489483119	2.07278776874	3.75590100305	
2.41680529638	8.908166431	8.97317553715	2.74936133915	8.99692520615	7.50819843323	7.91304408102	3.17372056226	8.94003566528	9.0	3.28742582713	8.84474721489	
2.51006473481	9.0	9.0	2.89468862085	8.99987692287	8.65292657321	8.9304993648	2.92896896436	4.78352325297	7.29319724438	5.85997060919	8.96905286264	
0.158901447215	6.68541800177	9.0	2.6925736752	4.91684035262	5.07658555263	8.99888483139	2.67003553855	3.88685511627	8.35067830971	1.70891004842	2.88825281344	
1.9261256459	8.38350935769	9.0	2.80706458217	8.96522076902	9.0	9.0	2.79802957883	7.16191090136	9.0	1.24575401813	5.03143479291	
0.34908477298	6.73962655786	9.0	2.71967278464	5.09557191236	5.35488045301	9.0	2.72492341426	3.40423488356	7.97931300427	1.65785415081	2.8093690818	
-0.0257479253329	6.41595751539	8.99383994905	3.07988959014	8.69868292252	8.41440820906	8.69590151388	2.48450330211	2.40830867229	7.12456097278	3.15968068739	4.09845779197	
2.50472608608	9.0	9.0	2.78731363782	6.13891242728	5.96461812683	9.0	2.93141537638	8.88827725979	8.65494184012	1.71391313397	7.56346772587	
0.0173288880909	6.46355033046	8.90040732045	2.46960234538	4.99821427608	5.44849660809	9.0	2.6130822551	4.17523800302	6.49425572049	4.04914738546	7.27066020583	
0.0734681240867	6.46903250664	8.89083004498	2.73284625679	5.3083704408	5.2424004381	8.80776171884	2.65295945259	3.13815253108	7.26925973771	7.43370469576	9.0	
0.164972131266	6.65039731489	8.98578363337	2.84221041457	4.89264992598	5.10657188386	8.99999117927	2.53782984545	4.42802005115	8.99785594076	1.82377391316	2.86613052408	
2.43592198081	8.92984751768	9.0	2.97531280519	6.22842278169	5.95531680975	9.0	2.84324575158	2.83445751033	7.46345578745	8.01542674176	9.0	
0.0515429069929	6.55333968681	8.99978222787	2.96454641062	9.0	8.96771519206	8.99993444453	2.63553688733	4.26449816813	6.69316867699	3.74388149131	7.06041645694	
2.5037665579	9.0	8.92222803539	2.7549674955	8.99912005353	7.19552754896	7.96085657536	3.4730649358	3.38250372113	9.0	9.0	9.0	
2.49335163306	8.98895183098	8.98599473085	2.6861769577	8.73201920019	7.65922982582	8.79680333435	3.70949622347	4.1947981786	8.53404735866	2.57150450457	3.85152945355	
0.129655654886	6.57939934178	9.0	2.83067989283	6.89363190643	5.99308242345	7.71756039364	2.45289305769	3.64126473165	8.0159552459	3.54078962998	4.64165176982	
0.0769251167616	6.68176164245	8.95993897255	2.83576193776	6.87016652975	5.93307066574	8.9796576121	3.47042875444	1.28984057399	7.6030590145	3.63786972616	2.93465005769	
0.842472000907	7.18224939083	8.99481443115	3.43963673499	8.31685428921	8.12178380075	8.98363152012	2.48409561353	3.99338607574	7.13236965887	2.8843668159	5.30106645881	
0.0577147473039	6.50360746123	9.0	2.48114950613	8.60131984488	9.0	8.99166761416	2.79560561966	3.0620542035	6.64760347578	1.67125200681	3.6112691121	
2.55305978806	9.0	8.9630464712	2.79897519149	8.95093453646	8.95325473369	9.0	2.79799171607	2.98223702191	6.92384072115	2.75848592045	4.38893547839	
0.327547803543	6.80711716122	9.0	3.10421657331	9.0	9.0	9.0	2.53744305832	4.89671811593	8.99998952777	6.50034285312	7.87483588685	
2.50615313964	9.0	8.76918484558	2.81424293064	9.0	6.97658214514	9.0	4.52116084698	1.91705830236	9.0	8.65240877486	7.18769234612	
0.727879353144	7.12808709426	9.0	2.88225929111	5.30026478517	5.51256006986	9.0	2.6314652119	3.92328832545	7.29489557011	1.33332568103	3.46944758736	
0.621119204239	6.9639834188	9.0	2.77121965108	9.0	9.0	9.0	2.82527690845	6.04599961953	7.28587868819	4.62051123479	9.0	
2.49577733636	9.0	8.93680997665	3.04977858603	6.83561981101	6.41842283432	8.94759873713	2.7885469073	4.04531451766	7.56655017053	2.3825545434	4.47367651881	
2.50751536124	9.0	9.0	4.11087380793	9.0	7.55386854771	9.0	2.8801576487	3.49126297504	9.0	8.88900941626	8.99758935123	
0.11244277199	6.50445424006	9.0	3.03258032285	5.73155759203	5.72554221179	9.0	2.59033928749	3.91890603106	9.0	2.22691672873	2.7861838887	
2.50528402041	9.0	8.98621678474	3.96999045744	8.3358143829	7.23697457512	8.99769986669	2.65160347063	4.32133207919	8.44989205977	3.9270384381	5.42035457593	
2.54784514123	9.0	9.0	2.80803146067	8.99863632792	9.0	9.0	2.81681750395	2.78301510753	6.9063579743	7.27305333872	8.72750742728	
0.0493198326713	6.49889082905	8.97285782142	3.02951488858	6.58621790061	6.56432963039	8.9870242286	2.49244224794	1.71779469348	6.88617203949	8.35207054235	8.98203821252	
2.47294050915	8.96517148386	8.04650213548	2.75396605635	7.06314405061	5.79280710968	9.0	3.10965190136	3.71947849166	9.0	4.17447454708	4.51051809633	
2.50661028588	9.0	9.0	3.34531293522	7.47932604433	6.96201752223	8.98874466006	2.70717186514	6.42509352335	7.5298520129	4.49047548281	9.0	
2.50261108075	8.99813517982	8.77390963005	2.66534458449	6.59766111836	5.62469865026	8.78000955336	3.40309327251	3.40610879917	8.99975308095	3.6559889901	3.67902322658	
0.106328899876	6.4798189242	9.0	2.7342208206	5.68014218941	5.7979978061	8.99985065039	2.87574294579	4.39305100483	8.42897608661	1.13375701825	2.71302697001	
0.283622546158	6.6015299483	8.78491962898	2.66185276148	8.92697354485	9.0	9.0	2.85295693572	5.40079046448	8.99992704169	1.49842887388	3.47956079889	
2.55101664738	9.0	8.99909785173	2.79970812633	9.0	9.0	8.98896460668	2.82393891756	2.70587720445	6.90763813982	6.71169703832	8.08064507589	
2.48465480595	8.97927380617	9.0	3.54061765604	6.50691504505	5.65320977876	8.99493415153	2.84920010608	3.37822323287	9.0	9.0	9.0	
0.338496030658	6.60607765606	9.0	2.65743696449	4.84522322609	5.28518429015	8.94138820394	2.56326323151	8.99973296418	9.0	1.65940962091	7.32387093373	
0.806149056542	7.16324987746	8.79390725615	2.83213978809	8.97151320241	9.0	9.0	2.67595197425	6.76375881232	9.0	1.62186954757	4.8532560334	
0.667936707629	7.12716314477	8.99721375726	2.61990823153	5.6880025413	5.51541530014	8.67827757654	2.86508589023	2.32702318087	7.3423986578	4.64842054741	5.14907096927	
-0.226692352153	6.34995392195	8.98866819826	2.49247243793	5.11512668351	5.2449292528	8.63365467801	2.52117509652	7.25634738787	8.20617480894	4.34797019873	9.0	
0.370227862251	6.80770728695	8.99578378202	2.50767585935	8.32340942082	6.31454654011	9.0	5.28880647594	2.66434931155	8.91402034799	8.51837593029	7.66935088426	
0.529825869675	6.86513408938	8.9457586828	3.29532946834	6.76061700233	6.68045411935	8.9998489858	2.6302483285	6.64056638866	7.30397543596	3.70835322439	8.38270052862	
0.591222363558	6.8773833235	9.0	2.44248540987	9.0	8.96680482233	8.92529672679	3.32840824889	8.96100195834	8.87879166722	1.52595017539	7.17265365651	
2.50735872767	9.0	8.98440179102	2.91061631021	6.01785318493	5.85480076249	9.0	2.78296946515	8.52784101799	9.0	1.78486234917	6.92981868041	
0.979503906919	7.32509719579	9.0	2.98568915429	9.0	7.08933558313	9.0	4.59139722475	1.39388026604	9.0	5.88602275806	4.01197531305	
2.37867943049	8.85974374481	8.88470819254	2.84954168072	7.27710429179	6.96566361899	9.0	2.91188760139	6.43113768792	7.86542906318	1.76367404122	5.93847890506	
0.905709851509	7.3806397795	9.0	3.26626851187	8.74923380559	7.92753105701	9.0	3.16165630625	3.63397828581	7.75303665568	7.63871351763	9.0	
-0.0590160061374	6.50230449733	8.9142819472	2.3720703748	6.24764118918	5.12790106372	8.12478202419	3.28502209166	6.59727447127	8.44623085604	5.24790698885	8.98515168212	
2.1618668829	8.68063857656	8.94525051155	3.97224452911	9.0	7.82864254225	8.99709415146	2.66428164009	6.85246016511	9.0	5.52051126148	8.96429675965	
-0.124538570754	6.44529992234	8.9353087233	2.41773507522	8.58157169391	7.63341727657	8.97525833297	3.93620850975	1.99366056044	7.71546115426	3.5619362226	3.33417034932	
0.127394221318	6.5266278595	8.88190484795	2.54285909556	5.61655403463	6.0447359726	8.99618496482	2.56913812254	2.85470614425	6.43923813337	4.98751194038	6.96252005966	
0.0524368739327	6.48006821362	8.58973178126	2.60703786832	4.92431632099	5.14773712646	8.99164579746	2.37960272404	5.19611211267	8.35499676385	6.54412871627	8.99838037602	
0.532526143145	6.81243661781	9.0	2.67750893609	8.77737258343	9.0	9.0	2.84829242293	2.31918982265	6.54125262479	2.07681861745	3.41030415181	
2.54014914955	9.0	9.0	2.80723329683	9.0	8.95500631921	8.99642351439	2.85098376207	5.93728930718	9.0	1.38224470778	3.90064937419	
0.363273157942	6.79819311761	9.0	4.00035648963	8.91946853137	8.04932045775	9.0	2.49983730613	9.0	9.0	3.2128033085	9.0	
2.50500589314	9.0	8.54767834472	2.74104482032	6.42143782128	5.59674816279	9.0	3.17387604534	3.35617498864	8.99614390066	9.0	8.97736995923	
0.567304647756	6.96698488089	9.0	4.08346774131	9.0	8.18994199213	9.0	2.44362995354	8.00385228917	9.0	4.51361895449	8.97106619399	
2.46889225247	8.96116697766	9.0	2.9763204875	6.37677493856	6.06354957778	8.98149097712	2.86401192274	4.24653925653	8.01462085402	1.97141905842	3.81915257835	
1.01701477646	7.51548181697	8.73004100919	2.78235547242	6.94151510621	5.51968840058	8.92292058663	3.83317229091	2.64480991299	8.88392818371	4.06224906854	3.42107988298	
2.50535835005	9.0	8.80647624812	3.2310747611	9.0	7.37514622423	8.39343735602	3.13671776797	3.19994476605	9.0	8.99176702164	8.80910553361	
1.04124272745	7.45549751539	9.0	2.83815069779	8.6300372703	7.96384271621	8.50273133249	3.1168732429	2.97853193593	7.62087725272	7.35450525765	8.16982899739	
