1.74667084489	8.20191910979	9.0	2.9949651542	9.0	7.25195242434	9.0	2.86972699257	9.0	9.0	1.90000359253	9.0	
2.50625630397	9.0	9.0	3.01845911948	7.80161032168	6.43744523438	9.0	3.14272441365	2.02609586657	8.36063048522	3.83760692145	3.86916322919	
0.905185741417	7.24719498472	9.0	2.56918736899	2.94770272975	5.40547652704	9.0	9.0	7.02850039954	8.36898852409	9.0	5.01373712981	
0.320325134656	6.76099931302	9.0	2.3152678016	8.97197656626	7.00271699608	8.7794827324	3.91183552812	9.0	8.99990860667	2.12135354411	8.83726276698	
0.558912848716	6.94985560819	8.87116147815	2.4365987049	2.34430625273	5.15522187062	8.99993981387	2.94642300041	8.99321139626	6.36494610488	2.79795150759	8.46002950112	
2.50531210017	9.0	9.0	2.85859071178	9.0	7.53915688425	7.75843137844	3.36947656057	3.68485824552	9.0	9.0	8.83654423062	
0.955536308777	7.35177234624	9.0	2.74148996652	8.79015217737	8.24386262967	8.99211803671	8.57258268816	1.62906021632	7.2817231024	8.91295251688	3.80368712318	
2.50401203761	8.9999983768	8.41351570561	3.04575359135	5.14503941439	6.0164535354	8.87277864936	3.1955140656	5.70847711785	9.0	3.22914935384	3.26936259677	
0.576303971942	7.24245916894	7.85311357866	2.75479153968	9.0	9.0	9.0	4.91808493979	3.80856949991	7.94902974722	6.12433913804	4.18572724629	
-0.0899726141227	6.46900521857	8.86193279359	2.89276453014	9.0	8.85065770142	8.95523941036	2.53568352719	4.32030145372	7.89559074946	1.40701708318	3.56625541324	
-0.139275288948	6.41940333647	7.91896672612	2.36911449295	9.0	8.97327116155	9.0	9.0	3.23508984009	6.81815902856	9.0	4.08777155794	
-0.136860879412	6.40140409792	8.01937508541	2.61143774354	3.9448978073	5.33062350478	9.0	8.99895667913	3.03647623899	6.26281800495	8.78986562095	2.77784064965	
-0.0125760894199	6.44912128463	9.0	2.26955947932	1.77808396494	5.31825611313	9.0	5.29430034351	7.26176250735	9.0	8.08235636707	6.42863529479	
-0.0730506543312	6.48800020767	8.91679639059	2.4669213694	6.20271515243	7.53588105834	7.33339656971	3.19799146855	8.11030833193	8.71888602439	6.75622331141	8.61322690858	
0.282500063974	6.67150676994	9.0	2.73314631079	5.17029807503	5.90744787788	8.99719726047	2.80546899895	5.22528590466	8.49625889337	0.995804652946	2.77079858612	
-0.0722948006785	6.45852149206	9.0	3.91543972335	8.24362720217	8.86699503963	9.0	8.15502648288	4.81568626049	8.7460778413	9.0	3.44898440979	
2.51174847615	9.0	9.0	2.59268952076	8.51552481638	8.97250429943	9.0	5.48538033296	3.87787471642	6.51254470582	9.0	9.0	
0.303084117057	6.80213821048	8.51280207675	2.52192631753	3.08623281339	5.89169529584	9.0	2.95859502111	6.77589795773	7.5637575197	5.78593570329	7.42047420118	
0.732828775494	7.09092628368	8.11363417538	2.43591043679	8.90652890599	7.00213397739	9.0	5.57852317429	4.58958916826	8.99994824795	9.0	8.79817214704	
-0.284622056618	6.32852045816	9.0	2.34973486879	2.10976516256	5.36635513233	9.0	3.58821200164	8.21632578499	7.89832350247	4.73767434194	6.92136002719	
0.777880747051	7.01763918326	9.0	2.61882521598	8.94637271252	8.99660585483	8.95284070415	3.2597419286	1.35893775409	6.76769785718	8.65392345436	8.63972203561	
2.50526989481	9.0	8.98183853643	3.29171631535	9.0	9.0	9.0	2.7106705808	9.0	8.89093185043	1.8708925424	7.11981964393	
0.959950707793	7.39276988664	8.74485735537	3.01526543466	4.46031688805	5.4933054373	9.0	3.51222382483	3.56074430687	6.95428358957	3.03233052186	3.10959698577	
2.50525330834	9.0	7.86658613048	2.6131483517	9.0	8.38064727872	9.0	8.99996872529	9.0	8.03320423051	9.0	9.0	
2.50828359486	9.0	9.0	2.95226802179	5.12093478135	6.01463351671	8.61742175466	3.15121987173	3.0472845887	6.51557436681	2.9560821842	3.27251810761	
0.68184309409	7.04147517737	7.18334460771	2.52618584699	4.76268172305	5.8726430415	9.0	3.05408010472	7.14309240072	6.3528557626	5.35623410113	9.0	
-0.0233781070568	6.40909073906	9.0	3.11385540176	8.67977106532	8.6035760485	7.57578377297	5.17261777511	3.77781101164	8.14599475639	6.53777349212	3.82538709393	
2.50572066481	9.0	9.0	2.50900376698	3.58209316448	5.59375868787	8.66161227375	9.0	9.0	6.67389332173	8.79639562818	8.42519786088	
2.50667061566	9.0	9.0	2.54305645369	4.46420944691	5.77331540495	8.99285267814	6.23830285225	9.0	8.98879961599	4.95840976157	6.03426610874	
0.0173032122258	6.5517227758	8.99861665535	2.33060912011	3.2673913546	5.197251853	9.0	3.78588441325	5.0446616801	7.48135741717	2.66202328845	3.34978272239	
2.50563359859	9.0	8.99951853998	3.42344476511	8.99506515755	8.98456134685	8.21381046813	3.00862559095	4.9807676388	8.98366642884	8.99990326455	8.94960060626	
-0.00829017759815	6.61815383922	8.90047001169	3.28477983757	8.74790526795	8.91688814286	8.63707657871	2.75878731221	8.7031325965	8.60577552364	3.30750233434	7.62810786032	
0.601313869559	6.9564535821	8.92982769684	2.38100434743	8.99361190139	8.5202336104	8.53707423481	8.96149054337	4.61554896246	7.97389823776	7.56622392855	4.18290547378	
0.0956611311368	6.47052785153	9.0	2.37847511819	4.3902198568	5.38345385021	9.0	4.01806324871	9.0	6.87719181901	2.29302172228	8.40494097141	
0.853642731757	7.09096746038	9.0	2.78435314733	8.95353480348	9.0	8.99710194384	5.18404554015	5.19142198953	7.40289970104	3.72495416493	4.9390485521	
0.497103604984	7.08802916348	8.82865839988	3.05838774232	3.82676202989	5.46049337884	9.0	4.32090155065	2.26246058765	5.97117378599	4.65320076396	3.04143340064	
1.09107538801	7.54589036204	9.0	3.99697542692	8.78018737332	9.0	8.95488590037	2.78540591471	9.0	8.9789967945	4.24659174493	8.3627378851	
2.50076161639	8.99990949545	8.88402406121	2.59431347492	5.91312090264	6.40441937078	9.0	5.65213026453	9.0	6.83193427174	4.53249353933	8.99847028372	
1.02532527797	7.38765708181	8.85385101753	4.24819377317	6.3653530396	6.60981954086	9.0	2.61945189265	7.95874150581	9.0	5.82692317667	8.82167387191	
0.328859736897	6.81869889846	8.99980973361	2.34770922534	2.17922190232	5.14134341451	8.99171602856	9.0	3.8472351965	6.54372066057	9.0	3.1762481752	
2.50491727736	9.0	9.0	4.20202859073	9.0	8.6394795213	9.0	2.62397487642	9.0	8.97457729027	4.28012151118	9.0	
1.00536422664	7.45667019315	7.84510858406	2.84434234136	8.27038548699	9.0	8.99970646883	8.9943508918	6.07585628006	8.81433617619	9.0	3.87410801215	
2.50496685982	9.0	8.99018790782	3.00684583416	8.55821616728	7.77175468002	7.81710226457	2.83843227886	7.08933593664	9.0	5.92235333339	8.92058833973	
0.111471205812	6.59210661067	9.0	3.38710052528	8.0627790935	5.98525121511	8.99186998547	2.98162740793	1.88657296825	9.0	4.94151287444	4.80303762401	
1.17629650054	7.60032803768	8.16721714084	2.82796190427	5.88117140058	5.93995955714	8.99672576575	8.48577221638	4.95655582296	8.76869829532	8.23824980112	3.46525062923	
-0.125498935795	6.30529797688	8.82080688227	2.36828176602	3.15193290809	5.3767675505	8.65674	3.20827690836	8.32590478523	5.89472529542	2.94620147994	8.35946652728	
0.5317541408	7.20012638132	8.69385828291	3.21846294251	7.79244625299	8.30497503432	8.99998530234	8.21166305421	5.05378559243	8.99064410125	8.54357050918	3.3643447639	
-0.0776268028348	6.37471082084	8.95986825408	2.45037590925	3.55897450644	5.3073740431	7.70252188296	2.76405414279	3.87150918593	5.93498181985	6.00746443615	6.91316991053	
1.16623252035	7.65016970049	8.99983448341	2.69853954046	9.0	8.887260649	9.0	5.63423821654	4.10240918545	7.21626061776	9.0	8.83689410609	
0.376337255922	6.78168394788	8.94444576612	2.68294133518	5.34066159636	6.14379151845	8.95645497237	2.83636270361	6.6238657525	8.99438378621	1.06636346145	3.51286769879	
0.552361367553	6.94218726466	9.0	2.78139435678	9.0	8.82609967782	7.65204344868	2.62421758993	5.79870047851	9.0	2.56630940984	4.05028437173	
0.389905477218	6.84656141861	7.06008474207	2.50568359518	6.57931004055	7.18463389083	9.0	4.50708572548	9.0	9.0	7.44306529477	9.0	
2.50527885557	8.99999957415	9.0	2.61229883441	9.0	9.0	8.9967771615	4.71605506091	6.86672807998	6.96191453994	5.26780926707	9.0	
2.49083655692	8.98739429354	8.99751204496	3.68135248984	6.86683250647	7.22495233594	9.0	9.0	3.33924218729	7.38951486793	8.79134761341	2.85443841784	
0.399726233294	6.92354698191	9.0	2.51465969069	5.5673275992	7.10539774328	9.0	3.83275999979	2.42039618452	5.45987025212	4.85032190575	5.0449414288	
0.619002134788	7.04333113324	8.93701054978	2.76080669921	3.86808299781	5.24889220065	7.91416138502	2.93897432706	3.12837642411	6.1335560849	9.0	9.0	
-0.109200982217	6.32913561116	9.0	2.34647240929	2.87927032544	5.21756950677	8.9639279345	3.57742654786	7.1696347543	9.0	2.60600393847	3.71843754869	
0.185712332992	6.55654049008	8.99988167326	3.14279659315	7.06782191122	8.32805877164	8.99044928871	3.1878222871	2.33919588717	5.80974471953	2.34500252776	2.63172867158	
0.209543610759	6.67477477504	7.4352527323	2.34119227076	9.0	7.27707022255	9.0	3.98313207154	9.0	9.0	3.94691463301	9.0	
-0.192090618058	6.33834208943	8.99711604755	2.29705010814	2.29689627914	5.28031154747	9.0	5.65433597308	8.81642959498	9.0	8.97020017063	9.0	
0.201699442676	6.61008583257	7.54811882068	2.82539322455	7.15246534562	6.25448682572	9.0	2.9511596327	9.0	9.0	4.08560925132	8.99546168221	
0.71995172775	7.06910630331	9.0	2.35791258201	2.38972298495	5.46782202095	9.0	7.84387755345	5.44668088519	5.77383071799	9.0	6.75715372742	
0.381459842873	6.96635278011	8.9961371211	2.74864493703	4.12634339012	5.35348674341	8.93603206062	2.60609499647	9.0	7.20071658324	1.45239712821	7.68698327341	
0.849102416363	7.19954910573	8.96079351004	2.85760205371	7.45104275736	7.49092034227	8.90945413548	9.0	1.39571366848	6.77190668635	9.0	2.95293162016	
0.092108804867	6.52655928912	7.36082656729	2.65104582936	7.46965442721	8.48289809173	9.0	8.87315673549	5.81415335297	9.0	9.0	2.94934819488	
2.3098359103	8.80572855599	7.63838587656	2.57565734205	8.99662235592	7.60138866842	9.0	8.99969287243	8.93483671866	9.0	9.0	8.54232623026	
0.746432828796	7.2120509854	9.0	2.72114116897	7.47971162268	9.0	8.99816896867	4.96112989469	8.77521565701	8.99807495995	3.81517927341	5.62238649457	
-0.102587296507	6.31246338439	9.0	2.62489998902	3.8926534604	5.51535949225	9.0	2.81064487226	2.60677417044	5.75591016932	2.02354269597	3.06668973433	
0.208188518907	6.57482918554	9.0	2.52907954009	8.01748335418	8.98284405785	8.9998997695	2.86892567273	3.71369402606	6.32684126048	0.964928054594	3.35333290626	
0.185647407533	6.81120121693	8.99011548643	2.54203610776	4.69246443627	5.38219104269	8.14880156957	4.73867918455	4.85445902446	8.39802959183	4.21179265506	2.87450412482	
0.0323241432288	6.63731046448	8.84443812885	2.68799335849	3.49676596718	5.62841392144	8.99999950158	2.58033524521	8.90082874438	8.42399114623	3.26752325684	7.16735000399	
-0.0550593488938	6.41453160098	8.94005219371	2.43228033818	4.13689393387	5.62872561284	8.73049464279	3.28635850036	1.77107287199	5.53219751155	3.40371941212	3.31601478444	
1.13414933155	7.64361266481	9.0	2.80527310721	8.2786865225	6.70739487267	7.88799700542	4.33954372199	4.95514949123	8.9996871307	8.61946137783	9.0	
0.427767749069	6.74728640665	9.0	3.01422241617	3.20430519165	5.30917489985	8.99325786483	2.74329463313	3.20632979944	6.35605144739	2.34829873245	2.69836661926	
0.34402669616	6.90213529271	8.99852820677	2.99919205721	7.31174271508	9.0	8.99998501694	2.70428746267	2.90672122363	5.81649949149	8.03835183415	8.75443101752	
-0.0205486602698	6.45723626888	8.86431449962	2.23472423133	2.07401361258	5.11739664969	8.94637282563	3.93979517759	5.82591213288	5.88990347588	4.84388677755	6.60462852316	
0.653095549906	7.08279678884	8.99800653647	3.59356975095	8.14485763999	9.0	8.2195057548	2.90101175159	6.49741050224	9.0	8.13530030744	8.72862464925	
0.023154648151	6.56700235928	8.61704069194	2.43261258709	3.10809243713	5.4114575744	8.89599623281	5.10614372221	2.48990537379	5.72621944898	5.86329195098	3.4695943027	
0.492037908022	7.07113754914	9.0	4.12825219403	8.99009364946	9.0	9.0	3.584645729	4.75870383082	9.0	4.511424075	3.6494424571	
2.50526529619	9.0	9.0	3.85268214781	9.0	8.17153216272	9.0	8.59716078149	3.84915422209	9.0	8.51125580398	2.89943618994	
0.217082981332	6.51042008679	9.0	3.203079281	3.30669634217	5.54189355357	8.99953311842	2.68770440626	3.04925494291	5.97809235813	3.22421221888	3.43217027972	
0.502479049032	6.91163743975	7.76490448641	2.44857587875	5.012167032	5.7429268987	9.0	4.10034016778	9.0	9.0	3.21574124114	6.15573330519	
0.416377059049	6.95783527784	9.0	3.3153744461	9.0	9.0	9.0	9.0	2.13702154667	7.20530459618	8.99872272319	2.71746068346	
0.368064980416	6.77574161107	7.49410447424	2.79303211449	9.0	8.59186398309	8.71528935203	2.60438877778	6.0318869467	8.86128530256	6.60602448183	8.26173705492	
0.344298639084	6.73397749406	8.26532538911	2.53708340069	4.68372950847	6.31403184471	9.0	2.7989777118	3.70802885529	5.73873487354	2.61141996445	4.09102623051	
2.50470578363	8.99991760358	8.91457482118	2.73995650745	9.0	7.4340825994	9.0	3.25311047978	9.0	8.94883018069	2.07972816607	8.77911303069	
2.49273831103	8.98788166903	8.86089748795	2.62979512683	5.01400099276	5.96226045783	9.0	3.92700800921	3.49494879157	6.44576015195	3.07779945782	3.64332496695	
0.0513837472776	6.52765075396	8.39205752148	3.0222667374	5.18008746314	6.27479389117	8.93041468317	2.54790571325	9.0	6.45258638474	2.4264131901	8.99784837527	
0.690530711526	7.0597295662	8.99997521933	2.74658687726	9.0	9.0	8.99945321156	8.99233091272	7.86290850754	7.23436152738	9.0	9.0	
2.25605504359	8.78574522691	9.0	2.60242662706	8.65539813434	9.0	9.0	9.0	4.38096748756	6.61683062783	9.0	5.92569057603	
0.0479545528423	6.58903702803	9.0	3.38502078308	5.64570767128	5.76792235919	8.57266629447	2.47599213548	5.83301138333	9.0	5.58017637123	7.12304121386	
1.17297480563	7.60283512526	9.0	2.62881289139	8.95802933852	8.99910805745	7.47718461559	8.64067502495	9.0	9.0	9.0	7.47417285242	
0.335911139251	6.72181546267	8.96997311496	2.4402274933	3.15115489638	5.49263889779	8.79956568476	6.16504551601	3.08528050601	5.71840737379	6.3738437867	3.61504808567	
2.50379200018	9.0	8.82052719311	2.79323450493	3.73015578207	5.62146694298	8.73950693698	3.08085235835	3.5041368999	6.31042215234	7.58652044547	7.73189180611	
2.5055201353	9.0	8.85647351541	4.02523606067	9.0	9.0	8.96804554146	2.63461359767	9.0	8.86009515271	4.53496451135	9.0	
0.400041376327	6.75230932688	9.0	4.54263646432	6.24918742989	6.64245910286	8.9290053625	2.38021625832	9.0	9.0	5.03097111992	9.0	
-0.00183444218073	6.49049665942	9.0	2.40192661572	1.9574887055	5.35770280102	8.99519311656	2.91060407264	9.0	6.26723255807	3.71887884258	9.0	
1.13311790964	7.6212788294	8.91506047339	3.7971931625	9.0	8.28519637408	8.99675880538	8.85044444703	3.87681213498	8.96528868576	8.99959121088	3.00769786852	
-0.100963432603	6.562787462	9.0	2.53766202822	8.7586459028	6.76601015484	8.87051580145	3.63619647678	2.87171420949	9.0	4.75007352753	5.19529698025	
0.505746923605	7.00029250758	8.9963308115	2.75189205119	7.1010643037	5.7322840057	8.9999901955	3.34699174131	3.84172583889	8.99988866318	1.81454855635	2.9583296267	
