-6.0	0.48207818203	-6.0	-2.15504219489	0.423446788397	-0.864906373778	9.0	-5.99998542229	8.67394050346	9.0	2.35079919447	7.64190333594	
2.4092959075	8.90438858158	9.0	-2.651365595	8.53118963392	1.56249745503	-2.77836229156	3.38412274629	1.03045648086	8.92092941479	6.91638791612	4.64341013033	
-5.19217526503	1.26346510759	8.89138225702	5.52996276037	5.45022733758	4.60333219438	8.00484159653	-0.37728162864	-5.92033690229	2.16900876486	6.94243963908	4.41770395156	
-6.0	0.481803142134	7.2500133329	5.97810237838	8.99585216605	9.0	5.17670048218	-6.0	-2.68870608071	-1.63554094089	1.74505100983	6.30975727976	
-0.583733899597	5.91148463984	2.11167378953	-5.99877599431	7.09482767212	2.65321521532	0.157909515352	0.252135716285	-5.71436744203	2.76927942255	6.63148603105	3.76528891233	
2.50519858104	9.0	-4.40078697288	-6.0	5.04841439845	1.79286363309	8.56048863541	0.957928491883	-4.00099013653	3.26236180132	-4.3110530105	-5.95680552827	
-3.62551907737	2.86933462363	-0.303824799071	-0.814542076561	-1.99448158573	-0.282608848672	8.99999920853	-4.65859563208	-4.53162735154	5.83226928823	8.94848631737	4.20231548502	
-4.89697587326	1.59637650677	-4.42929399452	-5.8578174521	6.98296546704	7.26867079501	7.59512692517	-3.71835764716	0.979155866444	-1.77280395383	-5.9337896418	2.43827786923	
-5.67084716978	0.734600675057	3.01998142657	3.08896874911	-0.0869227803438	-0.98689278484	9.0	-2.60936497506	-6.0	1.23990057799	0.0594051920976	-1.44492673936	
-5.99788813445	0.48391204958	2.05585479777	-5.99148473382	-5.5108956674	-2.93181184963	8.69099950299	1.71484177793	5.36439294358	-2.70392451799	-6.0	7.68609080335	
-6.0	0.484652653436	5.56194208793	-3.89011606797	-6.0	-0.858115289728	9.0	0.861310343229	9.0	9.0	3.38030770805	9.0	
-3.30183412893	3.19285622563	9.0	1.11640502261	3.64034034216	2.64975669894	-2.22352536702	-5.80662219395	1.92858952251	3.48805991629	-5.80266698376	-1.74441295524	
2.50515560378	9.0	9.0	-2.11750145002	-0.554107711153	-1.81990614616	-5.91447427283	-5.98610496754	9.0	8.999962356	3.13014323652	8.74292845088	
-3.24004766533	3.25467014551	-0.540556591174	-5.79059926433	8.83908420184	1.5760206513	-3.31319275337	-3.25737227028	-4.44895702768	7.14011712416	6.51445413645	0.543088398583	
-6.0	0.322187635521	-1.58261610497	-4.47313613384	9.0	-0.10566364413	4.57747207474	4.39939408956	-4.00694979185	8.99345299171	5.3283433331	-2.21190456532	
-6.0	0.4815023945	5.14131360524	-6.0	7.3522082214	3.88799963627	1.84493309083	4.00643117212	3.90199552703	1.7904389456	1.27081968403	9.0	
-5.70655498254	0.785587670212	7.94023422618	-3.47673871716	-6.0	-0.695967411319	4.31968373839	-1.85649225758	8.96894960418	3.79207267041	-5.7829128089	4.88665718825	
-6.0	0.528090260537	5.06474579232	3.51090394094	2.16043468279	3.53171869057	9.0	-3.35049129261	-6.0	-0.48436391775	4.10145716171	4.30901060543	
-1.96977897209	4.52414353748	1.77139009017	-2.7270185236	-6.0	-0.96838910805	9.0	-3.98769301148	0.110279471731	-0.725195215731	-3.73640890497	2.71224790326	
-0.774545150049	5.72017915718	6.77469122096	-5.99850798236	2.76004435688	-1.58222958604	-0.590574328562	4.06779171298	9.0	8.99981746555	-2.93839374142	2.6792714959	
-5.41845131131	1.07624719244	9.0	-3.65017971087	-4.47163890388	-5.79966419723	-1.24977403796	0.271090594723	-5.73899524592	9.0	7.94310832148	-1.17802687819	
-4.22503376469	2.26962191401	1.44834552243	7.26896235424	9.0	-1.6739893197	1.85695105984	-5.74689919524	-6.0	9.0	4.41995563433	-4.96229806749	
-2.61264321157	3.88198421581	0.696672377881	2.565605892	2.61384044474	-3.3856992045	5.19205837838	-3.1347903266	-4.07096426986	6.2629644286	5.94966733664	1.23376926273	
-5.99750804068	0.490652180349	-2.45407357655	-2.14174497922	0.941076007878	-0.512462557885	5.31192184607	-6.0	3.68594171205	8.95016058424	4.80340690313	5.16122081571	
2.11376257483	8.60379389472	8.9988626028	-6.0	-5.64592940459	-2.95926254993	9.0	8.86640075815	6.67696905154	-2.7133264534	-6.0	9.0	
2.42926111417	8.92385723112	7.26681686909	-5.98657093217	-5.26286687639	-3.54813528853	-5.08110967546	-5.99338300508	2.52768474131	8.13398809467	-6.0	-6.0	
-3.54729242652	2.88433366225	9.0	-1.78394424321	-3.96007867376	1.55583427488	8.67304293621	1.47951600889	8.07603411162	9.0	-4.55536927747	0.302090740748	
0.156600838296	6.65124374519	-0.260680762303	-0.187700587526	6.55655616534	5.24987333165	8.16733896281	-3.05616926535	0.0966589271812	4.41685676527	4.82344531933	6.12101692841	
2.50564018344	9.0	-0.858451986586	-5.9912733151	7.84196714512	-1.91072539559	0.720481786618	3.1491045864	5.01624682564	8.21563537288	5.79362835716	8.21200214616	
-6.0	0.755357585474	5.77826445107	-3.34464175379	7.17588600173	1.909201434	1.91755868232	3.53402080645	5.52391119142	6.53401098672	1.02184684112	5.68651724133	
-3.19741967081	3.22568514267	5.13876806968	-0.547807968255	8.8298492235	4.52075632949	3.69524947854	1.1822319962	0.4178677268	9.0	9.0	6.27694160112	
-5.99717771712	0.46443729103	4.48382106512	-1.60651525331	9.0	9.0	2.23448460722	-4.25440883529	1.5306607924	0.0814421775969	1.65739531258	9.0	
-4.72554901714	1.85025082652	8.94730763555	5.65627994505	7.94830958002	7.08021585746	5.37517561364	-2.88792846812	5.74179916568	5.55958485521	1.56928582289	7.09408834222	
2.49849271597	9.0	-0.0586626922021	-5.98042182583	6.43217453458	7.22186409491	1.34630213024	-6.0	6.70256736025	-2.6555144283	-6.0	9.0	
-1.39392303759	5.1009690487	8.82357678556	-4.67160636176	-0.171395058425	7.91780098541	3.58645354745	-3.46503617856	3.02707267836	-1.42146591667	-3.95854656013	6.10771461518	
-3.50768839567	2.98688829487	5.14950841239	-5.99589297058	-3.63825397869	-2.62163933418	0.482474869452	-1.84572997161	4.31860797806	-2.40240212767	-6.0	6.33848822525	
2.12421413118	8.61857802838	1.51063443957	-5.95426211589	7.2646852677	0.623669451252	-2.25469854305	-0.605667900712	3.41418851194	8.26565819337	4.2572992945	5.02358820262	
2.50532321858	9.0	9.0	-2.66820740412	6.31144196026	5.52241990669	9.0	9.0	3.88259060647	9.0	-5.9135549342	-5.41325771156	
-5.6679549639	0.66939544124	6.79071735825	-2.64187847521	3.02388239351	4.3321771573	0.408060122857	-3.83117324147	8.31734438021	-0.685356702499	-5.71958688495	8.99440618322	
-6.0	0.512420864437	8.9977252332	-3.20489236538	-5.99998907769	6.38724846281	9.0	-3.63627134392	8.99996626244	8.73870328086	-5.99925611512	-0.167188497805	
2.50553903458	9.0	-5.99989183047	-6.0	2.37459269929	-6.0	-1.91754699331	-5.99983836187	-4.02715239643	8.67341032288	8.05690970552	0.974066106914	
-6.0	0.481985692219	5.84144847008	-6.0	3.11160872201	-0.604734321659	5.88688109068	9.0	6.37164708109	9.0	-3.57406525514	-0.584618995038	
-3.53922786456	2.95546908818	4.14724245033	-3.37596397446	4.13884153714	-3.45242808685	-5.03061568093	-2.3734275905	-2.91888700981	9.0	0.301158547328	-6.0	
1.35523450834	7.84752989225	0.339578348753	-5.50464213852	8.68018035305	9.0	4.27384411984	-2.65753402867	-0.908771793106	-1.450698987	-5.25987389743	0.90140595447	
-5.98365364591	0.497554179952	4.8490114374	-5.99999862836	-6.0	-2.94954875902	8.38907906822	3.74401467163	-6.0	-2.72290975986	-1.75840065554	0.581917550378	
0.975885535087	7.46346234859	-5.99572836847	-5.94340709529	-5.73162311802	-3.22902338499	9.0	-6.0	9.0	8.94504649703	3.33772089501	9.0	
0.202881409632	6.72112448814	1.15866992481	-3.57126068014	-4.38478077802	-0.708493900878	8.14120057439	-3.26604779849	8.93079627522	2.57053926325	-6.0	5.94811359023	
0.571341160547	7.06619781488	6.70642594728	-1.91531289527	-5.99830495999	4.29690306271	8.41131119317	-5.71958100853	-2.48082379552	8.27426221736	5.64080432028	0.503431450883	
-5.99997912735	0.468580702359	4.22395222795	-5.99996268132	-5.98549051346	-2.93456265175	9.0	3.75727591148	2.83281751017	6.39225220156	0.862384733085	2.90191753666	
0.123975838648	6.61900222786	8.11338566341	3.35669533436	6.70709127402	5.40140433574	2.45961220714	-3.93547601883	-0.326696736391	4.0023166218	-1.976430057	-0.687990646209	
-6.0	0.473034017314	8.87643203529	-3.59459716399	-1.6452915431	-0.856403562415	1.80519001182	1.05317868198	-1.28276454578	8.9833322034	8.46737947333	3.82007036216	
-5.99816917625	0.329217410462	9.0	9.0	4.14162973082	0.35571983321	6.99178889761	-1.50166220595	-5.05263274135	3.62134033368	9.0	5.95026261415	
-5.96616423691	0.296542196552	9.0	-3.94062887022	5.53050993366	2.56289510362	-5.97966076415	-2.15420326148	0.616602353482	5.07390090873	4.66313794507	5.79712529953	
-6.0	0.339372600465	2.19836743213	-4.249611233	6.14155720762	6.3086633295	4.56500757886	-1.46707048696	4.48128568532	2.89062264646	-6.0	1.41776918451	
-5.95512169199	0.529886580511	9.0	4.80854415376	-0.492320098599	-1.76050711492	1.01971427907	-5.96644229185	3.63326022523	6.02502369914	3.78329234175	7.00514014619	
-4.89697953551	1.86188856182	9.0	0.913115794663	0.270945189983	1.23408061873	3.27333174606	-2.27884623905	3.24958147477	1.31998810957	-2.73673870818	4.66201957677	
-2.68859552457	3.80722038188	2.36065516256	-4.02776764019	7.2485746976	-0.437662314253	0.456404006768	2.07220906519	-2.79489010846	9.0	8.09719379101	1.92092831077	
-4.88499752253	1.609717591	0.0794260925225	1.20271328761	3.22438458109	0.55051453774	4.90672381438	-6.0	-6.0	1.00004706788	0.925237963826	-0.457034079887	
-6.0	0.435543816052	7.54634242628	-4.07935506473	1.41157952897	0.38662459966	9.0	8.97329775445	8.88659809046	5.16913266354	-4.66531888925	5.03281073916	
-4.52553972901	1.96801469188	2.90584910381	5.82895085444	-1.24083774542	-6.0	4.61517751693	-6.0	-6.0	3.15014214331	3.67635425109	0.131925603603	
2.50540275133	9.0	8.9949793115	8.34830226664	5.82157699603	4.43002558207	8.76291175603	-1.65604871722	3.28144818064	9.0	-5.87866284435	-5.97952388615	
0.600491353028	7.09488887917	6.22091539606	-0.0878956219198	7.04410098139	5.69538945532	0.125258368015	-4.6741553875	4.22236799878	9.0	7.9752216743	8.81498084359	
2.50515504639	9.0	3.97099772884	-5.80282310143	-6.0	4.46146454432	7.14518430056	-5.99987868226	6.44539542232	-2.93530579277	-6.0	8.99841309616	
-4.73090899774	1.75988636794	9.0	-0.210649752806	2.29300794294	8.95890935654	8.41640494185	-1.49627156745	-5.9999752794	0.675986873398	8.99687063101	7.94402674785	
-5.71417484557	0.893303062889	5.19790816123	-0.381996454864	0.922409692722	-0.373034439847	3.69127087903	-2.08452210628	-4.59836705745	2.51062465287	9.0	7.69247311804	
2.3333695431	8.82808395145	7.44240911827	-4.34025994837	1.27338166197	0.598762396463	9.0	9.0	-5.85200932723	0.66738195992	9.0	8.09829377776	
2.41142981938	8.902816327	5.02137120965	2.97864554044	-0.719578459914	-0.958679828806	5.16547977675	-5.00374241283	-1.13942632393	-0.358735902033	0.895022722705	5.7264658212	
2.40757396286	8.90222899187	9.0	3.26156970531	2.29023938274	0.418898418438	9.0	4.15258169067	-5.7610001899	0.642441970605	-5.19304822448	-5.97884996247	
1.03887107347	7.5338752991	5.73383397777	-5.95231152466	8.96134726352	2.28870940717	-6.0	-0.0988207296117	2.52593278564	5.22510052936	4.28734485424	7.20577188464	
2.50532623156	9.0	-5.84531190753	-6.0	0.381986132431	-2.3204382827	3.60012160418	-6.0	1.80752198294	8.80330017538	8.87631414752	7.49817306689	
-2.34924375301	4.14560354996	-1.61128852395	-4.52520063893	7.3344379485	-3.33938513072	-2.6317824776	-1.50147683723	-6.0	9.0	4.14194457768	-5.24037705129	
-0.72790552441	5.77060847347	5.72435226475	-6.0	6.47870347434	-2.94830016331	-3.42733869924	5.30395648151	-4.37497327473	8.85406525401	6.24921868235	-1.43216777303	
-6.0	0.487769191251	-3.34840044108	-6.0	9.0	7.34864497324	4.86393224365	-3.28341350152	-4.03587274993	1.62892332248	-5.91874543897	-5.96588260374	
-5.36618089582	1.11227994597	6.42336123016	-0.477161401154	-0.229500024729	-1.45318448593	-0.947816693437	-5.25410806557	4.06753773655	3.20541917653	-0.376017720792	6.07987230597	
-5.92642973063	0.333187950523	4.37713882314	-4.26107596656	-2.47422701018	-0.993848223833	8.78301251198	3.70982871678	2.2872685963	-0.923887550501	-5.82137867195	2.96220172573	
0.206182230098	6.70107066611	4.19863563575	-6.0	-4.0349442547	5.55739036421	8.07042160637	-3.78064265713	-1.96597605605	-2.72524532676	-1.04189232822	5.33504017777	
-1.7745234101	4.71989281698	4.65098454699	-1.20875921386	5.61518007854	4.49390159285	-0.26670562462	-5.74238787932	-1.69954872393	0.200705901766	-2.71045641396	1.00643774251	
-1.87524153006	4.6195815995	6.95588936259	-5.09703251333	3.3023752346	-0.670548363445	-5.96134917499	-2.39283542996	-2.32633698846	4.45437039738	-0.189908534576	-1.35298733002	
-2.21330431222	4.41596572234	8.89514437688	-0.0258631911316	8.82398687533	9.0	5.69648469089	1.96501834631	-2.25499432641	4.19754260377	1.85187282028	0.908493403473	
2.50711695382	9.0	-0.296668963852	1.88604348405	8.70275552036	8.99993196906	8.94189824316	-6.0	7.46716389644	-1.91153853959	-5.99959755052	9.0	
-1.09419101391	5.39970211808	1.9827509043	-1.53853082973	-1.01604090674	-2.25856253503	1.6902879164	-6.0	9.0	2.16722826181	-3.63721521487	8.81001187938	
-6.0	0.469645951533	6.72435064392	8.99977056721	9.0	9.0	8.99876409446	-5.70998148421	-6.0	-1.38905414451	3.55522252299	4.56514888975	
2.50528459202	9.0	-2.66726854002	9.0	3.12456423081	-6.0	9.0	-6.0	-6.0	7.45075739271	1.83304688594	-6.0	
2.50359394578	9.0	8.23350090066	-4.49683354707	8.79414353832	9.0	8.93644775995	9.0	9.0	4.85697122896	-5.96865508453	3.79483620158	
-6.0	0.494698424812	4.73715535984	7.43181573463	2.14437855339	-2.76226063268	4.97729936553	-5.26799215795	-0.232889561796	9.0	9.0	5.38482116753	
0.705408110262	7.19976589543	4.81730282206	-4.49839354718	8.44926401706	-0.664862489968	3.02713399305	9.0	0.861065601641	8.97847252155	9.0	6.50081585518	
0.847176435352	7.34189876758	-2.26882658643	3.10311869719	0.724891830585	-4.1856169405	6.91872946205	-6.0	-0.390942950846	8.84651205868	9.0	5.38025132258	
-6.0	0.481704835059	9.0	0.081355271583	9.0	9.0	-2.47447887129	-6.0	5.64720366998	-1.60580489998	-6.0	6.87050441055	
2.50515693453	9.0	3.07159716546	-6.0	0.996279783348	9.0	5.3895529678	-6.0	-0.897317812301	8.46900631206	-2.25141168164	-6.0	
-6.0	0.437848062315	9.0	-3.59531720445	-3.28683384096	9.0	8.61408337763	-3.36615458905	-6.0	-0.596011856641	9.0	9.0	
-6.0	0.581772604907	7.58307200751	-3.66202149379	9.0	6.92689474181	-0.130401023899	0.464000008268	-5.99986692778	2.62025050935	8.91995426122	5.9237147226	
-5.32936867255	1.38670192528	8.39558127628	-2.83263877954	1.12739051163	2.35956385245	6.29236151216	3.60870326036	4.71182125085	0.575788587141	-0.873225185639	9.0	
-5.99033074299	0.333599621658	8.95580103947	9.0	9.0	3.5095300098	6.4250876861	-0.449329353328	-0.658416680572	9.0	1.0270191167	-2.93420681111	
2.50377414189	9.0	8.99871859548	-0.712420656563	1.57285931455	1.95447906737	1.56297974191	-1.56226979994	0.708739351175	2.50721434055	-2.28512864118	1.53061995394	
-4.83257609439	1.6621206475	3.32761012477	3.1732529131	9.0	3.01961073691	0.66843163003	-5.65407315652	-5.86448309683	4.44208400966	8.86910741431	4.18024501391	
-5.99999997381	0.47841094056	5.45513386983	5.52942264292	9.0	7.29269993388	5.39487151118	-5.43018400099	-0.284050121236	5.53415409814	8.9979417878	8.82024478194	
-0.30571545921	6.18930657176	8.02045025217	-2.82094842454	-2.27848163832	0.230177926553	3.20395021287	-0.920975029465	-4.7628028087	0.458946506784	3.40173702176	3.79778742768	
-5.9247304581	0.559382150689	-5.00188006822	-3.55250922286	-1.34733532557	-1.1880398967	8.05567603321	-6.0	-5.04485410279	-1.78846777788	-5.24892707929	-2.88675193969	
-4.26814136705	2.32810460904	1.92192404678	-0.779266235586	2.11171602895	1.25583183118	7.27022934948	-1.68835198649	2.98291878358	7.95002220449	8.41516807626	8.99444712249	
-2.67445729925	3.82841414626	-5.90756213463	-5.99792242871	4.16253759392	2.4259391185	4.64563703791	-5.99478831459	-3.07358805965	2.72610206111	-5.82532591976	-6.0	
