0.623786440192	6.96672434259	9.0	4.62646280776	8.84710107889	7.07828788812	9.0	2.80293340272	3.09484205155	9.0	9.0	8.96324504219	
0.152997835015	6.73257779502	9.0	2.75994121116	5.91017013602	6.02988854912	9.0	2.72496032775	2.5664128479	6.87957353986	2.03333043101	3.06851025488	
-0.0388596398423	6.49592019621	9.0	2.50950109902	5.05698038908	5.20395279132	9.0	2.77612948365	6.8448550508	6.66103417874	3.15111971896	8.99958455683	
0.251163510417	6.69627476707	8.96508677145	2.83324926874	8.97866672815	9.0	9.0	2.78756975085	3.58036745225	9.0	8.92121406545	9.0	
0.241389296071	6.72591418818	9.0	2.72481802702	4.51919893802	4.82791178702	9.0	2.66413014014	9.0	9.0	1.14399180089	6.59953266802	
1.26890623188	7.67869828802	8.94868832635	3.03157255506	5.71701677053	5.3217799828	9.0	2.96582392333	4.99097663982	7.38901559681	3.84143867725	7.05495130636	
0.127697520459	6.65035826695	8.01012091966	2.97919655486	6.97704120874	4.92726332671	8.88737321574	3.44661533542	2.66491945544	9.0	4.21785138674	3.55945979741	
-0.174951930961	6.37869441213	8.20573203132	2.58423106392	8.00726274783	7.3302368021	8.92847383619	2.73487183826	6.15923098852	7.48655815657	2.86208100981	7.15216624834	
2.4870526013	8.97822041433	9.0	2.84645812117	8.93642310375	8.42026521399	8.7454716885	2.96394478247	4.70633624414	7.48478148634	3.89318606588	6.73169789978	
-0.155848289186	6.34340920751	9.0	2.93425179137	8.91955092665	8.99848008048	8.97148012629	2.48342007097	5.18183554835	6.73639136482	4.87577836177	9.0	
0.108876795486	6.66914105837	8.99123712002	3.01665174274	8.1856317573	7.80846040363	8.86855715073	2.81213214286	1.44620117943	6.98150096439	9.0	9.0	
-0.0210198275008	6.44079394791	9.0	3.59891821943	7.07510974738	5.65527529204	9.0	3.38847793745	3.40048259614	9.0	2.67697515475	2.73157210892	
0.183568285016	6.72568864118	8.82736085181	2.99652134358	5.2988180694	4.73425560175	8.99949824481	3.02090404941	2.08719249464	7.56369272325	3.97719229233	3.89215224235	
2.10877679467	8.55898813677	8.99882798256	2.8898030348	8.93919019728	8.76529076239	8.99960567542	2.89420788583	2.62924088367	7.15958684907	2.87610239097	3.94684044051	
2.55065957493	9.0	9.0	2.92865012205	5.38802430025	4.78507873846	8.98500898283	3.28691936862	5.25503988196	7.77389430506	2.88832690948	5.94054080779	
0.581674735816	6.87841775602	9.0	2.88005191115	7.44686307466	5.78933983801	8.99741647781	4.44608097007	2.96854911667	8.93630858006	3.95942440423	3.64866699399	
0.0808801363288	6.67026846679	9.0	2.46739044156	5.87627986136	5.68626415252	8.99781669076	3.10674569535	1.1855764582	6.86771418642	9.0	9.0	
0.721750436291	7.21127130597	8.96408901853	2.75073959134	6.34347726038	5.74591161371	8.75699770581	3.26677985439	6.82407568857	8.59866961664	2.85020483562	6.45689039293	
2.52142212641	8.99542710375	9.0	3.58299729017	6.02956738688	4.62564991395	9.0	3.38626166681	4.30739310959	9.0	7.98087010095	8.90242784932	
0.209505138884	6.69926152748	8.903560191	2.49889330036	5.54094650733	5.37743351496	8.99972106976	3.33613918584	5.50340558725	7.7193487405	1.65502568241	4.83742944653	
2.54263725706	8.99995313021	9.0	2.80817866616	9.0	9.0	9.0	2.80896628453	9.0	9.0	1.36345149079	6.94420347114	
0.664048247907	6.99514225119	8.71236278171	2.60549501648	9.0	8.98907689472	9.0	2.8327976212	2.58079306691	6.89088708181	2.29015454935	3.65787676645	
0.0752937143483	6.56037640085	7.77728411608	2.92912155516	7.90874361725	6.94604119593	8.99963267155	2.43456911182	7.2747842458	8.04923692016	4.07036842407	8.98361115242	
0.0524378623579	6.51335312925	8.14742431348	2.48610727608	7.31412069592	6.7913354176	8.96238324018	2.71477044583	5.25193074436	7.24724296618	5.36366144626	9.0	
0.765634424761	6.97903136884	9.0	3.22690854202	9.0	9.0	9.0	2.67816568361	8.9940556465	7.15291119833	1.65666215671	8.98088898252	
-0.0121423717775	6.50267717289	9.0	2.87839799319	5.57157153312	5.63761326888	8.92425145317	2.58688480685	1.58956163467	6.72979467279	8.57239463115	9.0	
-0.0150104012827	6.58081517237	8.99982974931	3.472544208	7.42024504345	6.64437698934	8.85194446273	2.56943224446	3.99482361051	8.91009043333	6.96156220707	7.63422570071	
0.704713528993	7.16218760728	9.0	2.61792105847	6.41483686829	5.00774974887	8.99425986378	4.21863661762	3.64042931816	8.7322664664	8.18663278804	9.0	
0.174551279553	6.62795123342	9.0	2.55665966305	5.22690103445	5.21658264213	8.81341364655	2.88232439854	1.57175732144	6.81837231261	3.14422195997	3.43635676741	
0.150160429754	6.61814411777	9.0	2.49110820683	5.46071193383	5.47453496166	8.91521323076	3.02497011392	5.31253946335	9.0	1.09387467689	2.99655994518	
0.649734544011	6.97260903547	9.0	3.34740032409	5.81110992894	5.59868314878	9.0	2.58803930728	6.08862634874	7.75667934221	2.33811301967	6.07198264961	
1.0173871316	7.44426884392	9.0	2.75931424597	6.15597367998	5.24090524907	9.0	3.85906808622	4.92749296033	8.9728196576	2.35855474875	3.76558420511	
1.50349361382	7.98850779144	9.0	3.3025847909	6.13448166829	4.68237788152	8.99998973154	3.68658546025	3.20631858835	8.81529296853	8.95761408244	8.99993458485	
1.12083135533	7.46889800279	9.0	2.84138189664	6.71679110652	6.3719340024	9.0	3.20824599454	2.55909751778	7.25776621793	2.41391935387	3.28202072631	
0.161919215591	6.65357806404	8.99660531158	2.4419837688	5.70188281471	5.80722621402	8.98767092742	3.20419985596	5.70187730163	6.72526155599	4.6736248	9.0	
0.414814365657	6.76627896633	9.0	3.37138313022	5.76524473228	5.44695661489	8.99999999279	2.5056977188	5.92263917311	8.90728152426	1.20506360593	4.12808722437	
2.50532262889	8.99992517521	8.9559638244	2.6440317492	8.74112605487	7.37280943768	8.9268299111	4.14997569542	2.69045493305	8.31175457039	9.0	8.99614906238	
2.50623208396	9.0	9.0	2.67176647234	9.0	7.08673295026	9.0	4.78459527091	2.33610174095	8.86363782355	4.87292022925	3.9622799611	
2.46844382112	8.96293791071	9.0	3.6527443931	7.26767874485	6.3200324833	9.0	2.8377697185	3.09118915634	8.15429906683	2.97202664344	3.52688380423	
-0.0387178634311	6.39183705937	8.90491678466	2.64270063572	7.34147498573	7.6020876637	9.0	2.67467614294	2.81692991375	6.6541899482	7.0541491369	8.66401921719	
0.00496488851921	6.47843218477	9.0	2.4385586542	8.68226299515	9.0	9.0	2.95877504808	5.10058467793	6.59563002014	5.05315412946	9.0	
0.620469653103	6.95495783205	9.0	4.40359802025	7.97769725225	6.89424073032	9.0	2.46804018382	6.55298663399	9.0	5.98314294578	9.0	
0.194054778739	6.69539455838	9.0	3.41722408246	8.9925398723	8.6543387131	8.998920337	2.51277154945	9.0	9.0	3.53263503412	9.0	
0.414188132316	6.85666619955	8.17132323636	2.48853580309	7.11803913921	5.60312763852	8.33386343251	3.12568956712	8.92550490136	8.96632000295	3.3697541073	8.9847147981	
0.521863563018	6.90887340853	8.99662289954	2.6491313597	5.14903201268	4.90198833557	8.49695388997	2.82941090717	2.82456376726	7.23077973746	2.70751187902	3.85756859079	
2.50881297086	8.99814870484	8.7814163017	2.81256026837	7.23782510183	5.86642107457	8.52081584109	3.41273019162	2.70686309168	8.39265595241	4.83006890799	4.75912042057	
0.717272170931	7.18962548103	9.0	3.68869955982	9.0	8.22908148258	9.0	2.65478329493	9.0	8.98774804703	3.60380359775	9.0	
1.29387737906	7.85058846904	9.0	3.27224128035	5.68856261349	4.61249035552	8.98717706904	3.24290919423	7.62192301495	8.33402012012	3.87406537822	8.79034562083	
2.52485593863	9.0	8.93386911122	3.10548737636	6.29226662751	4.66443683361	9.0	4.01632058938	4.87559072271	8.9495900737	5.47677763166	7.02526753376	
0.413849289645	6.89375335405	9.0	3.25861511336	9.0	8.91214780447	9.0	2.42847647363	8.93016809193	7.1578096093	1.49193722092	8.85075239126	
0.0299237090226	6.49160802623	8.98912746783	2.55999240447	8.38011874126	8.91909453608	8.99808313517	2.55104300125	3.52355981117	6.38526838924	1.51913405442	4.19129863082	
2.51637916256	9.0	8.85444634805	2.89789245555	6.51211939204	5.77023256992	8.85789469024	3.11000867523	2.63478328045	7.73682080905	3.27476573868	3.79192460348	
0.0740006858153	6.47361611887	8.99988725395	2.65757906406	5.05288623683	5.52388924464	9.0	2.53955368471	4.95894028696	6.47905343845	1.23521755773	5.32088276259	
0.0798335231008	6.56142220621	8.94781067642	2.81941591595	9.0	7.21464849991	8.99999699942	4.60009053215	2.01353263899	8.54974807393	3.90324969596	2.9728663236	
1.91791705455	8.42322592873	9.0	3.00693709437	6.60570309836	4.83517162086	8.58324670679	3.99123078672	3.72695967853	8.96422171561	7.6848674904	7.96722491143	
0.0437876096231	6.56156453167	9.0	2.69112249475	5.00130028874	4.74743632032	8.99956064086	3.10307852995	2.69822416862	7.22988795652	1.99832632266	3.0276126505	
0.0476109141073	6.52877432578	8.99829854445	2.57680237477	5.01366666346	5.36303180523	9.0	2.72043279838	2.52918210865	6.47003679212	1.83933442343	3.41554134635	
2.51826688314	8.99957398139	8.99999171898	3.32651789892	5.92209890017	4.71764155667	8.91563650163	3.35718095696	3.37242681445	8.55870443437	3.92046330774	4.3524239357	
0.574198023809	7.06770644397	9.0	2.98286011356	6.52689865084	5.14440000555	9.0	3.95260985361	2.19723513068	8.68914714509	5.34337093853	4.29776932408	
-0.0185603226055	6.45858975088	9.0	2.57546322558	8.51510334593	9.0	9.0	2.62390849637	2.10404822997	6.41814806807	7.85324132114	8.99073444779	
0.0274947145408	6.6657071742	8.97597108806	3.49816891369	5.72869024563	4.7846055297	9.0	2.71829454038	3.26238879372	8.13685803859	4.06997007828	4.78924569765	
0.473868027311	6.95362700889	8.31472740615	2.73790947603	6.08279804549	4.83664379247	8.96852720155	3.54360494062	6.40385065136	8.96928708099	2.79083869108	5.52972007751	
2.50527263882	9.0	9.0	4.12162554153	9.0	7.5931856921	9.0	2.82944117149	3.61980607647	9.0	8.76519726669	9.0	
0.299298465577	6.79569990656	9.0	3.03910313103	8.81328718548	8.99503094951	9.0	2.44677665057	4.22719282496	6.96587111753	5.03740172115	7.67494652269	
0.270734471475	6.74025381246	9.0	2.88778932255	6.09626609443	5.84006255477	8.92698268516	2.79244288566	8.9814651979	8.99178584384	2.19758446264	7.8214863779	
-0.0188400899183	6.60197855955	9.0	2.82625951603	7.30525960359	6.31694814897	8.51821464159	3.09516560695	9.0	9.0	2.27916938052	7.97531598618	
2.54375664609	9.0	9.0	2.81175470663	8.96837351595	9.0	9.0	2.78418358188	7.24802214682	6.91087971648	3.09252527244	9.0	
2.51207479934	9.0	9.0	2.96645985076	6.60031992377	4.77426727893	8.99996261833	4.41239640971	2.68781905067	9.0	9.0	8.30336557922	
-0.138165040212	6.40202078957	9.0	2.64241689113	8.9772672292	8.72275028544	9.0	3.10025483173	1.44476259527	7.01310092206	8.98618873946	8.97454012209	
2.50618871221	9.0	9.0	2.65622561751	8.93049485053	8.15985648221	8.9988304515	3.65733186886	8.02953907074	7.75941960915	3.11283886385	9.0	
2.52658298818	9.0	9.0	3.14242750218	9.0	9.0	9.0	2.50905240453	6.03844347203	9.0	6.49793667405	9.0	
0.00517985536044	6.57042115204	8.87813170788	2.78824731831	7.65285304393	6.08422913333	9.0	4.14309215145	3.23657004403	9.0	3.48527544016	3.36554326309	
0.419548712632	6.74801109672	8.99962157495	2.43212022987	6.59533159989	6.74055606385	9.0	3.07898627817	2.98697302841	6.98511679381	1.87788485133	3.55148371583	
0.835153929887	7.3009000625	9.0	2.72229444094	8.97578739099	8.99143419617	8.99943395949	2.8783889521	4.03633023689	7.10454479448	6.25236068246	8.90252695862	
2.06933130326	8.5421723768	8.68592287707	3.12833951368	6.33133030849	4.74835932031	8.99587284248	3.69636924102	3.5700564157	8.89002291772	3.65291081993	3.98485014743	
0.0797392867811	6.57882605188	9.0	3.318052849	5.246572308	4.66945974637	9.0	2.81846082806	4.87174760047	8.77775819592	2.01882171535	3.6809233813	
2.49426461302	9.0	9.0	3.5999741091	5.91519859936	4.63892571739	9.0	3.19614727991	8.65385407937	9.0	3.69223676715	9.0	
2.50536928556	9.0	9.0	4.12232871879	8.35149615559	7.14098599123	9.0	2.63098005267	8.3015745313	9.0	3.60688281699	8.52623289753	
0.235918335007	6.6538302867	8.68588411478	2.70506561242	5.28750218447	5.21208052783	9.0	2.7619753883	1.50798414743	6.77460050655	8.69694813885	8.98666021837	
2.50862039103	9.0	9.0	2.97388445074	5.98084255206	5.10624077106	9.0	3.45390172357	2.1706613373	7.9222466	9.0	8.86259468159	
0.398910696199	6.82967366491	9.0	4.63150005885	9.0	7.34654057825	9.0	2.52021105275	6.02564697799	9.0	6.0580075128	9.0	
2.5042472073	8.99742959661	8.99886150303	2.86328512931	6.59361407607	5.63052631129	8.91710509792	3.55970961404	4.26761699079	9.0	2.3657616132	3.25238542186	
-0.0408423086391	6.43639134293	9.0	2.66334910156	5.60912001442	5.30396412269	8.35368518434	2.58980279947	4.53079308831	7.3875650212	1.87646115318	4.58236604905	
2.51266142232	9.0	8.9939334841	3.09515308994	5.64801331793	5.25255461502	9.0	2.84670978164	6.88443316824	7.5992751256	2.20513328073	7.11900767634	
0.0257691156801	6.66948931184	9.0	3.10159899579	5.251343228	4.75632945166	8.98037435809	2.78281128652	8.99974893079	9.0	1.86742196995	7.56963822821	
-0.0895895864238	6.55093778555	8.22564745883	2.39397895125	9.0	7.07074364916	8.98153327374	4.14919340958	6.38606001796	9.0	5.96331644214	9.0	
2.50641167453	9.0	9.0	2.92304190495	5.73002464717	5.32829644833	9.0	3.02322148526	8.99986087211	7.71429569102	2.09765370944	9.0	
0.585551639086	7.02328540426	8.99999975161	2.47723699436	8.01047424709	7.71361490971	9.0	3.40861957054	1.23901354626	7.27318705295	8.16228686767	7.82760581321	
0.734933751446	7.16723534679	9.0	2.829283784	6.48809686147	4.72337425052	9.0	4.3257284261	2.80809660578	9.0	5.56620221785	5.27952916528	
-0.0642121211132	6.44774072264	8.69833962301	2.74178505833	8.91474820835	9.0	9.0	2.44490410316	4.23996826601	6.93708331656	1.97547682234	4.86411455216	
1.14042554434	7.61825097427	8.99690298296	2.98863041017	5.83392551409	5.24550916377	9.0	3.10588259923	8.75747777887	7.88156574382	2.26116174717	8.91938858672	
1.09841784611	7.69884066106	8.96004965439	2.8630391765	6.18952471637	4.81951227303	9.0	3.86476064163	9.0	8.70635260543	3.01233455291	9.0	
0.39266296347	6.79489246095	9.0	3.16293979745	6.39805666882	5.34743158839	8.51115166689	2.82008402167	3.97178424859	9.0	2.57049733728	3.26910148827	
0.197005937736	6.61891209459	8.98567595299	3.07982088046	4.92797092956	4.6677665368	8.86441335642	2.77310940463	2.83421031097	7.36190023341	2.411306414	3.37358568875	
-0.094383077336	6.48458607295	9.0	2.54789128738	6.89199095004	5.03939414232	9.0	4.81962535543	1.77434256572	8.62570266366	9.0	7.65459612682	
0.521792331394	6.87512995158	8.99999858941	2.54017554449	9.0	9.0	9.0	3.31956090911	8.79350777774	7.04489985327	1.46978997211	8.73605154677	
-0.0877877421854	6.43515228927	9.0	2.53591673818	8.91162672238	9.0	8.99724674402	3.05352985883	1.57127650363	6.83433568087	8.07831678631	8.28223722165	
0.270880515542	6.71542079852	8.80145396858	2.67133806225	5.49602205169	5.27601328302	8.76549619939	2.82979299498	1.59929148428	7.05671265284	8.90673290724	9.0	
0.521608694317	6.87697431677	9.0	2.62475984581	5.07358655153	5.36452124277	9.0	2.73692388439	3.35564207082	6.9119841143	1.97165796173	4.13052810487	
2.50831124313	9.0	8.90113725768	3.12254647651	5.98161140168	5.34793288772	9.0	2.95105562698	3.67585908991	8.04149274969	2.19892884525	3.47084778194	
