1.09594353299	7.56005835984	8.95831697253	3.77771132743	9.0	8.01730986522	9.0	2.86108104665	9.0	8.56286880784	3.0438210449	9.0	
0.0948220823886	6.58635025261	9.0	2.48864777342	6.43282555103	6.35204497627	8.82459221434	3.05202743981	1.14222364858	6.81911795265	8.73270335415	8.64476175071	
0.130896842383	6.55250777335	8.9991069685	2.89018259942	5.82415413147	5.70056275318	9.0	2.96434813625	4.58233518313	9.0	1.59070734902	2.64030999864	
-0.0788531263787	6.50760056034	8.9988491439	2.46759053815	6.97979006486	5.52300847061	9.0	4.43888630965	5.03369011918	9.0	3.15620642081	4.76126018011	
2.49210749097	8.98666290426	9.0	3.31487816327	8.99532491371	6.99405658757	9.0	4.22960379143	1.87484754446	9.0	8.99973432211	7.49177344308	
0.0258482986555	6.50375043056	9.0	2.5971274362	6.93637332416	6.09863297415	8.16479032475	2.79862590686	8.82512788209	9.0	1.81865822457	7.43547832172	
0.743467587875	6.93811526323	8.93798207159	2.99026072019	6.11842142648	5.998019115	8.99962372107	2.88887533763	2.4441207645	7.21507611201	5.72901891155	6.58587124343	
1.07521539961	7.47539926746	9.0	2.94222097823	9.0	8.99999908431	8.98755145245	2.72697302842	8.84477717031	7.18974453881	1.8046923791	8.99970710145	
0.243012914051	6.62864651623	9.0	2.82764229127	6.89761931064	7.2307669726	8.96209526721	2.54594212161	4.24291577264	6.40775791825	1.96098063864	5.47142404327	
0.483634015587	7.15059720608	8.99818522013	2.64672451396	7.10002317093	5.83501808026	9.0	4.05359026817	3.59115707562	8.36584186348	6.42455066609	7.28302983502	
0.372733980767	6.97585104291	9.0	3.22022527362	8.16952072466	7.72616364608	8.97916112888	2.52466397659	2.89279222581	7.15122048074	3.55277223303	5.09735739163	
0.532588943923	6.97930939899	9.0	2.6907064957	5.3227167465	5.43614713885	8.82193991077	2.67732776611	2.40589759586	6.77316993153	7.72889146732	8.97996998571	
1.02046284608	7.41084001251	8.97958337133	3.1584286389	5.98869299596	5.71230310429	8.91455426441	2.72951063193	2.54243248053	7.27460963856	3.70949768395	4.54133381067	
0.484410372086	6.9870004787	9.0	3.61059586829	6.73113283052	5.68017630629	9.0	3.1918314947	2.8235011371	8.56496454428	7.52025544068	7.10822776609	
2.50467723885	8.99993096229	9.0	2.61405622916	8.86862349765	6.8256740219	8.99761891359	4.96820320726	4.42399189032	9.0	7.95381460809	8.99609029604	
-0.138916907428	6.47885812379	8.99917657426	3.37895209952	7.91025482329	7.58316329706	8.99370839724	2.42993943951	8.22140545492	7.63264692235	2.20788692282	8.3203614121	
0.525746010582	6.81505239074	8.99830958857	3.83514079579	6.73495699478	5.83906691621	8.8183458223	2.46095738225	4.80329992399	8.3851027067	2.40084337457	4.5842391561	
-0.0419096203202	6.52447895358	7.57798740063	2.65332773216	9.0	7.25237589302	9.0	3.32175807713	3.3187279722	9.0	8.17431649397	7.97349764881	
0.201852175405	6.64234888465	9.0	3.68645253184	5.93675289488	5.43262535759	9.0	2.33475244028	9.0	8.93890043421	1.80438089844	7.50951537378	
2.50253139947	9.0	8.97030880699	3.46162448217	6.74173451372	6.14270985819	8.9980735885	2.6513387074	8.46369893495	7.8598307466	2.55318852385	8.77426311	
0.461342288973	6.92590677986	8.48769992801	3.33848193491	8.99397669543	8.1920306922	9.0	2.66367947616	6.03454958085	9.0	4.87518186989	7.37623326773	
-0.127381730903	6.43779229235	8.32947035693	2.88824498889	7.46301339574	5.53285439635	9.0	3.89596657057	2.11449464109	9.0	9.0	7.62665112757	
0.231361817022	6.6573692782	9.0	2.67984717278	4.97052767002	5.3988675419	9.0	2.59517268933	3.24598609874	6.75214392356	1.33678064334	3.37156327929	
2.50535282471	9.0	9.0	2.63410310445	8.92778921953	7.59540500224	8.9918968508	4.23297486826	2.69276552583	8.27944469035	8.96902288688	9.0	
2.52426607816	9.0	9.0	2.84952912494	6.16722768683	6.00758523126	8.88480662076	2.77994786921	8.79586636623	7.77960584557	1.63014061833	8.24410708513	
-0.189246222991	6.35894366304	9.0	2.919586184	8.9866736557	8.98701898525	8.9990597312	2.55807566387	6.41109601854	9.0	1.25033781976	4.29202750387	
0.139593537379	6.6312965965	9.0	2.52829681894	5.11699544895	5.37674874015	9.0	2.71079411535	9.0	9.0	0.874327884657	6.58057365199	
0.937496141209	7.20420889444	9.0	2.66662126328	9.0	9.0	9.0	3.07175123267	7.94512737201	8.21741054564	1.37769608212	6.74495090263	
0.169430041688	6.66403095537	8.91071042068	2.71359324395	5.10990309626	5.45155799272	9.0	2.50624156414	3.21199487158	6.50452475463	6.62751679801	8.80216543607	
0.2070826175	6.69646712127	8.83997356101	2.36843281292	8.99113596941	9.0	9.0	3.0305029088	2.34709432127	6.64195383661	3.58177251828	4.84282535188	
0.236212095641	6.63669461445	8.99138882235	2.60812158362	8.99735858427	8.98397376248	9.0	3.1941172018	1.30501676585	6.8416509274	8.96507805246	8.79788046897	
0.0354872874496	6.49024405189	9.0	2.66529552488	5.50937684211	5.6511216308	8.9447518833	2.65766739178	2.37952850935	6.66389887919	2.00591149126	3.33390310682	
0.719827205031	7.04085820821	9.0	2.75100719759	6.64302387491	7.02579511389	9.0	2.73966511094	4.87696909137	6.76332608269	1.32775318975	4.83289061004	
0.303210206904	6.62837742572	8.94613805847	3.63648855468	6.22533811171	5.65882489222	9.0	2.47268508298	3.91489301312	7.97552463243	2.90210683533	4.53876046211	
1.20814115283	7.56251563991	9.0	2.71546295871	8.1041742583	6.73983649579	8.99350983707	4.32848784686	9.0	8.74683671123	3.07433566951	9.0	
0.0538414107197	6.50105426905	9.0	2.58383144267	5.92818761248	5.38623441815	9.0	3.52458957591	1.17985429024	7.37174091066	3.83714492476	3.30322353372	
0.316188075989	6.73480311978	8.65922126612	2.72128624683	5.4696828208	5.2743229854	8.84825033718	2.65764517382	4.29099417281	7.64929717277	1.90560011398	4.11295108298	
2.50048529538	8.9981698498	9.0	3.11980396977	9.0	8.19986303445	9.0	3.21769752903	4.20879962414	9.0	2.18033138883	3.00976669743	
0.149877535397	6.60337300603	8.42894021982	2.77660115633	6.18182936895	5.4523491964	8.53323334005	2.60508776828	8.99633196729	8.16815128458	2.79547195913	9.0	
-0.138571373635	6.49088884277	8.99792160995	4.01972075591	8.21311457818	6.23099815056	9.0	3.36244350865	2.38445480274	9.0	5.25407397819	4.27823549614	
2.50470013686	9.0	8.99999970472	3.45446277138	7.44415995835	6.8261781117	8.97395189441	2.67898828951	7.54245924825	7.77372498725	2.67019442651	8.05709317692	
0.425078215151	6.79420960342	9.0	2.86030445628	5.78235455785	5.36087334651	8.99149450614	3.25110380057	2.68897244156	7.7960052827	2.14026203159	2.6502937973	
0.584932871192	6.96203353132	9.0	2.6054237306	8.92977893246	9.0	8.87334195569	3.00613357852	2.3061681007	6.69463484165	3.57811297378	4.53790789178	
0.104161076437	6.50530723454	8.82687367101	3.13806441266	6.02755404144	6.07606657332	9.0	2.45136145491	4.82480218771	6.8880756024	4.01233824451	7.42461604677	
1.04544044854	7.37840597722	8.20392958539	2.66063745338	9.0	7.76334071759	9.0	3.48431724818	3.87921910726	8.5938090887	2.92188379068	3.86260278747	
-0.0656839093765	6.50798165028	9.0	2.5049639662	9.0	9.0	8.97365511247	2.93836094887	3.2336829213	7.17112559657	1.32300196139	3.02508248717	
0.23288337848	6.62759194701	9.0	2.52852129458	4.9022557886	5.39673846736	8.99971351492	2.67359916737	6.62511036261	8.41210701328	0.892204631614	4.70175841525	
1.07872999557	7.58370471847	9.0	3.06467556921	7.13052174108	6.64870191557	8.87731817162	2.88512914836	5.49646373868	9.0	1.93829948722	4.08142820384	
0.0729937479462	6.69958011728	9.0	3.52883543899	6.20479108164	5.45912402449	9.0	2.56053960087	3.61653108305	7.80906383033	4.16221924835	5.62179787601	
2.50227834858	8.99696791825	9.0	2.61688728178	9.0	7.24932929841	9.0	4.67652183345	9.0	9.0	3.38234652683	9.0	
0.26913226703	6.71117727551	8.99386348767	2.62149543843	4.92649996777	5.2667746666	9.0	2.65141751466	6.06890559041	8.60576619977	0.98925691482	4.06652844995	
0.662600092418	7.02471353176	8.53549543488	2.89697222662	5.95261179417	5.51912548983	9.0	2.7361164719	7.35372925458	9.0	2.19482442833	6.22622674347	
2.50599376783	9.0	8.98771041407	2.61523599974	9.0	6.95259071872	9.0	4.96402387305	3.38330881958	9.0	9.0	9.0	
0.735631120613	7.32285355695	9.0	3.92516634018	8.68901927614	7.5381916094	9.0	2.59626131427	4.27252164553	9.0	7.9759583762	9.0	
0.0646628667113	6.45652248641	9.0	2.60166456608	5.21127321135	5.55745624076	9.0	2.70022935005	8.73961548898	6.66921245727	1.20558231206	8.93504569626	
1.06239321034	7.58362692786	9.0	2.88804875521	6.86400961975	6.0968293725	8.99985238799	3.33876988134	4.36336663313	8.99830092016	2.17800186922	3.2184422059	
0.0687149826857	6.5167196277	8.99799007972	2.6332121193	5.57854937632	5.51767573168	8.7228392483	2.79876200061	1.46916834511	6.82101593484	4.99673302705	5.21053903084	
2.54478135913	9.0	9.0	2.82231352728	8.99989666532	8.98597396882	9.0	2.81481905993	3.07330951165	6.91568184171	5.37356181388	7.10648314967	
-0.0794505203858	6.40647776136	9.0	2.46347525271	8.99482340072	6.66785661886	8.99999213719	5.46951186131	1.05006212723	8.99999999965	8.99680317476	6.63914504245	
2.48475988661	8.93576560447	9.0	2.81543349407	9.0	9.0	9.0	2.8223698842	2.43188093693	6.90794428528	7.91197772772	9.0	
2.4712741094	8.93811769605	9.0	2.91905558528	6.55338676914	6.31720400916	8.95092275406	2.86782428103	2.98369061033	7.2131895872	3.41940556273	4.76707548395	
0.904102835507	7.24840558309	8.98693773987	2.64933660133	8.91775879726	7.48159819886	8.87277564084	4.42747795185	3.64975587897	8.99621605714	2.92195484421	3.01183263251	
2.12550164999	8.59592648755	9.0	3.94852234772	7.48837666047	6.45695574887	9.0	2.65185339811	7.63542261754	9.0	2.83316792018	7.08801571628	
-0.00496541673095	6.42684320432	7.31085171483	2.67821611444	7.74438086633	6.23520044269	8.96858332907	2.69358807153	3.60019309921	8.88932623631	8.61487141424	8.99785948675	
0.125148759111	6.7321291541	8.82580107516	2.85226801141	7.74085427495	6.15838292899	7.88980861752	2.93621159072	3.49674860321	8.70855364397	3.70970465625	3.99254432769	
0.729410076022	7.20385232879	8.80956088695	2.78601892208	7.09168295828	5.62514447665	8.7359708121	3.76867580326	4.67090939805	8.9645793972	7.59880504694	8.92325298435	
-0.0257760005426	6.47069668976	9.0	2.71561296029	7.76280829682	7.93991578968	9.0	2.70250558183	1.36466126077	6.5911159282	2.96951473919	3.33416988513	
2.5157497275	9.0	9.0	2.91109922177	6.89499229139	6.72902342345	9.0	2.80310345108	5.30617006341	7.70337020327	1.53448122611	4.79114454707	
0.213366187999	6.56281885966	9.0	2.70621196026	5.25888601064	5.71056489971	9.0	2.5404115323	5.36346068154	7.21628189209	0.719885115931	4.52006989629	
0.810517690868	7.19953245612	8.98526527845	3.05779897073	6.60648113428	6.15197170275	8.78260359386	2.88806693132	3.4001062839	7.59462684283	1.85456934754	3.22232522952	
0.27478652233	6.67547226794	8.94102573223	2.65660484655	5.08906544845	5.53171188959	9.0	2.55052181428	9.0	6.70397658136	1.21148998132	9.0	
2.50669200531	9.0	9.0	3.31037543601	7.53300971302	7.05658533913	9.0	2.71007021675	6.26744084273	8.86781814103	1.87662981436	4.89475723451	
-0.0966386485003	6.44403447672	8.99230132719	2.95336735356	8.29328652581	6.02020287609	8.60969475392	4.37623620194	1.50564897689	9.0	5.01911025971	3.21047765572	
0.216920686208	6.60069277713	8.847212683	3.02325375747	6.3852289586	5.52067540596	8.22872926442	2.68071989055	4.96832881951	9.0	2.39439442586	3.9393340322	
0.521310578872	7.07850244643	8.81399554039	2.70070293753	6.28881562231	6.2116400774	9.0	2.73030266469	2.07651199708	7.04605052555	4.17622198854	4.73249534321	
0.562650963174	6.91317242951	9.0	2.74014414982	8.57979239989	9.0	9.0	2.59143770983	2.10515614661	6.29205146127	7.61518936494	9.0	
0.177983487791	6.68151800026	8.93476427775	2.34606478768	5.89331162203	5.39209908455	8.94162326389	3.54743951905	3.88176372364	7.90191673107	1.89781291757	3.55378230133	
0.890159317949	7.25140577727	9.0	2.73297656835	8.67663194772	8.89816650084	9.0	2.89274755122	4.26258095751	6.76599804095	2.56107189943	5.52117161068	
0.205939877636	6.61428353185	9.0	2.49149049666	7.72569316855	7.26979208277	8.90284096225	3.68191125413	6.02507788482	8.99527616213	2.05268331205	4.5504877669	
0.0396391953437	6.518405708	8.64214150475	2.55760249389	5.40141335922	5.40949479634	8.99474328803	2.67052568931	6.23309608979	9.0	1.23368594433	4.06500114159	
2.55489944784	9.0	9.0	2.75840111727	9.0	9.0	9.0	2.87944898612	4.57568114426	6.88586678202	3.72057055179	6.99627482671	
0.535792598919	6.90296942855	9.0	3.37596873798	5.80677085805	5.58539099367	9.0	2.68538949648	6.38580730462	9.0	1.80430495468	4.67498998642	
0.080130563313	6.51723337707	8.61055251184	2.85378824581	6.78270993388	5.71843641414	9.0	3.35451541979	3.61889398188	9.0	2.79607008073	2.93306033081	
2.50175828199	9.0	9.0	2.70698856253	7.94661712183	6.16678936433	7.98595358643	3.60297929671	3.49531536433	9.0	5.70120523157	5.80527719963	
0.0313479796278	6.47225218294	8.85198541597	2.64816389546	5.61149067724	5.64922498196	9.0	2.67948678342	2.28267440403	6.83292743452	2.2275714639	3.36867755752	
0.0564819133671	6.57216040216	9.0	2.66681224429	5.13961635485	5.46633608964	9.0	2.63429389745	2.04531292996	6.56909878371	2.66281909876	3.67242384772	
0.567605682414	7.05994695005	8.9981133427	2.56433804245	7.4215993989	5.46920093574	8.98358117997	4.74595216239	2.99363080319	9.0	9.0	8.90379826698	
0.233031359852	6.68522164517	8.98377720218	2.72820909946	5.07784856136	5.27376475905	8.95115287274	2.62027869827	1.9567013332	6.67520621421	8.09709898747	8.99234353486	
-0.0816128668402	6.48455885786	8.95114928575	2.44152012135	6.06909478793	6.21837170415	8.99924126427	2.88348937212	2.27098215314	6.6140480944	6.03695052279	7.16956891782	
0.665551254698	7.00704853478	9.0	2.49218705296	6.13692263307	5.94406605406	9.0	3.56311682677	3.13342286278	7.29481257463	2.46263939604	3.79734949469	
0.930470667326	7.48015664967	9.0	2.63011108209	9.0	6.81615875563	8.92860338019	5.03141278067	3.5468624568	9.0	9.0	9.0	
2.51103165791	8.99645729924	9.0	2.78288943759	6.1023999655	5.91039179518	9.0	2.97252363029	2.35863142752	7.16404345251	8.18547072621	8.99410875247	
0.230003988373	6.74572183784	9.0	2.54389064093	5.10119975731	5.28689232202	9.0	2.78271010367	5.55714038001	8.70364935243	1.21245248785	3.69086791485	
0.215754237057	6.61148174446	9.0	2.42046995051	5.50904907414	5.63207517795	9.0	3.12291760013	1.12502847349	6.7166688625	8.94059448463	9.0	
0.790060372406	7.02827929283	9.0	2.82061959487	5.56758824873	5.6794172359	9.0	2.87078206633	2.3915815111	6.82637783262	6.25426650628	7.41906421148	
2.5449909088	9.0	9.0	2.81282890026	8.99351217791	9.0	9.0	2.80370059611	8.98375405507	8.99911440413	1.31639719938	6.87957950038	
0.557394816449	7.05515001415	8.94127803311	3.038164175	5.40361319802	5.38741844737	9.0	2.55213786762	7.05706244739	9.0	1.70459372968	5.26501441708	
0.0638806369021	6.5679306626	9.0	2.9507833209	5.41939639504	5.33827740752	8.98068690793	2.66161489952	3.4338611619	7.70817419412	1.46730138677	2.81252289274	
0.0817267159625	6.5578735574	8.93735912149	2.47704260622	7.25237016929	5.40084062731	8.69205101105	4.6446416301	2.57874476795	9.0	3.85940391084	2.93487881864	
1.88783896939	8.36420798427	8.12871364548	2.64409522552	8.67897386497	6.72505830065	9.0	3.99427955625	5.4385190455	8.98662430605	6.65023378853	8.71220264913	
