2.50438829278	9.0	9.0	3.06924617448	7.8394611933	5.98214555737	9.0	4.33091608094	1.85936128629	8.84621754383	4.86890077443	3.49676111662	
2.50550590405	9.0	9.0	2.62932115302	8.74883868628	7.50583951497	8.99684436576	4.15321166376	8.99254259102	8.48094086867	2.87070496209	9.0	
0.339998088411	6.70261073989	8.96110318698	2.5504016851	5.01662719301	5.08098846473	8.85790854842	2.94742182523	3.26335458048	6.90130111044	1.58596776043	3.44859102661	
-0.0242749764671	6.53077114477	8.94805512443	2.48175229917	5.46840654812	5.68355371145	9.0	2.8625114302	8.74739948752	8.91466433084	1.19077428006	6.56286905491	
1.04531396306	7.47593533247	9.0	2.77435665784	7.95286586463	6.70833175752	7.85528888702	2.98094302068	3.73524659516	8.20054891074	7.9233904642	8.99480217138	
0.259498646297	6.73343800023	9.0	4.29396691596	6.59759905126	5.65407804197	9.0	2.43103499396	9.0	9.0	3.49048043469	9.0	
1.08692462189	7.59594857172	9.0	3.23655604763	6.57649535126	6.04921714625	8.98039079987	2.75194672852	3.90586609872	7.83538993003	2.30834475748	3.97851211571	
1.18140373556	7.62143707898	8.82542667675	2.93166255923	5.60133237943	5.0135686928	8.98904501297	3.10115259147	3.11509104122	7.5398436246	2.87087538334	4.06105950961	
0.235877201417	6.68822722053	9.0	2.78126200983	8.92221771439	8.99519981131	9.0	2.87057561259	1.21288140568	6.78332048416	3.2316835653	3.1990503345	
0.124859725327	6.55582136736	9.0	2.63421129417	7.24486728746	5.05089620385	8.99940470298	5.25955540864	0.828557749546	8.93920950197	7.64529205294	5.07878789907	
2.53015227318	9.0	9.0	3.11548244782	8.99834859488	9.0	9.0	2.52258165443	8.93271885262	9.0	3.57773083466	8.9996130534	
2.44190156572	8.93829638356	8.99999691862	2.71277042106	8.34360445965	6.96194153229	8.71866490021	3.9282671709	4.06531122286	8.99737101211	2.83011031083	3.51583214027	
2.50495691891	9.0	8.23691923183	3.35185410256	9.0	7.55923008554	9.0	2.86801698154	3.72606391511	9.0	8.65590428764	9.0	
2.50513929171	9.0	9.0	2.76257971861	5.96536457126	5.23734733153	9.0	3.51262437708	8.33705199098	8.84230480665	2.16456158911	7.27172902419	
2.37304141671	8.85851122124	9.0	3.22793651926	8.53701134946	8.12686115704	9.0	2.73398778652	4.32599559728	7.51873533084	2.37808237982	4.80356528598	
-0.139996480967	6.35476972379	8.45293768878	3.30776289274	6.61754472358	5.74726542531	8.93324759889	2.4685220872	6.15554049278	7.99699196551	3.71746239667	7.50180479516	
0.155091606967	6.62011509826	8.55761963229	2.94253266721	8.99907272882	8.25286596508	9.0	2.86608159017	9.0	9.0	2.74267299881	8.34135154709	
0.802391892233	7.1145843793	9.0	4.61935056635	8.96621223568	7.15904253276	9.0	2.93487547613	3.29833055732	8.99958884276	8.92081992459	9.0	
0.0889765270788	6.64437863062	8.99999913012	2.62013415939	8.99972368011	6.6627400888	9.0	5.36833901588	0.976702215337	9.0	8.99997143573	6.53824555043	
1.01172154742	7.31550342247	9.0	2.89055595553	5.59952477521	4.99224198898	8.96113831393	3.47654605186	3.35638195734	7.69850029332	2.32365931613	3.4505214013	
1.07229322823	7.44659917613	8.99999701043	2.89796265241	8.74648151978	8.17110144299	8.70584475367	3.09890190886	1.95015332957	7.40606427459	4.07244483475	4.16427743817	
0.0481299493932	6.7099829697	8.9987789459	3.53443090726	5.99689441419	4.63135111984	8.92837339986	3.05265685974	3.53717078425	9.0	5.21200851935	5.44625740615	
-0.0315720863036	6.56894067534	8.96180118944	2.75361203257	6.75661223978	6.83703572243	9.0	2.47860770295	8.18776176646	6.78434525717	1.90002897062	9.0	
1.18690826572	7.58361075371	8.99999989362	2.7837836578	9.0	7.68418811644	8.05268655061	3.23132756793	3.62316465747	8.54928788654	8.28614099815	9.0	
0.379960316328	6.72552841762	8.84943546511	2.56388865296	7.47413483675	7.14370892571	8.9611847537	3.44786921955	3.96415053247	8.17665440351	1.71559398866	3.03428269138	
0.87292527336	7.45267536165	9.0	3.1481240322	9.0	7.71803378662	8.84601614594	3.41083973007	3.12812435406	8.72164902351	4.13435287229	4.08047667194	
0.970019728893	7.29112107841	9.0	2.67444435435	8.95177983583	9.0	8.91240222751	2.93829088664	6.26989698487	6.92005263138	4.15226387493	9.0	
0.168078921362	6.6373350924	9.0	2.67665252832	5.0551031359	5.29308661102	9.0	2.65960347406	1.68286826653	6.59059435809	2.56292444507	3.32792213664	
-0.055884700354	6.43809230913	8.99928422234	2.450590438	6.35855784222	6.41637372011	8.9991266602	3.03399605641	3.93518210448	6.73955532081	1.9542920662	4.77701798408	
0.591156519467	7.00521329486	8.65889539337	2.75071639073	9.0	8.99549125398	9.0	2.77767290289	3.06612381045	6.84866667965	3.99799712086	5.56269770216	
0.541072563084	7.15657151615	9.0	3.53028639115	5.82482957525	5.07607282574	9.0	2.59064768953	7.61254928679	8.68212467879	4.44105552071	9.0	
0.0946823639392	6.50512076691	9.0	2.86500240652	5.32474710868	5.31552587901	8.69190049023	2.52587497227	2.9715498285	6.90371912502	2.0763147581	3.75879947227	
0.257001834623	6.62767515137	9.0	3.58394547302	8.99969313233	8.6403753904	9.0	2.50040524345	4.08439911613	7.79872482903	7.28811539455	8.99999645982	
1.04564194223	7.43297751158	8.01663260578	2.83843540063	8.5746372337	7.27109103917	8.90928750961	3.09403433884	4.16106323585	8.79961460241	2.74096451769	3.63993701521	
2.50783655899	9.0	9.0	4.1349944713	9.0	7.64267643474	9.0	2.76854270274	3.75835992278	8.95899830234	8.58420956731	9.0	
0.196291398386	6.59040267624	8.99801203619	2.68707166512	4.91543234703	5.07135139358	8.95072499114	2.78237290092	1.87515680924	6.71959778556	2.35146875135	3.16773043115	
1.11349538843	7.51005008358	8.92934833638	3.06094242249	6.24401585229	4.72679568185	7.93101059307	3.0430483918	5.92186104397	8.99990153859	6.21376893697	8.81243079391	
0.61134802415	7.12258126168	9.0	2.88758042741	6.17638049244	4.58602574045	8.99780820917	4.25283028148	4.24711438838	8.99930798742	2.99853748642	3.96147260417	
2.45974233318	8.95136804905	9.0	3.29578130837	5.97647293491	4.73421185579	9.0	3.48950761607	2.92685922866	8.50649740678	8.95368747386	9.0	
0.312739631493	6.75492129731	8.95518636194	2.67943393191	8.98828031861	8.95811830218	8.72427346053	2.70715015031	4.81025194292	8.81738179925	1.5706469973	3.1305055206	
1.07688497776	7.47307345256	9.0	3.18680441694	7.68970943523	6.55183682595	8.3190977117	2.96094912956	8.62217490412	8.21869118263	3.11342904544	8.99789353293	
0.39418964131	6.79068699972	9.0	2.70572002163	4.9901674096	5.25620523335	8.99729025958	2.59422937222	2.00791182701	6.60908436447	5.8044225092	6.95037193347	
2.11671274099	8.53845206151	8.96857404341	3.16875934498	5.95291335726	5.17523988281	9.0	3.1766621882	3.50902905561	8.01245851148	2.82844307194	3.96092935474	
1.0277927807	7.35311770281	8.80371691923	3.1144876206	5.84295114356	5.32324586796	9.0	2.89490333813	2.68727198476	7.37990311029	5.03299513728	5.91693300227	
0.0398038169936	6.46378847742	8.9475291236	2.41962207995	7.41308951256	7.53226034295	8.76849327746	2.89092404562	7.78833746589	8.99700803356	1.16336531734	5.4590260872	
0.344192905017	6.77245034764	9.0	2.65806841372	4.75658391897	5.1944606751	8.9903507781	2.57829444134	3.80433772257	6.6430144244	1.19612716202	3.89954341933	
0.0876583091577	6.52675168685	9.0	2.61273861727	5.00238634149	5.15084594542	8.98003987382	2.76130408713	2.27060114117	6.76125748855	1.98471020051	3.23125056972	
2.54770905875	8.99994019664	8.99968459484	2.84377476896	8.99834396664	9.0	8.99899831838	2.77522734514	6.52944936804	6.94812207135	3.02810905465	8.19064406196	
0.658049897848	7.02761892755	8.12326023871	3.26256799908	6.08087253672	5.14566971076	8.98774410925	2.68912251827	9.0	8.92109572647	3.23066515776	8.57216609059	
0.108126382591	6.75439169905	9.0	3.05212615751	5.28549993644	4.80804010592	8.99347722876	2.90522383427	5.16942803358	7.53074426823	2.45375954292	5.73859764389	
0.0380098687217	6.73032495513	8.91745309371	2.44339971023	9.0	7.02389943112	9.0	4.88686995058	8.67298671469	9.0	3.93103632801	8.99847948609	
0.0353774752473	6.58461684197	8.99709423131	2.78133120376	5.87202791844	6.13768547831	9.0	2.44873815484	2.18174000116	6.58253904041	7.5491864698	8.83466514665	
0.821531972967	7.36576219407	8.99995567748	2.99708650615	7.70014815448	5.88164244082	8.67027520366	3.85505899748	3.11993539687	8.99219301197	8.99781995477	9.0	
0.305974183451	6.68259357097	8.97526790047	4.16448551333	6.41841787322	5.44697863265	9.0	2.40049532556	3.5821485809	7.76762484819	3.2518591986	4.73995258757	
0.207453357139	6.57927060362	8.98296643078	2.73341908776	4.63298436076	4.98369132946	9.0	2.63019612754	2.85021779086	6.52983476522	2.07085099376	3.91266342745	
0.519088041455	6.91238515102	9.0	2.81383634717	9.0	8.39352775328	8.97794379023	3.51335070839	2.43779718202	7.68930398593	6.17619058497	6.49294947458	
2.55549275464	9.0	9.0	2.87954906856	6.37820590501	4.59231772609	8.9980135235	4.45368341882	1.90615591489	8.85702041531	5.58194280477	4.33699138321	
2.48178675338	8.97339940597	8.99220415203	2.88297123898	6.037445329	5.23493101943	8.95630716342	3.42631977331	2.19667520208	7.81436180991	9.0	9.0	
0.431409554869	6.77963200156	9.0	2.56815793427	5.67268490268	4.83614019575	8.99950712188	3.99868859689	1.21549531543	7.53088987139	8.43579474805	7.65322863434	
0.829925410056	7.25549206217	8.96605358866	2.68737869577	6.62748663801	6.48712812076	9.0	3.02952840312	1.27790823929	6.9057193826	8.9983559887	9.0	
0.120256264012	6.68374613046	9.0	3.96650752766	5.5796673024	4.60945212484	8.99947391103	2.62513081955	8.95311126288	8.97985048607	3.61074240827	9.0	
2.38016539866	8.82530387985	8.99998754475	2.78344356179	8.96301656589	8.99999768698	9.0	2.81845720377	2.3690242406	6.88852280408	7.94506236746	9.0	
0.0788069409343	6.6897025899	9.0	2.47733623317	8.99795241163	6.98387681028	9.0	4.86552603885	1.83486943074	9.0	7.685446256	6.28619028079	
0.0877557205184	6.58193875015	9.0	2.69755041808	5.11759366709	5.39927268393	8.9086458502	2.52293830626	6.14923863536	9.0	0.875432482254	3.63116720008	
0.419233675485	6.87949873622	7.82999667205	2.88579650719	8.80783241154	7.28986514292	9.0	2.94858274099	2.98600308829	8.98663418618	9.0	8.80336631866	
2.51079942073	8.99764675616	9.0	2.80485868288	5.88711605136	5.07080795212	8.99998832992	3.56709872343	3.03310228694	7.85355355024	5.56932233311	6.36111389157	
2.11607649612	8.60246592492	9.0	3.02484669538	6.75961629999	5.72848673016	8.4734143593	3.03170818915	3.72205026506	8.47749695914	2.68949074329	3.55134632321	
0.628806982527	6.90559075653	7.93479921841	2.56752332729	8.4411779156	6.78706364707	8.66634050525	3.39781914247	2.85456554771	8.6899091526	3.55716638203	3.483274906	
0.0732042645325	6.48233649274	9.0	2.63189011888	6.12736148245	5.9656601848	9.0	3.06161134758	9.0	7.28495238815	1.43298656587	9.0	
0.311345774673	6.69724011841	8.941481325	2.68374369423	6.75865904379	5.19202060572	9.0	4.464267038	9.0	9.0	3.41123854299	8.99972154873	
2.51762815844	9.0	9.0	3.33811750643	5.8471862391	4.63233575015	9.0	3.43947506655	9.0	8.99753583612	3.23428705763	8.84927013634	
0.597903699491	6.96302725768	8.99228958866	2.62097634235	8.99974869769	9.0	8.99992834436	3.12386416491	0.991768641859	6.68645179354	8.87527682847	8.68260013011	
0.00379322203848	6.43173898848	8.9530121996	2.55303664783	8.47565721185	8.40703406746	8.84174453403	2.97594368902	1.60953010085	6.91017304462	3.6760328085	3.89038400684	
1.06226455541	7.50277278447	8.99787808492	3.32480783201	5.69712584049	5.27230676793	8.98705598036	2.65298094266	6.75254575451	8.85193563399	1.61082249813	5.17174900339	
2.50711330838	9.0	8.99985051136	2.61176401108	9.0	7.21207690857	9.0	4.72093158777	8.93495083791	9.0	3.4167174978	8.97092682023	
0.000142703442664	6.47367015138	8.99555554182	3.01519867441	8.98253423822	8.99679081621	8.99741868406	2.46561336438	3.07411234865	6.67195986425	2.05150927989	4.22581534288	
0.358886262288	6.87781568031	8.99127303402	3.72772403926	7.33910944611	5.92199369312	8.98177885756	3.14462110927	3.29270459145	9.0	8.99973804932	8.91571347711	
2.40609988459	8.898496124	9.0	3.0023596279	6.04957736693	5.62230962745	8.96406782675	2.93273323501	5.6779104067	9.0	1.81250984355	4.10766427447	
2.25497261761	8.71228416158	8.99996005457	3.64109408546	6.01937530998	4.64164806717	9.0	3.33155554689	3.89492408334	8.84863736802	4.54779707697	5.20596324219	
0.152730065372	6.58590065835	8.93966984309	2.51386541999	5.83382969305	5.96430498104	8.99697323878	2.93233005325	1.09816928972	6.53921152988	8.90111867426	9.0	
0.0982513760739	6.55676006245	9.0	3.12976473491	5.7254016316	5.71284965678	8.93967480925	2.56379596602	6.76365248118	8.99902930413	1.54600137717	4.81672480321	
0.224918638828	6.6744436456	8.98792165481	2.77983579719	4.99697494185	4.7684913407	9.0	3.00213484597	8.99774064674	8.14927678657	2.28867123385	8.74317995202	
0.0639296058153	6.5839185798	8.97958478823	3.41322879592	5.31526233948	4.84547309382	8.94252495192	2.59207983595	4.79809145368	8.86007539169	1.99450178588	3.45721843305	
0.0350204653972	6.50232090221	8.99410444617	3.1457268038	8.95448196327	9.0	8.99144994327	2.39988379322	6.27837546142	9.0	1.47671276331	4.42647645436	
0.338281929719	6.80393421927	8.86485996127	2.81115693776	5.88546080017	5.55346200426	8.98412263917	2.92551739342	1.20093548941	6.90304457904	8.99792942387	8.9978569159	
0.0190906219193	6.47954707721	9.0	2.6531803275	8.51641038577	8.72051517444	9.0	2.73000297603	8.99480351216	7.20998680801	1.5101456388	9.0	
0.269863127243	6.78786988223	8.99797202508	2.70062314293	4.90684637247	5.02160513014	8.99782358937	2.78199966605	2.89991172748	6.93422080477	1.56391939995	3.15635136417	
2.47374489654	8.96240307385	9.0	2.98724729864	5.62409078914	5.07051302628	9.0	3.10065165327	8.57976855289	9.0	2.01178761502	7.22726748168	
0.303708688193	6.70972318429	9.0	2.4213108814	8.65737743339	8.90216741991	9.0	2.90737078111	1.41992807653	6.57846973743	8.22319478594	8.76867382198	
0.206232116777	6.71784480434	9.0	2.49607194019	7.9854549844	8.33239429462	9.0	2.71252522061	1.8206912889	6.49825893283	2.52189275734	3.47073848016	
0.23895060531	6.60849964404	9.0	2.66275873643	5.86421114108	6.07247117624	8.99319747029	2.87691552569	0.96470295099	6.59251433068	9.0	8.99262660158	
2.50161023931	8.99669052399	9.0	3.16035915518	6.03249396549	5.29197694693	9.0	3.12768869006	2.13807959722	7.75488991255	9.0	9.0	
2.50505233355	9.0	8.64387970784	2.83201529194	8.79799276611	7.69816086335	8.57918590295	3.03322861981	5.65743898247	9.0	2.59791438621	4.8730490182	
2.5279978124	9.0	9.0	2.8830594347	8.97955402938	9.0	9.0	2.69762682897	9.0	8.65053799408	1.34309700191	7.28142756596	
0.75647844339	7.05841605896	9.0	2.53629137018	8.63708655185	6.51074409491	8.82245850394	5.31323488374	3.42137291159	9.0	9.0	9.0	
0.348113118733	6.91756841464	9.0	2.7714519305	7.20409413047	5.16842189431	9.0	4.50305885808	5.02361168813	8.92656842808	6.94724101121	9.0	
1.03151906999	7.55110267266	8.7007746986	2.86515548418	8.87344276369	6.93711319302	8.79786973992	4.23771625562	2.54306883507	9.0	4.69867892701	3.71111633305	
0.141191970806	6.56965370481	8.99990966131	2.57522402486	5.41917050107	5.2667479108	8.49349176834	2.72780375985	8.62001559618	7.18710946924	1.78315796489	8.87793344877	
0.180344118263	6.63336441214	8.98024243595	2.60618452942	8.86715673356	9.0	9.0	2.86083665017	3.41148147347	7.05012985443	1.32204385718	3.16144381627	
2.3511261233	8.79796952742	8.99997714894	2.78661842023	8.95165173164	9.0	9.0	2.79902881945	3.54636544781	6.9688411898	2.04489092987	4.19818326824	
