4.50721445156	7.00177880314	8.9739387119	2.53307401615	7.43763109358	9.0	8.99999999953	5.40145029608	0.260057354873	5.83333206489	9.0	9.0	
7.5014724659	8.99999993341	9.0	2.76914225344	4.74411296014	6.35291541096	5.69433292023	2.72625163383	5.33462277102	8.973709679	0.565609588868	2.66159242418	
6.51197788056	8.99551770281	8.97079307765	3.79616826124	3.68909780185	5.72957222269	9.0	3.66298502482	4.2169682138	7.7205947268	0.608326767518	2.73818928908	
3.34860305083	6.73901818947	8.60458932974	2.96732337193	8.20439931269	9.0	7.74788148278	3.05073935467	4.79347441788	7.35589736416	0.591615390648	3.90871002357	
8.73299751017	8.3705348077	8.99999961609	5.41494555508	3.79136042556	8.29733631696	9.0	2.33352339367	8.96369783434	5.95213923999	-0.0164712280466	8.98090521584	
8.89777442921	9.0	9.0	8.26303062522	8.11563757163	9.0	8.84317243817	2.84165318348	3.41145711179	8.97492676293	9.0	8.92726688265	
8.48641070333	7.19593766828	8.53812242309	2.45710125664	1.50093824473	9.0	9.0	2.79257701298	6.92247475615	8.92582436419	-0.396161096865	3.44532979089	
7.12934138394	8.7720579976	8.99743750628	4.23814291066	2.9429485075	6.30954314027	8.77461515969	2.42764632336	9.0	8.99999079277	-0.534054016786	5.31799164575	
6.50604919537	8.99926468748	8.91448096396	3.2856905798	3.38325466893	5.93236141537	9.0	3.55316854126	0.679785102287	5.60343462946	1.9710187868	2.63551672722	
9.0	9.0	9.0	2.52562229083	0.952315467498	7.57510542045	9.0	2.93959380839	0.508762564724	5.98897508103	9.0	9.0	
1.86127704733	7.05421355987	9.0	4.3358437147	5.70174343114	5.48051046035	8.98410252145	2.68427814389	9.0	8.95925062446	1.57090293793	7.32321726047	
8.86194688834	7.59950982429	7.83835733353	3.17573541644	3.60850603377	8.95419224843	8.99749795287	3.53312975637	-0.698713964363	5.75387894279	3.03118331616	2.51179856439	
-0.767584506329	6.96487910704	8.9262069552	2.89146424634	8.03360950977	6.42794569107	8.93598800225	3.06543703764	3.63806393053	9.0	9.0	8.99959744109	
-0.241927957244	6.47391780942	9.0	2.61965787245	5.65275623194	5.51641650778	9.0	2.81943939785	7.15621238379	9.0	1.41210165774	5.25480229914	
3.38958422977	7.28616676729	9.0	6.32921558135	8.90092890545	7.75924870086	8.99999999984	3.07956899709	3.65203871636	9.0	9.0	8.97045910519	
5.90467451065	8.23226402789	3.65520829573	2.59760895133	6.56910760972	5.65017929201	8.99968256168	2.62549224585	4.18731764299	8.41984251881	7.59705310822	8.99618157629	
9.0	7.71385235975	8.76663144966	2.34645961696	7.25510881117	9.0	8.92700395582	8.99957568045	-0.0689995913022	8.89399421211	8.95502059956	5.43895397972	
8.28886416665	8.98483720636	6.7742125484	2.22585978732	8.99980644071	8.99151136856	8.85273332235	6.70901417277	8.99999890826	8.68760739288	2.89823841132	8.89256439345	
6.99151093723	9.0	6.75639260238	2.45521836105	3.32196118665	5.64313811361	9.0	3.00339144214	-0.211096594959	5.50634601421	3.23944462431	3.16053423023	
9.0	9.0	8.99981005024	2.49761806159	6.41648075585	9.0	9.0	6.84882431535	7.10067662136	7.52613048397	0.766606717949	6.23821155194	
3.13148053147	6.40619747917	8.66936149132	2.79137310495	2.28973329896	5.35809941897	8.8494051101	2.47174367245	0.670219024329	5.46407139201	7.54530257792	8.23152927997	
6.26865955696	8.93791932103	7.24640960627	5.42533718169	7.4052538306	6.05916156753	8.6635285224	2.9987332065	3.15839202276	9.0	9.0	9.0	
2.22441325722	6.32446905085	9.0	2.72795124684	2.70605245654	5.27627543564	8.99996898369	2.59713507457	1.30571342581	5.44814558547	1.37190210164	2.90834223655	
6.48278947994	6.8044498583	9.0	2.38773518609	1.49109783188	7.69961660854	9.0	3.06571647407	-0.0931679736707	5.60080876556	9.0	9.0	
6.29629135011	6.54836761857	5.93089009534	3.47920398931	7.78422094619	9.0	7.37550481648	2.48145419767	4.32466276924	8.9427667331	3.18699885952	4.06400633413	
4.89226104512	6.62273390684	9.0	2.56282253719	9.0	7.67367765938	9.0	9.0	-2.11478612106	9.0	8.28210909865	2.77753719594	
9.0	8.9822974826	8.99988000378	2.37722477406	5.53970298947	9.0	9.0	5.96879664958	8.99993406801	6.05612113931	0.163361606946	9.0	
6.56289046336	8.44332017992	8.63186225012	7.4505125226	6.16871342613	6.06628341315	9.0	2.39450367671	4.86840834562	9.0	7.28372250533	8.69981637896	
6.27497890763	6.87435660637	8.94343018937	2.34851582984	2.67274412653	7.27914835366	8.89744954619	4.40755815616	0.287788964748	5.60267561656	7.88847360478	7.93545965596	
9.0	9.0	9.0	2.62095563082	6.28247269154	8.98789229855	8.99999046164	6.5583391897	8.9753401109	6.89250201447	0.908832749608	9.0	
3.56718230055	7.24934470998	9.0	4.51989334509	5.40660755716	6.59054052399	9.0	2.57412608966	8.65043853073	5.90118328202	0.43060148427	9.0	
6.35878645979	8.27387030478	8.96755462319	2.30497476581	7.11658864967	5.97030676964	9.0	9.0	8.65850318504	8.96878837348	3.51655415829	8.72828277501	
4.44869539789	6.50548069847	5.145261299	3.42150956578	8.19046499173	8.42809393311	8.99583126636	2.57260076858	4.93221579063	8.93276758787	1.69770590879	3.10925312337	
8.8337971579	9.0	6.29244732075	2.45713317679	8.86165906461	9.0	9.0	6.47161787937	4.11844705274	9.0	8.06340374088	8.89805307398	
-1.18706567298	6.78629336883	9.0	2.58527304338	9.0	7.28795905563	8.95557127069	3.0964844765	8.97812942626	8.99983380266	3.32217769877	9.0	
9.0	8.99722738411	8.96467596931	2.43522526345	0.789284253578	7.53893521484	9.0	2.84649024611	6.01127894116	8.8144949715	0.141958116957	2.87054433146	
2.16452721453	9.0	9.0	2.64124239864	7.79429424768	6.40946911664	9.0	3.94534172301	2.75087361001	8.36963043414	9.0	9.0	
8.60479560783	9.0	9.0	2.5038872207	5.58894643305	9.0	9.0	5.81946465936	4.21399073429	5.80642251561	1.79728100874	5.81543096843	
8.99404352558	9.0	8.10193338734	2.21391937503	8.95710769993	8.97997424315	9.0	9.0	7.66454534914	9.0	4.80120103797	8.95932433048	
9.0	7.55367814979	8.20053574141	2.22579262195	1.99743904259	9.0	8.96312525493	3.34889506138	7.89418197372	5.35792903249	0.775085405051	9.0	
9.0	9.0	9.0	2.95353293138	8.03536394503	9.0	3.22729573183	2.49223852905	6.43126153327	9.0	5.55614233812	8.62897206705	
7.26146963727	7.55091229431	8.70639920817	2.4608629808	9.0	8.97725198495	9.0	9.0	1.94011122583	8.93630407819	8.4715518709	7.20448752538	
0.587125128305	6.62814375912	9.0	2.470720949	8.00356706383	8.79327615526	8.99988387742	2.76173247092	1.47596682534	5.95508242657	3.52962939364	4.68584528898	
6.45805066625	6.91832468207	5.98019908956	2.65215643928	9.0	8.99753242574	9.0	6.03472871896	3.43192557057	9.0	9.0	8.95651726665	
8.99609186394	9.0	6.86521727311	3.068544427	4.88070906106	8.81882706438	8.99827316423	2.92261565666	-0.387033847647	5.48148274393	9.0	8.73139034443	
6.1541493187	6.65743198637	8.05696217193	3.26250176351	4.86779690727	7.86833294176	6.92428888445	2.45310305083	7.05674530833	5.99769556272	1.11734950397	7.67065593012	
-1.77104647433	6.39985736873	9.0	2.40339739829	9.0	7.24729175695	9.0	3.2093421587	5.08714591918	8.99994541232	6.79682510554	8.47611966404	
8.63227726289	8.99277292377	8.4264105849	6.97372048926	8.84301695782	9.0	9.0	4.15275829754	2.07096597749	9.0	5.45031942879	3.79860478199	
7.91526210932	7.150343794	7.83096150351	3.02640263226	2.62267809516	8.56150112195	8.92234479092	2.43080371153	4.27934159772	6.82509283057	-0.287452299629	3.11380625483	
8.31115623404	8.12942182551	7.98709523723	3.1627679345	4.77831882489	8.94535081345	8.25674561182	3.12865379953	6.45525858636	8.99090009798	0.0942224730245	3.15537956987	
8.71650701735	7.67809760688	9.0	2.5563505945	3.68836743063	9.0	9.0	5.02685813303	0.640974776878	5.50733679541	3.1452120541	4.1399429459	
7.95334820185	8.22389663029	6.12170497252	2.70942451907	7.49765320269	9.0	8.86048919805	4.52809479893	8.98119301944	9.0	2.21240368713	7.5888930484	
6.08961813812	7.14756681691	3.00426708413	2.64797321591	8.54369800885	8.27778704324	8.96288705833	2.46478434851	6.24870085729	9.0	5.96937174177	8.93194550317	
5.2629186354	7.05810698402	7.80490025438	2.61023923633	5.8851955877	7.07326736585	7.00225929979	3.44399875739	1.84993942345	6.27768465341	1.60109238763	2.63007140838	
8.99969217245	9.0	9.0	3.14078430875	9.0	9.0	9.0	8.96599901931	-3.02396088151	8.98951912264	8.98678836517	2.76959698653	
6.11604633199	9.0	6.7358500547	3.60963508167	5.41498051393	5.76719463068	9.0	2.86786084124	5.34901791118	9.0	0.938656966066	2.90948837142	
8.97620112538	8.43072821072	8.99982520507	2.44388132612	7.92713225145	9.0	8.67547167981	8.94025814574	-0.915483058697	8.80076013257	8.99603995239	4.83398557186	
7.31437281218	8.11177120759	7.46274195343	3.72987413542	3.72336916144	6.84514895745	8.79780359146	2.43775447183	1.72385038225	5.87567236924	7.18731141736	8.82193072253	
3.72274422902	6.43477823934	9.0	2.55905905711	1.54348573163	5.6213659883	8.97765520334	2.63286646094	1.94504903193	5.52825984632	0.917914701192	2.96797004136	
2.97853783664	6.82392870249	7.09257694835	3.28774742268	6.47707882541	6.24845269683	9.0	3.15706037412	3.49409265725	8.19592452691	1.92321587303	2.82661434788	
8.94139361579	7.85590450269	8.33195982824	2.54207413022	2.01347488677	9.0	9.0	2.82599637269	2.34620037166	5.79589181667	2.49061198798	4.88084042878	
7.65658687297	8.75077142761	7.52384062989	5.51186445755	8.1377847689	9.0	8.34751852598	2.55619551057	3.73882737009	7.73278582287	7.69417814174	9.0	
3.24170805134	6.63174239212	7.68702753453	2.33648067838	3.39143212046	5.24784170056	9.0	3.27648510719	9.0	9.0	0.0501169367347	5.50726952896	
0.500307228014	6.56987772622	9.0	2.96051705426	8.99993610249	9.0	8.99736188111	3.06679234421	1.20548750879	6.70932944886	8.96437448589	8.95803516816	
9.0	7.80636964203	9.0	2.48524183155	1.18008780888	8.9856146189	9.0	2.88426361588	-0.0231766152103	5.52337060934	9.0	9.0	
9.0	9.0	9.0	2.88195421255	3.17768620236	7.69595298172	9.0	4.40648170036	2.27684516537	5.6724222457	-0.0567035065878	2.49582798063	
6.08026908697	9.0	9.0	5.66603597868	5.20459032267	5.99913271957	9.0	2.66131876678	7.58771911293	6.26471103931	2.16364773564	9.0	
7.8823971031	6.90654062062	8.99045220006	3.23539762891	2.05143275285	9.0	9.0	2.73987762635	-0.386753790838	5.46204273822	9.0	8.9944066522	
7.2790083133	9.0	9.0	2.70998323361	2.19097321072	6.08327304233	8.78121350206	3.44965246235	8.07266804383	6.01920815373	1.17095837595	9.0	
6.80601003708	9.0	8.71194909712	2.7005475003	8.23140180003	6.85706451572	9.0	8.29115127365	1.22817291935	8.8196915537	9.0	6.81846095385	
8.99910781842	9.0	9.0	2.66000433887	3.26633176218	7.8185034155	9.0	4.87741078216	5.75437833767	9.0	0.653879244303	3.10291860541	
9.0	8.83471491685	9.0	2.55084386089	7.59247010205	8.21381062201	5.81713206065	5.8278446977	3.31608773547	9.0	8.83460983211	9.0	
9.0	7.85498275321	8.99898521456	3.09606834113	1.46619550437	9.0	8.99748195047	2.55630499262	5.61950238054	8.99894455505	6.77557595783	9.0	
7.0911227046	9.0	7.96670624657	3.31202702822	2.24815884301	5.70489260676	9.0	2.33135703572	8.99723825937	6.11596725122	0.299589848709	8.83923985555	
4.82670409544	6.61841261598	8.99143152719	2.72474736419	1.79308258844	6.23805712195	8.47297491011	2.67017705379	8.62632362744	6.28829975796	0.438461086995	8.12049895165	
1.01323226142	6.41838366203	9.0	3.1501682589	6.99919993032	7.55367222492	8.64212104469	2.64177796972	2.02721268172	6.50185145028	2.93220546763	3.9528649038	
3.26716773484	6.4323663793	9.0	2.35207290193	2.78473841668	5.75474704136	8.59659190466	3.16521261103	6.63165492622	5.68615038013	2.3885202731	9.0	
8.95287306605	8.53469400427	6.64817928156	2.36910420761	5.77637489293	9.0	8.08092413957	3.47996612695	6.13162710755	9.0	0.295656895768	3.3634470492	
2.80779656475	6.62656997242	8.99370984722	2.49205183217	7.3872235507	5.47562777835	8.36448252051	7.03467370694	2.21390371138	9.0	5.08425032243	3.72667335394	
3.58288039647	6.5704386467	6.65144778131	2.73831568708	9.0	8.90537898098	7.78441640285	2.78192815628	4.92837240499	8.89187438344	1.27216437222	2.92408050168	
8.9967903222	9.0	9.0	2.50625519098	6.15696063322	9.0	7.92731202389	5.55038543579	1.23443280122	6.33093182303	2.23047596751	3.02346685682	
5.54219454201	6.79948538706	6.07901405129	2.60774252842	6.53858073366	9.0	9.0	2.74789171054	2.8846223634	5.7000800765	0.238822777984	3.14348550108	
7.51295700432	6.42696734605	9.0	3.54011328631	2.10415340037	9.0	8.99265645873	2.71671039036	1.54045824773	5.64854136308	1.20927984098	2.6056340115	
1.32733338935	6.50421849473	8.92730961651	2.4228878472	7.71372270966	8.94183275074	9.0	3.12810516469	4.7380993138	6.42903001263	0.0864263745975	4.04458889679	
8.80860936273	7.89162476641	8.99987070926	1.89312201678	5.12380667734	8.9922068764	9.0	7.16295976513	-6.0	5.24992840895	8.88575636116	3.60410817104	
6.89561361967	6.83828262638	8.721237383	2.3887063016	3.47243167116	7.99009491919	6.98675361246	2.87472631369	9.0	6.48894786077	-0.135468013423	8.14930243019	
9.0	8.25529487973	9.0	8.23709612685	7.10423987296	8.99181986346	8.88619709003	2.3361079736	8.95398504121	9.0	3.33209281329	8.99924699753	
8.27734492997	9.0	8.99996569111	2.74351426276	1.70255011199	7.04979843261	8.79299133431	3.14881377014	5.71683904428	8.96255096749	0.200041656617	2.45215919727	
5.52742699486	6.88872568548	8.99814553611	7.89573164417	8.98136469217	9.0	8.99985981302	2.80168445265	3.40262819385	8.96783671304	9.0	9.0	
2.08970150559	6.39780011432	9.0	2.56802114047	3.52433408456	5.3453743842	8.61098591468	2.98385028891	-0.387820495787	5.51410959051	4.04693086773	3.84083830132	
5.96139482242	6.6921851831	7.78114878245	5.69224950772	8.22214355806	9.0	8.13935610918	2.86855721358	3.54832902733	8.90494404382	2.82222764935	2.9396848287	
5.5554133053	8.01062272696	8.98314959121	4.25912472618	7.9256800033	6.20085928991	8.94676715388	6.95696452205	-1.00016763052	8.65605665424	6.53425446991	2.43379941018	
9.0	7.63166211913	9.0	2.49129983441	0.970555637702	9.0	8.76985611856	2.57303868669	9.0	5.65216026299	-0.227820631652	8.84234366367	
9.0	7.5364301678	7.35365276792	2.86919725139	2.90854515959	9.0	8.92630727432	2.81700758814	2.50301214699	5.6721748254	-0.0111185675356	2.5291631162	
9.0	9.0	9.0	3.12322690845	8.95177283707	9.0	9.0	9.0	-2.43625902893	9.0	9.0	2.91205757011	
1.75272001574	6.45454092731	9.0	4.21675497611	8.21594906425	8.57254455056	8.67393855731	2.37435698049	7.45499925221	6.67523010893	2.55639212428	9.0	
5.50151507561	6.60805737924	9.0	2.40363384754	9.0	8.94251669736	9.0	8.6881092784	2.75240892135	8.35381293474	9.0	8.85933725223	
8.71468594408	9.0	9.0	2.73870171123	9.0	8.95478441223	9.0	9.0	3.36376895237	9.0	9.0	9.0	
8.95987384591	8.88521164521	8.99970220425	2.47490370188	5.60750181693	9.0	8.05433013667	5.13206149289	-0.565277109889	5.83599857496	9.0	8.26114939118	
4.4514073833	6.94218394207	8.97594320169	2.71037441774	1.1088395706	5.57805614044	8.9648166926	2.4604406427	1.07444912788	5.47101269565	4.23110019067	5.32070178249	
