0.0583072658432	6.6410896705	9.0	4.98413954735	8.45194518825	6.24579478692	8.78302674463	2.54797155905	-5.46962419006	9.0	1.32379145403	7.55245127645	
0.289644643535	6.69058941945	9.0	4.59302372833	8.09473333147	6.32269821375	8.72662596512	2.485920881	-6.0	9.0	1.20105810074	7.18110279992	
0.310351187293	6.64052733834	8.20471297962	4.38156146879	7.64695219843	5.63547590359	8.95683332699	2.38097376413	-6.0	8.99471075015	1.97941032956	4.9937513063	
0.219063507462	6.66493008965	8.88573978118	2.89945232117	8.36216914945	6.26541741107	7.37314411786	2.83036150645	4.06268501827	8.9982145322	5.07184973251	8.25677971245	
0.313690471487	6.81309865568	7.20537746684	2.8103542683	8.0949540463	6.07654493743	9.0	2.74203703226	-0.192678562883	8.69492401613	-5.93452978892	7.67010079519	
0.915990224735	7.28000348409	9.0	2.79309101412	8.88554585983	9.0	9.0	2.90629409799	-5.9216441075	6.74484343502	2.50125564951	4.65876677054	
0.238114026092	6.57159208772	8.6665075574	3.04859811436	6.18479269102	5.74275577949	8.91499851705	2.65792275034	0.385744814533	7.66091803819	-5.13029485897	5.83631001912	
0.789043347125	7.20975683892	9.0	2.59166650784	7.24335165308	5.58392375806	9.0	4.55804094721	-5.93528075535	8.86376796876	-5.97245532703	8.8971876828	
0.104318352085	6.43468016042	8.99901762408	2.90115115113	6.90892480092	7.10419477331	9.0	2.59782789556	0.205288841806	6.63201084156	-3.3385854181	7.70649135435	
0.23272199431	6.79497660855	8.49699711387	2.53255554851	7.06444466981	5.76144114964	8.99473251867	3.86014937212	-5.48600967688	8.56885232662	-5.97405190086	3.53395085006	
0.197837458061	6.75041022126	8.99938892343	2.34958984883	7.84640584355	5.87926949152	9.0	5.03633882521	-3.8911466443	8.98704997798	8.85486132123	8.91492091594	
0.15616166398	6.87783528041	8.16254203606	2.79901294601	8.9819008837	7.16889601731	8.71079406784	3.14254491696	6.31626081987	8.99898963815	-4.43316181751	8.97597104255	
2.50562023307	9.0	9.0	2.64939913682	9.0	7.70412643197	8.99988380241	4.18981698504	-4.89517528341	8.23098613364	-6.0	3.88397735741	
0.049060818882	6.54252118522	8.99991212767	3.1137308656	8.91413957661	6.65111015014	7.05306380707	2.76101801851	-4.7430444835	9.0	8.21323895435	8.99996137716	
0.103059396987	6.88718007054	9.0	2.59580301938	9.0	6.92867116571	9.0	4.66211811939	-0.0497779431915	9.0	-6.0	8.5936493502	
0.160551493828	6.66106243271	9.0	3.12008957465	8.8471853284	7.75995414499	8.8999122538	3.4821116261	-4.82090021087	7.76826933112	4.25594703623	3.21692267072	
0.400467678984	6.97626600801	8.96292130875	2.94947928302	8.95014366358	8.37173690297	8.98242662633	3.12342813659	-4.15490379512	7.8017315974	-5.99852169773	3.91161050208	
0.589511852525	6.96298944232	8.29945228908	2.73180138034	7.94567123135	5.77840355988	7.1264459627	2.60338265398	1.5172479979	8.98815060611	-6.0	3.90710317252	
0.299450673318	6.69448133002	8.99892536274	2.6609929032	5.48950711881	5.34324022182	8.47027515647	2.71632552302	-6.0	7.15225015614	-1.83130979602	9.0	
0.484887193163	6.88234361138	7.90401801292	3.84297512551	7.59869438184	5.58370227444	8.82248505508	2.42750191099	1.97831828336	8.99998673541	-5.99960402378	3.53805242851	
0.912875014047	7.27494728631	8.42489337624	2.56923412968	8.90702825082	6.6886402396	8.97257524041	4.86610868111	0.996190194841	8.98988621571	1.98518589669	6.02889108802	
0.366032974853	6.89892354968	8.99994422238	3.46505520544	8.59670939261	6.51505140242	9.0	4.34220551063	-4.1410495385	9.0	-0.226673756368	2.7330590442	
0.0402925410674	6.5462635225	8.38223162207	2.43899223121	5.92705430202	5.40139364681	8.99999900122	2.95840623105	5.19202553519	9.0	5.42711122363	6.03067698073	
0.393881257013	6.91111933246	9.0	2.51522860267	5.73538167099	5.25085512717	8.99968641136	3.51073120788	0.430241630467	7.57714871749	8.90308105593	9.0	
2.50531179173	9.0	7.84976868265	3.50188421577	8.88535803373	6.83034004575	8.72881068242	2.67442346738	-4.10265459839	9.0	-5.98676697764	4.80430059064	
0.504541659788	7.05996467732	8.96725942442	2.9237248748	9.0	6.98985399659	8.89859319956	4.48157282604	1.67332894468	9.0	9.0	8.67633151032	
0.328865764762	6.70950557359	8.69100596808	3.32708824863	6.37171217976	5.8000709755	8.80238146021	2.47854520218	4.12526552058	8.64221646995	6.66605819577	7.11187978373	
0.949799584423	7.29075796318	7.70255546017	3.43043867351	9.0	7.02177529849	9.0	2.74548178011	7.56724539601	8.99621867019	-0.852601151615	9.0	
1.38110124108	7.72275738495	8.69742051722	2.69218096937	9.0	6.92502529463	9.0	4.6485108174	-1.25660293369	9.0	7.18101427148	6.35408222191	
1.70683039948	8.10550967305	9.0	2.76233747477	9.0	9.0	8.99997772686	2.85875029239	-5.99831298876	7.0359608106	-6.0	4.82491785206	
2.50468538138	9.0	8.88149914716	2.61574416218	8.92609491262	6.89680372805	9.0	4.8364109229	3.88174226066	9.0	8.73461446168	8.98244463288	
0.315830054114	6.81958038087	9.0	2.64925619268	7.06349979533	5.45915184564	7.83838923624	3.26078660209	8.2090099044	9.0	-2.77096020072	9.0	
2.50593735808	9.0	8.99907215981	2.63136647979	9.0	7.12144913492	8.25018978553	4.0422057174	0.161052478462	8.8219227772	6.42154064188	8.95865586268	
0.232755823068	6.66694172497	9.0	3.27973952004	9.0	8.99971666002	9.0	2.37722860169	-4.84699037934	6.68386778045	0.0691736087805	8.8332762233	
-0.0136557247763	6.42037066583	8.92056519427	2.41649665415	8.63990814544	8.42993964295	8.98978688518	3.23735217426	-2.13154674116	7.06582273075	6.48669782805	8.4384762972	
0.58152515573	6.86959985138	8.99999006231	2.7137536277	8.89035211423	8.60067526977	8.93828769364	3.19262349302	-3.43904232512	7.42187103177	-5.80960087601	4.38404343337	
0.713368668655	6.99238964513	8.99265086973	3.25710599941	9.0	9.0	9.0	2.5673981557	-6.0	6.8029729579	-6.0	8.6177714767	
0.315516317991	6.77239589212	8.99342061676	2.92087687908	9.0	8.67992035628	8.44778359904	2.42483917801	3.01204114875	7.19712829216	7.97608303438	9.0	
2.5054153012	9.0	9.0	3.3946203093	8.99795891355	6.94155293866	8.79556671368	4.00015666222	0.269860356076	9.0	-5.99850645114	2.71205014996	
0.444810936083	6.92013466404	9.0	2.55068785539	5.12048050307	5.53256252151	8.99773111964	2.67206380316	-5.11342040887	6.45588990849	-6.0	6.95300402864	
0.416862821234	6.78446926969	6.98128923501	2.72302603998	7.42983306716	5.68386099383	9.0	2.85073567898	-1.2721809309	8.77326042927	0.997471553087	6.47145092229	
0.560579771363	6.90982379238	6.96229130289	2.70906078297	7.28876391236	5.50085594771	9.0	2.83025532357	-5.34432591358	8.77813753461	4.74035991164	6.24514463511	
1.03434091791	7.49259611135	8.85504401039	4.16934412221	7.22782095376	5.71345142184	8.81914657084	2.59719968437	3.07702369075	8.62362872835	-2.84608634133	5.53711728589	
0.241615389484	6.66971970073	9.0	2.47911880229	9.0	8.04043722685	8.75986661425	3.82969677506	-5.66462973136	7.89972119772	2.25725260411	5.48147228076	
0.437502998767	6.90687522052	7.31504080726	2.7263389146	6.98261401985	5.37903841581	8.90886640878	2.6925395988	-5.99118058766	8.8550809696	-5.51952031254	4.30849453298	
0.667370082386	7.16695743091	8.90341924452	4.35472352922	7.27213567137	5.65744422619	9.0	2.69778690671	-6.0	9.0	2.27721821025	9.0	
0.636922191699	7.20558555091	8.92136067919	2.90937892873	7.40532918527	6.17970923133	9.0	3.56264437809	-4.40567959378	8.59714747786	-4.73540731007	3.32102056686	
0.577814963129	6.94871986538	8.97700659146	2.5789713833	6.4563404106	6.19399766965	8.64092074385	3.13599053487	-5.65284963915	7.06294611698	9.0	8.99939240754	
0.280424074473	6.77526754839	9.0	2.70482172629	8.99488129598	6.99665440668	9.0	4.61248944088	-6.0	9.0	-6.0	8.95279068866	
0.0792208291514	6.66034489515	8.41220988075	2.89187542832	5.98812948042	5.39537469801	9.0	2.64792066642	-5.43885121339	7.47876239627	5.48905166071	9.0	
2.50563255177	9.0	8.92180276907	2.61355061306	8.90332684696	6.8470050412	8.94292576871	4.85062420642	2.27653874246	9.0	2.20501258007	9.0	
0.0829241892324	6.63351190919	8.97640596547	3.53643143158	8.77202797019	7.75884596721	9.0	2.95309452801	-6.0	8.14504887215	-2.43593754119	2.95803239774	
0.535910179277	6.98238314368	8.9865708969	3.09582402469	5.37839692741	5.40274750873	8.99692195753	2.58233099586	6.6061130982	9.0	-4.88733522167	4.4502354023	
2.50484858944	9.0	8.95934070351	4.92566179484	8.85705262634	6.80226596051	8.98185754605	2.61270208654	-5.79033844311	8.99995073138	-0.778473874549	8.96014062271	
0.170210797825	6.70795590156	8.99729647979	2.54508146368	7.40540667961	5.66807669073	7.02641203836	2.72360962545	0.903139093003	8.40292258649	-5.91614553711	3.87954393353	
2.50500933558	8.99998582608	8.99959385432	2.6140729852	8.95438732975	6.89853396943	9.0	4.98363897963	-5.79219077553	9.0	-6.0	8.73553240518	
0.529621736744	6.84228734831	8.83598285792	2.66266954509	8.88315166869	8.99595587231	8.99999974976	2.79584673441	-5.99577538395	6.65712201087	-1.49469785483	3.09215251118	
1.15577495647	7.52690110389	9.0	2.69401645397	8.2984782392	6.22229067055	9.0	5.09238540574	-0.155832132507	9.0	1.82718290617	7.04142804392	
2.50527061672	9.0	9.0	4.98673521641	9.0	6.94209732065	8.99990953874	2.61376646113	-3.9384422264	9.0	3.25378806148	9.0	
0.548786367924	7.21940165332	8.90174012464	2.85347275453	9.0	7.83375920635	9.0	3.60814711281	9.0	8.70198227662	-3.88445159466	8.98343139121	
0.951198819138	7.47224788774	8.53347472575	2.52845473838	9.0	6.95011197103	8.98529133841	4.63936084035	-6.0	9.0	-6.0	7.33748937988	
2.50568818117	9.0	8.51976698677	3.7809264753	8.60071453096	6.55670885915	8.3338332874	2.65938548147	-0.379358838053	9.0	-0.795682378509	3.99299365864	
0.180043712745	6.73577140204	7.931046029	2.40493309534	6.97400345363	5.69330156795	8.99996537044	3.3923373243	4.22985366068	9.0	2.62359525975	3.37805257529	
0.116387192385	6.63265406045	7.09347518069	2.61897617136	8.87077916741	6.85976878367	8.98077744568	2.90626085412	9.0	8.99104028325	-3.84045763009	9.0	
-0.136287397972	6.40357291105	9.0	3.55301080193	6.34653010334	5.7781459858	9.0	2.44737578311	6.12806337548	8.88084787722	1.75739051497	4.79718596483	
-0.176096194862	6.42264169757	8.6615692137	2.72289279363	7.4833266571	6.4644892978	8.12920601943	2.55849501276	-5.97234254439	7.76636152708	-6.0	4.24356376026	
1.05703081013	7.5875231315	9.0	4.90860220181	9.0	6.86055726647	9.0	2.69238759735	-6.0	9.0	5.4512945857	8.45961104383	
-0.0285170048413	6.43749197654	8.9995763056	2.51776203826	5.30031277845	5.51139282591	9.0	2.8140768391	8.64081022547	9.0	-5.71468815586	6.49558254489	
1.06756317991	7.5439864862	8.97906199666	2.79220423064	9.0	7.11955124642	9.0	4.71318375042	-2.85505563155	8.9661034659	-0.589106396929	9.0	
1.18073812526	7.67221932498	7.74938031365	2.9778293937	9.0	6.94218932428	9.0	3.35343780402	-6.0	9.0	-6.0	3.11193658979	
0.24612573199	6.86353551372	9.0	2.79797140622	7.81907472746	5.92921212454	9.0	4.48607967409	-6.0	9.0	1.96545307033	6.04500577858	
0.609130820568	7.19464477111	8.98154733397	2.62423056588	9.0	9.0	9.0	2.77497903799	-5.99994511687	6.8809423917	-6.0	8.86924594969	
1.06084140043	7.5585980915	9.0	2.72368117401	9.0	7.78362233314	8.95028867902	4.12888025469	8.84328871512	8.3512829191	-5.89657812885	8.99800486443	
0.568451067365	6.873621618	8.1571050205	2.60116395348	9.0	6.66392804869	7.14887822656	2.85352383855	-5.87318326704	9.0	1.63678428925	5.19077008661	
0.73755988929	7.07818386934	8.53037585913	2.83633897507	9.0	8.68217296943	9.0	2.77154932476	-2.96193498032	7.42121163775	7.99991831717	9.0	
0.0722830783849	6.70755113852	8.99087124935	3.29478601521	6.08019519116	5.65186929327	8.97099984999	2.64718190229	-6.0	7.66568349726	-6.0	4.01276270298	
2.5053443507	9.0	9.0	4.55352176816	8.67796582002	6.91831075416	8.86810836365	2.61695890551	8.98897844998	8.99998688017	-2.55114454382	8.99621641234	
-0.00658368508565	6.47836812737	9.0	3.77560859935	6.74174693329	6.21293005316	9.0	2.47366460704	-4.70708905825	7.56288427329	4.62780989531	9.0	
-0.0340996159251	6.512872998	7.14670527277	2.63212994375	7.32587535877	5.42085267814	9.0	2.81596425576	3.38845623093	9.0	-6.0	7.10551298476	
2.50526402967	9.0	8.99972825417	2.63206408288	9.0	7.91444565884	9.0	3.99590789211	1.46365271676	8.02064839652	-5.61375301837	6.99945041126	
0.329625733476	7.04592035739	9.0	4.14167484143	8.96721782222	6.97274181948	9.0	3.03227573164	-6.0	9.0	9.0	9.0	
0.577318886208	7.1180877363	9.0	2.75547179912	8.78232449078	7.06171106092	8.18401996006	3.63062115369	-4.40738186642	9.0	-1.23494946728	3.18607893633	
0.975250801454	7.40896363419	9.0	2.97372215137	7.5008190828	5.61133061079	8.99866374151	4.53841887702	-5.62397162418	9.0	1.75251178747	3.05036625072	
0.255898171472	6.94801194144	8.90150191212	3.43605676854	8.00119576835	6.76503998793	9.0	2.95968037912	3.48001110438	9.0	-5.83395703644	2.61768199514	
0.208696718999	6.75680713888	8.13775678433	2.87274550921	6.30107930401	5.56078561496	9.0	2.46219829551	6.25388855439	7.67839419473	4.01835854462	9.0	
2.50528527092	8.99998367783	7.98520765776	2.85930730328	9.0	6.94150563559	8.24638186397	2.97358469926	-0.313019573327	9.0	-5.27563625734	6.22368319107	
2.50540842236	9.0	8.9997295834	2.82947635779	7.07750337927	6.78414860623	9.0	3.00675596277	8.38471115682	9.0	-6.0	6.63812439165	
0.658041058131	7.11966094521	8.99842951859	3.04428280901	6.69704791016	5.86097193373	8.12305606239	2.63458040376	2.11664236161	7.97777386102	1.78703264525	5.83810939775	
0.246590973377	6.75800086424	8.36561734293	2.52657705038	7.4192105978	6.77459445187	8.70039510515	2.65670364753	3.53390792912	7.44768739974	-3.13528166149	5.26400060633	
0.275219973439	6.67460883382	8.5818906915	2.67444342413	8.99827299854	9.0	9.0	2.5990776345	-0.465593440238	6.61941261398	-5.52244633735	5.02564036971	
2.50487904122	9.0	8.94956490545	4.22007828361	8.73037768451	6.67987089216	8.29867212694	2.62047034282	-6.0	9.0	-5.9999901701	8.9999930022	
0.249835034049	6.75080840218	9.0	2.35172351911	9.0	7.0510116433	9.0	5.19838553799	-6.0	8.9960033055	-6.0	8.49662489154	
0.647010544017	6.98242495061	8.94691665744	2.61263266881	8.97332421815	9.0	9.0	3.20500152135	8.66312061728	8.69987479088	-6.0	6.84954162405	
0.31131954441	6.79377708775	7.4412115349	2.82834964086	8.6603716486	6.45137432123	8.80444997674	3.08012924555	2.04875437246	9.0	8.66737869642	9.0	
0.243120975783	6.64679312226	8.99784023741	2.86455619484	5.12556261134	5.27001828403	8.92350696618	2.54217798413	8.0711156834	6.96065929836	-1.37492404841	8.29096797351	
0.758917427109	7.44111748746	9.0	4.57229241724	8.90026171891	6.86760400727	8.99987867868	2.79014443408	3.71650977497	8.99837026809	-5.99972026324	8.45679658822	
0.265990290117	6.82566428418	9.0	3.15304339532	8.7141659638	7.8818509897	9.0	3.02879768894	-6.0	7.98191065937	-5.05608214323	5.34276609194	
0.0686498776178	6.52396430181	9.0	2.41538065902	9.0	7.31530596195	9.0	4.97777344835	-6.0	8.6249760809	-6.0	3.88052328853	
0.656523474386	7.20981634168	9.0	3.3578170755	7.68258505191	6.41112509193	9.0	3.23606383867	-2.58387648423	8.54379837274	-1.63174864221	3.29951051362	
2.42431745328	8.91767688339	9.0	2.63778424313	7.66434370033	6.72310239332	9.0	3.84641659731	9.0	8.19286221086	-0.232090324496	9.0	
