6.04630320445	8.14416121046	9.0	2.87561841227	3.63125297661	6.13356968538	9.0	4.47441299284	6.3315619735	8.95346884746	0.448586028291	3.44771007417	
4.77877652744	7.7181700092	6.94548472369	4.08824267759	8.99681342866	8.00420061224	7.81636140308	2.75344683463	2.29674542935	7.95119226337	8.82240951434	9.0	
5.19380571572	6.51532244332	9.0	2.58446101374	8.9020454291	8.86444277193	3.93171107332	3.07559312211	3.6541047341	8.24348108742	7.18593749099	8.16633998076	
5.00762260778	6.86282372742	8.88239231353	2.86803648917	2.00866828745	6.23479953138	8.69252823657	2.44884860272	1.25914185363	5.61312182706	3.27170097554	4.75279771675	
2.50293515598	7.45382352567	8.48369330673	3.76925700043	5.58378376334	5.8238561945	8.99776908648	2.69339320258	8.91839045124	9.0	1.62085286102	6.96110721176	
5.23723347764	7.87444226224	8.99929464421	7.75183626586	9.0	7.99364572485	8.99897732286	2.65947892879	3.78122851528	9.0	6.16169398775	6.54819072329	
8.13944184538	8.31157286628	9.0	8.39945806714	6.79492965053	7.89478461328	9.0	2.50140371645	7.48177477868	9.0	4.81735159221	8.78684170012	
9.0	9.0	8.85074455366	2.40344270239	5.59956550076	7.78342095477	7.00710099086	5.23938757647	5.09380414995	7.25648405368	5.4488788137	9.0	
9.0	9.0	9.0	5.65848668001	5.24116161805	9.0	9.0	2.57906453426	9.0	9.0	-0.202457564091	5.63450657003	
2.88512291196	6.60194530079	9.0	2.57310443711	2.46692311145	5.18970327584	8.48542321841	2.71456486805	1.90278029509	5.54810122924	1.80632185267	3.61529493011	
1.58991935153	7.03840960893	8.86412782281	3.3613039853	9.0	8.71073485702	8.69220201581	3.02310672656	1.98074868533	7.66200184315	8.95722964232	9.0	
0.0821194880064	6.51387935553	9.0	2.86772598915	9.0	9.0	9.0	2.78991377613	1.38516177807	6.8346990422	9.0	8.97401511475	
6.01990929332	6.51732311492	8.98332066069	1.86086171034	4.71604989693	7.26053236315	8.97288021352	7.07081987403	-5.99131838987	5.15809483881	7.94372393659	2.76332132423	
2.97954796946	6.57995259918	8.34904185577	2.85888741092	2.72498604513	5.21378300737	9.0	2.42510907583	6.40150818696	5.32076744442	0.832682723072	7.53034381709	
1.89037184488	6.80384491827	9.0	2.43728523012	6.10766529901	6.62879240456	8.79244235569	4.0183678682	1.43637681329	6.6283794838	5.17017102249	5.42482218756	
9.0	7.65683887995	9.0	2.49121667888	1.87917757527	9.0	8.87556919769	3.60408317632	-1.35337834147	5.27390486969	6.32436867215	5.27657017243	
9.0	7.9750410446	9.0	2.40936754812	2.84474994083	9.0	8.94489458408	4.24414405798	-0.336906374893	5.81662519582	5.62347842447	5.44557822743	
6.17662957849	6.93800493987	8.86237925852	2.43873024914	2.25257601451	7.22806068493	8.32906113531	2.97376633552	6.84667681852	8.95112613549	-0.353911402759	3.3125357887	
9.0	9.0	9.0	3.21360943467	5.43550472229	8.59144263796	5.94905489623	2.51644703023	3.76810299052	5.93182724223	1.70404433878	5.44682947472	
4.83890692046	6.62903476664	8.30946043788	3.31710334472	2.61588998499	6.17800435834	8.84245766597	2.44928327404	0.479279073124	5.28710718026	2.50252792965	3.45296991328	
8.38500287807	8.94253634583	6.19613492663	3.52439773124	6.80082502866	8.61012796423	8.55164559436	2.94160722975	2.32368922935	7.2050220842	8.28456459118	9.0	
8.80662862615	8.77203482375	9.0	8.33902117696	8.4229159773	9.0	9.0	2.90374698749	2.82644426574	8.97486559619	5.53110276339	5.17537383749	
8.99864283999	8.17011009862	3.50397185037	2.79528712567	7.08940135783	9.0	8.99967949819	2.51078216828	5.71116484051	8.92791522655	2.44642002772	5.10746189038	
9.0	7.84567497036	9.0	2.82850380318	1.52253397702	8.9364237777	8.77535706098	2.65121578509	2.25256458123	5.43634982378	2.57170132755	5.14610064422	
5.36178264101	7.59328758362	8.81380697975	2.90236818605	9.0	7.9097593861	4.27427887961	3.15917467015	3.49110961746	9.0	2.48626841547	2.59515851128	
5.42299737487	6.5920224208	8.9024296379	2.66036914696	6.35084873603	8.93176822234	6.93860826938	3.52547539567	0.438725571236	5.67757012154	2.38119520563	2.63916476719	
8.80168936742	8.99765479196	8.85335654369	5.63997668613	5.42771878865	8.37474804309	9.0	2.91409752216	0.227408100352	6.08934991857	8.92412245391	8.95939770836	
6.09011330737	9.0	9.0	3.04875724029	9.0	7.72809470665	4.49400887784	2.86420602055	8.71349046201	9.0	3.6441093654	9.0	
0.695451306451	6.5071764533	9.0	2.54410504071	8.54879295418	9.0	9.0	3.28182969874	0.425576217556	6.22522011177	3.77245995653	3.55654822301	
4.44135063029	6.70800944561	8.70571627952	3.08659711879	4.04385320073	5.96562021821	8.84660597444	4.33152511656	-1.77841055636	5.72050135326	9.0	6.97414650201	
9.0	9.0	9.0	8.51696717882	8.20642824616	9.0	8.80411253708	2.68379918114	3.41441007448	8.89791390956	9.0	9.0	
3.40106530949	7.27948635585	8.61738374466	3.29783342554	5.75205630552	5.49384450233	7.87770104888	3.72492648898	3.43952254966	8.23904667621	2.09120089781	2.73691514979	
0.177016647699	6.51394149817	9.0	3.45574091957	9.0	9.0	9.0	2.3458680875	3.92909573911	6.90376325122	3.04356125929	5.50142210401	
8.17238722972	7.65210026635	8.99999216015	2.47146243798	4.40256064223	8.3920866852	7.77631950215	4.87517600311	3.2490160807	6.98744071733	1.06115948695	2.95370137106	
9.0	8.9995975126	8.27467525743	2.63220843789	3.93208052651	7.88783923952	8.68303545181	4.58284645618	3.83700928706	5.97858624423	2.81738843994	6.08965171075	
6.09763038744	6.70539103287	7.26105086941	2.34660563039	9.0	8.93392893717	9.0	7.39532992366	1.30361731258	8.76498338954	7.38995383035	5.56979746083	
4.81163755061	6.74485260688	8.95823908714	2.4348363658	5.85429510407	7.63867729836	5.9945442621	2.80604271971	4.1973519017	5.62271287233	1.51255525249	5.73727704134	
7.18045214404	9.0	8.99967672833	2.63578536831	0.836300511534	5.88321416779	9.0	2.52755433412	8.99999999999	6.56751944385	0.150723947218	8.09387253866	
7.15656778961	7.34387131205	8.3726980355	2.48055973722	5.83279037384	9.0	9.0	5.44616919889	3.53131043938	5.981940372	5.61704635542	9.0	
8.20427316196	8.99761621544	3.66150783515	2.45926231643	7.77798654803	7.76774995249	9.0	3.46083429934	7.4484336397	9.0	5.00286785038	8.96546025184	
8.23472036922	9.0	4.43703418293	2.29158609384	6.18124917629	7.28229916466	9.0	3.25249360485	2.78650813761	7.3607730158	2.25558958804	3.35671617653	
3.04504126071	6.60764060338	8.99987420231	3.24191917866	3.95047869575	5.39121949609	7.70372245756	2.60979797256	3.16456727201	6.04418263548	1.64287745805	4.40926868091	
0.605682181395	6.82024642431	9.0	2.51544534796	5.325370321	5.44236376791	9.0	3.09445321611	8.9080247285	7.46381645901	1.77948629522	9.0	
6.37702004886	6.56485090138	9.0	3.90848658121	5.47020346144	9.0	6.9177561374	2.30350249434	9.0	9.0	-0.0966220573953	5.53470582541	
9.0	7.65849621653	7.94496490292	7.09655350411	6.11147653527	9.0	9.0	2.34062255804	6.87507094902	9.0	5.53057345498	9.0	
7.14891996604	8.48675495175	9.0	3.29256537418	1.98467811491	6.51110231314	8.61503157476	2.48534929233	6.24397351142	9.0	0.41901973863	3.09753794031	
6.13058225856	9.0	8.48897728071	2.66701886813	9.0	7.8778035739	9.0	6.97151751679	8.99968813324	9.0	2.27766312963	8.11106623797	
8.79980945612	8.4467696452	9.0	2.47215541889	6.14706573008	8.863028147	9.0	7.25315907229	-3.73737223912	6.51988142265	8.99774586715	4.34975224823	
0.996007788765	6.94695215152	9.0	3.99420535053	5.88852535817	5.43324380247	8.85971514303	2.45224734732	6.11913078956	8.15626932972	5.57313831366	9.0	
6.38168283437	9.0	9.0	2.48249992531	8.99790869448	6.78361271886	8.7395997871	9.0	0.219665540054	9.0	6.41666036521	3.19415506632	
8.28014242801	8.43357153531	8.77225355673	7.59636378451	5.89853640195	7.67719484375	8.99736504132	2.49350877169	2.99556674851	7.52438104649	3.89572348641	4.72283189775	
1.46998429439	6.80401772626	9.0	3.26024025905	7.20308752197	8.06528475429	9.0	2.67100135023	4.56283989562	7.63615465478	0.264884421428	2.83729242133	
9.0	8.99999740223	8.9761209078	2.67938236442	0.791543903348	7.46956358466	8.99998045856	2.63799535163	-0.062311421412	5.29733568691	3.50981797839	3.76038833989	
9.0	8.73837734673	9.0	2.7868359407	2.41035413163	8.45271995592	9.0	3.31730715782	8.91121153494	5.98915643563	0.207771089728	9.0	
1.56408808916	6.52767938529	8.960396374	2.5036067872	5.07937912205	5.61216392388	8.20623533705	3.17220681047	1.95620927391	6.51301763574	8.10021923087	8.9804681752	
9.0	8.43068936444	9.0	2.67257547109	7.06166804141	8.60200808757	3.33963842516	2.82152118338	3.06117924221	8.67702199309	8.98791830329	8.99862141126	
3.72762163131	6.45708499198	8.9137011817	2.45874025057	3.871541329	5.61868080867	7.03995156636	3.15208223752	0.161977681868	5.7814221311	8.9993385399	9.0	
1.70756810227	7.02595752505	9.0	2.97456115024	7.60495000639	5.60598677861	9.0	5.63474283899	0.692930547234	9.0	5.1127090573	2.61871750567	
3.73638645877	6.5820405196	7.99239723378	2.76050739046	2.57044000229	5.2643137381	8.86089933915	2.65710829489	3.47974425983	5.93358340642	0.119435682192	3.13502630658	
4.43333987455	6.5056456588	8.99437126723	2.62573875089	1.04084787678	5.77092105723	8.99993494991	2.6804163763	1.47069674751	5.7973739852	1.75915178194	3.00378511352	
4.47352543769	7.44940255116	8.99394105057	2.92019071218	3.65158156699	5.5760963236	8.70881904268	4.12848250445	0.68509363856	5.74854702339	2.17023866617	2.57053474348	
3.58061580124	6.96403745842	8.63428285701	2.4590632022	9.0	8.99916356109	6.04154119296	2.90288907393	2.68033863971	6.89594819978	2.53611909302	3.87710939262	
7.84122293959	7.80021915487	8.60967331698	3.36162327462	2.09015588631	7.82078153622	8.82999496322	2.53309873957	2.50372822787	6.35068201267	5.7663703174	7.41496670951	
5.85288905111	7.45653921712	8.72415733611	3.22317509008	2.31736919557	6.64839260262	9.0	2.69026682919	3.97685177627	5.94880886119	5.13405465944	8.63141659553	
8.87044826795	7.85661883624	8.03739270034	2.84063721298	2.80224133163	8.88377464491	8.91089519748	3.05776638645	1.23096204802	6.03069974774	2.45022229611	3.13126747287	
9.0	9.0	8.67742242587	2.46892036771	9.0	9.0	9.0	9.0	4.44577348909	9.0	7.71285062885	9.0	
7.27421872957	8.6765579709	8.74262031027	2.83086480579	4.35446681698	6.48603215117	9.0	5.45229457308	-2.75528834773	5.73355780617	6.55156884606	3.73872033188	
6.98241744978	7.96070415471	8.35413794267	3.82878979155	3.95624480268	6.61747285125	7.38149622136	2.33092583755	8.34067529033	6.00703452819	0.736489583703	8.73775658815	
1.47093400989	6.7221951829	8.9962241956	2.40191054743	4.38657881881	5.55088578319	8.94544570511	3.18111740252	1.61596541923	6.22595131053	2.89245230698	3.75519076019	
4.64762580939	6.60458033248	9.0	2.68363029993	1.97312954768	6.0734410252	9.0	3.1772827875	0.932683297128	5.55308936793	1.7453189688	2.98808712129	
-0.0126499235716	6.4349178881	7.41257588387	2.57374518097	7.98519278798	6.59024247766	9.0	2.81052107309	8.99692202454	9.0	3.29803026579	9.0	
6.74619469594	6.55344657056	9.0	2.46601059435	1.90763800647	8.31538285636	9.0	3.43250606627	1.09794126705	5.7477971518	2.26406945705	3.12651382965	
2.06528381997	6.91252930088	6.91246572119	3.29906214241	6.31523852748	5.65654073483	8.90979121406	2.475595868	4.36149523773	8.7434206749	6.92273625332	7.97212855052	
3.9529879969	7.18178360439	9.0	6.86655245959	7.32036577876	6.46100684473	9.0	2.90353089901	3.63944402579	9.0	9.0	9.0	
-0.951540870811	6.97707266123	9.0	2.50336323018	8.99966236297	6.87225475874	8.92326226862	3.72855643461	6.96739000662	8.96117916756	4.86799253663	8.6056750161	
-0.0408400807695	6.62332082497	8.50607370964	2.40940030034	8.99991123655	6.90834467807	9.0	4.65052639864	3.40594946917	9.0	9.0	8.88052305301	
2.52527046136	6.43316842729	8.9949315895	2.99524493805	2.58449719453	5.23711225045	8.73296595054	2.2899612378	5.76721539884	5.41283096955	1.60576166736	7.46696165863	
-0.937188608625	6.60591244331	9.0	2.96387835904	6.92312778261	5.67479479612	8.94313328016	2.70614105219	3.44685973041	8.96751145212	8.80051041057	9.0	
6.37327838885	6.53398467629	8.82929877457	3.74876231918	7.50035800081	9.0	4.95263313687	2.43958520707	4.55311495166	7.78739610181	4.67781405557	7.03938776778	
-0.783082244792	6.61897296042	9.0	3.3338450895	8.7298128354	7.54253419673	8.99804022801	2.59481486105	9.0	9.0	3.02269956982	8.46709774484	
9.0	9.0	9.0	8.0061181727	7.40738996633	9.0	9.0	2.62074284417	9.0	9.0	3.60133443026	8.97703659651	
4.63869741331	7.22744209135	8.87108370363	2.62446292886	1.3970013779	5.19304070746	8.76720420302	2.66804865503	4.42785457478	6.83610911639	-0.0145908438531	3.22353122133	
8.04644976647	9.0	8.91427081539	2.53301610244	2.86850244976	7.01480496562	9.0	4.18632578191	1.86564244854	5.99191979202	5.19330424311	6.57898057241	
9.0	8.80750450975	8.80213617894	2.81121627182	7.82598443717	8.34482689524	5.3498158113	5.13878823918	0.953423392509	8.91433116256	8.64335870569	6.19853928288	
2.34623316855	7.30925670204	8.6482396943	2.9682089708	8.94909798027	9.0	9.0	3.57792444712	9.0	8.1799253788	1.37326179113	7.94540096144	
3.23498628864	6.88379762284	8.99187382072	2.65584533483	1.95866571037	5.21001953221	8.92118726802	2.53596394263	4.67829314125	5.53203206996	0.870001686921	5.4055478266	
2.40840922718	6.75044301413	8.30988221275	2.532770328	6.03835433802	6.23394904213	8.8995603592	4.15967536816	4.07725899367	7.51443064508	1.81366917904	4.0470808145	
5.88104150124	6.69345384364	9.0	2.52153006421	8.01703310693	8.38933806071	3.32498053166	2.66215467367	3.89287435779	8.09155930035	7.48117698226	9.0	
7.52562977727	8.97751763845	8.43643743766	2.63934151102	2.50250672237	6.59515576651	8.63003706754	2.82878939617	4.40995242934	5.34599976279	4.04826689346	8.92107942067	
1.24067133461	6.95499065014	8.9149080672	3.63314764299	8.6051554828	8.92674832424	9.0	2.49002225863	5.62582311864	8.25627841559	1.22762545688	3.98276730332	
7.66578972848	7.09587510714	8.96850563477	3.03862049039	1.63870487126	8.70277548603	8.99999718457	2.6032517016	1.18071823489	5.39274205235	2.38176158238	3.64154562102	
0.784056005105	7.20374472928	9.0	2.87931958011	9.0	8.79019759943	8.64989016351	2.73033344758	8.9999998979	7.51371615702	2.04557531763	8.97278960822	
9.0	8.07696516339	8.56385849252	2.52770152153	2.65995632067	8.99998425725	9.0	3.53423871693	5.90863064254	8.37102689906	0.473729168121	3.66925473245	
5.28766536714	8.36417475681	8.97678146767	4.33006870522	9.0	7.67844467957	8.81883324866	5.69145992347	-0.339941556522	8.2827586186	8.30268779375	5.30748859215	
9.0	9.0	8.01527342809	2.42725046599	8.53569667573	9.0	9.0	8.07772721349	9.0	9.0	3.4660192653	8.99977121949	
3.83057276875	7.07139854468	9.0	2.53798035983	9.0	6.69699492444	8.71076302503	8.17433541126	2.59262559804	8.99906579806	9.0	8.37931355446	
6.01164164667	7.34185039484	8.24087952153	2.6805681682	2.14152676365	6.38888892449	8.97038734229	3.10005194307	3.62753663337	6.11577456413	0.299188082422	3.26308088749	
3.38749359275	6.35856704229	8.9787876416	2.28891368869	2.33985811145	5.34097110038	9.0	3.84976176298	0.788216010408	5.65842332965	8.36045982373	8.987531744	
7.60243548951	8.99547235092	9.0	2.33314379679	7.42071659028	6.50938987832	8.5598586051	9.0	4.20734350541	8.75520441647	5.74056631963	6.55424808369	
9.0	9.0	9.0	9.0	8.20327980457	8.98761536177	9.0	2.29242241175	4.58366030592	8.99652722	7.63442074425	9.0	
