4.82562169195	7.00288741657	8.99991200384	2.48628861805	1.81365905615	5.51618541287	8.11484198222	2.79628111604	2.36813016975	5.64132437654	0.446187885718	2.79197700733	
2.75993622838	7.47600372721	8.96985971963	4.10859510307	8.44956232601	8.66141442044	9.0	2.97333863918	1.39522367213	6.96122868442	8.93212992944	9.0	
-0.051891720542	6.86966520474	9.0	2.52421874856	8.98721165502	8.27916007653	9.0	3.52145846716	5.32045892057	7.44624305455	5.21452407448	8.467505743	
8.29454419482	7.40832407372	9.0	2.51949504284	7.52773298542	8.99996088537	9.0	9.0	3.62967914789	9.0	9.0	9.0	
8.37231481494	9.0	8.00953135145	5.29356322519	6.70188063532	8.47289375572	8.05399132254	2.38878939896	1.98077178779	6.47987914506	6.62871581107	7.8820905402	
4.36334680213	6.9014895918	9.0	3.65556888466	6.77026155205	5.82671824461	4.50584520779	2.41378505494	9.0	8.92876338856	3.43347140171	9.0	
9.0	8.89023416621	9.0	2.40118159336	0.873499412261	7.72093354648	9.0	2.98432824477	0.391228555223	5.72818063329	3.72197684273	4.06687419409	
8.81457648432	9.0	6.02486964332	2.54674556357	6.91310925354	9.0	9.0	4.0555015897	3.45241668089	7.16216167885	2.07086808344	4.12278539878	
8.59178170534	7.54232492834	9.0	4.80311560997	2.42313622762	8.51290285888	9.0	2.19718713554	7.17998040368	8.99672768923	-0.0321490738933	3.7233173841	
3.89446845348	6.65530491635	9.0	3.06325603276	5.58679442528	6.33209675457	6.60210061198	3.01478880052	1.57531238808	6.73413505429	3.35119365783	3.87713503899	
4.5373937223	6.57847295662	8.40233624237	3.50433756596	5.55081296661	6.98730901228	7.28723012457	2.78807910038	0.79094682642	6.34891877659	5.07450024013	5.10539037312	
3.12100261577	7.06091673619	9.0	2.98793561223	7.96012275433	8.58211619608	7.3984995854	2.81759827965	9.0	6.44802428625	0.563046112249	9.0	
8.32436080697	9.0	9.0	7.66845466127	9.0	9.0	8.08547708462	2.77334817593	3.31395115274	9.0	9.0	8.79417877262	
8.01993092777	9.0	8.78150002347	3.14823608386	1.46389697072	6.60486791925	8.99935276802	2.52211443742	4.64644801251	7.73679605331	0.49616645531	2.95910515836	
6.17044010923	7.21939602118	9.0	2.47454985199	9.0	8.46925518815	3.53488777625	3.57320029023	2.86501270316	8.94701968091	3.98798005348	3.7197100342	
2.88019023943	6.51356330783	9.0	2.85717334844	2.88808527109	5.66041303284	9.0	2.81184780231	-0.241493354505	5.53913420012	9.0	9.0	
6.7115322259	9.0	9.0	2.61022813195	9.0	9.0	6.76399831064	5.0050669663	2.54151919027	7.10881529465	1.67702816802	2.64589583859	
2.24622020617	6.78649129345	9.0	2.93298831614	4.54998923792	5.69320273168	8.99087830088	3.20006764331	0.675367559647	5.96926776235	2.39365653903	2.75062219147	
2.52041432448	7.03517177468	9.0	5.30459900075	8.10957560067	7.59849118707	9.0	2.66182354265	9.0	8.95823199535	2.57645283494	8.14969395099	
9.0	8.98870949971	9.0	2.88282773803	9.0	8.95603016611	9.0	9.0	-2.90473111647	9.0	9.0	2.91705700228	
0.725254474936	7.17799716237	9.0	3.36677664582	7.42309225487	6.72090131258	8.99999813931	2.88506934956	9.0	8.50637508722	2.91018693817	9.0	
6.55388854202	9.0	9.0	2.44317922217	9.0	7.15242220335	9.0	8.91419811428	8.63120659096	9.0	3.62171654058	9.0	
1.75975396098	6.43009043306	9.0	2.60569528168	3.67239022478	5.28790028051	8.73733115988	2.88382640408	0.401630180493	5.54063456516	2.93765150721	3.32378750897	
0.881806475468	6.41405870993	8.52679904627	3.11336382283	5.16683345713	5.50822079673	8.80908950095	2.40396668316	2.28649093784	6.533049374	3.95888713035	5.37611655828	
8.9878281231	9.0	8.95457166102	2.51299092118	8.32787718455	9.0	9.0	8.96526816695	5.19440503197	8.80271434893	7.25760289104	9.0	
1.51725632125	6.73415034789	8.69331357116	2.42113217626	6.02849799299	7.08672732547	9.0	3.07360280076	2.68425907146	5.92642442747	2.15894867633	4.62369546317	
6.22672623974	9.0	4.4320486013	3.01796138492	8.99803933879	7.45056056924	9.0	3.28495693852	3.51040431617	9.0	9.0	9.0	
7.27347405414	9.0	9.0	3.25146513465	6.56428522766	7.6027580625	9.0	6.20275480834	4.45051057418	8.64584095612	1.42925896105	2.58632626264	
9.0	9.0	4.5135295652	2.3071072819	8.99917903426	9.0	8.78736082243	5.0236360405	2.8127004125	8.80520711715	8.99990965317	8.63061324399	
7.64013057002	9.0	9.0	2.56453113251	2.81417591696	6.34291916157	7.78616331391	3.41796978064	-1.03857968653	5.41952675138	4.5332946779	3.86456663548	
2.6133689813	6.40386199641	8.92264952131	2.73962495926	2.12341775843	5.10763656846	9.0	2.46765562197	8.95557514938	9.0	0.0326624864569	5.63316133899	
8.91264494457	8.83459908428	9.0	2.98987080128	8.33553566428	8.95211529198	8.99667668064	8.45349485097	-2.17376140482	9.0	9.0	3.48797806969	
8.45123006618	7.1022827254	7.37893884961	2.38933971609	2.54329686973	8.97052096095	8.91016345939	2.8038575844	7.00786501983	8.99908793126	0.085752877663	3.62221788365	
3.45546846695	6.51429426817	9.0	2.71201782701	3.84744889014	5.56668638899	7.96566690164	3.61451618226	4.00954552453	7.38943106712	0.345021483972	2.60043044738	
4.15300174579	6.68361953588	8.98663318006	2.46786081409	0.908965876963	5.33044253552	8.91330937824	2.56388100743	9.0	5.73682564119	0.23816733457	9.0	
7.62172397213	6.8606842808	4.68245031505	2.49962848512	7.67830148563	9.0	9.0	4.78712295193	7.54416745279	8.9818207859	5.03149559118	9.0	
5.50411961864	8.09166844215	8.22275814326	3.92571416121	4.2195412736	5.99018309004	8.635770874	2.68414878837	5.88527251059	6.65463134859	0.93484479932	5.72979326502	
7.51547115508	8.96921844538	7.91103226146	2.80667125027	2.82106951329	6.39101513929	8.66368700486	2.53393577231	0.638824614277	5.5637956344	4.91877797496	5.87104528911	
3.76751591813	6.52890102337	8.64017824442	2.98113589139	3.37742694719	5.31836699847	7.44478549924	2.46295686456	2.56536990306	5.89118142981	0.540495936126	2.87616051989	
3.04739135735	6.53165391952	5.80263074245	2.89356195835	5.97154157966	5.7802281892	9.0	2.61336810932	3.89308432793	8.12783034845	1.4042793963	2.8761565559	
8.43162781947	9.0	9.0	2.73089812376	9.0	8.78914937021	9.0	8.76028336055	3.2325166935	8.99313309301	9.0	9.0	
8.58524217564	7.4115298099	9.0	5.59266238949	4.0328543945	8.99996225798	8.9983047034	2.48950692038	1.3294453698	5.60747391908	1.18307668813	2.70199298087	
2.76251223134	6.65299398698	9.0	2.84854577957	4.26873343039	5.32658583763	7.30247291737	2.47210411845	3.02662303306	5.92284958259	3.62625532401	6.32569538304	
6.63972481154	6.75261794327	7.06052467205	3.24139830105	4.76018996787	8.88762636039	8.99895045197	2.58032943794	4.47135209677	5.60767261716	1.60487602216	6.12418553052	
8.32681620616	9.0	9.0	2.39139758134	7.76134206248	9.0	4.38198772428	3.03413586923	8.608597754	9.0	1.29437779099	6.71682099468	
2.62100577597	6.45679926892	9.0	3.6828620791	3.98006421786	5.37625757203	8.59275407959	2.88251625439	0.387862028304	5.98408640088	3.5093437853	3.28655855586	
5.30048661248	6.87276317895	9.0	2.40421029014	1.33178872451	6.19438457481	8.50553136658	2.64267435218	2.48565507261	5.39473120453	0.720613175636	3.55868341429	
7.98206543109	6.81396319809	8.99551687417	2.36195993884	2.90043235495	8.99926165905	6.94142762637	2.74727154919	2.85698592002	5.42034315864	6.12476418055	9.0	
3.17457458214	6.8433901687	8.98152883243	2.46409409173	3.72394585688	5.49114906762	8.7016917448	3.88558502757	-0.0756207099342	5.79761656679	8.88300060191	8.84046086354	
4.69930402998	6.44597382199	8.6096061236	2.64155450619	7.61548285692	8.94845668867	8.12314107211	5.09573863058	-1.76288494069	6.22320325306	5.64124703435	3.23190375438	
8.1126183277	7.50399474883	9.0	2.53702495925	4.46194151016	9.0	7.58937449739	3.96666799028	4.63971147143	5.83805797295	0.444058103107	5.09687041862	
8.9988553909	9.0	8.37703177234	2.42353482225	2.03613296567	7.67471367396	8.92099795159	3.35370295939	8.58658998699	6.11489391062	0.783011055608	9.0	
8.99312285616	7.84909286868	7.30172447579	5.43162109619	5.84188538103	8.9865102461	8.96753424616	2.83595730582	2.17126045247	7.80378709904	8.72293006702	8.65001131088	
9.0	9.0	9.0	2.81089237468	1.80835693746	8.07870440769	9.0	2.99206438779	1.4392657748	6.28672945798	8.36725205442	8.99926560504	
9.0	9.0	6.78356591404	2.45676339378	5.75857854678	8.84786505701	9.0	4.12754301878	6.30185526568	8.48364181857	0.433193906795	3.80870085014	
8.68247486332	7.99888282886	8.99924733462	2.38978879162	7.71024726647	8.99998408218	9.0	9.0	-3.08235936307	8.53247115051	8.99460999366	3.24680397183	
8.84426956383	8.83855378631	3.74727879185	2.37212664411	9.0	9.0	9.0	4.31602931824	2.91885806222	9.0	3.67370388297	3.34412646962	
0.893315119968	6.39121448491	9.0	3.10200166203	8.27598954578	8.97776121613	8.91992148352	2.57774625662	7.73930800759	8.71144155796	0.590485496427	5.28490621482	
0.0560412751802	6.44902201489	9.0	2.81470692783	5.76239658517	5.96309814859	8.86866717674	2.57818373939	3.26104595003	6.88926888881	1.34775465975	3.19071447999	
6.46925877988	6.73908158191	7.74091574673	2.870784138	3.42640085134	8.1316705836	8.57403484688	2.50897401691	2.44481138357	5.64873586012	6.23714734006	8.63649951357	
4.08505010102	7.19053116464	9.0	2.76671378199	4.86773642689	5.50501137111	9.0	5.65243479121	1.97092357148	6.4537808878	2.00973452343	2.87901120621	
3.10697997396	6.70072906805	8.37385235531	2.97874617011	4.23834510348	5.5559214582	8.51649104695	2.98929200662	4.15375698927	7.57888109896	0.18044482852	2.54319925878	
0.962238821898	6.58923623023	8.2152549615	2.85907436528	6.46561900831	6.51651861897	9.0	2.53149044557	6.03971111123	6.68439218137	2.71609305184	7.83821773794	
1.28036593126	6.44336140821	8.85190951841	2.57068016445	3.69474689367	5.17626061115	8.94146699331	2.60918532886	1.29462538602	5.74003475304	2.73307755122	3.87458653963	
8.46826222186	8.98846129041	9.0	2.65481585212	5.94231164774	9.0	7.44551451002	4.27901937149	0.377382396673	5.92486448038	8.82353891239	8.68427554489	
6.04182875928	6.90703091936	9.0	2.3673340045	9.0	8.93948846602	9.0	9.0	-3.15705398859	8.16011695972	8.90652382368	3.1366924891	
8.11766065536	9.0	9.0	2.65932287959	1.66893890391	6.67608230568	8.98444723668	3.56150680551	-0.959323139276	5.37239388616	3.71038082933	2.8080978399	
4.41534757428	6.70784029594	6.91789359377	2.67996531309	8.52300438902	6.79361681716	7.07380321948	4.65879759193	1.24587675583	9.0	8.9544110595	7.16857209541	
1.92909042739	6.64139648709	9.0	2.83538651783	4.06211183624	5.51492271263	8.65392772959	2.81735914722	1.7344405787	6.11518907905	1.90338746293	3.11824782268	
9.0	8.16583350167	8.49723981569	2.40240904281	7.89323191068	9.0	9.0	9.0	-2.06834144292	9.0	9.0	3.36505451565	
3.42209166495	6.63114938744	9.0	2.89864633284	6.58225346039	7.95226928091	8.86398066349	4.43815985607	5.17618670014	8.2527607893	-0.0946056639382	2.61297245346	
3.72926385529	7.23333285844	8.96834069574	2.38502620696	4.49607216135	5.45315428448	8.40821796079	4.57107731724	8.82728602195	9.0	0.621230566215	6.06053570195	
5.04436035121	7.78502750363	8.97347860357	2.58847426757	7.87784034799	8.8262993265	6.21597266975	2.86914185243	7.26559048177	6.00950558859	1.26045684875	8.20697253483	
6.33419712918	6.73175617177	9.0	2.58153352957	3.4547017353	7.38234307983	6.22852405514	2.48193608206	1.99258976255	5.50362029487	4.29977712469	6.32799565681	
5.59184239201	6.74529655755	9.0	3.59545583594	1.63762150987	6.60940444521	9.0	2.29285272688	9.0	8.9865401521	-0.460888974487	5.25988684889	
9.0	8.76132954187	7.24434059839	3.65196683176	4.66358233796	8.54045176581	8.59235539026	2.45408279263	9.0	5.80493310115	0.0349269182065	9.0	
7.06074255873	7.75910791516	8.99561896787	2.2271306773	7.20474219541	8.98494289495	5.79669448539	4.07002096836	3.32745606519	6.42758849354	1.95061588349	4.52638379412	
6.65849127877	8.68300841623	4.69470222823	3.13804554683	9.0	8.77922976836	9.0	2.68331056713	2.43515956639	7.52325135791	2.11831718391	2.85112034964	
6.7814945034	8.01989482752	9.0	2.78850569629	1.35619609062	6.2514665875	8.98399720373	3.13616204937	1.94406348517	5.56554569788	0.482062893185	2.45980823741	
5.95745461729	9.0	9.0	5.55576028289	7.44930595502	6.64883890962	7.48849788235	2.67545345868	7.226768758	7.87840556313	3.88268992335	8.9262882994	
8.99887400001	9.0	8.39402859499	3.21367857111	1.59170341943	7.69179841343	8.99285218376	2.2493731289	4.43391265823	5.67852372483	4.70605602596	8.92463340221	
3.87729357392	6.64149796311	9.0	4.37625311032	2.95613783576	5.34314449081	8.68319661094	2.2290248866	2.88475349462	5.71309761001	6.14991301652	9.0	
-0.194985048299	6.49113953962	8.4364593019	2.54683710551	6.4693459348	5.77883940867	9.0	2.9021528934	2.13201898169	7.42684913053	3.19139792509	3.52701785079	
-0.287401153875	6.69562743791	9.0	3.01937284187	7.08270727083	5.82327719561	8.72228175044	3.14226894088	3.54984769441	8.99720588462	9.0	9.0	
5.14039026397	6.80217367848	8.93718611474	3.10353113132	9.0	9.0	4.26206183249	2.61568673559	9.0	9.0	3.6708168683	9.0	
7.34403262055	8.3814104028	5.69673510098	2.63607932458	8.70872166452	8.93160716995	9.0	4.85247460451	8.97447267491	8.48595286164	2.67591181951	8.98723403168	
9.0	9.0	8.87219449664	8.45620127386	8.11171494588	8.62691061274	9.0	2.92013423184	3.07472253256	9.0	6.87762109506	6.60246717397	
0.946706576227	6.7997660858	8.99638045265	3.16272870044	5.70872187119	5.36528312404	8.18736174472	2.61094638852	6.10276742104	7.93741247249	5.3031556923	9.0	
8.99896700098	9.0	9.0	2.51378467234	7.48012762442	8.89256982115	4.11722337694	3.20819891508	9.0	9.0	2.12222035157	7.84889775105	
2.2484380704	8.1291134265	9.0	4.45184197576	8.20161385573	6.88355739859	8.90308504216	2.93094700137	3.53664241791	8.91604897524	8.81337961628	9.0	
4.2766653179	6.8532724225	5.39961160138	2.34772422619	7.9705223182	6.2159098905	8.97139739072	5.34135850388	1.83836367352	9.0	7.13094130675	5.5516917669	
2.32537706162	6.68627079668	7.15242047801	2.4999349597	6.08354619669	5.53970858413	7.86402458586	2.77357530886	6.44323463368	7.43502935611	3.79313776547	8.35314931323	
8.18427305475	7.20061559528	5.46352842569	2.4899633552	5.44041144396	9.0	8.78826679674	3.22954163744	5.35464429011	9.0	1.24964213199	2.99313300161	
4.29875888552	6.82959051834	9.0	2.45083871603	1.36049816008	5.39697178791	9.0	3.18120852648	3.46379986214	6.25036237812	0.314046472727	3.05806061446	
9.0	8.01476629799	8.20105955841	5.89220731081	5.50599610259	8.98003829076	9.0	2.99973727589	3.63382588652	8.09287903728	1.88751017333	2.82400900089	
-0.923055634537	6.73637666321	9.0	2.48673255177	8.76322636981	6.47921973526	8.93649503293	4.19350167765	3.60483911474	9.0	9.0	8.99947247846	
5.07884279285	6.54580479614	7.65561593637	2.37146718299	7.35007648908	8.97748064014	7.44818090711	3.69021755565	9.0	6.40342793089	0.818968942984	8.99733258018	
0.460419920726	6.57322489847	9.0	2.77440570517	9.0	7.12516085657	7.62184271677	3.80092660196	2.84843405151	9.0	7.23412676809	6.57031568471	
8.56442312673	7.52683430722	8.92677273662	2.57014650195	0.928630932874	8.52135541515	8.56060240206	2.43887424626	5.96083345978	5.4072964636	0.827567530065	7.02382883457	
4.54353515742	6.64224873178	9.0	2.70210714757	8.24951665105	6.38421594863	9.0	9.0	-0.781774094057	9.0	6.53194198269	2.46072378686	
