0.739720827511	7.27028929104	7.61144965007	2.64850260768	5.67603668766	6.37103255404	9.0	8.45508906552	3.93794869895	6.91565898718	8.95958432319	4.00539911696	
0.148284598974	6.52991106001	9.0	2.43531807573	2.71095831631	5.27198103989	8.79150257666	2.57788658153	5.08056950916	5.6337020875	2.87727246418	5.82320854117	
1.1710669762	7.52370487157	8.98325254577	3.3178160524	8.97925105052	7.01110366788	9.0	3.26149585368	2.16327365336	8.99940040577	9.0	8.7397382004	
0.0206430377826	6.49748404756	8.82051070231	2.557427075	3.19931101682	5.2358788838	8.9287704658	4.54771021622	1.57063349662	5.50539666424	7.14624515514	5.09256137302	
0.0484127075133	6.48956226283	7.37418498657	2.63757466858	8.87877505222	7.4657412979	9.0	2.97380020565	4.25326321789	8.78620151445	7.42522052931	8.44341242413	
-0.0289646481871	6.42418441806	9.0	2.5348743938	2.9039737491	5.20062191944	9.0	5.35425836663	1.81336292453	5.54948748424	5.55789028889	2.90900116942	
-0.165036107708	6.44610821102	8.89122266347	2.44290141686	3.98228372619	5.81880544403	9.0	2.96495118758	3.59591424926	5.84062818446	2.13448541186	3.64762799511	
-0.0335140913441	6.43451383543	8.96824566754	2.34650726247	8.50517736314	6.97612685236	8.36486960541	4.18210457161	1.97964883654	8.20698166496	8.57109991388	7.89008221648	
0.684405669061	7.23690294819	9.0	3.33348643526	8.37231233269	9.0	9.0	3.06442693474	6.80357852886	6.86775985613	4.80262570945	8.78938045214	
-0.0616334934426	6.56589937235	8.72273300816	2.39954711549	3.01327563876	5.49939291411	9.0	5.01985624501	4.93534296086	7.5326636222	4.83965923594	3.3007122399	
0.651384946933	7.18257305107	8.86068517063	2.92360011196	3.02393657581	5.38881718123	8.93122965551	2.98028054654	8.6476261689	8.99848753853	6.54439658774	8.91256695139	
2.50406287054	9.0	7.76029460013	2.86650327137	8.1617847581	7.96072159849	9.0	3.25333732833	5.13772929708	9.0	3.84688200867	3.98349854981	
0.741351656468	7.40016876249	7.98226513395	2.72319413676	5.23411980401	5.84639197843	9.0	4.88435901404	5.98117886344	8.90253118275	5.352465203	4.18919502523	
0.321286403829	6.98284429792	9.0	3.41948752998	6.33537516568	6.85408106902	8.99805377864	4.51636961017	2.12320837998	6.43304004157	4.32534127053	2.7066804256	
0.145567860857	6.54642013491	9.0	3.68119223002	7.88522536926	5.97793544755	9.0	2.30305286783	9.0	9.0	1.83877993924	9.0	
-0.100568214596	6.41362957399	9.0	2.35100694718	2.40949629361	5.25752571705	8.57445999392	7.32804602865	7.35995780765	8.90783229667	9.0	5.71973543125	
0.05422267464	6.62937915381	9.0	2.70846092721	8.39827626409	8.83097838398	7.94206339805	3.61347202763	5.73743587341	9.0	8.92543955651	8.77735569779	
-0.0391558950859	6.45641936059	8.97242195705	2.58990755536	3.48966593234	5.52547544168	8.99792331027	8.58234595552	1.57125574778	5.35729540542	8.94411851444	3.12487751135	
0.434871094291	7.00140646546	7.13829894959	2.4225668271	9.0	9.0	9.0	6.98124313663	9.0	9.0	9.0	9.0	
1.06021344935	7.47622375062	9.0	2.83242849326	9.0	9.0	7.83574207971	9.0	4.77170953621	8.72673128619	8.87647120121	3.21505560492	
0.237135317618	6.75152477207	8.99996358527	2.28538075813	3.08778983197	5.19377064824	9.0	5.5376747095	9.0	5.98721260294	4.32264738496	8.66751458545	
0.722296502469	7.29514494263	9.0	2.61633059881	8.79079781066	7.07436456267	9.0	7.21756948689	8.99999418095	9.0	6.0988381351	8.99994459746	
0.552601218368	7.14812562231	9.0	2.817200323	6.7619203071	6.57383468164	8.99987501639	3.01003024537	4.57244193442	7.05117234561	2.05807274991	4.99695774829	
2.44912822256	8.94469906924	9.0	4.1561275309	8.82125652986	9.0	8.96510263142	2.62174626182	8.94660822701	8.55712685871	4.44308317012	9.0	
2.50523045297	9.0	9.0	2.61313835967	9.0	7.25646581015	9.0	8.97836036934	9.0	9.0	7.67369871846	8.98607031325	
0.521586210443	6.74043891056	9.0	3.40847511316	9.0	8.3439194484	8.58123626412	2.59496724391	9.0	9.0	2.07191342861	7.78313548494	
0.627284593108	7.30986465608	9.0	4.13382949279	8.24112675705	9.0	9.0	2.91373032478	4.11266715554	7.34253712851	9.0	9.0	
-0.071394934544	6.44859067897	9.0	2.30537174	8.87644337905	8.0995100218	7.31619786974	9.0	9.0	9.0	9.0	7.8854069436	
2.50525327493	9.0	9.0	2.61638933467	9.0	6.95357467318	9.0	4.61369773241	6.19301364831	9.0	5.83025924072	9.0	
0.637536804496	7.14064175513	8.76858123796	2.69156839141	7.79758078659	9.0	9.0	2.86170992817	1.84713121139	5.72383830103	4.86094121741	5.16252557681	
0.959899961493	7.49055273202	8.98841106926	2.72753824587	7.89521471334	8.99948613737	8.238507338	8.99999999982	6.95562742242	8.56606812471	8.98997688444	4.88138011622	
0.955083953704	7.44496593958	8.80178383695	3.43182799474	5.5049354782	6.88403125416	8.96178819175	9.0	5.44453700998	8.5754944088	8.99886854883	2.98836706993	
-0.106371780345	6.41432589128	9.0	2.80023139175	7.90272242769	8.33596734656	8.12713497193	2.74842863429	2.16630635866	6.43615798628	8.98785758825	9.0	
0.055850055414	6.61857217537	8.52844808026	2.66353348313	4.41941459842	5.51799854559	8.23186405451	9.0	5.58080060769	9.0	8.99990576468	2.77802498542	
2.50630853045	9.0	9.0	2.74633789687	3.48316518388	5.58064093452	9.0	4.7951453189	2.83719087213	6.08270835834	5.09462049415	3.37369880235	
0.768103177817	7.19909383302	8.8389965841	2.52853753885	3.16229591247	5.3958932216	8.99853658975	5.19063543376	7.30195620808	9.0	6.1698906399	5.45363244566	
1.04995251543	7.47518372189	9.0	2.50703451005	4.34015140373	5.63100631096	8.77649591952	3.83710607842	6.84143122015	5.95027803087	4.73141200764	8.99939950223	
0.358884325999	7.02289313495	9.0	2.68443236161	7.7205737161	9.0	9.0	5.37151445192	9.0	6.24496702976	4.74090391189	9.0	
1.6186950979	8.06895662961	7.98417624149	2.77941262656	8.96534684089	8.59416814989	9.0	4.14943760954	3.60076966202	7.61352962543	7.94053209759	7.55900882041	
0.620303677483	7.01122531424	8.99390811912	2.56474502435	3.62353639095	5.3634303186	9.0	6.61530789415	1.28253766727	5.55997917383	8.29889756515	4.42583385116	
0.476592788497	6.89479543493	8.42462003403	2.72226039922	5.12581412436	5.78571398819	8.26606915065	2.92124463397	9.0	7.515366248	2.72555727094	7.89502101208	
0.134196821578	6.59891295022	8.99699084933	2.4866806614	2.03632801296	5.14081711893	8.69531124732	2.82749749232	8.74102094883	8.74521848371	6.49706029323	8.9987343391	
0.0638869032149	6.58449582546	8.75480701594	2.32945740471	5.86922869755	7.14517413672	9.0	3.18013655071	5.84995897496	6.42574252739	1.64196302176	5.184068634	
0.117137990427	6.82558867249	9.0	3.00495925552	5.07965778166	5.94472240179	9.0	2.79880402954	6.20643515479	8.74099826367	2.0975060133	3.81477181398	
0.990226769958	7.40048644471	9.0	2.72834236362	5.99698990495	6.33797095801	8.37607623375	2.99130973756	6.54229008881	7.99219732253	2.03193472997	5.06571793423	
1.01252822824	7.47198139213	8.99810573274	2.46968912656	2.7788638091	5.55590180988	8.9999998247	7.80856537775	9.0	6.82746132129	8.66309624158	9.0	
-0.00896704378794	6.57371885436	9.0	2.6423487117	6.92816003329	8.41581200429	9.0	3.82037483736	2.82890365562	5.81921641499	2.79412915481	2.91169777308	
0.907921762102	7.33703581376	9.0	2.65343758433	9.0	8.99657917448	8.99998942639	8.25806291773	3.28123011803	7.00465841994	9.0	5.7979837155	
0.206490654427	6.63499292611	9.0	2.74080606017	2.54735621499	5.23057905233	8.87507961201	3.06346150295	3.50471935344	6.0181171107	3.75593351166	3.95833421504	
1.01933759751	7.42077428779	8.64655546716	2.85313394785	5.46663790899	6.45847155741	9.0	2.81340378563	8.87592920473	8.20357873911	1.70363976961	6.65647647722	
1.07959784238	7.56714956536	9.0	2.64188715077	9.0	9.0	9.0	3.34314494217	9.0	9.0	1.66185472259	6.86531604254	
1.21112757194	7.6135524896	7.93404021393	2.66192652153	8.87243673884	8.99163332151	8.38424391774	4.68530439054	8.94649350373	9.0	6.95067317836	9.0	
0.153717126814	6.52621029707	8.99979202143	2.35738531419	3.42113104999	5.30496849789	8.91229525743	6.82282071449	1.95714209814	5.73743693856	7.50285323297	3.83855692835	
0.0697405617389	6.55151319665	9.0	2.67720559634	6.95732631262	5.38674645278	9.0	2.64328012277	8.93058521171	9.0	1.03972774347	8.37066883554	
2.50529171736	9.0	9.0	2.50209012361	2.68466187569	5.55268547565	9.0	7.15004882936	8.89435505206	8.99203937432	8.76402732071	7.30649653647	
0.36621396494	6.79704991431	8.89018265801	2.30858627274	9.0	8.99007511157	9.0	6.88394309188	4.1155243892	6.75036477591	8.49732584261	7.72480185846	
-0.0897891719364	6.42814291908	8.95853807694	2.56128355508	8.95050561753	8.22361172163	9.0	2.96805900794	1.14632375158	7.39804148896	8.90126146243	9.0	
0.0457093508905	6.51738503542	9.0	2.5455062764	2.91318739266	5.24047176133	8.86303709106	8.99755562539	2.26279563892	5.46485921121	9.0	3.04284582897	
0.470436361919	6.86798358364	8.88950882473	3.16626787253	7.90364453866	8.95972812594	8.88630648677	2.83517748779	3.14866253033	5.99014039962	4.54347031817	5.84925494271	
0.739127774268	7.22506424304	8.97169933996	2.55004587354	8.01354850881	9.0	9.0	8.99973073553	5.66781755665	8.59860745853	7.60874849286	3.19100910708	
0.186518377069	6.63814718394	8.99998862226	2.93536910503	7.13458738812	6.17567541528	8.1822373044	2.64859089297	2.0734214542	7.62482576979	6.02905021306	6.31325594569	
2.50809089617	9.0	9.0	3.86811021054	8.51147682224	8.99814066766	8.70184560415	2.62782282903	5.82826789728	7.80663999205	7.09684324002	9.0	
2.49910578407	8.97819035244	9.0	2.60428739626	8.61486485831	8.31741212486	8.99998187789	3.81813410396	8.06995372625	7.39671751788	2.56947698841	8.28956810823	
-0.146302270303	6.40554769416	8.93812008597	2.40482408527	5.99532959659	7.1921109298	8.39492167549	3.15417343293	6.50484560594	5.76455604099	4.55575812333	9.0	
2.50523851357	9.0	9.0	4.20513268377	9.0	9.0	9.0	2.6208601427	9.0	8.98996117277	4.65562508698	9.0	
-0.0388219319213	6.59428260325	9.0	2.61245592806	8.97060035383	9.0	7.75787288611	4.91493378173	6.67195299047	8.87079194863	8.99996892512	9.0	
-0.0986266103634	6.4001097535	9.0	2.53156970428	9.0	8.80422233799	9.0	6.44317879858	0.923987584257	7.00718923615	8.13068502459	4.40692240979	
1.08511062408	7.63843457759	9.0	2.67359259658	5.59115574384	6.13398730371	9.0	7.84343222817	8.28259375848	8.97086059825	6.47179513747	5.86221917334	
0.707732225558	7.18000523405	8.99299455312	3.65835759842	4.22871899398	5.46105294174	8.78599947206	2.39677782837	7.51052990858	9.0	4.18264562287	6.34470825072	
0.870213815046	7.33153424604	9.0	2.71687664124	4.29539996028	5.37011850519	8.58720902689	4.51094203147	2.09217011739	6.18743883059	8.98326334241	7.34472530031	
1.00515097166	7.3454527416	8.80940442629	3.19440414362	5.29022265113	6.23165682334	9.0	2.92977906345	3.59233647122	6.88724718809	2.84559223033	3.49481169843	
2.40682725463	8.9013125942	9.0	3.51484346655	7.82014901321	7.30183126394	8.325341971	2.67417982011	8.99152875743	8.95499735843	4.14814630823	9.0	
0.856733441244	7.38975898583	9.0	2.6204913087	2.81729461383	5.63859863045	8.99859123069	5.29997427805	4.4815325641	6.6579997331	8.56907908947	6.8266597489	
1.0558440993	7.43264984661	9.0	2.68598845243	4.06320745911	5.47936393839	8.41945805922	3.14251419152	7.74718103936	7.78288820984	2.7426619066	6.1873942504	
2.37202928801	8.86598980139	7.72739957694	2.74865645291	9.0	9.0	8.99701733153	6.35923597741	3.55944999137	7.4390221121	8.65955936815	5.55468628308	
2.5050887129	9.0	8.74399171968	2.53347763278	2.97544832279	5.55898768156	8.99918579598	3.67572370857	8.95566083774	9.0	6.61343557682	8.67964127043	
-0.191226407143	6.34391094347	9.0	2.27532835497	2.2590460677	5.39729111047	9.0	8.31561755075	5.89404052007	6.54688434814	8.59080423377	5.25947148948	
0.0338327836607	6.45943675287	8.99998523292	3.07945881505	6.93553003698	5.89919860961	8.63159004539	2.87314531747	3.79736789886	8.92528283147	1.78951884185	2.6540370573	
2.50530474831	9.0	9.0	3.55083623	8.97185548399	9.0	8.75957986586	2.96292524747	2.74867465919	7.12682772131	9.0	9.0	
2.50514178563	9.0	9.0	2.61358820962	9.0	7.41377099842	7.86706848183	9.0	9.0	9.0	9.0	9.0	
-0.0254897456396	6.48867253388	8.88407858328	2.23094924729	3.36205116758	5.25980348323	7.80540844387	5.12759753848	6.2671468173	5.7417678497	7.75781265028	8.86442561836	
1.17787607568	7.6641891515	9.0	2.87352845961	9.0	9.0	9.0	3.3589509263	7.7099801874	9.0	2.16865599018	5.7751942308	
-0.146062488862	6.30736474252	9.0	2.25498333294	2.65256349083	5.4983435815	8.99072738574	6.29107598897	5.86048825214	5.63374786416	9.0	8.99863845888	
0.182794716938	6.77056201282	8.99910475877	2.58444967441	2.70685255606	5.27985064665	8.90478133336	2.571796168	6.81465220457	9.0	2.76387506671	3.75722716857	
0.0115328489808	6.55120212355	8.81317100964	2.82909975368	2.74335175185	5.29467766169	9.0	3.06988657297	2.96435631372	5.97503702989	4.19026774266	3.79335795525	
0.201934030856	6.56926165638	8.97632113684	2.27235616736	2.07058348471	5.29525847195	8.85665809632	8.34664104346	4.61661439099	6.4700463219	8.42538899961	3.86210636796	
2.50523476388	9.0	9.0	2.61015793817	9.0	9.0	9.0	6.84540664076	3.98484565963	6.95845631961	8.99964110642	7.73080067159	
-0.0706116341919	6.50851607013	8.99693754787	2.39741072196	7.5163994201	7.27146919202	8.09872452612	3.36177321732	8.97630356181	8.92562278397	2.72570322201	7.35168416117	
-0.187084450186	6.51558243632	9.0	2.47342226465	3.89312998331	5.68195869186	9.0	2.97027115556	7.48292050359	5.96903215038	3.35925601261	8.60596132359	
-0.0708221104241	6.49221741662	8.94018284393	2.57490839339	5.95802329153	7.02058424999	8.65800094783	8.72896185459	5.79498678679	8.98129583612	7.5602817444	2.76414453368	
-0.0777966722881	6.51127449141	9.0	2.61546829692	6.56496464906	7.76941607116	8.00867943111	3.27757346001	6.19121043732	8.33711608516	3.05908328633	3.99546923031	
0.547545995151	6.92154588613	8.95078768271	2.63177575239	8.72038892826	6.60813596204	9.0	3.17366130873	0.925401772247	8.76359660822	3.85405969556	3.60105488974	
0.27942097775	6.8735799166	9.0	4.48541561096	8.99625351723	8.86650264424	9.0	8.47752023359	4.68475049598	9.0	8.99995378792	3.12080894986	
2.5046831249	9.0	9.0	2.68735053636	2.98539717279	5.56124845381	9.0	2.96683671465	8.98509271538	6.73335981482	3.81839677485	9.0	
0.0169499860101	6.46220434085	8.91066818797	3.41285566579	8.79169305203	7.76934858037	8.57748057281	2.47308180552	4.27971561978	9.0	1.90691127923	3.1197117793	
-0.215088080372	6.37399709599	8.97611105356	2.54530130187	4.12926835436	5.74054180316	8.99939257045	2.81112721433	7.86108685831	6.07092400945	1.63120204932	7.5219964695	
-0.107533802098	6.44344675906	8.99647269343	2.48103047667	8.93583268138	8.87659944197	8.99261311844	6.11090419926	1.35148925977	6.85150776898	7.38224154951	4.36885892331	
0.587538115732	7.00053775094	8.37785317868	2.36713927713	8.72570480619	8.22934096805	8.78375895209	5.48787429181	4.41894651761	7.28276945289	8.75015161081	8.9892519602	
0.554752997624	6.91823164709	9.0	2.66432291306	4.35199991489	5.37740211417	7.56280138006	5.61765129518	6.95347685186	9.0	9.0	7.48550097526	
1.00174588247	7.34027517198	9.0	2.99726445883	3.9555548099	5.53842719453	9.0	2.73893453485	6.46103846005	8.88668800408	1.78064339421	3.38491031463	
