9.0	7.93674529942	8.91563366848	2.48130484699	7.34980714409	9.0	8.99769932265	9.0	1.3702321847	9.0	7.7797706382	5.47645663698	
8.86312384456	8.67202732865	9.0	7.89799252171	7.48991579773	9.0	8.74381802589	2.73636201872	3.80135215884	9.0	8.99647831707	8.9960791428	
5.59863375858	6.60800693165	8.89341900368	5.95840502386	6.24324452334	8.80603805731	8.9578767941	2.35777552951	5.7438130829	8.39252026471	0.310472474671	3.2417475452	
3.70191960526	6.61803197508	7.90383183386	2.88479131012	5.97490106238	5.44383078858	5.86793638178	2.56979037984	4.8971545231	8.9404633335	2.00153485323	3.59353015822	
6.04890594636	8.9508586656	8.99803170399	4.26603638867	4.8541336677	5.64256856369	7.58346894767	2.71349058728	6.05645881636	9.0	1.02869415276	3.58446311447	
8.22621430849	7.22466685499	6.09958317283	2.60667735517	4.42177344603	8.9597422586	8.56713845671	2.69260967671	1.09345586224	5.84655041827	3.34035836666	4.11815520992	
7.29242829181	6.716120125	8.99044804089	2.67724530888	6.14480809742	9.0	4.77477506582	2.74393827663	8.99716536714	7.57375450568	1.89494558061	9.0	
1.32291271995	6.81919538331	8.44929054684	4.33122954822	8.0214602437	6.816325142	9.0	2.61131523737	6.46503758264	9.0	4.17942595335	7.47418079185	
5.53892211892	6.80185634683	6.56755920629	3.1481031589	6.63731726435	9.0	9.0	2.70673676551	-0.228851344991	5.63906301216	9.0	9.0	
2.32059766347	6.4308384421	8.9997948668	2.60612242107	3.10488873498	5.59622372274	9.0	2.83260631354	6.59704445948	6.27693687125	1.03482703333	6.93309406757	
2.52529019705	6.42341346167	9.0	2.44245574722	3.3834047179	5.55933261707	8.55789553719	3.03747307126	1.11076116183	5.50182892732	1.63248312091	2.91287290069	
6.81171610386	7.33959209894	8.98120849059	3.18287302888	4.37831664618	7.58503720523	6.90712335693	2.93020111688	0.688263430428	6.13579201582	4.18710169628	4.30183929785	
8.99692442246	9.0	9.0	3.92583744511	2.59476430765	8.12859865036	9.0	2.60104022656	9.0	8.85911504278	0.337743777099	6.15147682869	
-0.955761765841	6.59324183196	8.82904465839	2.86295925783	9.0	7.82480660435	9.0	2.64532699904	2.55146775629	8.03917397598	8.88429672648	9.0	
6.48921546654	8.99956771158	8.89228889891	2.48718622314	2.50361578032	5.34341022777	8.62375107791	3.8025631169	1.09657068286	5.61868990501	1.89429165702	2.91768241151	
8.01934066032	6.76519374769	8.69676018064	2.87675747192	1.52598213366	9.0	8.88748762445	2.43463995328	1.78670328909	5.28876726683	3.72041524923	5.83245617071	
8.99809546599	9.0	8.69220862168	4.27856508319	9.0	8.98946513011	7.00435262753	5.58842753508	0.45674008241	8.97291053839	9.0	5.76684368438	
5.26165416835	7.02022455952	9.0	2.94920993373	1.31639926446	5.96078892884	8.96615778701	2.52018501821	8.30785858864	8.9809929534	0.105734313243	5.29838988089	
8.38197824515	8.0310924673	8.97925906811	2.30073027984	2.18233958572	7.95659270416	8.82254642346	3.95881874539	-0.18670077422	5.30881517036	8.79495022587	8.99998143398	
7.90444688249	8.27070672224	8.91857182519	3.1752750385	1.28622096881	7.30616315571	8.83587969935	2.38332488307	3.52335108528	6.03225520468	4.99267964026	7.91154649617	
3.16738547028	6.47510072526	9.0	2.30287077112	4.19513982052	5.40752489884	7.65083634414	3.9030788671	5.80094265428	5.89969861633	1.84274484164	7.45885209082	
8.25927848627	9.0	8.7028523677	8.23716795193	8.71488015868	9.0	9.0	2.35900397767	8.61359952597	9.0	3.79359859307	9.0	
9.0	8.72811273463	9.0	2.52522071889	8.10410200827	8.83047706196	9.0	8.98416213025	-0.170521527383	9.0	6.3456527158	2.93193845846	
7.40266173249	6.64442725859	9.0	3.09111672877	6.77455368301	8.99952665743	3.91519761704	2.53875135896	4.322628043	8.45305506294	7.48618499181	8.78472375353	
7.43336956536	9.0	8.85762964956	2.69783682048	8.9752663872	7.82119918288	9.0	9.0	0.451921310808	8.81302167238	6.46719367552	3.54893619589	
7.02497750043	8.56254582797	9.0	2.27563672395	7.31870475224	6.27799880569	4.28646162754	4.56330619235	5.51240690401	8.79832522861	5.27850902505	7.45815458735	
2.17679605479	6.43321951968	7.37449049855	2.72628438514	4.80060750227	5.45469372273	9.0	2.80541947613	5.63405980927	9.0	0.567433227472	2.87655204762	
2.61143857685	7.05900228586	8.13219878269	2.79212193133	4.11818072286	5.44655104919	8.99965377748	2.55797537037	2.96088697683	5.66253068063	5.10522940392	8.13951578906	
2.63749498892	6.51670559459	7.41517563908	2.99673785063	5.54224304836	5.79666809849	8.72485629802	2.95483123003	1.81037927329	6.54980397457	1.63943741172	2.61898975093	
7.99056847044	7.39785994935	4.67272628244	2.68080565411	5.7766870591	9.0	8.99999968474	2.43164316079	2.90589038852	6.5925428466	5.60970049327	7.47838044231	
8.99285388864	7.44534662965	8.52784863515	3.56513646354	2.67552239599	9.0	8.39188846726	2.59513877957	0.0170224610709	5.65102524662	8.99153058694	8.9959892394	
3.75736630701	7.01418479834	8.9687065698	2.62351878149	9.0	8.23892327995	9.0	6.95681661214	2.5953938992	8.10956089423	9.0	9.0	
4.98754360326	7.03734511122	6.17054136395	3.97814087815	5.00515749858	5.80581728138	9.0	2.38275557573	3.29611031305	7.09870333454	1.01658074646	2.86201420516	
1.97235452286	6.61911712139	9.0	3.08352488521	3.71664172338	5.39421690959	9.0	2.577107027	2.9708338622	6.39870671989	5.36173375087	7.57715668959	
4.39438524977	7.21840190406	9.0	2.48736714044	2.29633166274	5.70095119864	8.577056065	2.94164727542	1.30268086164	5.64441408717	2.95256204514	4.39086638281	
6.87884645583	8.84898299017	8.26530775996	2.56885666008	8.11714643145	8.63754220083	6.15849345082	3.35939557269	6.01953128561	6.76986086635	3.55488655113	8.69703950825	
6.86423167835	7.44978024918	9.0	2.6432187363	1.03583874042	7.05997795153	8.69579229897	2.49071024406	1.07608116853	5.41405571774	7.61587075587	9.0	
6.80211403673	8.99634519447	5.94218883559	3.54647543959	8.46044220242	8.99636808981	9.0	2.61178253798	7.38356325824	8.68492011942	0.646331175744	5.16566487496	
9.0	9.0	8.30225361036	2.50389153187	9.0	9.0	9.0	9.0	2.00491959809	9.0	9.0	7.54948345671	
9.0	8.99982317969	8.70038491595	2.37813294558	3.86140416406	7.8699026806	6.67098943517	2.97181607351	3.33177801138	5.73778513591	0.0618597057971	3.3567255839	
5.55893075916	8.47220964451	9.0	3.55707923504	4.71365870191	5.75185518937	8.88003044613	4.30492071512	-1.20246836879	6.12510110537	4.73936976055	3.05890206861	
9.0	8.99933967361	9.0	2.98873613909	2.25165699144	8.11508328985	9.0	3.21173943437	1.28387915327	6.12722075902	5.61208537613	6.39815759973	
-1.54917715146	6.52011408888	9.0	2.47626321868	8.05477950822	6.42364890219	9.0	3.05438508814	9.0	9.0	3.28302588324	8.92625947005	
7.14050122901	9.0	9.0	2.46295385121	6.09783628849	5.94710868101	5.70608119409	4.65805824687	0.197831353372	7.54718600156	8.97432281669	7.09434236194	
5.23782345147	7.18574276084	6.28650517383	2.46303970811	6.00407299585	7.92063933322	9.0	3.06711721324	6.54491102594	7.43360602841	-0.0110290192857	4.79788105147	
8.96596491244	8.75211228321	9.0	2.70866435157	5.81703016428	9.0	9.0	6.14853279465	0.407065695667	6.61496906835	9.0	8.67634993555	
9.0	7.97069353998	9.0	2.23223520112	3.4632824573	8.98370995974	8.51920098221	4.82635763172	2.98482445605	5.55836250161	1.46748383868	4.43188261374	
4.0520923854	6.48978238919	8.72354549021	3.15190004984	2.75513152361	5.62568722963	8.13353553369	2.3936361808	3.73507676534	5.35165060191	4.18527265502	8.17604828004	
8.66586691219	9.0	8.98272596509	2.73661295295	9.0	9.0	9.0	9.0	7.77265013969	9.0	4.40699156177	8.7222334972	
4.9891723406	7.28188457049	8.78864850598	2.60971494424	1.12880800414	5.47130310293	9.0	2.50517476619	0.590877976051	5.39689249354	5.1244964126	5.97141069933	
8.42492530791	8.81627149517	8.98982215198	2.5240012026	9.0	9.0	5.25374871614	5.34867875383	4.88914084938	9.0	7.61089552336	8.99427500148	
3.89105502776	7.69521681224	8.97283998809	5.98331080926	7.07661938717	6.56673551829	9.0	2.76487360968	3.28688063765	7.65256229322	7.69285229209	9.0	
8.82946410511	8.52508589015	3.90714357448	3.61935397912	8.15990327384	8.99343403566	9.0	2.73462910719	3.04412244466	9.0	3.66601442366	3.48596626108	
4.48370886749	7.65298189287	8.2429437001	3.29016073768	9.0	8.43340520489	8.97649213203	5.45428137115	-0.950018096317	7.5186011374	6.54604575617	3.72198181035	
2.6928717096	6.72727878007	9.0	2.49800564152	5.70040238044	5.45139889635	9.0	5.79275561375	6.38728624647	7.80864361132	2.6585814847	6.80822662837	
3.43128951463	6.94571723285	9.0	5.60046932758	9.0	9.0	9.0	3.02120998278	1.74344782559	7.23027596005	9.0	8.99639963743	
9.0	7.90284258548	8.96021718794	2.79073150141	1.79546110576	8.99605152765	8.99678371965	2.8879023879	9.0	6.4782194551	0.109449624739	8.50115332909	
9.0	7.87614999333	9.0	8.60449883559	6.60664626241	9.0	9.0	2.27385585299	8.51493327669	9.0	3.99573861443	9.0	
4.66715645488	6.9860603403	9.0	2.5821469532	3.19491497631	6.14998748736	8.35800949727	3.63206474558	-0.322427395633	5.48124139017	5.12673872595	4.98089840243	
1.458964162	6.4575636647	8.99386735581	3.57686901844	7.91649886819	8.80298674892	8.86812661927	2.39601078275	9.0	9.0	0.205796942263	5.99976614837	
0.954481047493	6.55050917607	9.0	2.51508984018	7.3560664963	5.37645726807	8.4214667464	5.33981625241	0.843765427257	8.9994834201	8.72451115698	6.28979984286	
5.76293722941	7.80375140746	9.0	3.03004974682	1.15923828652	5.7410198258	8.89184769783	2.3377906438	6.01658741245	5.44457087245	3.06972410133	9.0	
4.0553238764	6.45503272122	8.59092202322	3.68403480079	4.21901491252	5.83559420284	7.32135125979	2.2795331252	3.47221676448	6.15284785625	0.43464627715	3.38600376391	
9.0	8.83781899133	8.36222843685	2.54316046638	8.81253556439	8.89497671063	9.0	8.87855356131	-2.48523950304	8.95388012732	8.49501593872	2.72496750156	
8.61002585048	8.10007428454	7.92691416598	3.96824228165	3.76399002644	8.63422680565	8.77932735702	2.37212499975	2.04888220122	5.4343235861	2.53871798623	4.64045175222	
6.83183475586	9.0	5.53528195344	2.96084827693	8.55547231289	9.0	8.71557062637	2.79555173305	5.24116770078	6.58906382205	4.7367809787	9.0	
8.48421645948	9.0	9.0	2.59959803026	9.0	9.0	5.72450765365	5.79757403771	6.49188703803	9.0	6.18067396111	9.0	
7.10661241551	8.89737859761	9.0	2.97906647559	2.02736465109	5.82260750913	8.02069369533	2.37346236344	3.2702117961	5.76512125305	0.106676253885	3.43001845863	
3.27007082082	6.39679388466	8.9629985487	2.83234748818	1.77025840256	5.27643974769	8.92939645487	2.47255532965	5.88341109619	8.37557013836	-0.16875590408	2.94582774213	
3.27492181574	6.66345208879	9.0	2.82702709592	3.43539540669	5.19786934209	8.99569647502	3.96924783462	-1.29241945991	5.87387870537	5.00700954455	3.70043313413	
7.90284522705	6.9023416903	8.99856441291	3.28152782409	2.67023646925	8.62962414126	9.0	3.64623369316	1.79396106002	5.74343185267	0.427837640171	2.35136747216	
9.0	9.0	9.0	2.5262751913	6.10971758866	8.99975522074	9.0	6.59512700277	4.57389085572	6.32177260008	1.26087313243	5.3436787157	
8.89032233461	8.99961514746	8.00170565034	2.62555144829	5.34526361812	9.0	8.69074382639	4.20043249697	8.97998562394	9.0	-0.0839209361681	5.71527687414	
8.53469860962	8.97808893655	9.0	8.41382096983	9.0	9.0	9.0	2.96128716842	2.70511595716	8.94525059239	5.04088487565	4.62933339854	
3.30886480453	6.77950470754	8.82849585369	2.81797258815	2.8671605664	5.51715107918	8.75230372543	2.62419672128	-0.16727716494	5.27143773107	4.42234716646	4.67399423818	
9.0	9.0	9.0	4.64057287004	7.58378949507	7.93982353776	8.81998171243	6.8550169135	0.35834243506	8.99914174855	5.48144099624	2.53710677537	
3.24160666602	6.55490972962	8.91512988737	2.98731226279	2.36317593046	5.24447075155	8.99810696336	2.90536284849	1.70632042762	5.39764960133	0.80077783641	2.59573602882	
7.95575397771	9.0	9.0	8.60725363595	9.0	9.0	8.99891315904	2.51584170611	3.82457331033	8.48156784522	6.75377523603	7.62034618972	
3.45855046301	6.85140166655	8.99260492538	3.21128318105	2.67265344263	5.5515651284	9.0	2.55397967238	7.92984678376	8.74227207124	4.20824103999	8.99894312946	
3.26234003095	6.67279041083	7.23348079413	3.6092675329	8.23087810046	9.0	8.97929249022	2.50228851483	5.66397290717	8.82094798527	0.508156578252	3.13715680746	
1.58383266453	6.44604466908	9.0	2.59585346134	3.63631123231	5.41978336313	8.88396646548	2.60876570389	0.459603964045	5.58132059732	3.64930709592	4.17557648273	
8.98021768378	9.0	4.68703390322	2.52927985339	8.00377018981	9.0	7.79245654176	2.80515817296	8.76194825263	9.0	2.30965084926	7.8974472617	
9.0	9.0	6.50757489409	2.59106305556	6.8674625099	8.99953358791	7.26664702495	3.21503694672	4.92124763396	9.0	1.55129661011	2.9189095577	
1.45170133351	6.41043696294	9.0	2.34724372557	9.0	7.00555862665	8.98421141223	6.80434208323	5.37724277034	8.98804473011	3.63500016549	5.51758088446	
8.60379853706	8.99877709621	9.0	3.80581205071	8.96139877583	9.0	9.0	7.54074910371	0.69361780989	8.75879537347	4.82777707232	2.58696714584	
6.07589268065	6.73391530869	8.69414051863	2.41810236488	9.0	8.47623436043	9.0	9.0	-1.61483020124	8.9738326773	9.0	4.16809047823	
3.69267792342	6.51942800059	8.99737425786	3.27546453648	2.34030335671	5.85024207529	9.0	2.38606108194	2.58878466141	5.78779529875	0.773600449059	3.20886326403	
1.18527673028	6.82251019239	9.0	2.62726256581	4.52742636017	5.25306451846	9.0	3.1129993859	4.68577412512	7.84376343043	1.17647729536	3.50594159577	
5.84827331546	7.25358895706	7.33323392366	3.01521687207	3.18138206549	6.47060933903	8.99216788421	2.47203632885	9.0	8.1812515679	-0.537209334646	6.21077277065	
5.23682784425	6.79374034149	4.49735940118	3.61542564307	8.93677027186	8.99400102406	8.97532181788	2.42129849285	6.42901672137	8.96271850677	6.15753924589	9.0	
2.14994550986	6.32439841346	9.0	2.40345122244	3.65026800897	5.33497845056	8.19066083007	2.99235883833	4.37809248353	5.99443158002	0.509022076028	4.45489890895	
-0.138241496598	6.57166820073	9.0	2.59986084703	8.90056560163	7.46533149318	7.70754689449	2.77643095422	6.29308009777	8.87886205672	5.96727850742	9.0	
8.99751255786	8.80699988367	8.9559659708	8.19089315728	8.02680380819	8.99993480333	8.48220959356	2.39751103927	8.16005671646	8.95420881215	3.58560518758	8.71120364034	
4.42303685041	6.8602088808	8.99600285881	2.60860377683	1.04318490213	5.33567391063	8.82643111374	2.53355132136	6.34161018032	8.81046594818	-0.152211188321	2.97975705445	
3.37656749886	6.86569430746	9.0	4.89283637582	5.48350563765	5.32211760431	7.62298564344	2.48209890826	6.1431391251	9.0	1.98854327458	4.72902365212	
4.31082255712	6.86140744292	8.05817791089	4.46549579726	4.24119755796	5.86825963995	9.0	2.32872662059	9.0	8.7604624515	-0.237210956282	5.89999853151	
9.0	9.0	9.0	2.62113726478	1.57077466147	7.97449450497	9.0	2.81253121919	4.14403083825	5.73007443322	0.999292007986	5.38839280589	
3.12899103691	7.02064765282	8.99709724586	3.73565215016	4.333300684	5.76423668865	8.44008760837	2.47228992913	8.94955875798	5.9064546851	0.508788092194	9.0	
2.36449264041	6.37534516466	9.0	2.43624613009	8.99969954845	9.0	9.0	5.57557109519	0.243374551193	6.84480269687	4.04210080893	3.10511049984	
2.22849604124	6.60873071507	9.0	2.32641430265	4.31168664567	5.80721106255	8.97262573036	3.80529674376	6.57245235883	5.43769457703	1.79254143225	8.60024011014	
