2.50526008745	9.0	9.0	-6.0	1.22758245297	-0.0624767381232	-1.58005437333	2.25282060118	9.0	7.42934667727	-6.0	1.18905938233	
0.456974255826	6.95156250839	1.09408869888	-3.97095601248	1.47673072649	-1.32817110342	7.81779724228	3.23115591058	-5.64159147217	1.91115637378	-3.49384519874	-5.42994687887	
2.49817597598	9.0	4.68820272668	-5.99803498653	6.53300420305	7.64367917699	-1.54187957949	-4.4413456738	-5.31803378352	-2.63052764789	5.25643990447	8.20230208667	
-2.44724888535	4.04749012969	9.0	-6.0	9.0	6.71302852931	4.17038604075	9.0	2.68786086841	9.0	-5.30562348427	-6.0	
-6.0	0.49460703582	-6.0	-6.0	-4.05253860971	-6.0	9.0	-1.50975270011	-4.15782658096	9.0	7.2463730028	-0.293706158931	
-5.67986971233	0.806633633538	4.1063939196	-6.0	-4.25605382694	-2.98848301169	9.0	5.39275714909	-1.8469810211	6.70288198853	8.96865989786	6.03272532581	
2.50692178671	9.0	-1.69106466536	-6.0	8.69690908439	9.0	9.0	0.548495417897	-6.0	-1.95580167039	5.43517642509	7.00990678479	
-6.0	0.483612316512	-2.5778283501	1.19999029745	8.98813777902	7.76650164901	9.0	-6.0	-2.01420948012	3.17812502426	-6.0	-5.58097086721	
1.29124011675	7.785941947	1.47019842323	2.32629849111	8.59747521609	4.00850477035	2.72440754719	-6.0	-5.9736356971	2.94154841514	6.05369383481	2.75619082315	
-1.93497266758	4.55867024769	5.35897198381	-4.04063607173	6.77004453197	-3.87088996782	-6.0	1.5857599075	-6.0	9.0	5.66701740731	-3.7169072437	
-6.0	0.488252755221	-1.08098612346	-6.0	-0.39779368418	-1.9773827444	-0.0486411248981	-6.0	9.0	7.14284015172	1.52569795663	9.0	
0.415652948188	6.90986046444	5.10697587646	-1.90182151129	-6.0	-2.95513970467	2.49273299659	-6.0	-6.0	-2.72174943195	-1.95715045562	0.381241666009	
-1.05590502555	5.43862528968	1.32590380271	-1.58111756435	0.725739694689	-0.564013723736	2.26068891181	-6.0	3.60148094801	3.36576644869	3.14663486971	9.0	
2.2248670226	8.71943494785	8.87164186937	2.99775151499	4.64619326368	2.71277947869	0.853243747283	-3.79653963611	-2.40916715606	3.74488187247	2.18692504637	1.65058753708	
-5.60523602969	0.8573397109	0.507329765762	-4.13186491679	9.0	8.69827521478	9.0	1.43653006057	-5.90648845534	0.450458107776	0.577465040223	-0.0455736027231	
-6.0	0.494373075046	4.41914396785	-5.06072507523	-0.523848424499	-3.50079194234	-6.0	-6.0	-3.92668167019	3.38185311326	-4.3086289219	-6.0	
1.00392000816	7.49870971813	1.11174894737	0.892461757622	5.35653506894	5.02904659033	6.36778091674	-5.54287030674	-6.0	-0.945762764137	-0.514448141978	0.0490865157688	
-1.53588463063	4.9587010471	9.0	5.17114700217	3.18184069397	-0.323826098055	-0.877385143106	-6.0	1.17089036563	9.0	0.0872713616868	-2.12410257643	
-3.32149575345	3.17345705223	7.87675883531	1.70152530624	-0.850960436206	2.5640259478	9.0	-0.649835941308	-2.95630894882	2.48964524228	9.0	8.99820765051	
-1.77130005578	4.72337231694	5.61725640827	-6.0	1.11332801388	-0.845384371682	0.674656062135	1.79365881869	1.18610004909	3.82058384548	-5.33091208959	-2.3482904696	
2.50522063946	9.0	2.65375428461	-2.26889792611	8.84760889621	8.39116942112	8.88009310848	1.80178235722	7.83266215201	8.91132901366	-3.09761633495	1.44149605615	
-6.0	0.440305278701	9.0	-3.92856300299	-6.0	-0.856139332092	8.99914013356	4.52535348996	-0.0588742877136	2.13951306389	-5.83982867819	-2.71289923369	
-6.0	0.481799398375	8.78853759609	-5.99951015998	8.97321567009	3.2670144156	0.938506651438	8.98830649698	9.0	4.33402163179	-1.28379268122	9.0	
-5.59587516952	0.84630823582	9.0	-4.0446488568	8.07905786453	8.322152101	-0.718587860308	-0.223378712842	1.44318665437	2.09109669315	-5.24448910088	-0.464540860462	
-6.0	0.216349391933	3.09961950241	5.22228786743	8.25359683528	4.57765845392	8.8542218993	-1.79102404636	1.03373543566	9.0	6.83820264672	4.48028622331	
1.49020144649	7.98489013755	-3.63027020701	-6.0	9.0	2.21923108577	9.0	5.69324341877	0.0734286244022	9.0	-0.513616811568	-3.82247597747	
1.56352753912	8.05955459806	3.49685271504	-0.264852563189	4.24801021409	4.48005793665	4.38363683227	-4.54706704921	8.80922290934	0.773411798132	-6.0	7.65726331385	
-0.549691240769	5.94500848888	2.84714375573	8.78733845027	4.61056273038	-5.43002636798	4.2054530762	-4.15143309969	-5.50786090868	8.85886795296	3.04796892092	-5.70107206949	
2.50527373438	9.0	1.82483318863	-3.6518541617	7.94991501382	1.02503409692	9.0	8.94415732035	-0.354335436323	7.65386603853	2.95214706387	0.561799031119	
-0.736391065418	5.75800758328	3.26342924764	-1.64159613254	-4.81267348091	-2.73246276903	3.81238822395	-5.82005964175	3.16018162076	-2.50903400324	-3.22017276158	8.06708105269	
-0.953155635643	5.54161505756	6.21987835165	9.0	2.98097712549	-3.47367954426	4.94804138939	-3.8345772393	-6.0	4.78218232399	2.26088354656	-2.90391859448	
-5.75016499932	0.624349139911	0.511411843758	-0.621817459959	6.08968416546	4.81183038878	5.61176331841	-4.30550853169	2.50970124503	7.05305628435	6.24015020994	7.27540378431	
-0.71409644377	5.78127009	9.0	-2.47862421338	9.0	9.0	2.07519846229	1.09478204879	-5.84092591699	1.85044683682	9.0	6.92763537857	
-0.207657684019	6.28705267253	4.66745035645	-4.20876269184	6.82566440022	6.07574220123	7.45229419828	4.62110089467	-3.573830416	0.870687631576	5.28123600187	6.45449632401	
-6.0	0.360138649821	-5.76515593235	-4.56689933434	2.24473949736	2.09932567984	9.0	-4.37358758227	9.0	3.585960299	-6.0	5.05927492219	
-6.0	0.492009248788	4.40871171116	-6.0	7.78352186221	5.73590908312	-6.0	-6.0	2.82297883121	9.0	2.94974352827	2.39540062797	
2.50503921128	9.0	9.0	9.0	0.790768902397	-1.91514349895	4.05737333366	-5.6943671293	1.98320513937	9.0	7.16966388753	5.77073700142	
-2.22596312984	4.32719098109	9.0	0.529738927489	7.07421376084	2.92476280205	9.0	9.0	-5.26474744964	9.0	9.0	0.505048967069	
2.15303447935	8.64752114647	7.46376988041	-1.86802508863	7.57256693019	7.22537676827	-2.78860458195	-5.56654284509	-1.60885157121	-0.831552504747	4.15947069199	9.0	
-2.67493862085	3.82044778172	9.0	-6.0	-5.99881737072	-3.29655253789	-5.8461676672	-6.0	4.33304545035	9.0	-6.0	-5.06255172961	
0.346761092222	6.84145741495	3.75802557141	-4.81944331099	7.55590916134	1.84783964626	4.31026451099	6.13852537129	0.167721437003	5.23290349404	0.986691288523	1.53924974955	
-2.24155800406	4.27653389337	5.44991797136	-0.131126727967	8.23475803573	4.23233143625	9.0	6.00349802627	8.07645081665	8.4213208579	2.39823410612	7.91021613935	
-6.0	0.481808326613	-1.92760180784	-6.0	9.0	9.0	9.0	0.628131702832	-6.0	-1.65471222659	7.72779953705	9.0	
2.50529623662	9.0	1.58246501305	-2.84224964239	8.96827473235	1.87124573769	6.26245914231	5.32693066741	3.01074327719	8.58755074284	7.62132744776	7.66222692649	
-5.87631548392	0.59132141768	9.0	-2.06723341167	9.0	8.18276281188	-3.53075782058	-3.89303070114	5.40327264675	8.95113289538	7.18965157726	8.99991821433	
0.459272844915	6.95389110542	1.66513418158	2.92232013041	7.25439405673	6.07548575157	9.0	-3.53572083689	-6.0	-0.195293472304	-5.81352858126	-6.0	
-5.99135219764	0.490449544474	-3.09977603488	-6.0	1.63164564211	-0.318108764263	7.52832066911	-0.0662880208675	9.0	0.577902730038	-5.04004112739	9.0	
1.12227008833	7.6167845642	2.11187272321	-5.98764286534	1.8359304518	1.00474475076	-0.836451610876	-4.36279159684	3.27032052742	-0.6925962687	-5.89579971374	3.68482067513	
-5.59667064061	0.907318207017	9.0	-3.92944525434	5.56657622114	3.84598549392	-5.57547457176	-3.43180546074	8.97989902106	7.29281601512	-2.81011012765	4.43634011523	
-6.0	0.552141135963	-3.90164281941	-3.64752665299	2.92686465152	0.81638366123	7.57033088312	-3.18352903238	1.33175527463	7.38690693003	4.05413369802	3.87472570327	
2.50526088074	9.0	8.52026211937	-5.29357976335	2.25171736545	1.81218615035	5.74276021402	7.5388132443	9.0	0.0421046830664	-6.0	8.57561783639	
2.48137583487	8.97609191827	2.05090328684	-6.0	8.59407856638	6.09886950827	4.39648351597	2.48530240276	-1.64261787716	0.824261566091	-2.60939840248	0.541442205507	
2.50544343984	9.0	8.99999996115	8.90276851458	9.0	9.0	9.0	-3.35961397036	9.0	9.0	-4.60806799508	1.00925713649	
-4.79496620222	1.69978708831	2.52455986979	-5.94320608366	0.523430514908	-3.22285067911	9.0	8.75667172855	-4.4666501816	9.0	1.84894573937	-6.0	
-3.64293080736	2.81202516555	2.72888979751	2.06486746938	2.08465344196	1.01217980442	8.84365297663	-1.81380108556	6.89112209088	9.0	5.58595052805	8.98185972302	
2.50551302931	9.0	2.23308135973	-6.0	2.01996572285	0.907417741688	-2.88929289169	-6.0	9.0	-0.38346413035	-6.0	9.0	
0.539387916379	7.03412292288	6.0208372668	-3.94861443062	3.97249338135	2.43475137256	3.5581411634	2.60805041396	8.69612191001	7.1321500929	-3.70180747585	3.47987991049	
2.49456778686	8.9885092197	9.0	-5.95973871706	1.56394330254	-2.06169782316	-5.31091319856	0.81830088059	3.2183406021	2.02213389587	1.78271161179	8.59625528016	
-5.95761555244	0.40857355675	8.40461698139	6.59740882753	5.72159429951	1.63144607887	6.15979281402	-0.330394936634	-6.0	3.85275951025	9.0	4.85668650415	
-5.69853424018	0.723598298559	8.58978581981	8.99577102374	2.6253124781	3.10395572342	9.0	-4.25901237089	8.99959469375	9.0	-6.0	-0.422756957256	
2.50507535948	9.0	4.87700780681	-6.0	9.0	9.0	-4.4195213678	-6.0	-0.0877289845451	9.0	-2.44324050973	-5.91330191832	
-0.698363971631	5.79633661397	3.80049993598	-6.0	3.44927290012	2.72532765206	-4.06718015687	-6.0	1.66818259042	-1.18368257746	-0.258210791582	8.21135249029	
-0.362107343811	6.13278247242	-2.44078639948	-5.79346080371	-6.0	-3.16747055991	5.92459172214	-6.0	1.31123708304	2.89361377856	-6.0	-1.98889846338	
-6.0	0.472822226521	-3.43503005795	-3.92410457768	7.25914684205	5.23422793479	6.69841581172	-3.26253255543	2.40809339496	4.33226577871	4.16977625316	8.11173229246	
-2.55288096127	3.94197397468	-5.31909488449	-5.99759467735	0.107976231146	3.32905266718	9.0	-6.0	-6.0	2.80038957918	1.53731592107	-1.64536827261	
-6.0	0.481514119919	9.0	-6.0	-5.51766101492	-2.95071660226	9.0	8.99785439663	7.85463767751	5.18935467968	-6.0	2.26554715428	
2.50514659647	9.0	6.09918090582	2.35653971566	4.55953922279	-0.582907665074	1.00231151742	-2.56981330621	-4.33058845482	5.14071329341	-0.888828767435	-4.74267583093	
-3.61993366379	2.87474989458	-6.0	-0.906285349037	0.243280534431	-2.48474965664	8.91015494488	-5.91270352801	0.614751679722	7.65621571628	9.0	7.57618467796	
2.50189523333	9.0	9.0	-0.944956764821	4.40390872835	3.28971084877	9.0	7.59632000677	9.0	4.82027653081	-0.79940867943	9.0	
-6.0	0.48187797739	0.988623421476	0.912681521492	-5.59819048527	-2.94945072504	9.0	-6.0	1.92463602938	2.29492905886	-6.0	-0.787199167344	
-6.0	0.480797055127	-3.37856185165	-2.98951281964	1.92229880011	0.565753809133	5.47911921923	-5.99708945726	4.17117644286	9.0	4.35477108919	5.14435424166	
2.50866546072	8.99984355895	-6.0	-4.80948369039	9.0	8.77405524255	9.0	-4.4169123579	6.300180999	9.0	-6.0	-3.08547281691	
2.50494791143	9.0	-4.90432345923	-5.91317933171	-0.206190518219	-5.97468948651	-0.303081588282	-5.98781482847	-1.82067274143	8.27764441238	2.20721949041	-2.2680937142	
-2.35647851675	4.13801744665	0.0951019805626	-3.56134616863	1.12574117234	-0.131526265907	1.69428777007	-5.84802140478	-2.39814664902	0.858710282785	-0.15224330948	2.20679932812	
-2.0696448132	4.18309314088	9.0	1.87911691185	1.29245871303	3.21142380284	9.0	2.05446948264	-2.80300158181	2.9702737957	-0.0646410725341	-0.242998676459	
-0.558593334533	5.93611152907	-2.62969273576	-6.0	8.93278424638	7.40354580005	1.55709569103	-5.99992842128	8.9060139092	5.53681446831	-5.16761667924	3.81781262734	
1.2477268131	7.74243582075	2.70405138205	0.963687495319	3.75159681066	2.47130173349	7.35915476185	-2.07742088943	-5.9340322807	-0.0328335146699	-5.6650022416	-5.94858959544	
-6.0	0.474837248928	9.0	-5.93296256169	-5.31304425398	-2.82234624818	8.989904573	9.0	6.77411943795	-2.61925419576	-6.0	9.0	
-6.0	0.481629129298	8.97637611801	-5.36423084847	9.0	1.741642821	-1.17557192721	7.98070017679	-2.49481926719	9.0	-0.121130103456	-6.0	
2.50499775952	9.0	4.24015658165	3.81000893417	1.53269647596	-6.0	0.606083282646	-3.88717330431	-6.0	5.87259760272	9.0	2.74183818955	
-5.82249454534	0.672178666674	5.12564116107	2.28044661057	6.36598988255	-0.673930113561	-2.58281909604	-5.15492220505	-5.31992644007	6.0461272253	7.40240873775	1.6540147587	
2.5137251929	9.0	3.93237872244	-0.433863460123	0.657566362744	1.09881786992	2.68489734498	-5.83913766282	1.99782485585	-1.91709684447	-2.79559211725	6.73606062371	
-5.74886285781	0.741177837711	-0.653537129487	-1.75766249453	-5.43413346154	-2.93773527572	7.84617306832	-6.0	-3.17707467852	-2.70810931234	3.85233675413	8.99994044801	
-5.99505672953	0.482685082156	-5.9999998836	-5.89194727086	8.79495832623	-1.09540177185	8.13183436796	5.47285629525	9.0	8.66276849847	2.97591180129	8.93401354477	
-1.44327847162	5.09804362926	6.77811309852	2.03766027005	9.0	7.9578993046	7.17710836277	0.579801952454	4.56067814378	9.0	8.08709218717	9.0	
-4.03764391756	2.45653022899	2.37007207374	3.42772106473	1.17035693619	-0.24858472817	6.09570274496	-6.0	-1.05366655923	4.09302130565	-0.178391345648	0.293672772993	
-6.0	0.481903684551	7.4812323202	-6.0	6.02760250277	-0.518620166476	1.41705783471	9.0	-1.9374628943	4.87338067614	7.17089732962	5.97779853677	
2.30363841645	8.79817074991	8.69139990461	-6.0	5.85953294145	-1.93440301504	-4.5206387333	5.50830445929	9.0	8.99999968954	0.524484835392	6.14154858759	
-6.0	0.494847106167	8.56320795724	-1.68849373692	-5.62465423314	4.71287888637	9.0	-3.54325234311	-6.0	8.54285699309	2.92514409714	-6.0	
2.38431478221	8.87916132326	7.16472142936	-2.35650940437	-1.29593124141	9.0	9.0	-4.23210166184	4.14748089937	-0.960172922483	-2.19630566343	8.52902379312	
-5.00883473411	1.34983672857	6.88362084896	-0.520906178583	7.52812161303	0.11345963964	2.17494056614	4.60702766393	-5.57177173786	8.15914969672	6.99206944844	-1.08250599714	
-5.97763223834	0.50470951152	7.09339525058	7.91467944943	8.15744781756	2.53788064577	8.80725414059	1.16074352632	-2.57764149038	7.36856619911	-1.67150911088	-6.0	
1.12257956139	7.61736920118	-6.0	-5.97189357993	9.0	7.28093876717	8.89663658942	-1.87030401548	3.24166469084	9.0	-5.85982031276	-6.0	
-6.0	0.49484485921	8.93913962164	9.0	9.0	9.0	9.0	-3.51827881451	-6.0	7.60932309632	1.99161122406	-6.0	
-6.0	0.539473478262	8.67740932947	-3.40467631669	9.0	0.962370263825	1.5165081549	9.0	1.76886204688	9.0	8.35021839923	6.93787450248	
-2.64912330802	3.84521799894	-1.0309235747	1.70784417902	-5.78841964912	-5.98400996485	9.0	-6.0	-5.98701467372	2.66459128005	8.84548040952	5.81154161412	
-6.0	0.494678799797	-6.0	-4.95738828439	8.6786574904	2.23781243591	2.00253411699	-5.05648588641	-6.0	4.76701677588	1.89848408833	-3.25079420473	
-5.81590485778	0.675765417674	-1.51939117879	-6.0	1.96798848359	0.38188041539	3.11344625606	-3.27041589538	-1.55786230474	4.05392722109	-6.0	-6.0	
2.5051570296	9.0	-4.4831321853	-1.5775864541	8.06847854925	3.84900861907	8.97603139052	-2.16751198346	-6.0	3.07407115528	8.73698969165	5.28071753675	
2.50615839867	8.99983011257	7.18726561222	6.83833209111	1.25105322472	-0.0152769195201	4.84185027111	-6.0	3.56092773372	3.1270027409	-4.74865623715	1.30388281692	
