0.0818105470217	6.55503885561	8.99999717781	2.4969339376	5.48872378217	5.55014947553	8.93125627206	3.08827017497	2.59550912548	6.99732756379	2.34289308488	3.31733879979	
2.46207297569	9.0	8.98095395968	2.54603290894	6.74815349663	5.3548073532	8.52109012522	3.94298022713	3.20672966552	8.55251040263	7.08210770426	7.34717036285	
-1.42046998477	5.22544794593	8.56931777677	3.94307116957	8.98005116733	7.37522615251	9.0	2.62952071068	5.28644395478	9.0	7.1051933277	9.0	
-1.36964479491	5.00169296907	7.73796718463	2.72674828372	6.74171142058	5.50168119824	9.0	2.89354499876	5.3721213303	9.0	2.95439387033	4.98906822081	
-1.39953345495	5.05271994316	8.99999685012	2.47769444206	5.36087429787	5.43837474743	9.0	3.0585441148	3.24256230377	6.69877018729	2.60022302272	4.76226372046	
0.388241531978	6.79978710909	8.57775269753	2.54011345854	6.87411298191	6.88090131567	9.0	2.76244226561	8.99080207193	8.99946899479	1.24518918506	6.74163382676	
2.64378392527	8.99985261744	9.0	2.83673659033	8.99134488781	9.0	8.96203009658	2.887943075	1.6276030289	7.08227522475	8.97339663117	8.99409627134	
2.62240597355	9.0	9.0	2.7603106393	7.40159690227	6.02256980016	9.0	4.26723443014	2.93035859426	8.6032140925	9.0	9.0	
2.5941970613	9.0	9.0	3.6265365752	8.79139852448	7.35174427415	8.99886216488	3.30378223139	3.33505259034	8.84945751556	2.4592319504	2.76049930941	
1.57327910169	7.96564284556	8.99999988944	2.62878698026	5.00400379164	5.50303366628	8.99130232511	2.6077991323	1.86550006459	6.41559892433	4.05765633895	5.08970860924	
0.499560045537	6.91964119348	8.97817143825	2.61927230321	5.03704066652	5.32109408478	9.0	2.73530573124	1.61068249747	6.61310811213	3.24344704043	3.84448352094	
2.34931638086	9.0	8.9999829706	3.58334611492	8.92502555119	8.03778193803	8.96583437186	2.70821543532	4.45714530081	8.92383837961	7.89890603968	8.77802162833	
-1.68592381897	4.85991980922	9.0	3.33543987953	6.62955454137	5.35287300877	9.0	3.36441068695	9.0	9.0	3.42287501211	8.99999317356	
2.64373050576	9.0	9.0	2.68023116884	5.22992378786	5.60185751755	9.0	2.6721604455	1.381327244	6.57025625208	3.58291578876	3.97908601175	
0.880059144808	7.31160879176	8.77286627594	2.84985861088	9.0	9.0	8.99984643777	2.65540101327	9.0	9.0	1.01679797714	6.70909437363	
2.62492046917	9.0	9.0	2.54960035893	5.56521443133	5.73542563327	8.99944985983	3.11574479666	2.27839238151	6.5639558795	6.03739051391	7.22485214545	
0.610715598733	6.88611616464	8.6092877889	2.8236958562	6.34048423576	5.70612489252	9.0	3.08503350532	4.12127468023	8.96128426302	1.95019219872	2.90986956432	
-1.84024350354	4.66017048274	9.0	2.95824218529	6.02995202773	5.5562522175	8.7326906088	2.795838381	3.82511862519	7.19604042313	3.8918822704	6.15093247318	
2.3251460389	9.0	8.99497423066	2.87329662424	9.0	7.17248696209	9.0	4.2064774228	3.3230025505	9.0	9.0	9.0	
2.1645381697	8.45556284471	8.86192532312	2.53948295614	5.76587204517	5.8960331367	9.0	2.86122426625	3.03461794077	6.7592704973	1.92358503478	3.95764551699	
-1.58036307142	4.85186212124	8.92887085843	3.04310984664	7.03228679675	5.33122440997	8.84155895733	4.16867510308	2.77030943336	8.7836711357	3.35980180298	2.81588537929	
2.38692520241	9.0	9.0	3.48193702121	8.93990730808	7.81223282475	8.96075692504	2.88551358505	8.96149530921	8.96036081605	3.38272988768	9.0	
2.65755293005	8.99622057377	8.99595079139	2.51087159219	8.93773068547	9.0	8.997067905	3.12992089274	1.1924665725	6.70792964114	8.9970059462	9.0	
0.0776268585156	6.47023852393	8.9678002028	2.53398692972	5.6571315289	5.30253561419	8.95959415029	3.45139681355	2.39343840178	7.5700444673	4.06949328335	4.43849854612	
-1.09057383188	5.41669669594	9.0	3.67391866272	6.15925029343	5.4949222986	8.98243114701	2.51687042045	8.84464955224	8.6147346223	3.17216374926	9.0	
2.45949545857	9.0	8.19741246084	2.55759212489	8.99850120146	7.76781697797	9.0	3.37415387797	2.90822581493	8.04501727368	2.57296171117	3.12197751277	
2.18964702374	8.60263002531	8.99015055217	3.54320997905	6.59303525351	6.12662771736	9.0	2.68606427692	2.31251704532	7.58543151771	3.20492433141	3.39541085706	
-0.620364836737	5.95063719879	7.78005813116	2.37063546028	9.0	6.87382789309	8.79208521432	3.8034727481	7.74869271285	8.99552565033	3.84283190696	8.1609275363	
2.00789451084	8.31501397987	8.98726025035	2.74303210949	9.0	8.99776848883	9.0	3.0605194279	5.94758786858	8.99448538038	1.3995346942	4.00587405912	
2.48778359259	8.9762467265	8.74149932276	2.36812517111	6.70142313971	5.45768760704	9.0	4.26939357841	9.0	8.49614556783	2.89453640993	8.82448477294	
1.91559014947	8.35861851476	9.0	2.555354307	5.32151855081	5.34319965497	8.75535508181	2.79502380144	6.68184120453	6.77539629123	3.01507580712	8.53972309584	
2.68688581119	9.0	9.0	2.64318346595	6.79955093712	6.57290871672	9.0	3.49697303188	6.07378671281	9.0	1.55857414625	4.1461871621	
-0.00880083292396	6.47341121148	8.90298692877	2.70763623251	8.924945884	8.9153801661	8.99999164864	2.81687307439	2.36768673473	7.08174591184	3.28930460698	4.02592569435	
0.581302260911	7.0017647213	9.0	3.38390673838	5.66677274578	5.51528772254	9.0	2.35854864664	8.41601438601	7.70733386976	2.00328142074	8.3027378034	
-1.80361065815	4.63555994391	8.85504499633	2.76262324172	6.94010925882	5.26969584236	8.25287223668	3.5724012715	3.54323682326	8.47690921346	8.29010499718	8.98231585049	
-1.15143579473	5.33192923856	9.0	2.53506157161	5.56517195766	5.27043098519	8.60429051603	2.98067073669	2.3740652449	7.20566704204	4.64891772774	5.37157559718	
-1.67599851617	5.02641665742	9.0	3.62713630521	9.0	7.46608056988	9.0	3.06472726384	3.01565207708	8.60878052446	8.03252609495	8.15295966573	
0.803739115427	7.20021067123	9.0	3.11111785631	7.25402747627	6.50222247728	9.0	3.14448565993	4.80421272304	8.99916948466	2.39412295137	3.77964669383	
-1.52366930352	4.93755583734	9.0	2.60983961842	9.0	9.0	9.0	3.10017221946	2.13696166465	6.73520732993	2.95637327309	3.9075941157	
2.65084521082	9.0	9.0	2.8965013493	5.66425455891	5.48864060866	8.78556141163	2.76936570181	1.38353148231	6.98213242754	9.0	9.0	
2.53883732759	8.99995282773	9.0	2.67531754593	5.35931578461	5.45055439622	8.97786759169	2.7913535874	9.0	7.50326799344	2.01574162463	8.95180648144	
0.725089117022	7.06566638627	8.96235751534	2.59016684976	6.20134259944	6.54524037293	8.8560863462	2.6533396458	8.55086263163	6.87683995901	0.994311127996	8.24435716418	
-0.536510237604	5.77373143341	8.99999672904	2.76830348728	8.1416222843	6.95959113906	7.55293717487	2.77549379306	5.06961364769	8.99912816849	3.03988075277	4.48102088881	
2.68810730171	9.0	9.0	2.60070113912	8.95362550819	9.0	9.0	3.20495279343	2.13624406954	6.93286278664	2.37855949336	3.11161332526	
2.34528566218	8.84762589549	8.99974605028	2.35055791971	7.9631199319	6.10687776627	7.08936946245	3.16016572842	3.79811333681	8.89901199904	8.10988623569	8.62562234617	
-0.792333050429	5.63930327105	8.93960689533	2.69713679975	5.09318710068	5.27482537124	9.0	2.69324687383	3.03100591833	6.64055288376	2.97914153036	4.94826169886	
0.83496536033	7.12963579834	9.0	4.18717238891	8.37091947526	6.49991292529	8.95925439895	3.20835100497	2.70769509297	9.0	3.83253554941	3.32388183401	
-0.813822455878	5.67002439381	9.0	2.6289274428	5.48682718492	5.53019765082	9.0	2.82874126113	6.10857697137	8.50039133686	1.54468795456	4.70435849749	
-0.339448824918	6.15411194409	8.95614541107	2.55766286807	5.40944444267	5.71060875273	8.9690856882	2.64507311949	1.73494674898	6.40353789426	8.07109344265	9.0	
-1.7784723069	4.66965136215	8.86645722374	3.06208374651	7.44890086271	5.48213140145	8.90212032897	4.20845548222	2.97697995749	8.99019286591	6.01193055862	5.64551225388	
-1.51111140097	5.12340110692	9.0	3.73949233627	6.55033714351	5.4944947827	9.0	2.61395821165	9.0	9.0	3.18494581748	8.97202258071	
2.40809416897	8.70407406389	8.99975537819	2.60337731984	7.02203902798	5.61558055908	7.88363973154	3.50726492539	4.13940237818	9.0	2.92582771322	3.63974538156	
1.98995119776	8.30347369319	9.0	2.45141473034	6.85700893731	6.24707829228	8.3821846458	3.32761553244	4.74669261777	7.32116240371	3.74666801123	6.7307805085	
-0.858953899319	5.66827040537	8.99575321314	2.89429100196	5.3863210415	5.45093478121	8.90648771397	2.44087761961	9.0	8.97760647955	1.07040020251	6.75588504889	
-0.926363477042	5.56515454652	8.99369599531	2.60090702034	9.0	9.0	8.9790731023	3.13450157636	1.53420456998	6.8217406217	5.94081333173	5.98835345354	
2.56768751783	8.94977184187	8.98627819055	2.54300056828	5.01349373327	5.45358110455	9.0	2.70154885668	6.50012618114	9.0	0.800885703584	3.87932474802	
0.47548890752	6.84375619072	8.86256028202	2.51329038555	5.18721685824	5.44358634859	8.99999590341	2.7753560188	6.17701854787	9.0	1.10726595088	3.86190958743	
2.57255579384	9.0	8.90779938994	2.86730110337	8.99375140295	9.0	9.0	2.70151440236	1.3604018829	6.6218573475	8.59474378619	9.0	
-1.37937596549	4.94824836917	9.0	3.51352112809	6.98659498537	5.64925148387	8.56292014616	3.05077171654	8.97690984607	8.65407025667	3.01642739847	8.98882965666	
0.264294992158	6.67762700461	8.91089719999	2.55510160709	9.0	8.99886358903	9.0	3.05898279534	0.95347641344	6.67382857105	3.80147337954	3.6990019055	
-0.707208550151	5.7352055047	8.94525649846	2.59471349145	8.63237845752	8.99887200009	8.97461019152	2.65008665588	2.12211996885	6.32031770259	6.49157301633	7.8326873444	
2.44644135262	9.0	9.0	2.60182771699	8.17474330518	8.46136022835	9.0	2.66851826821	2.7302220392	6.57035553411	1.64257532351	3.32359649481	
-1.7397192913	4.76211663834	8.99680446482	2.8391451659	9.0	9.0	9.0	2.79817174616	8.69699909865	8.99540429149	1.17560197505	6.37816473734	
-1.61152239933	4.84570295123	8.98590524361	2.49771736348	6.76136945133	6.01826100146	9.0	3.7384905604	4.26469804039	7.60728099752	2.32408390321	4.70841675321	
1.32064732622	7.6933126761	9.0	2.44175684033	8.90768820052	9.0	8.99999469407	3.2218176372	1.04622363158	6.59237508296	9.0	9.0	
2.10262719592	8.43891932699	8.33241275398	2.60479707701	8.94966246606	8.63246555578	9.0	2.72325362523	6.65951838968	8.97991989471	1.32304864218	4.7595925793	
2.52399738691	8.99638582866	8.12289770889	2.84894282577	6.73964908131	5.32964059339	8.71030608338	2.985202291	2.78737221566	8.69335700595	9.0	8.70005948831	
1.40318153878	7.76273474924	9.0	3.09213728192	7.44558799491	7.54557278316	8.9953188341	2.49775886506	2.79326922861	6.67462833972	4.54520725532	6.47188987134	
1.08230042661	7.44234135033	9.0	2.62230543183	8.54753947219	9.0	8.99947841485	2.70113349496	1.99568552225	6.30106502899	2.15788371776	3.37616395128	
2.5474711149	8.86571208775	8.9492340228	2.84017407108	7.31281843905	7.55890751139	9.0	2.53942037412	2.01533629414	6.53592548784	2.41504679394	3.56684066956	
-1.65409458681	4.83372627522	8.99899767466	3.39433722355	7.68705776965	7.05557236045	8.99565593771	2.8950732036	2.55850497049	7.18006730449	7.78386615644	8.74601764549	
2.49658975221	9.0	8.97603536872	2.5761743066	7.61472645997	5.49674274336	8.9849428678	5.0869129224	0.867294876515	8.8608088654	9.0	6.5544838106	
-1.34301015224	5.11912079638	8.94909201755	2.68307845422	5.22194411073	5.27669619088	9.0	2.80234171392	6.51674725767	8.97189380452	1.48122245789	4.61802456926	
1.93146938521	8.24707326615	9.0	4.46168080838	7.22677791462	6.11831287805	9.0	2.57893561793	9.0	9.0	3.51626182574	9.0	
-0.976886551045	5.4795726627	9.0	2.56126792864	5.70202091462	5.34612259554	8.68880198021	3.07771675748	4.3003078626	8.23356426853	1.59976150974	3.34949113565	
2.5526373669	9.0	9.0	2.93982449969	9.0	9.0	9.0	2.78584356147	3.60606244337	9.0	9.0	9.0	
2.65596520667	9.0	9.0	3.05703562452	9.0	8.6799114527	9.0	2.84570152741	1.64618328367	7.34133818368	9.0	9.0	
-1.4315020998	5.06475318497	9.0	2.5771823785	5.17237307849	5.28090011044	9.0	2.90389067788	8.56213204141	8.8996189483	1.18416560181	6.4538854422	
1.72232215245	8.12670869326	9.0	2.77303998559	8.63295370704	9.0	8.97052992541	2.49389136557	2.58299357329	6.36227310656	7.2552916029	9.0	
1.94366740014	8.347950545	9.0	2.60360501339	8.46904573431	9.0	9.0	2.59095112231	1.91297427765	6.22344588576	7.77039789645	9.0	
-0.0455663986118	6.2612959148	8.97883152419	2.74184496391	8.99999411529	9.0	8.94696701745	3.10835287025	5.44581596851	7.05784370152	5.31625876715	9.0	
-1.25325613902	5.19945218385	8.99801107425	2.70551056075	5.07835772408	5.29261673597	8.97146991416	2.69499615606	6.0352905073	8.97574245619	1.07256372124	3.72588919728	
1.15268960772	7.80336450581	8.98185877198	2.58956789681	5.94356248207	5.67077017848	9.0	3.1300146564	3.06563824322	7.09214315067	4.18349818557	5.66177725955	
0.416427014987	6.83426885509	8.85560278438	2.62526095087	5.22063831093	5.45076881852	9.0	2.71582232449	1.6742701459	6.58642544205	5.38366562794	6.01124213523	
1.74182588932	8.01133999911	8.99997732224	2.48465056667	8.99523688173	9.0	8.9940435606	3.33712261828	6.92863554438	6.87768631075	3.52905599892	9.0	
-0.913572625893	5.57422484267	8.99999999956	2.54333252618	9.0	7.30716137837	7.35992401979	3.24621720005	3.6746111861	8.99867942951	9.0	9.0	
1.13672513032	7.63689910489	8.22808887101	2.70053486103	6.1307403092	5.40947646858	8.7644931068	2.51925302131	6.56465930739	7.71399938903	2.61069729921	7.1604674125	
-1.09182335678	5.33958111636	8.98162138206	2.64432346376	7.03586181777	7.27793485204	9.0	2.7357896756	1.6128980911	6.37448274289	2.83758440358	3.67955200769	
-1.60195119804	4.93327366367	8.3972230467	2.8064213555	6.04883649497	5.21892677754	8.89759159127	2.80400772781	3.55825884503	7.77276503984	4.3450219248	5.75876839202	
-0.74771158082	5.68646104124	9.0	2.81245681039	8.58336898472	9.0	9.0	2.45339868357	9.0	9.0	0.817825419481	6.36004449377	
2.66964287232	9.0	9.0	2.78625439721	9.0	9.0	8.99988712088	2.94604336718	4.85082241654	9.0	1.48425934617	2.86572586738	
0.00267222728319	6.45593725021	8.99956824339	3.74122583956	9.0	8.10722786347	9.0	2.70557433036	4.12270660407	9.0	8.31814674357	9.0	
1.8799341475	8.25251699514	9.0	3.93844776461	6.89469358993	6.05031844625	9.0	2.77657771636	3.5758625254	8.75942274006	6.31657407485	6.56395236721	
0.633831801343	7.17990680224	8.9326075193	2.96703803412	5.84727534898	5.3042962395	8.71614264508	2.7817391863	4.74579527078	8.98403332004	2.40085199593	3.6139233718	
-1.56031153602	4.89081718722	7.64675777721	2.69344800655	8.87904040235	7.39353918531	9.0	3.11366415225	9.0	8.99746695678	3.50945880208	8.96289960244	
1.00368403682	7.28325508413	7.86581232367	2.76968023668	6.28006126768	5.45958328596	8.99238963111	2.71679706154	9.0	8.32473666953	2.72694910272	9.0	
2.32824526335	8.70299091376	9.0	2.56644651855	8.9770804957	9.0	8.52965457734	2.75749598932	3.44238324617	6.91278365325	3.05344447588	5.0481495864	
-1.17506095923	5.24360954419	8.99834856867	2.61796918408	5.33142748007	5.595749802	8.95696998464	2.7006782301	2.0441666654	6.53179910413	3.24518825907	4.34374147656	
-0.529464904457	5.94443010589	9.0	2.51019543707	9.0	9.0	8.97481068647	3.05563993442	8.99995818708	9.0	0.866995324944	6.64075598717	
-0.924486941589	5.3976547037	8.90676809032	2.48756391135	7.56572424376	5.98368275475	8.99853236666	4.77351514886	1.14238873759	8.34207842901	6.19918272819	4.51989512163	
