-0.0217004825141	6.43043835111	8.99937155254	2.41150329458	7.73674820972	7.34356364999	9.0	3.64178704389	5.21103643893	8.46246876372	1.57064376108	3.84186418873	
-0.154825455716	6.4067156902	8.95888814368	2.52420716767	6.92813910554	6.05843816724	8.52436195236	3.28276011437	5.70418133946	8.7201483506	2.36758456826	5.01361267732	
0.0151541143915	6.47633670196	8.95563762064	2.49408004073	7.50595519501	7.43895508263	8.89078555228	3.08898693611	2.18700113234	6.72687242084	2.73797516193	3.79085394793	
0.16463153132	6.56012528701	7.52191420715	2.50813641314	8.64863057094	7.5477529487	9.0	2.82587260795	4.73719969363	8.99966131495	2.5194790419	3.76026564329	
0.477306523564	6.7858687253	9.0	2.64537934363	9.0	9.0	8.916566337	3.21580102546	1.52190037263	6.89850056871	9.0	9.0	
0.501542729272	6.95305276982	9.0	2.61573884866	5.92054583331	6.00935903665	8.97645856195	2.82259185561	4.91024750335	6.84628592777	1.4836072989	5.19888593297	
0.750139685905	7.17164569359	9.0	2.67277226622	9.0	7.524332551	8.74734621234	4.03743119663	9.0	9.0	3.19784062507	9.0	
0.312968997697	6.75081671059	8.99928820071	2.521048073	6.15514232824	5.41570567084	8.79867616016	3.57197055913	2.51546253594	8.10808232612	8.99989484623	9.0	
0.123356064247	6.53309998409	8.89545581042	2.62649852189	7.27259623	6.48282315687	7.9978075867	2.65680414477	8.67279182034	8.14851277317	2.69998730774	8.85171914023	
-0.0253183068245	6.45092604434	8.98770654548	2.51306853675	8.81272159557	9.0	8.99807583705	2.95703603959	8.83581773717	7.21049268125	1.46040279049	8.48758419768	
1.04207029313	7.53679879924	8.9518277266	3.65967656209	7.20143110456	6.02266181434	9.0	2.96580901738	3.06598704742	8.70306072091	8.64624691238	8.67031572421	
-0.117231506157	6.42946483287	9.0	2.95236727967	8.95033749002	8.9787698082	8.99979555701	2.42924520731	8.57400897405	9.0	1.09799996703	6.33643093964	
2.54757035484	8.99902340613	9.0	2.79727739442	9.0	9.0	9.0	2.83206476219	2.77373552265	6.89816971882	7.54974565594	9.0	
2.45887894181	8.95068610182	9.0	2.68886224239	6.7086409173	6.2159467777	9.0	3.3502714142	7.58992199999	8.33593566797	1.93878938062	6.81045579016	
2.50639582712	8.99939014833	8.99977122076	2.81389865114	7.86373420145	7.26888923346	9.0	3.32406367825	1.93435111451	7.54826839168	8.99546091479	9.0	
0.590562540347	7.00634984868	8.93796669434	2.72589362835	8.71890583283	8.99613276626	9.0	2.7044631912	9.0	7.15215912553	1.51506027531	8.84425030515	
0.0893496635826	6.63323871947	8.75387082549	3.85308764604	6.43426752531	5.36913367926	9.0	2.45963528585	3.88533628811	8.99982632585	2.98340149152	3.51892495473	
0.310490328209	6.81155636459	8.91443977759	2.85425471241	5.59049685733	5.54688485507	8.96459765729	2.66252688868	1.89726726155	6.79459056851	4.01899513071	4.63380836069	
2.50521904221	9.0	8.87578429841	2.8053101973	6.73109190722	6.18174838317	8.99902216357	3.15969055879	4.79337857616	8.8120262663	1.95643586006	3.55832248548	
2.27631665431	8.73833672325	9.0	2.82012915128	6.09911337504	5.96198422002	8.959543136	2.86817418095	2.84438385444	7.12160217765	2.55602888518	3.88133077929	
0.263439668701	6.65754530363	8.99536505643	2.83059268725	5.88895531741	5.44698944734	8.35031993644	2.72883092977	5.37766534936	8.9305345164	1.78117529523	3.75472608402	
0.282366681822	6.8688174899	8.99995336934	3.14548290459	6.03478164781	5.44492004461	9.0	2.82607861703	3.36046014408	8.00028993824	8.04290428079	9.0	
0.121029403602	6.48925115097	9.0	2.90518969369	5.32794429373	5.62642240375	9.0	2.57211522826	4.34830517686	7.7170322322	1.22944011365	3.32829611656	
0.0490607090913	6.49756306302	8.90759525373	2.8210572145	5.37835282512	5.55823017839	8.99788106533	2.50668484936	2.45715752377	6.72640638174	2.067614559	3.36272597554	
0.0901992205833	6.52461741337	9.0	2.58530333151	5.26164898704	5.66546502775	8.98825234545	2.66281067186	1.8357729802	6.39405169152	2.39097014671	3.41563535507	
0.577041147072	7.02522127814	8.98730424606	2.45387090887	8.94434658505	8.9880678079	9.0	3.1786511294	6.5788791946	8.97918604627	1.20229636355	4.25704339276	
0.0720111816275	6.5361876141	8.83615964112	2.53408612274	7.4738932816	7.58043894067	9.0	2.91035572433	6.51763662227	8.99967894447	1.29095586773	4.16938526571	
2.49771332253	8.99258191336	9.0	2.64885292144	8.4196831994	7.59520148339	9.0	3.71826566822	7.24675121306	7.94744563441	2.63726344983	7.55417027855	
2.50588602972	9.0	9.0	2.75686620067	8.21161395114	6.9072537414	8.0552970307	3.14642806782	7.42423741653	8.4850889506	3.53325516742	8.09029911747	
0.0961208780798	6.50386425155	9.0	2.57329049836	8.99736557737	8.95455478247	8.62451210431	2.80014682468	2.44624659506	6.76410526759	2.08736735286	3.32599560996	
0.0650868279418	6.74869677288	8.03239181635	2.66843455842	6.83623898268	5.60205944347	8.99355580451	2.97365050311	3.61385273945	8.97202708827	4.30604836559	4.47256341705	
0.248077530267	6.64898078539	9.0	2.7152915178	4.95447229756	5.340688527	8.97407920218	2.54513177513	3.64779523927	6.47826042152	4.84172331794	7.58040187071	
0.00281303306144	6.49331393516	8.33140768677	3.1256720459	6.4266681471	5.71664028136	8.99999968649	2.51530533917	9.0	8.98215211074	3.50320252703	9.0	
0.577179255786	6.98125847155	8.98128379261	2.69421920977	8.99924561046	8.89099507619	8.98329507839	3.00902886417	1.02104402243	6.78169371389	3.71084427051	3.68811865587	
2.53717630157	9.0	9.0	2.69912602929	5.73573566045	5.80313672567	8.99622544597	2.8509306227	4.41300936156	7.11422823749	1.67093909501	4.54279222528	
0.975552348491	7.33814251398	9.0	2.54983800256	7.69783388574	5.77235018621	9.0	5.14970536737	3.46527151909	8.99479026635	9.0	9.0	
2.52238795344	9.0	9.0	2.84477584664	7.35850126864	6.11863583593	9.0	3.95498316135	3.34949134037	8.74442422475	2.77324129414	3.00896630695	
2.51087304513	9.0	9.0	2.65425977741	9.0	8.29122201631	9.0	3.60621515892	6.42004900165	7.70645232067	2.94516885008	7.27338558595	
2.50583631368	9.0	8.85756926633	2.61612118407	8.84503954737	7.09943796646	9.0	4.53094181226	8.99999667724	9.0	3.38223644507	8.99970203169	
0.103027937674	6.52867039645	9.0	2.75770561268	8.84759622054	8.95818694191	8.65221710256	2.48707137012	8.50550294295	7.68814798252	1.31007415303	7.59652994196	
0.493768745299	6.8821105885	8.87465875256	2.58604145963	8.75734289319	8.99686370987	9.0	2.80413489742	2.13719070758	6.52980497517	2.68587909135	3.94191692492	
0.529469064132	6.87040570839	9.0	2.4083627089	8.77825117361	6.42045775759	9.0	5.68008486827	3.54955089773	9.0	8.97142036792	9.0	
0.17607317063	6.60154325963	9.0	2.64487293304	8.66687901072	8.81940300371	8.84463102054	2.67699134802	1.76088923328	6.56799531375	2.37645481152	3.25258723931	
0.885624147405	7.2635599977	8.95747955932	3.76579888817	7.6116041544	6.69678840399	8.84874043092	2.5931095228	2.71775447067	7.9528473243	5.71998267555	6.13914306422	
2.50472790577	9.0	9.0	2.63671749335	8.89243905068	6.84924278036	9.0	4.94840047858	2.34642014081	9.0	7.774911253	6.73958320044	
0.0780058018999	6.47778284717	8.99854645414	3.35458635756	5.84626087873	5.4990942989	9.0	2.58012898309	2.71583774531	7.52426980727	8.01460537963	8.88355258661	
0.139633019843	6.56867862819	8.5457439554	2.63195458431	5.54581857223	5.56523178495	8.99917333409	2.61196874207	5.79577809694	6.98330060874	3.70622930258	7.98418377142	
0.748672330177	7.07729140242	9.0	2.58741183095	9.0	9.0	8.8108078404	3.00612960953	1.71813801663	6.81278530561	3.49292212581	4.00100133018	
0.104769113755	6.61331843064	8.96718775809	2.77945348296	5.57190416276	5.42146308603	8.72039748537	2.67990953795	4.38095447246	7.45064648776	1.95738064581	4.45744957951	
0.0734898889057	6.52487786117	9.0	2.62343199563	9.0	9.0	8.5254705919	2.53600892655	8.97627514872	9.0	1.19992972157	6.72219491982	
0.833418344565	7.23591677612	8.99885888031	4.40627641675	8.94492062716	7.45267198924	9.0	2.63628241359	3.80493681401	8.95860752373	3.67381665682	4.23359120333	
-0.0168465441149	6.448394319	8.68932204851	2.81802234709	5.70818959429	5.43775145034	8.88195421036	2.56684362877	5.39418351697	7.31878905703	4.79018690311	8.44622657177	
0.141403695461	6.61726869809	8.85707951568	2.52656392452	6.42854028527	5.56070401293	9.0	3.6750413139	5.59422884359	7.78754810379	5.54202728181	9.0	
0.375330611238	6.79866043581	8.98919743788	2.72414856994	5.28896486056	5.4018022361	8.96877457753	2.85191261834	1.49300093045	6.93471902091	8.88287587965	8.98144247692	
0.0468458993301	6.55263727462	9.0	2.75194166322	9.0	9.0	8.60574694713	2.50666389895	8.71730387793	9.0	1.31647903893	6.55413210105	
0.140697401562	6.53394169947	9.0	2.56079961572	8.70456371712	9.0	8.93389947831	2.77831219688	1.22610686011	6.43714351911	4.38419183147	4.7476385707	
1.06813946431	7.54960476073	9.0	3.14502281244	6.75063337319	6.23422122872	8.87712912729	2.90211404046	7.25166218807	8.93771710909	2.14184303628	5.93615797934	
1.03266393854	7.52418668552	8.92463328458	2.70708641508	7.70029899796	6.06833707958	8.94837362903	4.25944775142	6.55716295448	8.98453332445	3.88432843313	7.15002336343	
0.202853810999	6.61529315076	8.92124739582	2.92132355657	5.85574069567	5.58020098773	8.86736898947	2.86924418798	2.69368114053	7.58519803771	2.24065030971	3.01510190852	
0.075491088466	6.60305901905	8.99903253914	3.13920358012	5.87581511988	5.67477906702	8.99978684299	2.63971460563	1.54169811579	7.02337422135	8.9917442604	8.99813394566	
0.528607078218	6.92932205164	9.0	3.87897562194	9.0	8.43658787086	9.0	2.34809820208	9.0	7.76935295422	2.13501062255	9.0	
2.11953843736	8.6068994332	8.89593510075	2.75663115678	7.32422170157	6.22802598832	8.83440742245	3.62860688677	2.19043610849	8.10677854595	7.47458851832	7.16684524649	
0.728638158268	7.31923987778	9.0	3.86886742813	8.73792846596	7.38185140901	9.0	3.05490756032	3.50866523008	9.0	9.0	9.0	
0.451870601119	6.79543672941	8.98890016721	2.60424205742	6.56173003371	6.10687772112	8.35804465062	2.78939954924	6.07437547286	8.95688818342	1.84514083858	4.54920654208	
0.0155248108933	6.58178482517	9.0	2.92043138277	8.82366798813	7.55161275989	7.97325601803	2.71645210803	4.10886489781	8.99973072396	3.55652020355	4.37134113977	
0.448658680733	6.83490816652	8.53188078689	2.92058242066	6.84987551554	5.43269298337	8.57640819072	3.18962005012	3.3562563998	9.0	9.0	9.0	
0.586600556413	6.99233659256	9.0	3.1320542987	5.89424511664	5.6269027017	8.94091224785	2.63961723907	4.8618918002	8.9993058641	1.41833275015	3.02848413059	
0.120259101942	6.56004906619	9.0	3.31389137201	8.99945874859	9.0	9.0	2.45969244037	8.31417068783	7.05727049172	2.22793282256	9.0	
0.259862163483	6.709881279	9.0	2.72333479482	5.31203836441	5.5668259153	9.0	2.64594523473	2.49058905763	6.63758799326	1.72036879188	3.22646113609	
-0.149237743856	6.44250394889	9.0	2.49830181145	5.53708134751	5.68394451362	9.0	2.80876374191	3.6594389839	6.85463115498	3.23218172471	5.64616758026	
-0.028856108826	6.43389844443	8.77080278694	2.40018499207	6.22178592802	5.86787329362	9.0	3.31170866517	3.63602780697	7.49964284928	1.60513865985	3.40279447456	
2.50504799169	9.0	8.99479056548	2.61341736657	9.0	6.96055157876	9.0	4.96371519808	4.27844803791	9.0	5.05105273022	5.94665491534	
0.230083910523	6.67903729651	8.93465640749	2.58264488449	8.56358496138	9.0	9.0	2.6049690593	9.0	9.0	0.714897388321	6.27148179915	
0.769452850754	7.16568081547	9.0	2.58203098595	6.55124172584	5.95024478105	8.96652184871	3.6846839812	3.16802750652	7.96282091131	3.25930158904	4.11516643886	
2.51931459532	9.0	8.8247480619	2.86538243614	6.54885844732	6.05164834553	9.0	3.02108509942	3.002224529	7.63309833349	2.37031230807	3.35390828954	
0.43524046825	7.00197464368	9.0	3.42523091283	9.0	8.11772904854	8.92017640972	2.78251786998	9.0	9.0	3.40602982371	9.0	
0.393377479063	7.08061523475	8.99381571902	2.83903544095	8.17622402993	6.4865124813	8.99993725934	4.16497408715	3.3828247124	8.99864192826	8.99995324558	9.0	
0.124443009889	6.62103017982	8.06623366994	2.53489484724	6.14935043027	5.37077732567	9.0	2.90424059229	4.32496608685	8.492963809	2.53764570137	3.82085624516	
0.214647706421	6.78896206034	8.99687415162	2.67092092884	8.6775063045	8.95990363082	9.0	2.65020285911	9.0	6.81597900685	1.25749325614	8.99956592661	
0.352706589048	6.73217372916	9.0	3.14447403737	8.97172728901	9.0	9.0	2.55851960875	5.15248102158	9.0	1.09775760681	2.8747435856	
0.510661172047	7.03907795	9.0	3.10477414806	6.5544460169	5.42366685828	9.0	3.44928341522	2.57600453423	8.63459324858	3.74697879142	3.30216913957	
-0.102750370289	6.55666396334	9.0	2.80507071015	6.17469845526	5.69647722237	8.80105086599	2.78519945434	4.25283912779	7.67405462999	2.00236023657	4.23548909852	
0.265924692412	6.70183440367	8.98112297409	2.49571098331	5.21785347672	5.68484518417	9.0	2.66054167444	3.4255733908	6.33187520213	6.16771546021	8.90415041855	
0.651651921926	7.01950110913	8.99999883795	2.66030903329	6.8262177198	5.53897199266	7.96396940308	3.17782260328	9.0	9.0	3.19552219742	9.0	
0.613176675981	7.07107529559	9.0	2.84582711941	5.50114090241	5.4306939275	9.0	2.8750451952	1.47859763224	7.03532386885	8.99976806967	9.0	
0.587139478984	7.06500117731	8.99998335732	2.75988038393	6.04940300646	5.73319862137	9.0	3.00444786216	2.32023612008	7.42083759714	2.89833670315	3.74984947002	
2.50402455114	9.0	8.93227153892	3.98170577407	7.5507344537	6.33347111331	9.0	2.7112150853	3.7560360472	8.74185845431	8.3715798039	9.0	
0.0836633600851	6.54819527031	9.0	2.62014776427	5.93869901249	6.12768642498	8.9199013608	2.73300312004	1.25314777652	6.53489983087	3.21631203543	3.56478441938	
0.622151663467	7.06862940104	9.0	2.57533011369	5.91820727769	6.01328948524	8.97327353732	2.92538710787	8.98003048684	6.95538802799	1.2395428933	8.99999999995	
2.50526878374	8.99999515464	9.0	4.09135222153	8.99777274948	7.82102917446	8.99991343889	2.62836042039	9.0	8.99252685837	3.37400973254	8.99850287181	
-0.0405925347428	6.42767580242	8.11739796413	2.97079463269	7.73471935875	5.81264685151	9.0	3.70679206851	2.20176677274	8.99999999129	6.00519010018	4.77269994617	
0.107676473537	6.66732950842	9.0	4.15325300285	6.56047236403	5.56470545382	9.0	2.46752283439	7.77455368647	9.0	4.47990643348	8.64924115848	
0.0240482433428	6.57402182296	9.0	2.50432628152	5.17367616725	5.43796520153	9.0	2.71587595748	4.30554789368	6.7708142584	4.71666026861	7.94510034139	
0.649360615314	6.98575799163	9.0	2.77628086471	8.46349143409	7.51405673106	8.85322014418	3.93545308979	2.25590622278	8.10412581422	9.0	8.49545317688	
0.211889880404	6.58737055022	8.56076391623	2.60224956629	8.95035826918	9.0	8.9763566091	2.68240968557	2.38894437181	6.73382295303	7.74131683031	8.86917564178	
0.0199029334685	6.51554988643	8.3960779516	2.54430602697	8.96118521789	7.22326737607	7.69472546716	2.78670261546	4.28848856175	8.88089299464	4.27239027878	5.42782342432	
2.54680411695	9.0	9.0	2.81458658828	8.99904979528	9.0	9.0	2.81209154291	5.93974007933	8.73070665821	1.33229904722	4.1153763984	
0.831128994703	7.27805995249	8.99523497525	3.3716000344	9.0	8.48466570022	9.0	2.77501810705	3.66278724203	8.32526994317	1.89771597571	2.93948368918	
0.0773459282986	6.46324687947	9.0	2.54872798808	5.25042722808	5.68562481385	9.0	2.71817459261	2.23713700526	6.37275752711	4.18186666585	5.6713848271	
0.525207379351	6.90450454424	9.0	2.99422275938	9.0	9.0	8.83528571245	2.49892669559	9.0	8.01365362806	0.973543373744	7.62135623103	
