2.50649088213	9.0	8.99827687839	3.43967555211	7.91410755094	6.44217017891	9.0	3.06638928415	3.32977907965	9.0	2.56238137043	3.01704124578	
1.01136758154	7.6108718708	9.0	2.64349322543	8.99713733071	7.61459554425	9.0	7.1425382888	9.0	8.66443331242	5.98446025113	9.0	
0.187567239662	6.75449060677	8.92485173961	2.58103188134	9.0	9.0	9.0	5.69816510715	2.69478544549	7.24084430051	4.84385175808	3.14810600664	
-0.0656190794166	6.43568092682	8.92647395698	2.34565458574	4.26606929073	5.65320777611	9.0	4.19303841778	5.1726741384	5.56527360776	3.86759194823	6.69463029341	
-0.159669927877	6.40955126528	8.48722255933	2.56343384115	5.18323887386	5.57118272718	7.79910134686	7.66670141452	5.42522854032	9.0	8.99911443546	4.23555269269	
0.0877100391932	6.48754226878	8.97687929898	2.52697968909	2.83489491598	5.29068467852	8.97043497183	2.50258622957	5.72368865944	5.83856651302	1.90440841195	5.5680531684	
0.0403927343407	6.49054682394	8.98346579351	2.29041822851	2.96944863483	5.08352240423	8.58642141561	3.24316276146	3.75969952491	5.65352290479	6.93105846985	8.17683571374	
0.404333266044	6.7248840457	6.6475998114	2.3603396808	6.90681235572	7.32630101487	9.0	4.83268718602	6.19052593035	7.92373729737	9.0	8.72724267195	
2.50519533206	8.9999192324	9.0	2.92229070964	8.427053013	6.43840921016	9.0	2.89985590532	3.86128433125	8.99593790057	2.96447664756	5.1567512167	
0.200177404969	6.60035354376	8.59466894814	2.66770897854	3.39821597087	5.44356677738	9.0	2.88458746199	3.43980453541	6.2071240182	3.5949870622	3.90117063508	
-0.173155543993	6.38231653083	8.98236812945	2.35430331735	4.8968725496	6.0648638234	8.98551721618	3.26342724504	3.39528195838	5.72709333031	6.34248695281	8.30753472535	
1.04479292111	7.47572752438	7.96354653341	3.25760009969	9.0	8.37392000342	9.0	2.90206338272	4.34271380963	9.0	9.0	9.0	
0.0327899441435	6.54944251841	9.0	3.09064579995	7.66848024931	9.0	8.9995660569	3.95792483384	1.43907353874	5.60399964138	5.57153880484	4.10755449111	
-0.129975263497	6.46462726472	8.9828699789	2.56240666739	7.81994331152	6.92843847192	9.0	4.10851934161	3.06758639355	7.8788167662	4.30265326144	4.79953735846	
0.880394832539	7.35615464267	8.8627286721	3.45614868134	5.94679732557	6.83364950905	9.0	2.5795671194	3.14828148619	6.32546190947	2.97263905027	4.03384764101	
0.518244993329	6.92165397517	9.0	4.21058532149	9.0	7.81548619549	9.0	4.55359441298	2.41277793846	8.03919652716	8.90096657962	7.01237685051	
0.94889172342	7.4664021161	9.0	3.75809764304	7.19361581582	8.3369142264	8.95326296855	3.06097916611	5.27009064784	8.45838120659	5.09333569697	4.9317713005	
0.211955896161	6.8006513147	8.99921606923	3.92347238706	5.60440778525	6.47676058232	8.99423799221	2.83192076493	6.25174885205	9.0	8.21021122725	8.91025999924	
0.956427630549	7.18285309704	8.9972315427	2.56877154081	8.99695781733	9.0	8.1430404617	8.99999925631	8.93899271676	9.0	7.98017977769	6.96980394371	
1.05231872006	7.42168736724	8.63109396763	2.62353807844	4.73073369654	5.85340825146	9.0	3.21341149104	9.0	8.80861837293	2.05090963114	6.1998248265	
0.853269023407	7.28412349402	8.74180733459	2.80999584327	7.74224776879	8.97834584958	9.0	5.1537623443	3.15141234543	6.16231015994	5.35374031762	4.21628167309	
0.00758424142325	6.48164920398	8.37834830958	2.50866556387	5.93883662676	7.28844250009	9.0	2.88207311532	2.86558835997	5.80865037576	2.96368509891	3.91208869432	
0.392807085729	6.78271602304	9.0	2.43403235864	3.07973953054	6.07582875371	8.89205171305	3.92654152023	8.99103764892	8.9272553846	7.04973856318	8.94230849097	
0.313092526253	6.61392538348	9.0	2.66274731529	9.0	6.82747906423	7.88118053011	3.10470719188	2.16178206707	9.0	7.87158869113	7.82467813289	
0.883279104682	7.45642567729	9.0	3.78493026921	9.0	7.42416666764	9.0	2.67587801023	8.80807689069	9.0	2.81927729212	9.0	
1.01576039947	7.40603646694	8.9935381856	3.39850351367	8.87959628143	8.98449624162	8.86986523792	3.02672556128	5.62619838079	9.0	2.34051586101	3.58556592291	
2.50614976375	9.0	9.0	2.67190326513	4.02813048758	5.66319560667	8.95331193436	3.0588097932	9.0	7.36815064249	2.21512935897	7.59557860774	
0.0307880077546	6.56769856207	7.96298439894	2.92173137342	6.99151894124	7.45028667354	8.99921731466	2.50548376642	5.23428794478	7.82793461681	3.05900874157	4.69232371697	
2.50498361591	9.0	9.0	3.39548404723	9.0	9.0	9.0	3.09617848536	2.47802882815	7.08648274046	3.19592968673	3.2558513188	
2.48041780142	8.97464709973	8.2085098169	2.80192990747	6.23609133227	6.40518184699	8.70601701235	4.01752519963	5.25471441932	8.99944267836	4.03990903185	3.38279137697	
0.406387804478	6.73925290895	8.0758674712	2.67726824064	9.0	8.85711794255	8.47431084845	4.64892483208	9.0	9.0	6.42956523359	8.96335509558	
0.609672261285	6.91919467894	7.49677018298	2.42376038439	3.4169132144	5.26996952184	9.0	3.96347818987	5.61572449494	7.44630854939	9.0	8.75403449819	
0.435489460766	6.86777423164	7.72848780245	2.87972431908	8.990784586	8.16113838661	8.47884510394	4.05297807096	3.59769932907	8.52392431972	7.56667149507	6.03851983413	
0.026156502768	6.49045339387	9.0	2.6814045594	5.57313054291	6.41581306472	9.0	2.56337871355	2.6412861144	5.9106740511	2.10656990024	3.94132547553	
0.912718740295	7.38088049586	9.0	2.53324966278	9.0	8.95759453051	8.42506128334	9.0	7.69142240541	6.98887450218	9.0	8.96951898626	
-0.0336464780311	6.39910778335	9.0	2.26550930386	1.55979889398	5.21739218797	9.0	5.38567940094	9.0	9.0	9.0	9.0	
0.596973447802	7.04189971025	8.90148490452	4.02261887718	7.5160388663	8.75018899553	9.0	3.06990667216	6.10672192204	9.0	4.35711595287	4.39043782098	
0.942565265838	7.46341126857	8.54012891684	3.28185952171	7.01873459881	7.21498706988	9.0	3.04591447754	4.80165109743	8.08587187465	8.22594722797	9.0	
0.035512342559	6.5326144554	8.75875283148	3.04440111308	4.65501837686	5.83579435914	8.42442720111	2.96534891769	3.74923515793	7.09633886308	3.56107263077	3.32458844989	
0.503041864905	6.85731174819	8.98243310801	2.38633319937	4.33208043803	5.57402895931	8.7363403419	3.39355710264	1.75918308502	5.79823889735	3.60420405804	3.61300111385	
0.798134731314	7.24510037896	8.99119947012	2.68153987495	3.71280677989	5.57352171886	8.99855668863	8.99063959529	3.04732472892	6.25087465074	8.99089306966	3.62260437898	
0.136145647784	6.58294248754	8.88056646568	2.59942475186	8.51914658281	6.32131867438	9.0	2.81554916324	2.67301236879	8.99863545244	6.92110349345	8.39777282404	
-0.0730329213375	6.34500123295	8.94763543129	2.51798049206	2.54142577901	5.26437369674	8.99996062601	2.76764055033	3.4804561448	5.95015552795	2.91794602345	3.58662458521	
0.357718335434	6.83570422674	9.0	2.51704165931	4.30623048155	5.49819562015	8.83893016774	9.0	8.99962792572	6.49449829594	7.83201249602	8.87376252093	
-0.024225237512	6.66418268008	8.1155230288	2.38965442566	8.12383700499	9.0	8.74580023644	8.46125767885	8.17102386059	6.05174226887	8.78015871894	8.99999933221	
0.0578415698288	6.63743774699	8.80110998356	2.52505209181	8.87127556845	6.53556917097	8.99652319645	4.83200986234	5.29058683564	9.0	6.84870898202	8.99245052932	
0.243227002962	6.73578981875	9.0	2.72507786566	4.43093984227	6.29715797943	8.86812544989	2.8911041705	5.67394047811	6.25932528493	3.2171800382	6.25203684765	
1.02686383659	7.49934520103	8.93934724561	2.67984143395	7.88162684708	8.77337378571	7.67531123058	4.15101643131	7.73541706314	8.57527103104	5.75188428875	7.09249442124	
0.00474942929219	6.44763486181	9.0	2.65026789808	8.95861741623	6.91933097919	7.82119689127	2.82901597055	2.8757060597	8.99678439584	2.58215247254	3.11983012094	
0.741705148306	7.05870339528	9.0	4.53864421709	7.56298307695	7.9841696951	9.0	2.74961626335	7.8069347422	9.0	6.41786551797	8.97561220064	
2.09825281795	8.58964620526	9.0	3.61845714153	8.97666625071	8.84885587157	8.51092788515	2.75606489509	5.39841051035	8.99958794289	3.52231270042	4.33963704174	
0.257265647024	6.61075134217	8.89747595643	2.6674473685	6.57454013	6.62630474865	8.93555051842	2.80737168004	2.96324739376	6.7186828124	6.82093924648	8.81553035011	
0.552288413877	6.93843358486	8.64970362438	2.47119292623	8.99525047386	9.0	7.08116652128	6.51289474261	7.63175490855	9.0	9.0	7.86709354231	
-0.145439127571	6.50697198127	8.65655753759	2.44528991955	7.92206764839	8.9966827247	8.11731969406	3.66231729077	9.0	9.0	3.52505042443	6.18320279435	
0.477096497403	6.95734011742	9.0	2.72874294527	9.0	7.19491289422	7.84547291272	3.91258655478	3.03495723448	9.0	3.98938006073	3.02633290975	
-0.136016975317	6.34322976499	9.0	2.56943597203	2.63699958492	5.28990637762	8.81807834064	4.89864351045	2.43985569179	5.64572999142	5.81354532371	3.48376277802	
0.821336728357	7.15875635847	9.0	3.27076156377	6.25872137344	5.62045433315	8.9180821863	3.31228349048	4.09000864362	9.0	2.24248982305	2.74394166289	
1.14291744843	7.49614593494	9.0	4.2797102221	9.0	9.0	9.0	2.72006873887	9.0	8.91512146095	4.51642372117	9.0	
1.12760393622	7.51489795137	8.99845880352	3.55907789188	8.33304659585	8.82855737788	8.38523774525	2.90454672872	4.89159425786	8.43298843533	3.24594670103	3.47365474569	
0.0201328417254	6.58847644817	9.0	2.6084985168	7.48335140945	8.79581732138	8.88318435718	3.11234304544	4.15970807359	6.01465669111	6.89506971208	9.0	
0.104874984232	6.5280987419	8.54093758746	2.51757924851	5.24069363929	5.53326274166	8.99247112615	3.53875497637	5.29613481945	8.99845556798	2.20245131262	2.93306477924	
0.775756707173	7.08350439583	8.82418686099	2.70762525151	8.68427348153	9.0	9.0	8.85722558598	7.31647108256	9.0	7.70056261766	5.0978895395	
0.370165583785	6.89123190439	7.96087761648	2.54166108462	7.20342648542	8.91202146613	8.95613086371	3.37843105928	7.21432239395	6.13012481565	5.33069145637	8.9115832428	
2.50632396787	9.0	9.0	2.72670392184	4.10738395667	5.66899422953	8.98307623847	3.09581393343	3.98584942153	6.55305381231	2.31343244389	3.50998050341	
-0.187003466354	6.43840163115	8.9312082083	2.63986551283	7.8833925619	8.53874279317	9.0	2.83816537719	8.23706584866	8.99960095812	1.54530982246	5.61373549895	
2.50427512821	9.0	9.0	3.94041695708	8.64729512557	9.0	9.0	2.62576537503	8.87725998246	9.0	2.7275532462	6.84544826747	
0.518576839172	7.06064724314	8.9988690317	2.36277642111	8.8323643321	9.0	8.54695980921	9.0	7.41592455595	6.72883937361	8.96015603091	8.79055834577	
-0.0753401728846	6.53828982518	8.63836611976	3.61827163749	8.76438063526	9.0	8.98070922665	2.76648285019	4.15924183142	8.24860130142	9.0	8.99969823989	
0.168780568286	6.66954777369	9.0	2.39130363323	5.29378192032	6.15753964503	8.84265370704	4.61483162885	8.99465846751	9.0	2.92212423387	5.90508970313	
0.274465747591	6.68512517951	9.0	4.19588436202	9.0	8.98737769587	8.69222919876	2.63760507122	4.7152598951	8.91448255996	9.0	9.0	
0.358824456149	6.71902753652	8.68778067315	3.378665394	8.97298356272	9.0	9.0	8.2536378164	1.75991331971	6.66984886471	8.99956348859	3.35103799676	
0.386487294664	7.010518748	9.0	2.40503220439	2.59624301675	5.6936911025	8.9938413726	3.90410524703	4.2139031612	5.88140388614	9.0	9.0	
-0.0398030955731	6.54886013471	9.0	2.63623063884	4.27010633667	5.44614730329	7.95727204757	2.89815526067	5.60215187277	6.35782613949	6.5976851423	8.99974798223	
0.85965934745	7.28355484379	8.99985786441	4.3256168173	8.26514378692	8.6262694016	9.0	2.62233237999	9.0	9.0	4.89911755872	9.0	
0.842612536702	7.20691420455	9.0	3.98357824562	9.0	9.0	8.90361897919	2.76512667168	6.27860774524	8.99982383436	4.64282337835	6.40546611971	
0.319614223807	6.80195249511	7.22077359946	2.31626829882	8.09511528748	9.0	9.0	4.75610666303	7.6062602514	9.0	9.0	9.0	
0.013440869327	6.61433347381	9.0	2.43953800908	7.42933863257	9.0	8.80032402763	3.65929335072	9.0	7.94199250087	2.36778112008	6.65961625618	
-0.0824645696381	6.4223975695	9.0	2.25631260142	3.02672287743	5.13077365358	7.80030557964	4.17336269804	6.26087784925	6.23598804811	4.98836901411	6.47414847651	
0.0105423541945	6.57260278778	8.91356063259	3.90120891876	5.30914693309	5.45631119508	9.0	2.86155000654	3.06406322733	7.19704070164	4.04685306496	4.00765242944	
0.424538371215	6.80149296874	8.96079877535	2.37631790778	6.77556246338	7.02229599644	8.9402526352	3.7219085143	1.1668582442	6.51307139961	4.54789595275	4.08843520313	
2.50527790191	9.0	8.49707868763	2.72428853492	8.99867083379	8.9667590177	9.0	3.40830850022	2.80517467215	7.02501164458	8.66302971855	9.0	
1.00774240363	7.50283542384	8.79762416725	2.81993917199	3.58571383969	5.59875561178	9.0	6.64457021834	2.68485858547	5.87437837414	8.2060927342	4.5317179849	
2.50429052475	8.99911658429	9.0	2.61297462662	8.20405598823	7.49443588248	9.0	6.45415092021	8.8564665991	8.16507653132	5.01848398393	8.51272343011	
-0.148434968786	6.37381539609	8.64668616654	3.02642928387	5.14506775599	6.06346356053	9.0	9.0	3.02323483183	6.75251607851	8.77374162959	2.77587175139	
-0.0415081003438	6.3519890024	8.59673108108	2.52705973819	3.81445890801	5.47424729045	8.79762617086	2.8988304927	8.96237865544	6.85968935863	2.15752162347	7.91939057367	
1.01896124515	7.31782874268	9.0	2.44459084236	8.81635141775	8.36849438817	9.0	8.12299337571	4.86507153928	7.32306286652	6.30597135093	5.22614255024	
0.284178967608	6.74574990817	9.0	2.49907895253	3.61220925568	5.78482081569	8.99975642477	9.0	7.82858572248	6.09150651596	9.0	8.44173459382	
1.1532919204	7.55150369744	7.90892121056	2.67482099711	7.39966297035	5.97974263664	8.99998708841	9.0	9.0	9.0	9.0	8.9812053025	
0.739927654023	7.04280163502	8.94802902104	3.04990070947	3.94947413073	5.57244859234	8.78547557821	2.91202646062	2.7445682339	6.18418580049	5.58586003603	5.50077583103	
0.916882536525	7.39607493924	8.99653147737	2.90954001665	8.52010359446	8.87297931102	8.99980977243	3.34735906487	6.08868521286	7.53513237056	2.56907096386	5.51106050727	
0.739116314235	7.1027574539	8.18414535629	2.78491599613	7.79225511284	9.0	8.9764689689	9.0	8.87009498866	8.98837777336	8.98364489453	6.28947010026	
0.770305811803	7.13744987648	8.99999999548	2.9896664208	3.03164233626	5.30837152595	9.0	2.50593500293	7.8033812935	9.0	2.29458627055	4.63887739115	
-0.00947594652864	6.51066332078	8.75075644028	2.32183391628	2.25422565812	5.10636890877	9.0	6.47653172546	4.65110595914	6.21659203713	9.0	6.73497184437	
0.863265311816	7.29156060102	8.80166403534	2.56051775441	4.02009950493	5.50169783038	8.90651338649	3.21016720247	2.17144501347	5.81000550607	9.0	9.0	
-0.0294284510109	6.49867455077	8.31600832591	2.69182937916	4.95070889319	5.75285158738	9.0	2.52941674084	6.59071203644	9.0	1.72580580017	3.73201273122	
0.0551141266194	6.51442893088	9.0	2.38674186865	8.60508775819	9.0	8.37287435925	3.89319729534	5.87434642453	8.75808967328	2.28538292319	3.40169006967	
0.44319783681	7.07367839258	9.0	2.75155004756	9.0	9.0	9.0	9.0	7.69327965866	7.06324849269	9.0	8.88336788958	
0.409047190913	7.0183739288	8.99432457892	2.68607562399	7.53875553519	9.0	8.6119284474	4.8068347229	6.80388675796	8.99868142329	4.52487023522	3.92715940067	
1.01430543128	7.46435870321	8.55900436409	2.6624109365	3.44755090641	5.44109110313	8.99880366541	3.12234444194	3.3720800836	5.91609598385	8.53703458761	9.0	
0.531540989156	6.96319312339	7.49052390037	2.4307532717	8.36463047871	9.0	9.0	8.99999728944	8.99783615111	7.12810625981	8.99996001911	8.71179043289	
