-1.36990161769	5.05892438869	8.91421653708	2.62777989881	5.61122554718	5.21801909305	9.0	3.35300524419	8.8297535569	8.22169399252	1.81206447326	8.06112550553	
-0.946638415286	5.48959223114	8.81716646678	2.494787955	8.01037349373	7.84956416184	9.0	3.08906020132	2.43225576166	6.77953482458	5.91632582731	7.33773738725	
-1.66972357452	4.70046190992	8.3876508461	3.05671534256	8.02659269522	5.6529415002	8.93083421927	4.24270200144	2.02866945657	9.0	5.98225271413	4.74177103052	
0.601182317608	7.18251180552	9.0	2.36365470461	7.20638402821	6.13119428996	9.0	4.20777528266	6.00924284408	8.93189076866	2.60896554	5.33233987728	
-1.22183367959	5.22482211964	8.9999704523	2.88232098964	5.3842677563	5.36908977606	8.89271861187	2.60924933956	2.48803063944	7.02339105082	3.13705715067	4.18816446621	
0.0209988514359	6.45574893987	8.92700995099	2.48109476565	7.25417185585	5.33446276074	8.08687437064	4.08647324744	2.37679621093	9.0	4.44635211017	3.44006129877	
-1.24443990585	5.33152149411	9.0	2.81526544629	5.70870924325	5.42606797744	9.0	2.9291954449	5.008339202	7.30240933928	1.80657325957	5.2936437912	
-0.970535354908	5.53316552978	8.96105284508	2.79182845501	8.90288351895	8.47596760108	8.41629530003	2.6757151311	2.79043781223	7.39964363945	3.43462059379	4.40834451314	
2.35290085702	8.91332678077	9.0	2.41578713711	5.83337140178	5.89872329033	8.93222933877	3.00658046987	2.91413225391	6.62958284616	2.29695765518	4.18985967431	
1.9097591257	8.27797716285	8.91276504166	2.83546013091	9.0	9.0	9.0	2.7693405032	2.38482205275	7.18269822692	3.6352219159	4.52319055622	
1.67978079498	8.0911370445	9.0	2.67042895269	7.90277663373	8.34953923756	9.0	2.52011531165	2.88646591184	6.42712952597	3.82832801701	5.82400712347	
-1.41858011141	5.00415972137	8.99981657454	2.65217972031	5.992137949	5.60136974983	8.87724505767	3.08789280506	1.98455951214	7.04223382999	4.69277862642	5.41528189167	
2.50368124616	8.99875933853	9.0	2.49836834537	7.38846859322	7.74486253908	8.97686086911	2.86967494349	8.28665178677	6.58185954957	1.87194618274	9.0	
-1.33840105097	5.16623617586	9.0	2.84966108753	5.80053900363	5.70196795664	8.89197591394	2.84705431781	2.89259210087	6.85495503122	2.14063573014	3.75468099672	
0.150592326396	6.56862939129	8.98913734824	2.57996316145	5.70063418638	6.08796617889	8.96278910308	2.60022476764	4.9847228292	6.88481469054	0.763322924533	4.54684968884	
-0.539046070204	5.91038082305	8.85410602872	2.47864596141	6.64229852126	6.69847824993	9.0	3.03342008815	5.03171614389	7.98252914706	1.0687811791	3.70145531365	
2.55141867357	9.0	9.0	2.5876016777	8.6547753455	9.0	9.0	2.88147373549	3.09341483193	6.66391172823	2.60394034258	4.40046114331	
2.60900387531	8.98598421837	8.26830207398	2.8072896215	8.53958244062	7.20897658573	8.14343329385	2.56039694141	4.61617678101	8.8217731041	2.56194016139	4.11119505004	
2.58202161783	9.0	9.0	2.57051153321	7.62713325657	8.11087543053	9.0	2.56766885288	8.97925113233	6.51117119291	0.902991906735	9.0	
2.53844377109	9.0	9.0	2.79704514343	5.1114389354	5.2333411091	8.93692466002	2.61026877413	6.96403959301	7.38606629667	1.45006267051	6.56537564133	
2.53648269145	8.99992187029	9.0	2.37965810691	9.0	8.79302329463	8.93124564236	3.44918106486	1.25338724648	6.9333935062	6.65028226306	6.42927599103	
-0.552515166335	5.88102877334	8.99932795256	2.69635929251	4.98910595462	5.36273422706	9.0	2.65140780784	3.13885758423	6.50101374116	1.92339582499	4.07915135366	
2.34672054062	8.98053669216	8.99999641475	3.61607119628	9.0	8.1692717084	8.9999984568	2.71202549544	7.30071381827	9.0	5.3560055977	8.97901271633	
2.63274425715	9.0	8.99644665813	2.56853100171	5.37638293165	5.73195171295	8.9820380712	2.78328958165	1.26162027282	6.40975581054	3.46174539838	3.87732162763	
-0.816834828368	5.54902367841	9.0	2.84430812933	8.56615887717	8.76447722566	9.0	2.6935855555	1.74223501586	6.42097572331	2.50041657818	3.37278952477	
-0.766234187925	5.55876448521	8.96906883307	2.61826964156	6.58497723882	6.15411962878	8.23281043113	2.69525725736	3.94717198846	7.33068548115	2.07732877967	4.37991007844	
1.08501656457	7.46433397592	8.99764213032	2.43461673179	5.44153301708	5.528240925	9.0	3.23272326603	7.49142298563	9.0	1.39822001011	5.43936771464	
-1.65106572099	4.8672997294	9.0	2.68681919014	5.95040675876	5.87910276031	8.98796273545	2.91886791139	3.26461428249	6.88081335318	5.43172045674	7.42492688759	
2.48841405333	9.0	8.99263375338	3.73228913076	9.0	8.01454599254	9.0	2.97167261317	3.58952218152	8.85946263359	8.98477584197	9.0	
-1.78502367866	4.69456238404	9.0	2.90599192497	5.84724200418	5.31900306521	8.99265351237	3.10855134313	2.64013624605	7.28665189129	3.83821865722	4.85049735191	
1.78736272849	8.35151239918	9.0	2.74224328287	5.29640786519	5.40768356908	8.96520580241	2.67339136513	2.60008886807	6.91164819412	1.83719542556	3.05204576731	
2.58554362427	8.96031523979	8.98982720681	2.66043982406	8.93322386988	6.66056878161	9.0	5.26652498311	0.657740014238	9.0	9.0	6.25796222237	
2.26851247914	9.0	8.96310871524	3.63311013221	9.0	7.90718357304	9.0	2.68700483816	8.99626508076	9.0	3.09020353704	8.58800437446	
1.70706583187	8.05553889619	9.0	2.72813820805	9.0	9.0	9.0	3.03084075872	8.62384697882	9.0	1.70148498927	6.64805333736	
0.116528962794	6.53178601067	8.48449818535	2.53070920172	6.78682200248	5.76535460157	8.9124927807	3.6735114355	2.88977958288	7.80011557039	8.60455649781	9.0	
1.52792374558	8.15194513008	8.99984879715	2.81010037826	7.12953076779	6.54181851927	8.80955518939	2.83147390103	8.91291220854	7.5362223848	1.83414172321	8.99988193879	
2.52515311905	8.94825611776	9.0	2.40401027943	6.55582971925	5.46780685729	8.99999431932	4.42363905863	8.68480790898	8.50402943055	3.29248332871	8.93399942633	
-0.647611688831	5.76634540888	8.86020970067	2.58702422791	5.57962273165	5.64504271174	8.9983292829	2.87953464679	2.94277046974	7.06912055928	2.21324323618	3.55599599508	
0.802297516178	7.32865460062	9.0	2.33335011575	8.52784209078	6.46806445011	8.17925809065	4.45269466277	3.2925118001	8.90489653826	3.85740580192	3.73186260221	
-1.38646742764	4.94591497076	8.99825544915	2.97870344074	5.63685555207	5.50007438058	8.95761363992	2.79557782505	2.18291603832	7.01145444683	2.75443817555	3.51750337551	
-0.778117220334	5.63785593647	9.0	2.64413385259	5.8937042372	5.38704213825	8.82494258304	3.30162821899	1.55856371371	7.24982664519	9.0	9.0	
0.0460091298303	6.52000904672	8.38747662705	3.31257895108	6.23212483087	5.38378420072	9.0	2.44978152562	4.61414792512	8.99729889516	2.5253234939	3.910057471	
-1.51006009628	4.98088371155	9.0	2.43590763028	8.95822027992	6.53607459257	9.0	5.58528245469	2.07325282264	9.0	5.44788000143	4.10918028348	
2.68084841365	9.0	8.18321646712	2.80664720581	6.48067068028	5.61008353335	8.85376657682	2.78059281187	9.0	9.0	2.1412769432	7.73225692657	
-1.70253311629	4.7235426534	9.0	2.66780832874	6.18981819983	5.76656040855	9.0	3.40314836367	1.53136404514	7.11592664274	9.0	9.0	
1.72561404576	8.26609717802	9.0	3.94960392365	8.85668017557	7.71445244776	9.0	2.72438789744	3.56777985968	7.99950907217	7.67797804122	8.99855492782	
2.45111324419	8.83416081598	9.0	2.75744417217	5.38535861923	5.60436135249	8.75644350729	2.51681716802	2.05567327065	6.63236293089	3.7165819868	4.71898095925	
0.840691461325	7.24805307475	9.0	4.04718776867	6.18325954578	5.42235342675	9.0	2.38874678012	3.37296433199	8.15101954554	8.23681169706	9.0	
-1.13673606983	5.28045258989	8.09005705768	2.94812831694	6.75097822747	5.38220336602	8.71912419575	2.84477894659	9.0	9.0	2.99018417592	8.65298368405	
2.40245501016	9.0	8.8563140534	3.68295809393	9.0	7.97268201258	9.0	2.6467695492	9.0	9.0	3.52051825017	9.0	
-1.05979723254	5.43007300035	8.99710672281	2.51770889956	6.19497168084	6.11881241166	8.99163361475	2.99224430287	3.46955816685	7.22705907236	1.37498270936	3.45479310909	
2.73790411018	9.0	9.0	2.66537319567	9.0	7.59813915665	9.0	4.32591079436	9.0	9.0	2.66326858765	8.54622473548	
2.00305211994	8.47853034089	8.71109652426	2.58167620894	5.55582803993	5.29413181919	8.74673747663	2.78294625011	6.20785823494	7.19892152405	3.18384017497	7.77115084351	
-1.28426856098	5.1067319161	8.1707185718	3.52565895994	8.89702146164	7.4246076403	9.0	2.69953281173	3.59711435162	9.0	3.01408733434	3.40566950514	
1.90385942385	8.40303005092	8.98929880542	2.72090083305	5.72180705262	5.94901951419	9.0	2.65963569973	9.0	7.1922570112	0.945518489231	8.35214213835	
1.22605925026	7.60477853276	8.32308310123	2.54693542826	7.25221396368	5.41464566799	8.34019421677	3.63488105857	2.91591867199	9.0	3.53060647958	3.12392390113	
2.53785795858	8.99855969417	8.99961458401	2.48210463235	5.13170844919	5.47552245069	8.90020781373	2.70529142878	2.03167694639	6.56554954325	3.94587299214	4.98958142797	
2.3439080115	8.71447231657	8.99958117953	2.5879930863	7.42193217089	6.12973038641	7.67218061927	2.97479692947	2.58973670513	8.00132186993	3.6835881902	4.02397799937	
2.44900473543	8.97523926237	8.63891674262	2.8105348179	9.0	7.00271257447	8.80183699391	4.13925597244	2.74771373811	9.0	3.5681854526	2.79474921072	
-0.0642212281856	6.458757441	9.0	2.88939244914	5.75998582917	5.42526634257	8.70451858878	2.81022534125	2.61841650878	7.30358474972	4.47196015595	5.11673907708	
2.41861242974	9.0	8.94178694242	2.58969866001	7.00879651852	5.44721054366	8.01617198897	3.33051697978	7.30277197012	9.0	3.47813571446	7.38322826534	
-1.71413914517	4.92122588491	8.99691231943	3.05886889771	9.0	7.8212393541	8.52638368311	2.94503186783	3.78159795251	8.3451184927	3.63086801166	4.66987745587	
0.901205686963	7.25986402749	8.9054923828	3.05484299029	6.16253253007	6.37097318606	8.99995902652	2.47810950621	3.43468202028	6.62371821679	1.77705754085	4.06323759266	
2.53534055301	8.94574573219	7.8235283693	2.58901084514	6.39142690136	5.666249971	8.99854404037	2.65572853711	3.46668860846	7.52946235774	7.54303233862	9.0	
2.57415175507	8.99972519346	8.99644790538	2.53721951848	4.91031701004	5.36263096344	9.0	2.64193253798	8.90951370433	9.0	0.837572666758	6.33831845689	
-0.536159160588	5.79230229029	8.96323069561	2.59228446777	8.85262612529	9.0	9.0	2.92657835998	1.08112972966	6.56394094491	4.10092071104	4.27478091768	
0.561457024249	7.0842694995	8.79716159738	2.51532499733	8.0205234621	5.76841246856	8.89969335351	5.01286541018	1.22770448232	8.95276047911	5.32633349383	3.20661500418	
1.11690089131	7.46377575895	8.15904285675	2.50762092592	6.50008717621	5.43010109159	8.51001620189	2.93494644195	6.18584372509	8.43711942958	4.59277061231	7.91692945539	
0.609828561487	7.05119246514	8.9999914458	2.70238994949	5.01865674813	5.37074645756	8.99983159241	2.59302335038	2.29809990989	6.59813929038	2.00181591124	3.27967472886	
2.44161503439	9.0	8.66480552239	2.73346184434	6.67816592339	5.53504116891	8.08793680558	2.66133151895	3.83930535328	8.56838558114	2.64142856217	3.511359727	
2.28061917129	8.7164031982	8.91620987046	3.11246920431	9.0	9.0	9.0	2.51011318784	2.68766228216	6.72002305562	1.80158283189	3.29132564471	
-1.40774635475	5.21570484046	7.94034399752	2.51740422143	9.0	6.90742574219	8.79409836193	3.54867423496	3.23626450056	9.0	9.0	8.99563728905	
2.52981167384	9.0	9.0	2.80502623208	8.7548685845	9.0	8.97496167824	2.65547501659	1.83841795719	6.42746660631	3.51331489335	4.3016267084	
2.32103927933	8.99999249705	8.91589589485	2.79665619813	5.87202252721	5.57431766737	9.0	2.8187545183	5.36938077161	9.0	1.82088472953	3.60874536901	
-1.69521856704	4.8939733335	9.0	3.11541313405	8.26429354298	6.68146032953	9.0	3.73114975837	9.0	8.99999764232	3.11907433632	8.98900293571	
-0.960892425263	5.52645696401	8.97696317645	2.51395234763	8.02029404667	7.23366487929	9.0	3.74653501437	4.59611683462	7.82506557774	2.77968053465	5.30127160948	
2.65184775087	8.99357236681	8.99997985974	2.60699533721	5.64036117514	5.73756774129	9.0	3.0380457497	1.17593302228	6.87245900178	4.29458029255	4.11451708177	
-1.79449824429	4.80645203451	9.0	2.66671120194	7.12873798601	5.37843708456	8.99747545273	4.47088046534	3.01369002859	8.88870939595	8.97144851049	8.7829308664	
-0.0122539606068	6.25456091799	8.9997456685	2.64731893649	8.06084300851	7.08769143604	8.09094406566	3.13950599001	1.9578886652	7.74901989764	9.0	9.0	
1.04158705008	7.47262903369	8.91757713008	2.64336982286	6.37914831055	6.4210691498	8.99996344806	2.75728895138	2.43165106392	6.92411457976	2.22230868889	3.60689990821	
2.45501914187	8.96083975258	9.0	2.39632971638	6.83564482974	5.93026146153	8.98410834967	4.04151761027	0.924085035617	7.67155206169	5.53316164287	4.39820062721	
-1.58243072265	4.86528888832	8.97690041643	2.88586986129	6.95957418549	6.96053291491	8.98954474254	2.6494433456	3.49711317854	6.84557254058	1.5038521645	3.78212420047	
2.46612270928	9.0	9.0	2.55643734354	8.60902687845	9.0	9.0	2.57910708876	8.99721821154	6.73951115347	1.16470841024	9.0	
-1.44519421515	5.05323101862	8.91314942837	2.81052448643	6.23747686239	6.17150833171	9.0	2.72796798958	1.77545479978	6.66783737521	3.45166842993	4.27616845225	
-1.6795229156	4.77825486564	8.52793260146	3.71475020476	8.95860429838	7.61461814398	9.0	2.85277492958	3.24117254021	8.53638127812	3.88598604392	4.00114152362	
2.12317909406	8.48611823044	8.98033447291	2.42269153538	8.99257756881	7.14456235259	7.31931190369	3.3940452203	3.69884591834	8.95921375513	8.80052197412	9.0	
-1.31029311592	5.12094680305	8.99753746164	2.89045367793	5.34495834128	5.53036201613	9.0	2.61527503698	5.52087637394	8.24086505928	1.15038636369	4.03413118036	
2.66398934106	8.99775736205	8.99596044277	3.28955281275	6.09567918213	5.6128466745	8.96145019657	2.71243786447	1.94279338534	7.40786177283	4.97308531441	5.16558892009	
-0.889186633133	5.65030693538	8.78821854826	2.65973379475	9.0	6.85015724846	8.7612904376	4.34635675829	2.03216227359	9.0	7.16663163065	6.17012571226	
-0.638604416416	5.69193017785	8.52753820978	2.38592822343	7.25544426477	5.79387915387	8.14713249078	3.5584605909	5.99753933772	8.39885266482	5.65692242906	8.77936521495	
-1.59394827005	4.75789007351	8.99654148011	2.87909106833	6.7791916457	5.42337905358	9.0	4.27041384927	3.28736028488	7.9704872358	5.46290418724	6.28540640706	
2.47574407829	9.0	9.0	4.00197678101	6.35264272783	5.53008074503	9.0	2.51555595317	8.99993740381	9.0	3.62646658734	9.0	
-0.356140089666	5.95819249385	9.0	2.49795079015	7.65734864712	7.43692635221	8.99975877828	3.46852434527	1.75127803287	7.03443329396	2.73591683591	3.12966810078	
-1.24634319209	5.17617853412	8.98597085324	2.82020477489	8.74188806594	8.99877734579	8.97310231422	2.55275037146	4.29575622763	7.07841148026	1.02608729681	3.79832168415	
-1.11653872376	5.28484934929	9.0	2.61280651697	9.0	8.98692035091	8.93484583953	3.05898077982	5.85916861886	7.2673253584	1.752685968	5.84825097721	
-0.920959237527	5.50664182608	9.0	2.61385680726	5.20971712075	5.52542702372	8.90018322715	2.62331960138	6.27630818279	7.47209512891	0.904006625117	5.35390986638	
2.04787392613	8.3694980665	8.8844654751	2.77324859318	7.22136285509	5.78350877265	9.0	4.16711573552	3.24270426603	8.73586188231	8.77294099895	8.97816086148	
2.36000070837	8.99612405839	9.0	2.69081921221	6.27693907498	5.6132006104	8.45653257377	2.84449430897	3.98566583807	8.23702652224	2.09463860234	3.34415681887	
2.67092489014	9.0	9.0	2.83584322038	8.92197507473	8.98334877639	9.0	2.98863261824	3.04685461573	6.99515101283	3.78246011907	5.3880879701	
-1.34315205594	5.07124139169	8.95559724456	2.63708062821	5.46249757812	5.50017983373	9.0	2.97687731141	1.53145660971	6.68958541673	3.22612098204	3.63804808521	
