0.836299740201	7.3948778927	8.99756254815	2.82062393346	9.0	8.90501649882	8.09111451026	3.45411192701	9.0	8.92897416672	3.59905981243	7.48016448324	
-0.168243993148	6.31526435417	8.74266298503	2.52003963931	3.81286396606	5.54923626709	9.0	2.8898994652	4.38476330943	6.73042604615	1.79280462523	3.27457372189	
0.173018088492	6.61934014057	8.48967140631	2.5608375797	6.45627840831	7.50040925014	8.29610863989	3.58412556647	2.01247655013	5.81392197553	8.99987251092	8.09375675861	
-0.0948742197434	6.36569005499	8.96186491126	2.64956484793	3.93520447982	5.3947523424	8.9599404313	2.98785131387	4.24343812231	7.44353345406	1.82366654865	2.71374104408	
2.50576540342	8.99999806869	8.9745253074	3.89180519445	5.84698545628	6.21127706598	9.0	2.62644914466	7.84179555623	7.09552672088	3.84690692569	8.84649138492	
0.922123153205	7.3681824917	8.98887953833	2.88423984898	6.39555698041	7.25589816912	8.78418741262	2.98989245329	3.47311657433	6.47888018444	1.95318726175	3.26909742012	
-0.0684980918009	6.39348647109	8.95874439084	2.76199332699	4.45761281369	5.72636242775	8.9991209006	2.41897803323	9.0	6.04982621772	1.27876865858	9.0	
-0.0688714762853	6.49774367208	9.0	2.45796910642	5.78632116482	5.5472117881	7.59360753251	3.52788647549	5.90717809458	8.99817028682	4.14529492701	4.93881221074	
2.49891872828	8.99261915941	8.99788537467	3.01027571853	9.0	8.99649241837	9.0	2.88281590159	2.7172133398	6.98583374363	3.32983494061	4.33112080079	
-0.0549339760602	6.4459789198	9.0	2.56615003919	3.53120214845	5.56774341147	8.99936622576	2.99146670829	1.51875186688	5.39201732279	5.13734046669	4.8571886576	
0.550829401036	7.1785349971	8.55698351848	2.68904184237	3.68859521773	5.55476199189	9.0	3.37430045198	6.4453111906	9.0	8.99862131727	8.97133356277	
0.132856249993	6.7310704801	8.21540640701	2.6234791085	7.25565967194	8.77829246395	9.0	8.99194810668	9.0	6.27516362285	8.97352245936	8.8878356863	
0.555330762484	6.93152955915	9.0	2.46259872136	1.94930157977	5.38150221285	8.911132706	2.81840115504	9.0	7.92018187559	5.31379983962	9.0	
0.134642723566	6.60684793304	9.0	2.35573081141	2.49400639274	5.31245245083	8.99808257732	4.88791176047	7.75381821398	9.0	8.99999636888	9.0	
-0.00241619705014	6.50219230307	8.99297702419	2.60591402156	4.77763490258	6.13164733085	8.99999923245	2.64543803341	6.58323161299	8.30365315769	1.32778430219	4.18370178034	
0.338837705823	6.67540510254	9.0	2.61131954643	5.45016818824	6.75321154479	9.0	9.0	1.56583595357	5.65956164598	9.0	3.17073701366	
-0.104281541329	6.50701086727	8.2354620586	2.22171715159	3.10934431514	5.47116710132	9.0	6.06450310788	5.87411177793	5.70242781327	9.0	8.81595507696	
-0.0161766049579	6.53369995511	8.97739512223	2.86630181474	8.57640539055	9.0	8.98533174519	2.88292216337	8.94664931156	6.91382899086	1.6590538917	8.66243519414	
0.619557691894	7.11427371202	8.23922816492	2.76194415263	5.32253315041	6.38562794752	9.0	3.18798605871	4.7776899299	7.73393154132	2.35706039193	2.97497128471	
0.347909718595	6.74506083422	8.89111693005	2.92824731922	6.37029124345	6.07946597073	8.67173823214	6.92266913979	1.57255642663	7.05061527927	6.88428889716	2.74544543185	
1.08735105132	7.55364165112	8.95040475621	2.72123570285	4.16145565345	5.80078804732	9.0	4.67873228711	4.58785482348	7.01900687908	3.93465731306	3.63944436511	
0.342024928127	6.71157915558	8.98881535691	4.35088116339	9.0	8.48915068583	8.95104467877	7.14228521504	3.95150249744	9.0	9.0	4.21076139479	
0.351586649355	7.04078540116	9.0	3.06056192012	9.0	9.0	9.0	3.07007415906	2.52078148015	6.83661454152	4.36553603873	4.83431612536	
2.50479785791	9.0	7.48414552539	2.61526703412	8.99883862757	8.63312030071	9.0	6.55541720036	5.58758365297	8.06402469495	8.53017402102	6.89244944935	
0.169024886338	6.60591132225	9.0	3.670687129	9.0	8.4512674495	8.9753142324	8.82955106647	2.3103305418	7.54545334709	9.0	3.05748576133	
2.50506596083	9.0	9.0	2.5619004631	3.85844962223	5.63695802473	8.99997072791	7.77056654203	3.95270631498	6.40830895972	7.0356710987	3.62918798507	
0.509704071158	7.18078133192	8.76238332931	2.96080687211	6.67466409652	6.96316002746	8.442099095	3.4910658029	6.60231201074	8.88225884803	7.85365158066	8.99993136774	
0.207550180116	6.598369294	9.0	2.81516623731	3.99589974464	5.6165336304	8.77717855505	4.6539083678	2.12137939923	5.58082603921	4.01040517887	2.5611558561	
0.0510415615637	6.59242819722	7.96962034797	2.42939501001	4.69414782663	6.54791129512	8.78539216158	4.60245593387	8.12802098637	9.0	6.36915301718	6.46450483723	
2.50863487777	9.0	9.0	2.77896575545	6.91983262922	6.82154921075	9.0	3.08536474829	9.0	8.0852500145	1.71263140686	8.02526398146	
0.208083485371	6.59195996257	9.0	2.31832800655	9.0	8.41149989751	8.99744314011	9.0	4.34970970269	7.2256471261	9.0	6.60015441369	
-0.0440747107797	6.43221940084	9.0	2.71463261108	5.58234401187	5.48937061432	9.0	2.5603814864	5.44960352725	8.4312859051	0.992130792649	4.06595787021	
0.379613098758	6.94019736257	9.0	2.5096106401	2.65233531225	5.18540851517	8.99971679754	6.72774130129	9.0	8.84007982233	9.0	8.49628962539	
-0.0550424976081	6.39910565738	7.86292417022	2.53477330975	3.54766353752	5.26630966434	8.97792225445	3.62963005559	2.67106292274	5.86961591889	7.83411698316	6.85111154827	
2.5044963061	9.0	9.0	2.60987880402	4.46709863061	5.77655438986	9.0	3.4779095167	7.11611536514	9.0	2.2649008626	4.14307755151	
2.50583903594	9.0	8.99996349939	3.34311664714	9.0	9.0	8.99188424703	2.69991032283	4.13522772389	7.00972086081	6.76462675576	9.0	
0.29272102735	6.74445274794	8.76894264891	2.56527112213	4.03204664135	5.50977758746	8.60432312614	3.09640571215	7.50027494189	8.17595002542	6.22987660718	8.97308472887	
-0.00832571652714	6.4243792958	8.700513315	2.87528373599	6.64005152454	5.65868702816	8.98444547446	2.88198717431	4.01351296292	8.9988445148	1.95889574604	3.01715432534	
0.475032796637	6.9842039802	8.92870189349	2.49073783897	3.53563861279	5.41871146921	8.96696325263	3.57727656662	4.78329215447	6.27964654723	2.87281976687	4.32850617915	
0.881513814374	7.38144157706	9.0	2.53802766685	3.30950119453	5.49184350211	8.70754468879	9.0	7.9982926187	5.94946115722	8.96508009082	8.18296043865	
2.50529583342	9.0	9.0	4.20838522479	9.0	9.0	8.99927760593	4.96299364293	4.66151877549	8.99004731353	8.20176657016	5.86156948286	
-0.0590010720194	6.41634120147	8.9934461783	3.61457828753	4.22581594284	5.52833056218	9.0	5.20993759298	5.27285583605	9.0	5.24718673223	2.58807303845	
0.900477704098	7.26184950698	8.99972117807	2.93019099382	9.0	8.99998892912	8.86269447862	7.78678787103	2.57595218878	7.22490374039	9.0	4.82658937045	
2.50531827037	9.0	9.0	2.64456344619	8.93842248463	8.53231313135	8.97717517993	3.75991315634	8.99996427791	8.70972374003	2.23782026544	7.66728699511	
0.599527730061	7.11689108249	9.0	3.31694873333	4.86346218918	6.38923872218	8.99586695104	5.18677195277	4.68050715864	7.98912373025	9.0	6.67435673804	
2.50551093068	9.0	9.0	2.69571752348	8.98835815603	9.0	8.99959774282	8.99841689846	5.36077091833	8.94787670789	7.49933411548	3.36665936438	
1.11577828375	7.61819241629	7.70841660599	2.62599579632	8.90047662285	9.0	9.0	6.86068097879	8.97615725188	7.70573197012	7.44385320015	9.0	
0.216536008028	6.71187922787	9.0	2.62180514591	2.62761513638	5.10891143753	9.0	2.62189704892	3.15300671433	5.80051818004	2.44090988473	3.23455295055	
0.550483011837	6.94781449083	9.0	2.53387577698	2.74657992739	5.14921504951	9.0	8.84520219053	2.8313258031	6.14646697535	9.0	3.26655368886	
0.264494211843	6.8423849877	8.20352827715	2.62377643585	4.18450767458	5.20575702273	9.0	3.05952895121	3.30352043465	6.61330914185	3.46277209345	3.76883937805	
2.5052791393	9.0	9.0	2.95191784304	9.0	8.99967968017	9.0	3.17331046563	1.93578578689	6.97167352198	9.0	9.0	
0.00226162365667	6.53082581991	8.99994039531	2.86580791774	7.52712580483	9.0	8.97699998116	2.81104186418	1.56219470124	5.52981898241	9.0	9.0	
-0.051383206882	6.57194153563	8.99999999522	2.81283843586	6.63274348721	6.53163553932	7.80902339918	4.37245353203	4.35554046951	8.3873658745	7.65000176374	6.37050999148	
0.830168779096	7.11350499783	9.0	2.67691356669	2.87597180864	5.44895803265	8.99648688639	5.59067776384	3.680754263	6.37361177196	6.18412246763	3.88570038417	
0.261441054227	6.74621891918	9.0	2.93382461689	4.02366678331	5.72912575033	8.77873432239	2.90436663604	7.56874247622	5.64388715381	3.7012795661	9.0	
0.0161159041939	6.59071063074	8.20405197196	2.56583781235	6.98034954234	8.54400697963	8.75685762689	3.73625260172	3.39678853059	6.13112412506	7.79641067678	7.13884396014	
0.128721188219	6.49646297718	9.0	3.92039006413	9.0	9.0	8.49591958489	2.73234292703	4.42245285065	8.38495213725	8.843882741	9.0	
0.482309355643	6.89678423627	8.47532168412	2.27480992147	2.77172065349	5.43493831093	8.8611378796	3.57823242351	9.0	6.21145114807	4.14293158332	8.97603291473	
0.144550109534	6.60487585094	7.44510231934	2.58285691515	8.61996540159	8.91742443793	9.0	7.52642242261	9.0	8.26763106832	9.0	8.993484892	
0.0968662403153	6.68687017588	9.0	2.56731737113	5.92162159453	7.01399466138	7.52412327344	9.0	8.64837365172	8.90482136758	9.0	5.80068461767	
0.258233142252	6.62119828671	9.0	4.65598663325	6.10068602871	6.44078355943	9.0	2.36409774818	9.0	9.0	4.02256604078	8.11991539708	
0.754017384774	7.19963311048	8.35191607548	2.61234269333	3.24703602994	5.736068134	9.0	2.96973892943	5.51040767893	7.53777408864	6.78244489584	7.37166872915	
0.521328700359	6.98429363695	9.0	2.73156356277	8.66209103428	8.56385997005	9.0	7.15636580151	9.0	9.0	5.38208867034	7.02993360296	
1.09904922203	7.58636632443	8.93958562853	3.30669611609	8.98791860015	7.83416611753	8.83972591853	8.8670324536	3.22716265659	8.79327153	8.98487368323	3.28190189117	
0.302242345224	6.78969263961	8.87319862383	3.20401316578	8.99867149121	7.12491061947	8.53677570767	5.19778355769	2.4609814158	9.0	5.09079674992	2.6444988914	
0.227600655672	6.81680734289	8.96694142206	2.80757827084	5.56165317762	7.02751237211	8.49724336882	9.0	2.83525572084	6.16878989122	8.83047966876	2.75605831023	
-0.0399503393123	6.55461561654	8.99928058431	3.29197572361	5.08096390923	5.74427436681	8.17004398035	2.5934878353	8.81552928405	8.80567034758	3.95347900374	7.74050242368	
2.50419533097	9.0	9.0	2.6124798688	9.0	7.24634738469	8.983547733	5.59901161932	9.0	9.0	4.31479825806	9.0	
-0.0930298812016	6.55890656752	8.99927972117	2.38312432756	4.38946140385	5.98990494264	8.9856939035	4.99040537529	3.48909942626	6.23895962419	4.04194869693	3.26180965963	
0.0680297405873	6.50392287332	9.0	2.75015751766	7.09058369077	8.17796381289	8.64398875678	3.00854840579	1.45138947033	5.76562283575	9.0	8.82708855946	
2.50620835937	9.0	9.0	2.74838669435	4.96093637552	5.94093320203	9.0	4.05969627351	3.0118005301	6.4443051647	3.1794804197	3.12041114212	
0.580800882218	7.20801630883	8.464976627	2.77508022526	6.49205054776	6.92123307992	9.0	3.09641007075	8.16258178551	8.9998267956	2.19723704678	5.61075772093	
1.04694999594	7.48759765887	8.99995404303	2.50195582223	8.15425721601	6.32093687727	9.0	8.42849958649	8.90999880326	8.99988049592	7.00785877306	9.0	
0.323397415006	6.86911556526	8.98848588857	2.38720309671	6.46667327806	7.32724576416	8.99664408714	8.99952776122	5.58468626291	5.80361252831	9.0	7.57812708089	
0.300365120457	6.90342632469	8.98721856687	3.52447712092	6.4219311306	5.98368801549	8.94729454371	2.98632336921	4.45696307599	8.91039270368	5.31715896665	5.60583682601	
0.349770992673	6.71555661786	9.0	2.38360037847	4.03494651667	5.82168516938	8.96947071968	8.31530459371	1.57611647811	5.58714191211	8.83837555687	3.55633807774	
0.341366546172	6.81107379683	8.99978862807	2.54398200562	4.78123275478	6.55278398225	8.0255449154	8.97218973381	4.66456167299	7.2241695585	8.99251544985	3.25464321586	
0.53458132284	6.92980932725	8.97502296648	2.45569239304	6.66545904287	5.82080213796	7.577479611	7.10974449732	5.25837285268	8.7002355554	6.679399395	4.55107368078	
0.563604741156	7.09826514562	8.96136085596	2.76365700767	9.0	7.4042967599	9.0	9.0	9.0	8.83296478964	7.94873964243	9.0	
-0.0775786719752	6.52481997854	8.6435671814	2.41624191592	2.24491611872	5.16616495939	9.0	3.08739479879	9.0	9.0	6.63710898721	9.0	
0.918980934573	7.37464178124	8.99968101244	2.83401783164	8.08889772144	8.69298979359	9.0	6.66736729768	5.64644161324	6.70097877522	9.0	8.96499934249	
-0.182399545957	6.37118204999	9.0	2.40810562353	8.00055425003	8.95013452133	8.67767804671	7.34070539278	5.02470705281	5.95471415411	8.99921086118	8.18129190129	
0.104399485435	6.57956060512	8.99665797215	2.44980472423	9.0	9.0	7.91181190848	6.63942418893	2.50956076176	7.12232556906	7.1525502968	3.57499270425	
2.50563552682	9.0	9.0	3.79372954519	8.93380073957	8.99888141891	9.0	9.0	4.75014538307	8.99999999071	8.7965078929	2.84831528899	
0.701121005889	7.1337741554	9.0	3.74119207935	7.18409392315	6.15613046346	8.73644880616	4.3214149924	3.30445980076	9.0	5.02688230625	3.37542332621	
0.237838318991	6.88680750703	8.89143978665	3.09989478245	6.87751334917	6.18284697041	9.0	3.53409409192	2.17471882911	7.6555353055	5.00552265644	4.41270456928	
2.50766418791	9.0	9.0	2.49895193863	3.1466173816	5.55488783298	9.0	5.39844226197	9.0	6.40356654096	5.29622604944	8.75029684129	
2.50444932478	9.0	9.0	3.02154094298	3.82673516071	5.62937694469	8.92783953735	3.23527796978	3.21603024147	6.39222850681	3.28236934447	3.13842560589	
-0.19193475191	6.27763192338	8.59374318028	2.58788039126	3.79709545866	5.48258981971	8.76406261542	2.8974726593	3.20358977251	6.07786383397	2.75737740366	3.22628812353	
-0.211326434133	6.36772780672	8.99999631661	2.93624566815	4.14683394465	5.48453020805	9.0	2.63686551237	2.44721954184	5.95945046314	2.24742917758	2.85949348359	
1.09589785727	7.52239114004	8.99296789609	4.18003646587	7.05687162487	7.45076612486	9.0	2.8883216735	4.48117261304	7.82657247204	8.46919703985	8.85477646052	
0.204818059728	6.83468817253	8.42540961883	2.4555240778	6.13635672239	5.50477360532	9.0	3.21115719958	3.30584266652	7.55732683338	7.9438110523	9.0	
0.463779558537	6.81209046707	8.99997199975	3.34920844645	9.0	7.03725540904	9.0	9.0	1.37340215204	8.61272313624	9.0	2.73136180845	
0.0255962562208	6.52617508169	9.0	2.86546419268	8.38724087595	6.08831305481	9.0	9.0	1.40576456121	8.97023907453	8.80709161374	2.73666410534	
-0.04308929864	6.58076546308	8.03415628026	2.40717318576	3.78317842361	5.21907399776	9.0	2.94479465406	6.83780652052	8.49268659151	2.70762302652	4.37793473317	
-0.135662368862	6.3945132568	8.99510623495	2.37594416369	9.0	8.64749558284	9.0	8.44472337218	5.26634810987	8.96486779292	6.56826118308	3.52665553375	
1.05069101018	7.40385457112	8.99054746582	2.98975560146	8.43912384535	9.0	9.0	2.93918925183	2.93858308005	6.62450630379	2.4632738515	3.45951993303	
2.50507279368	9.0	8.99999171092	3.55762631468	8.73851248091	8.8897171955	8.35190942209	2.66114489873	7.8736732105	9.0	5.98335006674	9.0	
0.615969597607	7.15585239739	7.7456726966	2.58892949562	8.99732763277	8.97609832818	9.0	7.19680688367	6.01294178702	7.58260081777	8.39166562826	6.87987548398	
0.286453391767	6.71163678155	9.0	2.47310104025	8.68944152519	6.63194242506	8.96556173592	2.78218609058	9.0	9.0	0.959550616705	9.0	
