0.62553724615	6.87965680738	8.99880419302	2.36980876963	4.32891962995	4.86855994782	8.8873451597	2.82326331455	1.21897045134	6.87579869468	3.05899918897	3.18252853604	
0.130783618353	6.57567798923	8.97177077444	3.86124418319	7.76859724662	7.19539076475	9.0	2.37321010758	3.57776114559	7.2911567558	5.32770110775	7.10792853761	
0.547399924067	7.10242822299	9.0	3.48230686515	8.5966958003	7.58712744708	9.0	3.00814670777	3.39818149094	9.0	9.0	9.0	
0.246946530909	6.626751947	9.0	2.63651977935	9.0	9.0	8.88562000036	3.02049144552	1.07786833214	6.85019541119	9.0	8.71669008691	
1.23419699428	7.64570481776	8.99999273346	2.70406181846	7.65583866087	6.30856195874	8.52705777011	3.79308560968	7.58878707026	9.0	2.70675041168	6.94207239294	
0.259379622996	6.58131130303	9.0	4.37535219831	9.0	7.72756079881	9.0	2.66424710374	3.49047248454	8.99716468489	2.97057684914	3.14865545218	
2.51711732955	9.0	9.0	2.88309068522	6.62433691901	4.92288322702	8.16381286563	3.54468083899	6.72749719614	8.99997105571	5.45786075557	8.79797184418	
0.0485823887709	6.59341818785	7.71619925221	2.73316948681	6.00447668966	4.89037245791	9.0	2.73854804293	5.72383544447	9.0	6.8650418982	9.0	
-0.0964138620205	6.39220145219	9.0	2.58310557919	5.22581809278	5.46630941297	8.99771029489	2.79626054181	5.8615171181	9.0	1.02955441323	3.48495199169	
0.328555317843	6.71695440228	8.92930527952	2.53168431505	8.48000280187	9.0	9.0	2.64252494425	7.60820581675	6.58761442924	1.25803184682	7.81958306246	
2.52061922791	9.0	8.97229272866	3.31704798956	6.01053930617	4.61910875251	9.0	3.61113109696	4.11313857707	8.81936696977	8.09263748737	9.0	
-0.0736397415325	6.4568963227	8.87173853575	2.54091936885	9.0	8.10189045363	8.82373317989	3.50040024816	9.0	8.4138828863	2.76505938787	8.96512489884	
0.724001879237	7.07105875354	8.99836408622	2.70931452993	7.8278006476	7.59023697946	9.0	3.38312328837	5.79434698105	8.90784141712	1.66040657123	3.86337747487	
2.51121302997	8.99995222457	8.99877058554	2.9616613784	5.78787366317	5.29556270856	8.99985561312	3.08163860152	2.41452366912	7.49966185923	8.46932831022	9.0	
2.50493805542	9.0	8.35213910809	2.80430455539	8.28978619345	7.26557778376	8.99919769916	3.11321015468	5.1541898809	9.0	2.46658507217	4.23936189885	
-0.0464609423376	6.42653331057	9.0	2.64982228103	5.64258147191	5.8943741662	8.99861460608	2.57416983662	3.96111467075	7.12062450624	1.15596046301	3.71219934527	
0.616872659413	6.94570257171	8.68074402376	2.66834770465	5.62460660537	4.84983634169	8.57153330731	3.05045895634	8.98838526751	8.94802808572	1.80950283752	7.61967619985	
-0.0931826482845	6.37718547202	8.99626917078	3.89454643667	8.70211546925	8.0272680318	9.0	2.41310328842	6.22038198409	8.34985343462	2.01491269365	5.47706005816	
2.50933365398	9.0	9.0	2.62470236487	8.81286591078	6.75068512013	9.0	4.98567912887	2.58132313391	9.0	9.0	8.19790788399	
0.198745672696	6.8110111188	9.0	3.66911079479	6.46931305418	5.14922322759	9.0	3.02395694189	3.43600419566	9.0	9.0	8.86166745007	
2.55120772309	9.0	9.0	2.79786601324	8.95176270892	9.0	9.0	2.78658151833	4.83005776183	7.01116288851	1.92266375318	5.31550217607	
0.0297387408181	6.4846812165	8.58693768738	2.51437916182	7.62685882745	7.73452574557	9.0	2.66220419252	5.79011484359	6.72436017393	4.41473226137	9.0	
0.0531846807056	6.55042863431	8.96606181992	2.7471073547	5.04097260041	5.26041294195	8.99939251672	2.61789987811	2.37768962964	6.65009064437	1.9556678527	3.24124599484	
0.754975622991	7.11162473623	8.9995957634	3.41942591025	8.99412805863	6.86210077352	8.95877570182	4.17303422658	1.59915327163	8.99978755907	8.91294081102	7.41619158584	
0.375978955957	6.71926072317	9.0	2.71068610009	8.46778216662	8.9541720965	9.0	2.56360272217	1.9004448437	6.29281196946	2.80463248227	4.01826774949	
0.210580987393	6.67563150614	8.84295226722	2.85867186867	4.92724363048	4.65841227921	8.99168650264	2.80786289635	2.21943731217	7.11726618749	2.52973237135	3.26539409718	
0.256849265555	6.71936455084	8.91083116161	2.65004961494	4.77182564037	5.06812228495	8.99394071843	2.66641905476	7.01239297099	7.56883271172	1.04357735411	5.99795351578	
0.325903471188	6.81291418283	8.82921955525	2.93162277537	8.99007017809	9.0	8.91889362367	2.55682580448	5.58643459689	8.34734594539	1.88674788139	4.45505622983	
-0.0452312126333	6.49714129427	8.99947513109	2.83779325426	9.0	8.53983669184	9.0	2.94586513533	4.27406240399	9.0	1.72772528237	2.76882715509	
0.0264923621633	6.50061487721	9.0	2.76345433328	4.856758496	5.23504844065	9.0	2.48450123508	2.52736229412	6.42652113539	7.32920831791	8.97964590727	
0.383271938152	6.73915598448	8.99865374234	2.47527810447	7.87097202578	5.71855723509	9.0	5.38667512848	1.57222334916	9.0	5.91956123393	3.87258895219	
-0.119416533923	6.47193201691	9.0	2.3320577438	6.68426271434	5.56809864896	9.0	4.19524314966	2.3816012835	7.88730585309	8.88788937181	9.0	
0.30685967538	6.98364200775	9.0	2.88916570947	8.02835616967	6.71743190118	8.72602798945	3.43752709102	4.87217826501	8.54135572805	6.8957174266	9.0	
0.949605830026	7.39195900418	9.0	3.09507826032	7.17392290339	6.36056492232	8.62593002983	2.89878182499	4.9537824838	8.54352894478	2.99330733206	5.13402071907	
0.163890151807	6.49640025735	9.0	2.55377217699	5.23615113728	5.3010357255	8.98636812629	3.12364622452	2.03740316706	6.77431009069	3.52177122594	4.42069038067	
2.55022992678	9.0	9.0	2.83506468895	8.99676052528	9.0	8.99989576366	2.79056315101	9.0	9.0	1.37465683797	6.95065169992	
0.591604453715	6.95385271532	9.0	2.84823222974	8.73504108771	6.39074360687	9.0	5.33550323537	0.850904828878	9.0	9.0	6.3699767889	
0.238255768035	6.72716496896	9.0	2.77029650787	5.81306395503	4.9950263441	8.74550110355	3.41596005795	1.27598969752	7.63280497272	4.69832775363	4.01575841078	
0.36366991713	6.86858090583	9.0	3.14218042642	8.10301716195	7.9246303071	9.0	2.48769936602	6.3532465937	9.0	1.93406836234	4.93106423566	
0.304014619019	6.68163194604	8.99936688766	2.87686512145	9.0	9.0	8.87427672935	2.78986969604	4.82940635944	9.0	1.34924903545	2.710909049	
0.345142733074	6.86978508161	8.24659807889	3.69617297462	8.86950386436	7.23458338105	8.93039363346	2.46641171817	7.45063143392	9.0	4.58092696439	9.0	
0.287380706	6.84792369365	8.91109941966	3.20203164027	5.95116669093	4.33810293969	9.0	3.76043328562	3.03857116134	8.99934531901	8.29335941589	8.004715189	
0.289670276311	6.83039901391	8.61753025174	3.43401799986	7.52920139411	6.94648394212	9.0	2.31442254016	4.73554407565	7.70107289873	4.96884101968	7.56437987428	
-0.00316925482387	6.56762687419	8.99998392075	2.64562702798	5.21950308867	5.55148728905	9.0	2.55399559939	8.90977004857	9.0	0.89156452928	6.32358213434	
0.315694215293	6.78551072486	8.99238543427	3.12529374567	8.99800297831	9.0	8.99770738716	2.51663727839	9.0	8.999071118	3.54009084794	9.0	
1.18778866595	7.57414101616	9.0	2.7175087067	6.3245214719	5.94919529959	8.99223339223	3.25521505858	3.44680556305	7.29980991032	3.83126971559	5.62135599638	
0.351152194747	6.91210623236	8.99952098087	3.00820718153	5.0344723273	4.77233241194	9.0	2.84003173664	9.0	7.28217976832	1.85504449433	9.0	
-0.0298623456361	6.44133487795	8.64368419832	2.53482754321	8.48344702434	7.46557877012	8.05475387093	2.80546250883	7.52646987989	8.96723962701	2.78313334831	6.75512848522	
0.0118041805022	6.48067677339	8.8286599768	2.54678839587	5.33538852302	5.24589818158	9.0	2.97158939302	1.28389278867	6.85841278689	8.98202255545	9.0	
1.16310291035	7.5901742585	8.18093832451	2.82270621237	9.0	7.69397118527	8.95454843221	3.19601184563	7.37116998531	8.81212554925	2.64812289264	6.96765271851	
-0.101799878692	6.36029666122	9.0	2.40905613685	6.77974083794	6.37090507761	9.0	3.62865368255	5.8790050697	7.51376118514	2.11723373223	6.10576383693	
1.3017691675	7.69816571705	9.0	3.79399595932	5.83516681963	4.80443983164	9.0	2.87597804145	6.85893278155	9.0	2.59146246715	6.13518457414	
0.183483094634	6.68992060126	9.0	2.8954330957	6.11260463272	4.51813232256	9.0	4.2118748627	3.12413200995	8.92921097182	5.60417280523	5.39053171404	
0.432517315456	6.84760164333	9.0	2.62373749036	8.24289431831	8.35814280683	9.0	2.95566545043	2.63735731541	6.69963662786	1.49475280633	3.02872329566	
1.16731125588	7.65910545439	8.58978052164	2.7792478609	5.99709142533	5.09792332384	8.99999089845	3.26609638649	5.46591363106	7.84137222944	5.77562138436	9.0	
0.135068737131	6.53538776565	9.0	2.81715931818	6.08735107425	5.54176979111	8.11921107744	2.4872301383	7.63031420952	7.44877483514	2.26093163055	8.04088679616	
0.127515218048	6.59953612868	9.0	2.56547451014	4.64199197088	4.98150932259	9.0	2.67433169754	4.64236427825	6.74075886587	1.14910156617	4.69873232354	
2.50558932526	9.0	9.0	2.67060136144	9.0	7.65596797976	8.97607400815	4.19267235159	2.60297317107	8.30965070705	3.93252090732	3.84336142683	
0.204688292726	6.64621606837	8.72712986469	2.75927357676	5.08084498199	5.01883653126	8.98406773526	2.61734116628	2.48405532603	6.79033136164	2.50298086614	3.80262195433	
2.41815815387	8.91465594597	7.92383800336	2.92700009074	7.54840115481	6.12420594671	8.97628327048	2.93823507725	8.66489759142	8.97415536291	3.69178732966	9.0	
2.51335135828	9.0	9.0	2.90424891918	6.75123268547	6.19421320417	9.0	3.20431812701	1.89224022792	7.50851537964	9.0	9.0	
2.5153263945	8.99224918998	8.99906136567	3.36273778354	5.85360192525	4.63251176711	8.97999663181	3.40436664058	9.0	9.0	3.26825097807	8.88393029683	
2.50840717064	9.0	9.0	2.95348993549	5.73341843585	5.1294753876	8.99843002476	3.19559110296	5.06630778479	8.99999996695	2.04144896152	3.72895117288	
1.32062563861	7.75822355611	9.0	3.70031548007	6.11120323514	5.15137838951	9.0	2.85963009519	4.22031864713	8.1945700581	7.27089102381	8.95912079089	
2.51337579593	9.0	9.0	3.27755387018	5.78891683075	4.87475047356	8.9971505126	3.18742072913	4.18121769634	8.8474297066	2.52834730733	3.47993634363	
-0.00879994053846	6.44447765538	8.86254016752	2.53437915824	5.33269770722	5.52063629314	9.0	2.71035554679	7.17405036179	6.60514246609	2.72810835027	9.0	
2.32890116312	8.8111087145	9.0	2.9917013466	5.77810383729	5.40096575797	8.99986897256	2.94723256599	3.66620708142	7.52382251925	2.22612389652	3.98606676801	
0.581839718229	6.92168482277	9.0	2.78116283715	4.74655803755	5.14801385054	8.99961529829	2.63084387683	8.72324933269	6.67124678575	1.3391380187	8.897422548	
0.542864704216	6.9985223616	9.0	3.00593193643	6.97386123259	6.63298878679	8.6104195385	2.67572514819	2.60341706763	7.14935562563	2.39719567854	3.22977991446	
1.03630756519	7.43697834843	8.62853023201	2.84721898178	7.38202288389	6.23437663581	8.67435244225	3.14226592112	3.90498625439	8.86465207551	2.399402862	3.16229597748	
0.442324723045	6.92525363652	8.84218130221	2.78438934258	5.59712142112	4.7973545799	8.59522419151	2.94474509227	3.81866874002	8.62596512849	3.05685611403	3.92538567838	
2.5140615551	9.0	9.0	2.80453564822	9.0	6.99988165328	8.9926912928	4.74192303913	1.58073204148	8.91114115007	8.12033373961	6.40748378506	
2.50833165589	9.0	9.0	2.72770964762	7.13930847918	5.15788156266	9.0	4.79980644976	3.91048523751	9.0	8.47210508647	9.0	
0.201456085319	6.6122527799	8.78175708293	2.56273460482	4.94699928205	4.9280994978	8.97843452861	2.97019441266	2.87575321485	6.93272359071	3.73019690045	5.17699222734	
1.47344619206	7.932990617	9.0	3.1415024908	5.99394687189	4.64338905979	8.99527387665	3.86873423732	8.99846047717	9.0	3.51544789409	8.99611517697	
2.50775317625	9.0	9.0	2.95478594995	7.15533288266	5.38580568185	9.0	4.36022281747	1.78887688153	8.76096304347	8.99824008834	7.64449299194	
2.5478078323	9.0	8.99157453373	2.80049724755	8.9983827232	9.0	8.96536353126	2.78148019979	4.39049856737	7.26986583539	1.60973541998	4.30991559557	
2.54723672822	8.99983621156	8.96715752901	2.80174604614	9.0	9.0	9.0	2.79022210706	7.17310813245	6.92908574983	3.15664230938	8.98240028249	
2.52300324209	9.0	9.0	3.04924046479	5.65642901763	4.82719262703	9.0	3.34045373962	8.58062782337	8.3296924165	2.69051853307	8.55807349701	
0.960840657596	7.40554456781	8.24898166858	2.72816155148	9.0	7.44271071806	8.99958621839	3.68035653473	5.89194693619	9.0	3.4020688546	6.09516173274	
-0.0596984328719	6.5603682058	9.0	2.33331781313	9.0	7.35032392364	8.99979273713	4.78816805706	7.60204640032	9.0	3.11356713454	7.28703453442	
0.0789718223416	6.50913685208	8.99999507865	3.12431925799	8.72640662824	8.44925289704	8.61974743195	2.37063728267	2.89934505701	7.10728700944	2.26789601057	3.6867750279	
-0.0238499440584	6.62657329992	9.0	2.46352548531	5.72536719608	4.98378817673	8.87126409937	3.55087995348	6.89044091059	9.0	2.18024123328	5.71493417909	
1.12328084475	7.3842879849	9.0	3.0180468945	6.13735957108	4.61358717101	8.48355271502	3.92941851199	5.20920692482	9.0	5.24326311988	6.86715108109	
-0.0127661070977	6.52613895905	8.96790902666	2.36395959723	7.71082898525	7.64408667223	8.97715678329	3.08074481771	8.51834278449	6.95593715469	1.59901516314	8.88275868965	
0.222621547037	6.58345493311	8.54130394657	2.75329065213	6.295233167	4.72481823733	8.20521222407	3.30271460886	3.83907334493	9.0	3.38231362387	3.81594111166	
0.802443629438	7.26413307713	9.0	2.92773340423	9.0	7.30326941992	8.99992357581	4.3589455451	9.0	9.0	3.26543500546	8.98632833285	
-0.0749175460438	6.49357810497	8.96793746742	2.77159824859	9.0	9.0	8.9669509834	2.67799587081	7.47403515311	9.0	1.63970525907	5.57608741515	
2.51013687332	9.0	9.0	3.26393619175	5.8921037828	4.63357760079	9.0	3.54790794409	6.58914423206	8.80014261317	3.5480145816	6.94861956822	
0.138601577043	6.73829221717	9.0	2.92023037128	6.35616379071	4.57108374691	9.0	4.27560086217	6.02759398177	9.0	6.2702487501	9.0	
0.629505359588	7.05197130303	9.0	2.73460641706	5.56892577369	5.72647756113	9.0	2.78178194696	2.45442061635	6.70558143603	1.70491940656	3.08867388263	
0.417382738448	6.89539847483	9.0	2.96482059684	8.83010116736	8.99866804675	8.95022278057	2.61088550333	6.32840339605	7.81818489647	1.76951420117	5.66764771791	
0.235006897666	6.64740942451	8.98816897131	3.11267218063	9.0	9.0	9.0	2.56275951208	9.0	9.0	1.76211508205	7.39019840667	
0.187215013592	6.67737931933	8.86138731458	2.64822856415	4.88053977299	5.11614562697	8.99451226953	2.59893126143	4.38510184593	6.68265414546	2.11354190015	5.25092966387	
2.50844531538	9.0	9.0	3.68583974587	8.09691399053	7.04227012268	9.0	2.91575252033	2.6010012294	8.12980666858	8.91073416028	9.0	
2.50522934611	8.99992608635	8.99999998056	2.65934042686	7.64504389396	5.659712587	8.72363086395	4.59242593493	3.29736133231	8.96060649826	8.9940475955	8.94825649248	
0.850273942875	7.25750756754	9.0	2.86540729385	7.43219719144	7.41488248816	9.0	2.86621924654	6.04861425282	9.0	1.19137415049	3.987392199	
0.683502799292	7.09047384992	8.9940146731	2.78056974336	5.03907548349	4.93025920868	8.71531596637	2.7236544611	3.47169203399	6.86263352382	5.62762313353	7.78498483735	
0.0782282466555	6.48773989328	8.74531906715	2.68143964287	5.55472459921	5.28929796281	9.0	2.87450501087	7.53277290267	9.0	1.71646128325	5.99554068199	
0.606895452429	6.87893707298	9.0	3.42780737518	7.21781817121	6.79293365317	9.0	2.788152992	2.90899646821	7.37062012712	8.00352467142	9.0	
