0.329914116689	7.03089305465	9.0	4.1488333393	8.99642782848	7.11353490766	8.87135304463	2.81289575432	2.68841579343	8.98452321452	-1.31806244121	8.66084592652	
1.17117564918	7.55298342124	8.92118807592	2.65099733645	8.99435690034	6.92719848272	8.99468223417	5.01725768152	3.98265984613	9.0	2.97158525171	8.92932848744	
0.456866972765	7.15610996178	8.96593753403	4.18578651838	9.0	7.10027593421	8.76636511289	2.66747581883	-3.22786668315	9.0	-6.0	9.0	
-0.0441125713466	6.54044955621	7.33420175863	2.58954362644	7.47635862122	5.6306821573	9.0	2.91331691266	4.73721669145	9.0	-5.7174393092	9.0	
0.30557510472	6.64958155889	9.0	2.65214990844	9.0	6.97587846829	6.75654926836	2.71669867648	4.3594574147	9.0	-0.00521969020708	6.02300455631	
0.402253795881	6.98360001313	9.0	3.64643616963	7.73081383286	6.07564305385	8.35931120248	2.81224341696	-5.24095139754	9.0	-3.26381308318	4.1917128101	
1.03577097988	7.39108021423	9.0	2.87705840885	8.95353438725	8.6554833012	9.0	3.07019146079	7.84867841139	7.46188152807	-6.0	9.0	
0.66320765378	7.02489633646	8.99699284324	3.1661849797	9.0	8.37028806509	9.0	3.14513427793	0.478019456185	7.7510173282	-4.89025288757	8.48767389137	
0.645907619688	7.30697035157	8.97061357045	2.84309235731	8.14537443171	6.91576904132	9.0	3.83385948192	9.0	8.99725241172	4.29275957805	9.0	
0.848233782152	7.35506054583	8.30664979466	2.66174007325	8.17719065537	6.07728955167	9.0	4.26604861292	0.797071844634	8.99005863786	-0.0671223072332	8.99925114134	
0.0317169117777	6.7049175097	9.0	4.10330270107	9.0	7.84329947937	8.94271270875	2.55451702585	9.0	9.0	-5.99951412574	8.18834439098	
0.472265415475	6.73282815358	8.99561171366	2.9958367389	9.0	6.93506971784	6.8541150643	2.775155852	-6.0	9.0	-6.0	3.20671106198	
2.50834862553	9.0	8.9999792093	2.8915999401	9.0	8.74350879332	9.0	2.91649484239	3.72820173427	7.19274092706	-0.13129739652	9.0	
0.0971534255257	6.51272556343	6.33766015467	2.51434638808	9.0	6.71099228269	8.96266593888	2.76576289824	-4.89068052782	9.0	1.2634013345	8.79931940712	
2.54936995702	9.0	9.0	2.81088033229	9.0	9.0	8.99386152664	2.81120623958	9.0	8.98069075199	-6.0	6.91031850565	
2.50519824056	8.99999999982	8.3161908475	3.96813606964	9.0	7.25753803964	9.0	2.63306900228	9.0	8.99864010582	1.47934411538	8.99630381284	
0.00915934024826	6.54655731735	9.0	2.53581944431	8.99651454835	7.70564710786	7.42731918717	2.7390710454	-5.90879428929	7.9052785694	2.3273222919	5.35515462317	
0.958045515556	7.43947269364	9.0	2.9226574325	9.0	7.37304393517	9.0	4.27264244917	9.0	9.0	1.44277392498	9.0	
2.50530756717	9.0	9.0	3.33553155815	7.9949785232	7.49723242463	9.0	2.70497755682	6.57428589054	9.0	-6.0	5.02394372578	
0.378899004625	6.81820763746	8.99999999991	2.32806019546	8.7074236769	6.51984391449	9.0	5.49440852469	-0.632996363096	8.78247772971	-4.70450671491	5.65586052591	
0.103129403063	6.75229130398	8.97476621357	2.86505230963	7.29081730347	7.28023022764	9.0	2.47973882088	3.79755930802	6.91736079673	-2.2315641561	7.28376670027	
0.613309811441	6.8987071412	7.69558937422	2.68207272731	8.11501476469	6.10149325364	8.95579101387	3.53239442744	-2.51050048154	9.0	-5.61735641327	6.64142445386	
0.112647742696	6.72195273128	8.85484114417	3.5307133746	8.94721304136	8.1524313963	9.0	2.65386646606	-4.38054860848	7.59634650233	-4.84549973952	3.57289684253	
2.5058540297	9.0	7.23566470111	2.99587153348	9.0	6.94081267001	9.0	2.84232296159	1.41205921232	9.0	0.0974256339314	8.99986509417	
0.321069756144	6.69601844759	9.0	2.89266751989	5.57568657911	5.4943086481	8.87001988508	2.59705610639	0.630923336229	7.30951339506	-5.33554057266	8.73825164189	
0.929760311822	7.19253075651	7.31920431049	2.91657113226	8.71884211793	6.9530525393	9.0	3.10570764879	8.41243737419	9.0	0.942189954728	8.42006449053	
1.23456356507	7.60265011506	8.41302299057	3.24330354612	9.0	6.97952444304	8.06656839928	2.95508485254	-6.0	9.0	-5.46053751958	3.89547895296	
0.213620617024	6.68199715314	8.71048262937	2.91867398339	5.37749158976	5.24643056536	9.0	2.52971367629	-5.99987660377	7.06263760686	6.95195577136	8.99993134884	
2.47057732984	8.924537196	9.0	2.81241596004	8.99996890969	8.99999792596	9.0	2.81345765076	4.31659239672	6.89101737087	-0.734230654866	6.68664946527	
2.50515734074	9.0	9.0	2.61122471138	8.66208418648	6.61459485815	9.0	4.97880006565	-5.75069931109	9.0	-2.01602599776	8.99863166839	
2.39947777394	8.89510503894	9.0	3.00425759707	7.56016322305	7.2534639381	9.0	2.84126192016	9.0	8.4242986923	3.94879587749	9.0	
0.386385738535	6.89982509618	8.98529161372	2.84770306377	8.69837161113	9.0	9.0	2.54081864542	6.55244270538	6.79245115997	-1.95737821584	6.75277567331	
-0.0744746046557	6.53311353531	7.486156542	2.77669033914	7.33303590496	5.45525388982	8.77097966736	2.75136625709	-4.74956131372	9.0	-4.23192521713	8.37994638798	
0.00790041301493	6.70984081488	7.28996399893	2.49927982094	9.0	6.67393663748	8.88209423255	3.41099884355	1.93935272653	9.0	1.6748923366	8.84027236397	
0.0649344045501	6.77161761365	9.0	2.40821906912	7.6283719924	5.57207217113	7.79786926076	3.75543250621	5.12502026336	8.96502759055	-1.33091892893	8.74820298573	
2.53358861715	8.99996728439	8.49725503211	4.30520560461	8.63902251662	6.69080686269	8.89696931861	2.61498609789	-4.06424611917	8.89764560817	-0.744313531026	8.20342877714	
0.459196543201	7.04357027067	9.0	2.51836288834	7.79167750589	6.07551991701	8.90595153076	4.42505077534	-2.96298629221	8.99993372524	1.67845439925	4.51819068302	
0.402033012976	6.73770365428	8.68737887055	2.75460299634	9.0	9.0	9.0	2.70279082422	1.4261021918	6.66514644105	4.67832975294	7.69888588374	
0.105677915026	6.70363372063	8.91860865239	2.69711528357	5.64815508328	5.67850996185	9.0	2.83042698324	-1.63389457935	6.85536112129	2.38433560435	3.59252801386	
-0.123310186059	6.46622874557	9.0	2.74514348459	6.26623503983	5.71089748392	8.26171267576	2.62104887482	8.26856091068	8.87244412695	4.71942317132	9.0	
0.9091708087	7.27514837563	9.0	2.99205960522	6.44825919296	6.16943885941	8.62551930559	2.62288311131	-5.65119373736	7.33124231094	-5.10198368503	5.99166214698	
0.608938302262	7.3373300659	9.0	4.44941096344	8.98527359662	7.08920402844	8.87943947123	2.6482927025	3.15718739145	9.0	-6.0	3.85970865915	
0.871172765736	7.34880992619	9.0	2.7168332141	6.59305461205	5.93002046206	9.0	3.52864987559	-6.0	7.79967629665	-5.9068847723	9.0	
0.24137844235	6.67527079782	9.0	2.76281033317	5.1033818433	5.55082585177	9.0	2.44448012855	-5.16702380829	6.44421814833	7.55772943545	8.99431155975	
0.23529471494	6.67683943421	9.0	2.76969732342	9.0	9.0	8.69106915156	2.75788642054	-6.0	6.77124635797	-6.0	8.98716813455	
1.22048990679	7.65537457879	9.0	2.72194086373	9.0	7.33129516052	9.0	4.51257372985	-5.49044555103	8.68108126526	3.38336307145	3.65002294216	
0.461658081645	6.85002176652	9.0	4.27356540603	7.3630664273	5.63701279193	8.42166164856	2.42466381945	2.98664557048	9.0	-0.169552019898	5.01184459947	
-0.032117445134	6.54188364698	8.99788820047	3.73471105887	8.13142201944	6.84646339945	8.70675971497	2.58510540607	-5.94215046019	8.14697480753	2.40874449878	4.89167023133	
0.514989839925	6.87748984421	9.0	2.61680748223	8.79293679591	8.9912144524	8.99309589668	2.95037957257	-5.68327739581	6.67442505134	8.96717972924	9.0	
2.50464840533	8.99939459776	8.77521547668	3.91006059963	9.0	7.75712303689	8.98558628732	2.63627498268	3.36429606712	8.17808211752	-6.0	9.0	
-0.0107531719087	6.59471414889	8.98618566761	4.65015670531	7.42638672294	5.4338964779	8.81338285045	2.48256844539	-2.46112824955	9.0	-3.43229295846	4.58676178487	
2.50529990578	9.0	8.98582190074	3.04472430973	9.0	8.67472476691	8.99999777745	2.80941109114	-6.0	7.26378476765	-5.91633784423	8.99771408829	
0.389963964971	6.9203143532	8.69679667537	4.10496811352	9.0	7.52930718913	9.0	2.63746888341	-2.99009019582	8.81610317797	0.693231516387	9.0	
2.50470278544	8.99931601571	7.91898104986	2.77769404311	8.56410814538	7.05363682017	9.0	3.19451473086	-0.417576929813	8.45060132894	-0.690146408384	3.86855214768	
2.50535710591	9.0	9.0	3.26685035203	9.0	6.94248550434	7.38916819315	2.72259993164	-5.55169363951	9.0	-5.97947435041	5.28349252832	
-0.163796307322	6.54037163399	8.94577210933	3.36497208759	8.99999579747	7.18176532836	7.86424317365	2.59625218632	-6.0	8.75603381583	-0.769864579027	8.98662272975	
2.5053754306	9.0	9.0	2.61406398593	9.0	6.9438244783	8.96036887867	4.94529581033	-6.0	8.99832464756	5.04629598227	8.60865071773	
-0.00187353613693	6.66822485876	7.43139709211	3.16907727863	7.76420553354	5.91867741353	8.96017535983	2.51221117307	-6.0	9.0	-5.88910651535	8.77264607524	
2.52691394475	8.98174300529	8.99828098828	2.82438968443	9.0	9.0	8.99841887279	2.79840421352	-0.936876075325	6.88816156057	-6.0	8.49595938475	
0.955027832017	7.52823357038	9.0	2.8271104789	8.3980325459	6.58938796172	9.0	4.38174462089	-6.0	9.0	-5.57086613117	9.0	
0.164444089499	6.66734392051	9.0	2.90327239233	7.11547247542	6.37641643719	8.84626031732	3.18254210318	5.78014700668	7.93097658188	-0.211243204281	8.66278000427	
0.744353445746	7.29866456667	8.99110713679	2.72437091236	7.93710060332	6.10902394669	8.67636060738	4.42914670482	-3.93247622796	9.0	-5.74994755572	6.65694254647	
0.956110773711	7.35622838094	9.0	4.5129695273	8.79595268573	7.07826381153	9.0	2.80912912346	-6.0	9.0	-5.38921194907	8.78989933235	
0.105830643483	6.79502672314	9.0	2.61268052286	6.50805601653	5.51970760224	9.0	3.62758351019	0.428348986486	8.15761044792	-6.0	9.0	
1.17101241171	7.64217133156	8.85556396884	2.77448413327	8.26279665447	6.33560726375	8.84705331804	4.38554061667	-5.01413074243	8.99999179955	-3.62989722548	9.0	
1.16344486952	7.66535357554	9.0	4.55634329625	9.0	7.16098692418	8.97580709743	2.78624571161	7.95638490406	8.96976052527	-6.0	9.0	
0.229214201245	6.73133433257	9.0	2.62306009874	8.99845179785	7.50106891861	8.97203855424	4.31474665158	-6.0	8.71194377922	3.22056743147	8.38093014539	
2.54670876814	9.0	9.0	2.81310890721	9.0	9.0	9.0	2.81255358694	0.0419279700642	6.88900758915	0.82622589792	5.48975340777	
0.749374756559	7.08530534034	8.98090865001	2.55913641849	5.3561971743	5.48156499422	8.99999928078	3.01222373527	0.469362866594	6.8262214752	-5.90832643823	5.7109073472	
0.471338351818	7.13617766348	8.99945394269	4.02661321414	9.0	7.72378209791	9.0	2.59418766823	9.0	9.0	3.08796984589	9.0	
2.50455097362	9.0	9.0	2.61979995006	8.39677319508	6.87873409798	9.0	4.43964705719	8.18449286737	8.68852602276	4.85246397804	8.9055843133	
0.471254756566	6.82146045264	9.0	3.12059983841	9.0	7.09174381485	9.0	4.31369388879	-6.0	9.0	-5.91250721808	2.83002714499	
1.04507383852	7.43567915163	8.64527390935	4.62375449776	7.66049891094	5.80101445535	9.0	2.56548880012	-3.47137205179	9.0	-6.0	8.56377759196	
0.867865078862	7.29476564809	8.4779529239	3.11189803322	6.90609419856	5.95253078895	8.99502425772	2.9593322226	-6.0	7.76678075445	-2.17654671192	4.3664389447	
0.852015860144	7.2398756719	9.0	2.55252156545	9.0	6.91916008447	6.84581605082	3.04161750409	2.83319138373	8.98631860401	3.17566968163	5.63772820451	
0.191326704224	6.64631628058	8.60540117778	2.53272116018	7.28076550329	5.32784931057	7.10051255238	2.78523184802	5.88524937637	9.0	-2.34112185257	6.83861084253	
-0.00676694596813	6.49192238551	7.19790216262	2.6419965375	8.99977623091	6.70612102426	8.5124511455	2.89167035663	-5.91857041807	8.92165894747	-5.99213298705	8.61016194834	
0.618225182241	7.00833979395	8.99378061382	3.60867127383	7.19421169561	5.4403333001	7.83105412584	2.57819957866	7.33731108557	8.67506437912	2.03756464054	9.0	
0.355313203018	6.7518707204	9.0	2.4317817569	7.12906580153	5.36182974862	7.83282376813	3.78093186014	0.0998094098396	9.0	-6.0	9.0	
2.50529330074	9.0	8.98070212669	4.19260333368	9.0	7.69102570881	9.0	2.63981100668	-5.96842888851	8.24422170083	-6.0	4.10727028397	
0.0948052234803	6.47223800692	6.74745446528	2.8360010075	8.92806507272	6.92297075674	9.0	2.61835669968	-0.946832057741	9.0	-5.39920953642	9.0	
1.07977299321	7.43674018723	8.99997233119	3.08318677517	8.99981604325	8.99895293107	8.99983727473	2.70327904558	-4.73149461942	6.8964780471	-6.0	8.99964895616	
0.120201035757	6.69870029247	8.78700947259	3.10391613555	6.73981106951	5.4157338876	9.0	3.61485342206	2.91330120622	8.8504264159	-1.10378529355	2.58811884305	
0.86703756853	7.27502079827	8.82171702318	2.74185176	7.33181761116	5.61837216354	8.94225163401	4.41748769114	-2.49527678731	9.0	1.82249591803	4.17523173902	
0.677026440555	7.16977265469	9.0	3.84250947105	6.50655023568	5.48110546878	9.0	2.65350653524	-5.74312189559	8.37452604492	-0.691246659625	8.99833874662	
0.654418128284	7.05869254564	9.0	2.51917337604	5.40637244764	5.47664232215	9.0	2.98772967673	-4.52510761866	6.79437572438	1.35213198962	8.87603027839	
2.50268980734	8.9975324291	8.6762655155	4.6592307999	8.94514164122	6.88871608715	8.99992785305	2.61585610746	2.93691791964	9.0	-3.82933421554	8.98609261492	
0.324481596346	6.88000706558	9.0	2.65598354921	7.17616182084	5.61989237062	8.71736415338	3.98548110182	2.11367957007	9.0	-6.0	8.99659120088	
0.665827310839	7.15680852788	9.0	2.51526644177	7.17213493683	5.45644828756	8.452950532	4.2256367342	-5.94984848878	9.0	-5.99978357849	9.0	
0.143391900534	6.8144737258	8.97033523473	3.02174381093	9.0	8.67214052752	8.97740791751	2.57296896362	2.30883668597	7.40324937776	-0.792123360351	4.91996503956	
1.1740042159	7.4977687394	9.0	2.84611812631	8.98967314464	7.79571334399	8.99967559021	4.06828141803	3.52976109422	8.29182496726	8.94432283005	9.0	
0.0804416364616	6.5210525087	8.85771024413	2.65446263837	5.37363952945	5.58200297568	8.98391051579	2.52393531763	1.54466029646	6.64629059431	-1.45011258178	7.13560260067	
0.0190514470901	6.4980867544	8.8469738154	2.99504991066	9.0	9.0	8.99954940069	2.6059298063	8.98424196581	9.0	-3.99080378015	6.75288865546	
-0.125438508235	6.4263614573	8.90027314198	3.40827790764	6.56439148855	5.76269345512	9.0	2.78865240543	0.581437691527	7.89022609959	-5.95543732416	2.74706990013	
1.19595192987	7.63760763838	8.76152483171	3.72527022175	9.0	7.34365905549	8.99041571062	3.32438614856	-1.57107773806	8.61404480702	8.77150717067	8.30008365565	
-0.0852043526721	6.4895805005	8.96099899008	2.92722185294	7.35886016091	5.50023276013	9.0	4.28915288792	-5.99990584324	8.80485565523	6.43057731664	4.60320298747	
0.312669984494	6.75120213129	8.98278812328	2.54674867734	8.99966880833	8.94342942634	8.9973861862	3.15353216131	4.99295978156	9.0	2.57780785225	2.89419167399	
0.165829806328	6.51783845983	7.88365985265	4.24208446348	8.87932133568	6.82453363777	9.0	2.49357872195	-6.0	9.0	-6.0	9.0	
0.325095522791	6.83868300499	8.47125446109	2.44034520862	8.37374657156	6.58064356659	8.97292495504	4.54538820927	1.00317888934	8.48860978932	-5.99896370655	7.45823296008	
1.07915110857	7.50828953021	8.91457937662	2.66964206559	6.63650434629	5.92868899604	9.0	3.45333905981	-6.0	7.76075829524	5.14460015246	8.12179757687	
