0.141561492856	6.61106033475	8.96984943879	2.49123790492	6.03128665941	5.72573509354	9.0	3.25760315091	9.0	7.84761168357	1.26327320197	8.28077317031	
-0.0741136326277	6.49570482293	9.0	2.32943786017	8.82647312155	8.14777952987	9.0	3.76213565669	9.0	8.99925166391	1.85727113829	7.56539030608	
0.132398516938	6.53030966969	8.82487463654	3.03910623222	5.84852867976	5.77911771194	8.99323768062	2.51254063132	3.6957037814	7.16998393212	2.54968639325	4.82244139328	
1.91276441243	8.27485340312	9.0	3.40252829685	7.05412674254	6.55927574774	8.99999046189	2.8424398535	9.0	8.07823681022	2.57868596924	8.92537526286	
0.148277922044	6.71904537891	8.66742940385	3.0729830631	9.0	7.65994428268	8.35749342374	2.82286902486	3.72741859999	9.0	8.6946934309	8.90317185597	
2.47253033872	8.96195777193	8.9738618515	3.61274397215	7.08128794018	6.34378842218	9.0	2.64881012749	5.52910358874	8.81420189418	2.26932808618	4.60248697407	
2.47778268551	8.97511356313	9.0	2.72744394436	9.0	8.46715692264	8.96228580539	3.30540780646	3.28863871062	7.49549819251	7.590866497	9.0	
0.375641889568	6.81802537495	8.86780654585	2.79931382673	5.8117163873	5.62002135327	9.0	2.96310549396	5.0355961344	7.70479801598	6.23638362435	9.0	
-0.14801466634	6.44672966887	8.43091871921	2.63955665663	6.02496445686	5.53880919732	9.0	2.7265148681	9.0	7.76615799829	2.00423695599	8.92065501146	
0.751445825973	7.11733537385	8.24157848974	2.88831644206	6.19452866661	5.63129212747	9.0	2.59806763542	3.47543266573	7.44707520161	6.50165802961	8.10314635356	
0.424502951625	6.96091180752	8.93908626022	3.80338690946	9.0	8.12901193063	8.85349891445	2.41051566064	8.78796760721	9.0	3.77971219287	9.0	
0.59777529481	7.19681418179	8.89035429267	2.60730551586	9.0	8.37285374407	9.0	3.38214004533	8.99882098811	8.92641184008	2.2184383742	7.68285735219	
0.0306746734761	6.63104370583	9.0	2.55493557936	7.43336957127	5.73974905358	9.0	4.53762273948	3.39857742518	9.0	9.0	9.0	
0.444839220993	6.80182330344	9.0	2.85396456874	9.0	9.0	9.0	2.88967491599	1.0191991613	6.73878771618	9.0	9.0	
0.641042447547	7.17430893456	9.0	2.74060280276	8.96256835883	8.98793450244	8.97987137087	2.81141985048	3.17184450921	6.63240712823	5.54085997678	7.62030449673	
0.0783509750061	6.67487361593	8.75552096904	3.26454177921	6.27138412919	5.62157329676	8.94931740741	2.55693588179	6.15248464627	8.98245203572	6.28328924511	8.92402322359	
0.346141231028	6.67207491892	8.96850146579	2.62692275708	5.0360580169	5.3465311047	9.0	2.73352407494	8.99996489709	6.95409899934	1.3152483389	9.0	
0.723912135332	6.97557616451	9.0	3.54948540001	7.93270490133	6.04907208937	9.0	4.24650899557	1.87899987659	8.98684129187	9.0	7.31114476271	
0.45125523375	6.80743152287	8.99858259714	2.7179945284	5.14538902311	5.51998243419	9.0	2.68308299912	1.84896063531	6.5049591621	2.72193604889	3.61868719533	
0.565847405652	6.94984624617	7.64978377998	3.19454343939	7.83398017608	6.12624613021	8.99822320409	2.72289000024	3.33804468046	9.0	8.78516724381	9.0	
0.602588128112	6.92120077238	8.39503481576	2.96600428903	8.90538138587	8.62424593311	9.0	2.5254276904	5.57505013609	8.48139486069	1.55851155724	4.2594079967	
2.29972878596	8.79386087887	8.99396184249	2.63279466619	7.19434885173	6.00823727466	8.99822282121	4.09313174201	2.59449679639	8.21581654007	7.8376869936	7.83160247663	
0.105012303077	6.40998845854	9.0	2.1962083481	8.97502194973	8.99210134979	9.0	3.60678565705	-0.558650816474	6.42151350505	8.99820180233	7.73910183494	
2.50931811465	9.0	8.97425939433	3.04628320516	9.0	8.66917084949	9.0	2.80523060168	9.0	8.98308068267	1.68903251161	7.32351299906	
0.812420835264	7.30777039646	9.0	3.55560430566	9.0	7.89519508328	9.0	2.9793006757	4.48712598113	8.52925160114	7.17346233119	8.83689040716	
-0.0122312360915	6.66097401024	9.0	2.49295288942	6.16991286686	5.51906782395	9.0	3.43353241289	8.40793202761	8.24367084208	2.18089794869	8.10661697974	
0.0482302773133	6.52893231673	9.0	2.80160698332	5.33368850968	5.52580836807	8.79207067079	2.44534162318	9.0	9.0	1.09128166907	6.62794521036	
2.51714122426	9.0	8.97642475711	2.78931844835	6.18302070299	5.97745638588	9.0	2.95610577362	4.50698909524	7.21391539035	3.41638227826	6.3179354836	
-0.00888374728319	6.46824126743	8.99891341246	2.72511716934	6.6429177199	6.89061057012	9.0	2.76014388252	2.74915012593	6.63406991016	2.41061999561	3.9227297705	
-0.102335719732	6.50391334606	9.0	2.4223382561	7.51691601209	5.6769655945	8.99999578687	4.71355828935	3.42800846609	8.9077982781	5.36905952725	5.6583139555	
0.865404117585	7.28372446298	9.0	2.53665414349	7.44655622669	5.47250169568	8.87675351905	4.97798425263	3.30808780404	8.9420540924	8.91885507435	8.8753460765	
2.50651162546	9.0	9.0	3.4906466353	7.04668748078	6.44341454846	8.9998353798	2.65581780512	5.98670738503	7.77755812343	2.61939114686	6.44825825246	
0.0815419400904	6.77754337317	9.0	2.7855043206	8.03398181318	7.18320976566	8.97871605809	3.27442328576	8.9999994016	9.0	2.40113446868	8.09026037035	
2.15269859452	8.63497449244	8.99999700116	2.69986163832	9.0	9.0	8.99870837701	2.89637398935	2.51737430575	6.82513850141	3.19111716403	4.46739708941	
0.346925561456	6.76361544427	9.0	2.49648424182	7.17162837772	6.02053662456	7.50867245491	2.72409415536	6.72908509207	8.91188668203	2.38058773017	5.93611806749	
0.0118383084231	6.5380623248	8.92997048172	2.54520394323	8.76411324222	8.99993671593	8.9966898572	2.66201365684	1.78498929094	6.41471714607	7.9714218445	8.97795186086	
0.759591509678	7.11323279901	9.0	2.61975605542	5.83768686625	5.54933678115	8.7563671298	3.14869291607	2.31886446056	7.15842334758	3.08991527477	3.92369852559	
0.0149793305663	6.56986702923	8.76678698033	2.98084138671	9.0	8.34602664364	9.0	3.16322413396	4.1525724518	8.85591220026	2.15342303183	2.84578567309	
0.0683689862917	6.45485359802	8.99999955932	2.61166392207	9.0	8.98584179927	8.99999985255	3.18711429839	1.34988589701	6.8666546935	9.0	8.97126158965	
-0.0570576307416	6.42807281812	9.0	2.91209971847	9.0	9.0	8.90824638355	2.58137357595	1.59047466812	6.84426168605	8.63719189603	8.99146512032	
0.405592663405	6.80826525275	8.9908551984	2.54158724035	5.07103349186	5.56139393253	9.0	2.70767099487	4.60703522075	6.39155398173	4.55099578879	8.27778335931	
0.295025136967	6.67410216029	8.87240787233	2.65608607124	8.90520398314	9.0	8.99833686489	2.91524735561	1.12852169557	6.6389773767	8.99337273431	8.95066537153	
0.224589701606	6.69910849834	8.99985686503	2.84273901426	6.47394386827	5.22993806422	7.71110893885	2.65096366403	4.20331691548	9.0	7.4482785133	8.29439379311	
-0.0155510986756	6.49471434284	9.0	2.50472353451	5.51917082909	5.61796541362	8.66113687755	2.65373696642	5.62050711168	6.75461590096	4.5880410979	9.0	
2.50380648781	9.0	8.52429242623	2.98478186578	6.8182963921	6.0323975588	9.0	2.86647537675	3.08263986156	7.90024802811	3.21902880601	4.02159988924	
0.29296409154	6.78070218189	9.0	2.46739095908	7.08579954851	5.57224637263	8.98696701973	4.73424007844	1.29107787836	8.50900634562	6.17867807504	4.38640437489	
0.687178621733	7.09428379302	8.7905073068	2.5881004955	8.59653616166	8.59292038133	8.99998983651	2.93293581893	1.69791153267	6.76944196269	4.80642321594	5.32807004654	
-0.047621355793	6.43083839723	8.99972923536	2.34794927738	6.7558132581	5.54445697884	8.97813098247	4.46424635017	4.40739285061	8.959106678	2.67535701316	3.6766052196	
-0.0557126270697	6.61549333173	8.99997770151	2.55378932993	8.99999995606	8.99454635965	9.0	2.83078828596	4.10022195696	6.95629396065	4.94737933459	7.73020529116	
0.120053863097	6.61851929301	8.99999992742	2.60647495993	5.6010645086	5.76233377163	8.96581646633	2.6673340935	3.13268735007	6.81355446877	1.18004906513	3.25936766355	
0.831211966105	7.27473745256	8.58382509536	2.73817800357	9.0	6.82531580326	9.0	4.55998653862	1.4606028019	9.0	7.60421596047	5.79181106165	
2.5051350205	9.0	9.0	3.29541930017	9.0	7.45759547596	8.22636410726	3.01566693056	3.38177999577	8.99994066289	9.0	9.0	
0.126127561071	6.62116213628	9.0	2.52020085458	5.44533397146	5.66068186927	9.0	2.72833749518	9.0	7.03774168383	1.20147134708	9.0	
0.23831455908	6.71577481013	8.98612388178	2.57722675951	8.92034774765	8.99205087409	8.94169903368	3.04221815179	3.74114010464	7.4925431434	1.35827003456	3.10992938698	
0.63647789071	7.14234442905	8.59148352981	2.93355907537	5.91119508344	5.50283907519	8.9951613317	2.6710868849	8.99978371648	7.71767074698	2.17022676385	9.0	
2.48527835714	8.97984365538	9.0	3.3396753583	9.0	7.13631891802	9.0	4.06694550198	2.48064572266	9.0	3.81984380032	2.91819068035	
1.20294153914	7.65232157779	9.0	3.84078534651	8.84420912614	7.9203279532	9.0	2.69706696612	8.56055854804	8.88732446137	2.67837939053	7.90265897731	
0.400762086723	6.86970841305	8.29990491668	2.43804462804	7.12426785402	5.43896613696	9.0	4.1541950586	2.4767392666	8.51073192256	5.34481805017	4.83092277825	
0.410975580312	6.77727716005	8.76748683373	2.86344637083	5.73484453885	5.61033327464	8.94985772758	2.66081641825	4.15155946137	8.22110326565	1.31549909556	2.88399980611	
0.0740164273574	6.53806393119	8.7555480889	2.66849620525	8.96287095224	9.0	8.87880748208	2.57193179438	3.130571862	6.82056403819	1.69101132062	3.51583105229	
0.0304798439082	6.48140554531	9.0	2.66740412136	5.28311857833	5.58186527789	8.99518100814	2.67585952425	1.59198103636	6.49927571164	2.65806433497	3.33821956286	
0.961066186151	7.43522538869	9.0	2.72727954962	6.76599760502	6.58249514399	9.0	2.96442093768	9.0	8.98949315772	1.22696120163	7.02923768885	
0.0788987255787	6.50200772491	8.99999430841	2.46584895084	8.89545473205	6.96219617287	8.36155748074	4.54426129093	1.9315565745	8.7235513645	5.21801336429	4.08490686862	
2.16583965857	8.649582157	9.0	4.07576818226	7.17278111194	6.02721866388	9.0	2.63570981419	4.65049629015	8.95459744111	4.69524766618	5.98974073855	
2.54900011435	9.0	9.0	2.79268315529	9.0	9.0	9.0	2.83667041068	2.9259050208	6.91146477389	2.69758129916	4.28639857182	
-0.105696603438	6.5660519474	8.95821908943	3.27635934968	5.94561562508	5.57614648457	8.999959252	2.4392033627	7.19904681669	8.96696003422	1.92221285562	5.72429691468	
2.53209734636	8.99978589474	8.96575958692	3.29783213329	9.0	9.0	9.0	2.4481295441	5.80511726616	8.25811900359	6.18214115453	9.0	
0.0717163176521	6.5877153485	8.47016425122	2.52105937528	6.54693847093	5.31331618209	8.26965824938	3.03736823885	5.63232507636	8.69373714364	6.5333901291	9.0	
0.385317794571	7.0055232236	9.0	2.69164868456	5.80835801532	5.59698950652	9.0	2.9716183224	4.25653892957	8.03757680918	1.76570333279	3.486875856	
-0.277639112744	6.07616088027	9.0	1.9017632007	4.82466746965	5.24527516744	8.99913452012	3.38183709494	-0.244591190103	6.05646481179	4.17433526432	3.54682739496	
2.46614850033	8.95705150519	9.0	2.61906090153	8.1137754061	6.50458148119	8.9863819996	4.52455937637	3.38233026246	8.61058308994	3.97975398342	4.3680635066	
0.800003308922	7.1264555184	8.87081201372	2.87785660097	9.0	9.0	9.0	2.8356307135	6.07499788245	9.0	1.45156657329	4.13760792247	
0.459131836409	6.97281516184	8.99999998578	3.98562727211	8.4568336387	7.10108012174	8.96812956636	2.65867026437	9.0	8.99297045194	3.33423620597	8.99999888205	
0.00943721717221	6.50592683514	9.0	2.92199509043	5.28495992646	5.32969189771	9.0	2.59181611175	5.11912630988	8.99999837541	1.3451329685	3.03010229698	
0.234504459235	6.67330984651	8.88966677535	2.56845597447	8.92128823897	9.0	8.91547946509	2.85816087457	5.24946210625	8.99181735201	1.17315349448	2.96064353406	
2.50504240261	9.0	8.97496261973	2.6160857864	8.99367200685	6.95162615592	9.0	4.94320712766	3.69311999034	9.0	5.52410114121	5.83536698124	
2.45881906258	8.93521388062	9.0	2.83622959716	9.0	8.82328669285	9.0	2.91582885244	9.0	9.0	1.5071424033	7.11415549322	
0.681028705818	6.9562363423	7.77493237421	2.66518410971	9.0	7.15499416618	9.0	3.89263312597	4.80175701327	9.0	7.83798072842	8.982887224	
0.493308291114	6.85474430485	9.0	2.7189403913	8.51074395271	9.0	8.99999999652	2.62017633653	9.0	8.22151660283	0.797261244858	7.09133252363	
0.15937425964	6.5648188768	8.95288214167	2.62631136351	5.00572746892	5.45523202936	8.99987812294	2.56237652791	2.43996877977	6.43615143448	2.0721078901	3.68507983655	
2.50703336142	9.0	9.0	2.72245370125	6.65647466585	6.02192509915	8.93271064902	3.39096459499	4.82593374289	8.91662195189	2.09278045851	3.61131845311	
0.151999510264	6.6850938469	9.0	3.65125605377	9.0	8.43831561266	9.0	2.54322632324	8.68488686228	8.37708102136	2.70478683863	8.38015690807	
0.654024076469	6.97098085117	9.0	2.49336822911	7.82794614631	5.76459113557	8.34895813894	4.67342127452	1.80925608899	9.0	8.99987180253	7.5303549715	
0.153781277807	6.88233543525	9.0	2.66317872869	7.23250908474	5.72478623969	8.99526116218	4.05559734158	9.0	9.0	3.264992209	8.99823240095	
2.51475770007	9.0	8.97911480541	2.8539162099	6.47629927735	6.25729790117	8.99419436335	2.89678278725	9.0	7.49837046842	1.88633718273	9.0	
-0.0681135386537	6.43997509911	8.91051449314	2.6186101209	5.96229065701	6.18939147611	8.94631456944	2.58904136038	2.22480280658	6.50692513822	3.03968686244	4.31330898237	
0.203647485758	6.61213650717	8.99990643103	2.59130367427	5.31139622936	5.58273998655	9.0	2.80528991999	1.0678083963	6.58535392037	8.88107328679	9.0	
0.30192812189	6.98298833084	9.0	2.45158313531	6.70258856176	5.61421515792	8.99809108005	3.97771242464	2.33434684225	8.01663780367	9.0	8.93656895975	
0.493032897389	6.85547801544	9.0	2.5011124806	7.9888912107	5.78497786306	8.99999859377	5.40174096365	0.750475651268	8.92620292567	8.84752861712	6.31272418994	
0.0802121992767	6.46711932549	8.94045351699	2.8952411932	5.98322147066	5.69497496259	9.0	3.06618772965	4.51655714942	9.0	1.5829410272	2.70958058133	
0.525264000073	7.00458037308	8.98962984738	2.74807765128	6.6906289256	6.95678936226	8.9999268686	2.57669746598	3.78970797125	6.70979897671	5.96892474969	8.70168794127	
0.401586035241	6.86564216071	9.0	3.33838993004	5.99427404392	5.76184556715	8.90373054284	2.50283707674	4.27746734803	7.88525292563	2.26756365866	3.96294179253	
0.266957538617	6.87216552572	8.95698391382	3.63409146003	6.52509784408	5.45563737371	9.0	2.75930170182	3.40708195606	8.96300392196	9.0	9.0	
0.567569772313	6.93888322337	8.99006213609	2.63573970824	5.23534486198	5.58070913594	8.99107365401	2.76180283862	3.50395449197	6.70104943416	1.38408303193	3.68903256511	
-0.046897127542	6.49760693366	8.81617771995	2.61650570698	6.13120022998	5.421717757	9.0	3.40196572478	1.4266404533	7.55262247807	5.26189964287	4.71008699214	
0.224087015448	6.6538810329	8.86286244891	2.75787659477	5.6246577185	5.68915461005	9.0	2.75066530273	1.36309773962	6.65961555118	8.71950864224	8.91227181324	
2.50491501682	9.0	8.96278440872	2.90565750017	9.0	7.35728659506	7.93169898417	3.17345494003	3.47086453295	8.98895654768	8.70000649107	8.80103613316	
0.168928962183	6.5629956674	9.0	2.40373321005	8.88669214609	8.83356125847	9.0	3.39063262399	5.243659199	8.38373654713	1.14938026502	3.64215621944	
0.00855262563987	6.46213654374	8.05341386161	2.77112027175	9.0	7.80272428995	8.41416297265	2.46735441542	8.99950918315	9.0	3.43507116359	9.0	
1.08284721083	7.57942664067	8.92839477521	3.54288104974	8.93054665147	7.88236361699	8.97254211527	2.90887664001	8.99930474502	8.79908787615	3.20706574738	8.99961936916	
