6.18083354822	6.52354870553	8.62198695039	2.52283545857	-5.02698552735	8.99951667882	
8.47516898358	8.96093701594	6.19729282989	2.52249603365	2.68861359312	6.77875693121	
8.9999937107	8.73316030372	7.58818995448	2.52285859497	3.22582798557	7.57385138328	
4.18551422249	6.35330550626	7.1631095924	2.35186784352	-2.54084163691	8.99999765446	
5.54536674023	6.29812876144	8.99988878705	2.55661419745	-6.0	8.97818682242	
4.34715452132	7.62053957277	7.91486403941	2.51943994561	2.45516443002	5.70268585416	
8.99998502808	8.90268755948	8.99488076687	2.60689011783	0.937020703454	6.85782305701	
8.0087511249	8.99999976875	5.76356078271	2.26654628306	-1.45834591577	5.08157037138	
6.79941855446	7.21962462667	8.29275946881	2.60440517225	6.64220054169	8.89836995395	
7.75137615779	8.51367568905	8.11272320438	2.52308376109	5.29062080524	8.53331669762	
6.70016331182	6.97251840266	4.78826257449	2.73646600299	3.31580864437	6.65171617285	
5.35595653617	6.90123443048	7.6442102676	2.52445756078	-4.49773656362	5.12832592538	
5.74180260414	6.29617154491	2.57627004612	2.27738825988	-1.40797496123	6.68233774284	
8.99296011268	8.99301797753	8.90278110651	2.76538661642	2.67671794521	6.61643880197	
7.15830394776	8.99585328759	8.83285458676	2.57195704052	5.67552691755	6.94915730548	
8.826743377	8.9191346168	5.39660912268	2.55953840582	3.11535046881	6.13659792069	
8.06075130486	6.97190595826	8.6888871972	2.52283759408	-5.49554298517	7.80260603089	
3.39570734803	4.09559896939	7.27442129622	2.81544363845	0.875282864622	6.97038980477	
8.0226141671	7.1249794282	1.77537132338	2.68606037249	4.7661748983	7.99863343672	
8.98629464953	8.98598936893	8.27953497828	2.52287856288	-5.97303552461	6.52466302128	
6.9239941566	6.97101530311	8.80592797973	2.53624941147	6.05752419281	6.7914794387	
8.00913946788	8.66184660895	7.9494598225	2.52302894712	4.53660593329	7.89108936245	
6.4251892277	6.96266683048	8.99998362361	2.52884144708	-2.90448019968	8.99999980953	
8.76458162891	8.64590748114	7.6515015994	2.52286801705	4.84313353865	8.96714636941	
8.20180004994	7.99610525224	7.61679122164	2.52286136552	4.59568272375	8.81987950287	
5.15951393941	6.52412544033	7.51164108914	2.52286497979	-3.92542347339	7.63435442123	
6.14335248261	6.29420149387	8.20181152791	2.51726268014	-0.734372602467	8.49509129108	
6.85372848987	8.23878064555	5.58575080485	2.31642372964	-0.584621630328	5.36259081037	
7.17368022829	6.74463131806	7.73551002297	2.52284175704	2.54643006786	7.66291127728	
6.63949058632	6.68565153698	8.32597331331	2.52285041134	-5.99985227688	6.98171705312	
8.14073170642	8.96604594539	4.33852376377	2.58243755344	4.04383055235	6.06126668391	
8.17785129618	6.59211302011	6.12029904851	2.52283548011	-5.59142159871	8.93994430123	
5.73504449519	6.58798926604	8.58386320324	2.52287828381	4.99506155328	8.99998871719	
8.99944701055	8.99875626497	8.99941013159	2.75838466154	2.76604090112	6.61652498666	
6.22707529041	6.58586030141	8.63859566483	2.52284870282	-5.31992587211	7.0338731624	
-1.3871834496	4.94926816459	8.30001927168	2.5427437442	4.5981140993	7.43293643747	
7.78906219199	7.289935352	7.4367993062	2.52284667564	4.12277620149	8.71410321493	
2.13167430364	6.51750897952	8.96916144958	2.56374056713	2.34710297295	3.77760994894	
7.11597975218	7.27628572462	7.54068105345	2.52288699619	3.6202405465	7.57758070756	
6.41828074613	6.99746463094	5.99406660732	2.41315803766	-3.04375091644	8.93174850413	
7.22976155258	6.53015066437	7.58018652203	2.52283545843	-3.56681199038	8.99994506729	
8.28655337797	8.61179123524	4.6989542222	2.52039386766	-5.07647013424	6.55368815564	
6.87205765854	6.24399867614	4.69863390098	2.62567661929	4.56232168582	8.07817289792	
8.0846692616	6.89298140214	7.08811100757	2.52283691571	-5.04266837807	7.95594412044	
8.51514367358	8.65458299735	2.98977654651	2.56750321351	5.0650096892	7.85626716998	
7.0116159409	6.95634824291	8.38925621965	2.4979834418	-4.15943625104	8.99046223147	
8.99468325288	8.99999998405	8.12485507529	2.35240813563	-3.9452909408	6.84351410898	
8.47975960207	7.07860439026	6.41528671745	2.72397382117	-5.90984050421	5.66971801336	
8.52046392105	8.57904685561	7.14420478009	2.52288456209	2.7758062022	6.913736884	
6.21277693624	6.55042135878	7.83192349383	2.52284112795	-5.75655753209	7.39615046279	
8.20797714071	8.86339572729	8.30231441936	2.52303073083	2.22064282963	6.04508328049	
5.36982341716	6.53071977401	8.95330838583	2.52284646141	-5.53809964482	7.11343904182	
8.99847132593	8.82821761714	8.10957271651	2.52286451301	-5.90189661794	6.69526103374	
8.55187847247	6.8581817829	6.44192403637	2.52283578581	2.11533793273	8.62917910635	
7.59283849978	7.88937432607	8.0110584725	2.52291737691	5.27313809502	8.99641478296	
7.81543421106	6.84357487963	7.1420690953	2.52283772153	3.05749187583	8.42278489009	
8.79625676482	8.90529506524	7.62088348328	2.52289089215	1.91924211863	6.51220096131	
6.27525775773	8.61745140587	8.99921750967	2.53240992838	-5.99358182657	4.18427681766	
6.78386637483	7.01589268836	7.88404384385	2.52288549784	3.83634872507	7.79324491558	
7.08900823328	6.66485034467	1.12769433889	2.59795870749	3.81920323117	7.6449598648	
5.75257010869	6.53636786855	8.9800793888	2.32447930225	0.403942717901	8.98823273672	
8.41183258677	8.76655714333	7.24073182323	2.5229330417	2.20357539031	6.34066664889	
6.72438298762	6.75738500357	7.92190414284	2.52285484901	2.01847893356	6.98770636264	
8.99917010299	6.25143905471	5.87833084427	2.58460251507	-0.428861095116	8.55784745515	
6.27979647713	6.9048033449	5.24190494405	2.79963076335	-4.42782422544	4.23710263308	
7.93503287732	8.14484889238	7.39213897927	2.52290399506	3.6746888545	7.50489635254	
7.4416678365	7.48229435098	8.13710559899	2.25890310798	-5.80598330132	7.23642336755	
8.65205328683	6.20434819472	4.16013424685	2.55800614426	0.242358923523	8.14667809214	
5.69941072081	6.54443509046	8.8909592644	2.52284999072	-4.77706272009	6.99399444541	
7.27018267282	7.11702954218	8.3670411644	2.74951114183	5.47697910385	7.79025045546	
7.69582361522	7.21263814976	8.92683100201	2.66781756688	-4.59912318844	8.37377241697	
7.80329410045	6.83534034438	7.25888844884	2.52283769815	3.02991612766	8.40536619608	
8.43599233887	8.99816270089	4.0244799585	2.6835372878	2.65952040618	6.34581070875	
7.95285549206	7.96827350087	6.9920714896	2.69916212223	3.91156345071	6.21442328428	
7.56237732467	8.61526985452	8.94693935474	2.42002075829	-5.90603503835	6.01154343867	
4.74360593673	7.67161398924	8.99745066036	2.54984887713	1.44631494686	8.14697561743	
6.8387596234	6.77236720671	7.85989282557	2.52285154131	3.60002552644	8.06082096623	
8.69915254667	6.66398222689	8.99913955113	2.6210548909	2.66747068396	8.68329119664	
5.0693102199	7.53757824892	6.03660595867	2.53336900122	7.40193707348	8.99999976877	
6.71830477059	6.07033274596	8.82795978347	2.53325567685	-4.65675978792	7.61072652166	
8.5130502874	8.27976658636	5.97791529753	2.55389482058	2.78183602778	6.29181300827	
8.28608607886	8.34460757628	8.65723907754	2.72181602693	3.61142771781	5.83478313705	
8.99933246275	8.60761109327	7.75843193544	2.52285279105	-5.485808997	6.91815179111	
8.55474370837	8.9999997675	8.72517370936	2.52295597868	-5.70181140283	6.07909858831	
8.99999999999	8.99999999999	7.9577337255	2.36318015282	-5.53417773449	6.20334904451	
8.9519694958	8.96484520171	8.29262468735	2.52287988735	-0.328570456619	6.51216868866	
8.74012581148	6.83706591724	6.33907872893	2.52283559262	2.0960415013	8.85219246138	
7.72957406979	6.56853248608	7.19605036648	2.36980982939	-3.66911923807	8.99999379879	
6.02273313442	6.75346685736	8.99999138744	2.55991838522	-4.90775617211	6.15277218433	
8.01979643916	8.40730022128	7.62244399009	2.52293985009	4.25158481253	7.87773196399	
7.98892412131	8.37753723424	8.66851515583	2.52294009331	-4.48634953559	6.14039513551	
5.89941047013	7.67185741584	8.83018559489	2.52523067588	-5.85028266112	4.78244556201	
8.8170475034	8.99999976875	5.96558555019	2.2940060766	-5.71887267158	6.20587679623	
0.656848560916	6.65818699356	7.06333975362	2.52483431608	-0.580417870646	7.18429727929	
8.31467382767	8.99999462669	8.96532740767	2.52304503344	-5.99999518857	5.83908508544	
7.62854735168	6.25993545344	6.62546942403	2.31473765723	-0.0494680191137	8.99999422181	
7.73513567236	7.47400418928	8.01868692215	2.5228564539	-5.93550786659	6.83552037501	
6.32791482427	6.83978240972	8.99860684707	2.52290838753	-3.96081085492	6.29689426715	
8.8899699167	8.89639746558	7.93354141635	2.52287916088	2.02402454359	6.63787131093	
8.78105526	6.81493695558	2.28577015966	2.83141178616	-4.45543182386	-3.86059630398	
