4.88938245562	8.89082748529	5.82747609306	5.53717919433	6.91207296285	3.91609218976	
8.99940773741	8.04397207891	5.83957808648	2.52283997964	3.88111923125	8.86846035444	
4.99766309679	8.99887904977	8.7888472096	5.78418429011	2.80491426398	2.52352858834	
1.65213822783	6.52535081052	8.99909318026	2.54100524661	1.66446021499	3.96450292379	
1.16536220247	6.54149894922	7.39106404162	8.75561062916	8.96913833662	2.94362236019	
4.9985499031	8.99999989816	6.22737624215	8.9892502603	8.77980502896	2.7316483736	
8.94694690507	6.90996174409	8.54946238236	2.52283554755	0.0116663988723	8.79044575251	
7.01705453223	8.71143075158	5.81051992622	2.52497528178	6.69330119791	8.99963698084	
4.12047576785	6.52636897829	8.24224966418	2.52292434778	2.44741676044	6.47601622425	
8.3080441226	7.05804232056	8.71377970235	2.52283704198	-0.232693801867	7.92341801839	
8.78807351401	8.13409079786	8.97613429284	2.52284470776	-0.634430693897	7.18800896517	
2.70875911426	6.82498381392	6.11939317988	2.98514615798	4.54475278947	4.27794246956	
-0.127865586305	6.52384258633	8.74238084444	8.96149631424	8.99832785333	2.84267156874	
8.53185683525	7.50994749722	8.41444729824	2.52283901592	-0.0354899859961	7.5931949922	
4.08374070749	8.09312370333	5.81953531895	4.77115399284	8.99845366725	6.75261935537	
3.29019115334	6.63981907292	6.63437796168	2.54640213371	2.77968155277	4.23319681901	
4.99769630496	8.99914895119	8.96995245419	8.6218084476	5.46127692713	2.52313564534	
4.83214344837	8.66771517013	6.8209924261	3.01755808831	2.05199493203	2.73502490591	
5.53792432244	8.37334150312	8.09766554102	2.55318117127	0.271635419757	3.69586996668	
-0.194780604622	6.5237105006	8.99995030875	8.99973126595	8.70370612103	2.70060141645	
1.24598614126	6.54428164825	7.1248240133	3.89461709089	8.69291427038	7.33999304366	
7.91603595312	8.0386399648	8.94256831995	2.52289113998	-0.598113902682	6.41412662346	
0.840646904773	6.53177508403	7.65038263168	8.58269193307	8.96182141564	3.05355129284	
5.26553584095	8.99604646292	7.97935542658	2.85617489625	0.688901272531	2.79673853874	
2.02468141499	6.64260929048	8.72888151724	7.28639866784	4.9852861172	2.52500844895	
4.67958577895	8.68260244944	6.04701377753	8.85855262941	8.99931025718	2.89992209265	
2.54085634966	6.82872319645	6.10390745169	4.24260733221	8.76468814403	7.05328877457	
3.01580070884	6.53521037501	8.18023017215	2.52688203759	1.77762614572	4.62673197195	
2.08454076614	6.65780769969	6.38761292165	7.01689233269	8.82759813243	4.34021914568	
6.79856708707	8.5984762522	5.81321463626	2.52556046574	4.88771441072	7.09062677396	
8.99897093629	6.92226995192	8.7984784794	2.52283553113	-0.246244884626	8.82126640586	
3.41797189326	7.24048799194	5.90050198872	2.8574623006	5.82156547481	5.7572564221	
3.64532730158	7.67690032997	6.59359500697	7.29560766897	6.62536380644	2.6069454739	
2.75911384885	6.95787884333	6.85917874616	8.90268005452	8.11561962298	2.58852067798	
7.95849529013	-5.12938184953	5.6949647131	-4.13645554763	-5.88355464408	8.98804146724	
8.66802099615	7.70201993857	7.72550896165	2.52283969797	0.640405488322	7.52424316744	
7.94786680815	6.76673148021	6.57949495512	2.52283654205	2.33505763677	8.28801873564	
6.53921470258	8.99992148255	5.80917969745	2.53552260292	6.38555161884	7.91366929125	
4.99855000341	8.99999977794	7.44613703205	8.59323128479	6.9663473338	2.53297066437	
1.50982443887	6.56306219005	7.54703019425	8.32915393935	7.74321195379	2.62301781535	
3.91839355526	7.93549895213	6.25280595225	6.84214869595	6.61703566603	2.7257548833	
7.98714169331	6.6320706624	8.93228685049	2.52283573822	0.0530834703895	8.53277297142	
7.66862394096	8.99959633588	5.80918764248	2.5237637855	6.32776535396	8.99738417387	
5.03047829185	8.99999942792	5.81443384609	3.67230088493	5.58186034599	4.46963952892	
4.88658810355	8.88844890463	8.46589934644	6.98791316893	4.3325166595	2.52380939378	
8.46853319842	8.98665248812	5.80960718329	2.52297803055	5.51339794309	8.99707516397	
3.6618991	7.68929095199	6.62054793151	4.64795367717	3.94410573049	2.60447549068	
3.44113308934	7.05493274514	5.95868201352	2.67173680001	7.76835350032	8.15666641588	
2.80701880757	6.98869395101	6.97271586114	5.9585312735	5.0229811434	2.57065794545	
4.45564943118	8.4551720597	5.81278453359	4.41657006891	8.99999982004	7.11185901405	
2.4226224038	6.64567761148	6.4177423818	2.75327963724	5.1696613968	5.32623629154	
8.99928592829	8.99839699861	5.81058261628	2.52287851009	4.99583375389	8.9995941476	
5.29951926011	8.99999962829	5.809118654	2.82392553584	8.71725517955	8.71713528738	
4.68557496542	8.68855044399	6.05643381306	8.82250912801	8.94105318705	2.88716975139	
0.401635464827	6.52457178142	8.21212152288	2.84438351457	6.58090405262	6.54087310218	
4.97892432436	8.98044113184	8.98693336781	8.77351247438	5.5960526352	2.52312407899	
4.98544545066	8.98693010538	7.40934447376	7.16662855434	5.5774901973	2.53388881984	
6.03571054317	6.53042243731	7.84965043246	2.52283765903	2.56607982717	8.11334806431	
0.942688033088	6.53361373901	7.9503149803	3.87293458638	3.49215507886	2.69377712471	
8.9083077325	7.97775765582	5.83631928237	2.52284022961	4.0353840936	8.99458058089	
4.97220661031	8.952416806	5.8092893988	3.84070059476	8.98727584462	7.69082181081	
4.62179237417	8.62497121599	7.65687525622	5.73290519817	3.89338391537	2.52934248945	
4.59569977053	8.5595935176	8.45078742504	3.57717791381	0.93906897603	2.56395209803	
8.99974782874	8.87505943091	5.81238633252	2.52286775954	4.7146149615	8.84398929017	
6.79331356195	6.8894762147	7.32898129708	2.52286620919	1.26916456096	6.69428435394	
4.69875542452	8.57303657235	8.99999887663	3.1110917236	-0.0770373492271	2.65275601383	
8.97828985155	7.92228726754	8.74144183065	2.52283897704	-0.392666804699	7.59710599077	
2.24370103966	6.58290345068	6.69650830658	2.66675766756	7.51335317021	7.91906875607	
5.46477889237	8.32435177024	7.83521118371	8.22845869159	5.11291876637	2.57514450461	
5.41354628633	7.60987358234	7.231859216	2.52914750225	1.16022610257	4.38177787817	
3.79538440968	7.75243338765	6.86199869636	3.3538817462	2.36869386329	2.63492919333	
3.79405086296	7.81655946932	6.85831897528	5.96765756532	4.98242747481	2.56574763626	
2.89428421835	7.04440348261	5.96323874887	4.43526485066	8.04941984069	6.1424418325	
0.65742350122	6.52433596304	8.27743787402	2.64759537317	5.86861250433	6.34670990121	
7.75133392319	7.27337994717	7.92282055027	2.52284719468	0.496697641906	7.08979233137	
-0.233601852111	6.52364356312	8.93046681027	8.99972966247	8.87904094905	2.76770003946	
0.129781300781	6.52460930616	8.52311778414	6.44985051344	6.41161108555	2.80521770871	
8.83743297254	7.79088500185	6.67563867508	2.52283900339	1.74610171029	7.66061671053	
8.17710045977	8.80763320309	5.81117068724	2.52301987719	5.06589657825	8.43868200282	
4.45238110255	6.54622622854	7.22056273994	2.52311802599	2.97086433931	6.28963128511	
8.30937895523	8.96153604041	5.94484241576	2.52302960383	2.95902970345	6.44385278805	
1.19456376274	6.52327992103	8.91894445391	2.53006071671	6.68359264977	8.45892758653	
0.675120352133	6.52567498824	7.99560783644	2.79032008063	8.78782464279	8.85772512034	
4.89731065834	8.89911676452	8.97024241796	6.78076219742	3.62031786867	2.52315934088	
3.76150701819	7.78584638961	6.64259790944	6.63550171878	5.89792510074	2.59584927783	
2.82344080675	6.82228416464	6.11032268824	2.82113836284	6.88831115567	6.89381948102	
6.36882355605	8.86544135654	8.31808825208	2.53661597096	0.0295490148317	4.02957085331	
5.9226283197	8.93904283377	5.80933840129	2.57026252496	8.06217125303	8.99999997314	
8.68076990892	8.47342075718	5.8191323383	2.52286195355	4.33976582694	8.55855272127	
8.17549977955	8.99229772276	8.99996391174	2.52311918103	-0.667290052771	5.70792409257	
8.25016880312	8.98491031006	8.54541061207	2.52307032755	-0.212327068755	5.79043906667	
-0.608717703794	6.52326948298	8.94075056626	6.37756414888	8.99999999714	5.14636658559	
3.10511178449	7.20374740829	8.99999567636	4.69816889319	1.60773939105	2.52609790827	
1.62981316118	6.57511887225	8.9949078375	8.30481698462	6.0653786869	2.52533118655	
4.02455851444	6.52508783189	8.10050224574	2.52290592691	4.63009973025	8.42233408948	
-0.169355933674	6.52375808456	8.80924683678	8.98264688968	8.96790259037	2.81655587709	
-0.190047973451	6.52371912669	8.99994415256	8.91471640981	8.6116065727	2.69823457316	
4.48116338696	8.4831131916	6.28539211806	4.70939405859	4.41465298568	2.70386859834	
8.07848985207	8.9669435967	5.80942083013	2.52317015471	5.88703562881	8.99999991745	
5.05561461793	8.99968506696	5.85649301765	3.43022794165	4.36857120161	3.56593318643	
