5.15038028814	5.05279607194	8.6462348219	2.98685708678	-1.41794068817	5.05418862099	
7.56642315377	6.34757379434	7.29646302307	2.75835043119	-0.346436461982	6.12569284718	
8.99997171954	5.2021333041	5.76706963664	3.80794610077	1.98055602084	8.45268533	
8.30152007583	7.61453004836	7.5889760058	2.51900408196	2.52438324902	8.99651255818	
6.79615522361	5.4392771428	7.62567641869	3.22559254818	-0.431304934802	6.04082437436	
7.79814235046	6.18901456836	8.92370126037	4.77586709116	-0.332541387584	6.13958792158	
6.95211217199	4.61358510018	7.6152360976	4.19680121809	1.14071505086	7.61284436002	
4.88156593651	4.99187955501	8.99903642698	3.1831858605	-1.65751939487	4.76318491095	
8.18859720362	8.83724915605	8.88369315852	2.51854193243	2.56755229872	8.99921893023	
6.36761366865	4.68823052414	8.92183479448	4.84425598768	0.222417382104	6.69454669127	
4.15080882546	5.85914335421	7.77569594578	2.53887787543	4.28011911066	8.52377002753	
4.98403523233	4.87883409956	8.41932665344	2.7675658349	1.87267166712	8.34480097628	
4.6999394806	4.7527020048	8.70840140195	2.89867692645	2.35200965448	8.82413896364	
6.91754348582	6.39610656485	4.39575965491	2.80463195633	2.88536542667	5.71309606465	
7.38968531073	4.68082241831	6.1043184879	3.05621942901	2.52724273594	8.99937204511	
6.20169082502	4.94479434677	8.22820414229	3.81172835686	-0.372043580062	6.01649604146	
5.11221876343	6.49041442135	8.99076290238	2.52332552833	0.899664553005	6.70407362637	
5.74658741821	4.55172644178	8.58741516421	4.02531418933	0.613419066862	7.08554837602	
8.9137312335	8.99600247174	8.99999567125	3.6938738965	-1.46751522556	4.47150266885	
5.69786714598	6.38530713155	8.96887651855	2.52447458166	1.89430372787	8.36643303703	
5.96727699897	5.20240506394	4.6465129693	2.8152515453	2.81379132905	6.12508800838	
7.10730613549	7.82259863295	8.99252707804	2.52027262927	-0.19554964289	6.27657966627	
8.79294143803	5.39119382512	4.74993467363	2.75548717232	2.56989707902	8.681259551	
8.99183463579	8.81835550134	8.61242152162	3.02893870477	-1.61682465946	4.85530464971	
8.99443581411	8.31647697967	7.67439674117	2.59539362431	-0.484107032875	5.98802227629	
8.18771062297	8.91007153253	8.99786091257	2.5185380517	2.43347875676	8.90560806592	
5.8107902021	4.83096913293	8.44136977092	3.77939857908	-0.519142127622	5.83781749124	
4.28911891282	4.87815125032	8.99967227329	2.76798413979	2.56184626476	8.91966941855	
5.78030906102	6.60535075027	8.65558933995	2.52210222645	2.30947264582	8.33308542863	
6.82037204891	6.25963272936	7.87221114377	2.67598851201	-0.847888274717	5.62424103445	
8.97385313805	4.9115306484	8.99967523351	7.30503577185	2.33388629949	8.80601560865	
6.50003357161	6.0201979184	7.80979092472	2.53266462661	1.86660998014	8.33873928931	
4.92101277355	4.5306254921	8.99976287948	4.13148584514	1.44416763003	7.41799930316	
7.8821885421	8.07672435426	8.47018390287	2.51868613941	1.86755727363	8.33968658279	
5.93844261339	4.57455330835	7.25695977107	3.77235754662	1.50624472256	7.06990360533	
8.7679362086	8.41625955617	7.98697262947	2.58168733058	-0.73092801529	5.74120129387	
5.56072340913	5.16830908747	7.92439674566	2.62873313443	2.57281920788	8.97606449864	
6.17147475347	7.08289049721	8.9763613698	2.51970516752	2.72877712613	8.98918494264	
8.95739857435	8.68919694338	8.41412867851	2.92536835816	-1.4669930659	5.00513624326	
8.95094278118	8.92533694804	8.52477112341	2.79341500524	-1.59502504458	4.87710426458	
8.90436632174	7.49971546445	6.89525374177	2.54294264775	0.72822318087	7.20035249003	
4.83195563081	4.53800057118	8.99999749844	3.87796796463	2.50075833229	8.63191028318	
8.67805031772	8.98822276867	8.58568446543	2.51855006316	2.23427671025	8.70640601941	
8.30042664314	5.94052608779	7.5945137858	4.19745238983	0.432691121617	6.90482043078	
6.03157863954	5.11618184592	7.55505211695	2.71348695925	-0.0750216113605	6.3971076978	
8.89664679271	4.78252292555	8.81519186795	7.1723537838	2.50204268013	8.9741719893	
8.99969051786	7.67602340698	8.52081381734	4.0875189769	-0.617544839157	5.85458447001	
5.48669089275	4.55866607391	8.41447366568	3.58553653321	1.56354161213	8.0356709213	
7.74806702103	7.7308553104	8.33794690816	2.59819666747	-1.15490470918	5.31722459999	
7.44762706349	4.74261883805	7.31749056928	4.2655368434	1.16605624783	7.63818555699	
4.84355000011	4.64912974103	8.66668001068	3.10413831844	2.48834877533	8.96047808449	
5.12065089139	5.43118570867	8.96378828623	2.89629151764	-1.91683897117	4.555290338	
8.34369967714	8.99995938216	8.99999890687	2.52176395747	-0.525676373583	6.01146622865	
8.03909486063	7.62408724699	8.08038336437	2.51892612424	2.19682016669	8.88845237829	
8.96221218702	8.99946988414	8.78841089498	2.99419124655	-1.80929651419	4.66283279497	
8.25189923822	8.79263903688	8.81624743164	2.51854568166	2.52786920986	8.99999851903	
4.96103444908	4.57151859151	8.95929094458	3.59184485083	-0.0452343634577	6.4268949457	
5.90930809578	4.51959122421	8.99997647933	5.43867555169	3.1387881561	8.80497331332	
8.99742009129	4.83433026704	8.92507405148	7.33120192442	2.49622460515	8.96835391431	
6.81683735492	4.55901758921	7.09158961138	3.60684404405	2.4775936567	8.93532634761	
8.99954907627	8.73536469914	8.45558716741	2.96280959323	-1.49351995575	4.97860935341	
8.61903484386	8.91033179017	8.74475652367	2.69649762605	-1.76302486106	4.7091044481	
4.92676920585	5.35768522142	8.77439869217	2.58652072528	1.65726698098	8.12939629015	
8.83200519821	7.80657448481	7.40835787046	2.67682663254	-0.411662785369	6.06046652379	
8.38843585217	8.57793335281	8.4650379226	2.51857847064	2.27003676853	8.7421660777	
8.99855082744	5.03817717117	6.4336112919	4.63692375906	2.16918842198	8.64141696893	
7.93284388493	8.52911815338	8.87212096821	2.51888474844	0.593713809115	7.06584311828	
8.52986722726	5.6538260578	6.21709403006	3.3361732482	1.03552426019	7.50765356935	
8.97147168778	7.37635689624	7.02173775113	2.85989059136	-0.092682262168	6.37944704699	
5.94855455293	5.58441238171	8.99951320281	3.66316718805	-1.45663404755	4.95902149628	
8.96491695723	7.69532288438	6.30841654366	2.52050412695	3.12398174094	8.89665558611	
8.26309547516	8.98689746091	8.99929860148	2.51853466442	2.50063091496	8.97276022412	
8.17584061949	8.3839159698	8.99280864085	3.02777133922	-1.99373205314	4.47839725603	
8.57764433229	8.76993738687	8.99948187988	3.24098283565	-1.85715578777	4.42421755971	
6.27487516758	8.68447733426	8.81639624569	2.51861361572	1.9555616515	6.5589098517	
8.06086529521	8.7729332143	8.98846946129	2.5194395909	0.0410099480799	6.51313925724	
8.82248616056	5.01242938584	5.23154167939	3.28463650279	2.18373944627	8.65586875543	
8.44835946842	8.9967360874	8.99999966822	3.00912511629	-2.00287434027	4.15479095054	
8.96065980775	7.11379662768	6.76558356271	2.85548479146	0.164078553677	6.63620786284	
8.59487233069	8.73661760159	8.67922147215	2.78051424993	-1.74536127483	4.72676803433	
7.53902728249	4.79922038672	6.14445389466	3.12729883911	1.4333852904	7.90551459956	
8.89577434235	8.99309258494	8.37556202852	2.52128183462	0.155680814932	6.62781012409	
8.69603724501	4.69376443177	8.00686055945	6.27185474262	2.54746167678	8.99990766472	
8.86780230323	8.69329411211	5.61734831448	2.54661336058	2.06215435338	6.02255976709	
7.66404822817	6.00945780407	6.79512540015	2.69275387294	0.228056773798	6.70018608296	
8.99920527556	7.26979925743	6.56286856013	2.53531262694	1.23895013214	7.7110794413	
6.33949121636	7.06202123022	8.99925842059	2.51976645542	2.28697806271	8.75910737187	
8.9741060232	8.10957069393	7.41127528293	2.51884866089	2.48496182913	8.9570911383	
8.44622680076	7.27019665297	7.1007059228	2.51977411928	2.42928357634	8.9014128855	
8.71109199647	6.39735496487	5.16609494102	2.60900415217	2.12738305975	7.71337823772	
6.87995107928	4.89561417907	8.99883375877	6.40918400077	1.45016197707	6.7393160075	
8.99450148561	4.97854329901	6.2497815785	4.50877781378	2.25651458251	8.72864389168	
7.01853228013	4.524693304	8.99785388773	5.73473091255	2.40947424126	8.88160355042	
5.55461907119	4.53544795981	8.67924763547	3.94145679553	2.4024141769	8.87454348606	
8.50565670425	8.88056552142	8.79377016026	2.5185464786	2.21617914385	8.83166136619	
8.97583209806	8.75872116104	8.04539633017	2.51858772243	2.54091114912	8.99999805173	
8.99999901298	7.25092705299	5.63891771945	2.53871209874	2.24102822038	7.80547315205	
7.96362859875	7.09839380993	7.443454069	2.5517269065	0.062401119296	6.53453042846	
8.0148007558	8.6316989016	8.97458575649	2.60072565938	-1.78928136156	4.6828479476	
8.41192643663	7.57575851843	7.62245214113	2.70165810801	-0.652160949986	5.81996835918	
