8.0424770764	8.88050420573	8.41196418276	2.5231329985	2.17108087355	5.84650990827	
8.85184515438	8.99999995825	8.2837309042	2.4045081759	-5.72844111268	6.64750667745	
2.58458803926	7.36378666727	8.75985327654	2.51914553743	-5.56123313969	8.67861338797	
8.21756973276	7.36243328325	7.09947690935	2.52284048325	2.90396725528	7.97797121208	
7.95875661174	8.88397585989	8.2178135419	2.52319907916	5.81573845372	8.89232826563	
8.99486203763	7.27475356256	2.29734754522	2.52288441963	-5.34768339331	8.32172598101	
8.35760309553	8.9054894479	8.08846980963	2.52298785355	2.93190875789	6.52872658155	
8.99349738786	8.99987161855	5.92298862801	2.70634400757	4.62977112258	6.89969728524	
6.7697865273	7.08283787182	6.84108724395	2.60725985491	5.34509403141	8.974447686	
8.51504959402	8.62772550567	8.39252902784	2.52289116469	-5.99964917114	6.41361638856	
7.49488383167	7.08104673053	5.66315714146	2.51393173013	-2.49125730285	8.99999976875	
8.99999993482	7.00789873421	6.08833659148	2.32246782621	-3.63169693971	8.99999993484	
8.75486945116	8.98441522082	8.49000909917	2.52290873521	-5.29025812449	6.29483293952	
8.62170910528	6.52734184341	0.625339752774	2.38954750673	-2.0436385924	8.88483142061	
7.47692196059	6.57923056547	7.38210653917	2.52283598298	-5.92004662554	8.33498680987	
2.13419257088	6.7331096811	8.78846556123	2.52139009504	4.52950385242	7.79638292904	
8.02830599741	7.91242111532	7.74907884203	2.52286713973	2.83230335951	7.13955960938	
8.16142450248	8.87796446052	8.99998868694	2.5281793884	5.67088987472	9.0	
5.74902432291	6.37304070656	8.99928589671	2.70722587498	2.80793791967	8.99998422898	
7.65956349718	6.57309207108	3.36682542617	2.52287078178	2.79801613354	8.99987384581	
8.96576224676	7.61164903365	6.92568581688	2.52283707867	-5.13035576421	7.91387311544	
8.41721822774	7.03721244156	2.94613390673	2.52286441307	0.974793193107	8.06956888265	
8.99769342712	8.8016462363	7.20742470916	2.52286281474	1.92171797665	6.81826999181	
8.5474262141	8.20928038866	2.83973091249	2.72391245945	4.12962130085	6.70527628783	
8.52111676162	6.70073599478	3.46558844827	2.5226825042	-5.40556209538	8.86410272201	
7.66533471225	7.1471357024	4.10699117914	2.39587488562	0.276979245102	6.90526272699	
8.87327832846	8.75631999701	7.62116744926	2.52286825391	3.61481443207	7.76808737095	
8.91297741788	7.38729178094	8.28475436643	2.52283643123	-2.10270638689	8.11236295468	
8.39315607417	7.35051729759	3.65123364373	2.52284492323	-5.74911893459	7.63458849367	
5.81790810226	6.52663707095	8.96801602883	2.52283718265	2.09596794331	8.02602831904	
4.54291845441	5.65737112292	4.7985391875	2.61042160581	2.85499073953	4.8197222198	
7.88563480486	8.12370233228	7.90880532997	2.52290849371	2.45293827726	6.56326502716	
8.9999854429	6.87892429617	8.98352597513	2.72400971815	-3.4510903874	8.98381973233	
6.04988970183	6.95376701075	3.75340971298	2.57090978444	3.63873064689	5.71030426462	
8.98567983412	8.99951777802	7.73777405751	2.52287988644	4.52332773725	8.51523230534	
8.62192016082	8.99999999861	8.97358253453	2.72637285028	3.66667618669	6.53223178369	
8.66398602164	8.96529943555	5.63406372649	2.57488126735	4.49614044966	7.06716759939	
5.86754881442	7.9276450932	8.92794871775	2.49079850341	2.52794292127	7.84721843377	
8.57419250589	8.99262613323	7.90910749986	2.5229487555	0.912855743108	6.11641722573	
7.22608513189	7.2702233548	7.53906730376	2.52287473738	3.41671991761	7.51034808816	
8.84338449886	8.02418360139	3.02009206601	2.56289450957	1.30967876798	6.37590573966	
7.21714916072	7.895582718	8.95842296982	2.52303364101	-5.26795536132	5.86333618603	
8.11339501699	6.69311504539	3.78334910797	2.773621124	2.04703409685	8.60220229401	
8.99924825319	8.41794466898	5.51671563584	2.62525012729	2.53054077925	6.01919568464	
3.15884505802	7.09792308243	8.89874667529	2.52520180288	2.65986801696	4.7951635495	
8.39776810762	8.94386149336	7.9228790223	2.52298729001	5.38223948277	8.83827322815	
8.99956906441	8.84765804502	4.80978365484	2.5228658959	-2.73537272184	6.67679787366	
8.81681330215	8.88731250735	7.85064500185	2.52288611932	2.34161243042	6.67401491464	
7.32318332663	6.77692982682	4.21792378911	2.68484863996	4.84816846184	7.73721028899	
6.98321929741	6.81358786211	7.88431687821	2.52284965488	-5.99782313804	7.00404380241	
8.93697537311	6.45738841678	5.67064835686	2.49566214889	-5.89429598323	9.0	
3.79406366098	6.52289539536	8.50067683454	2.52283568636	-3.93210547981	8.6403325734	
7.97627987095	7.78046843974	7.7365936911	2.5228613879	2.69235157492	7.13733768544	
7.25294400523	7.08725436306	8.07966788202	2.52285673148	3.17556581504	7.56676550732	
7.47489628123	-0.111812123333	-1.75379281783	2.7275704654	4.16837710291	3.87097306448	
8.99999970938	8.53344809123	8.83290647646	2.54926084687	-4.35836683918	6.2423343568	
7.94193168726	6.8676882021	6.2092373181	2.52831367635	-4.88244725887	7.34108447828	
3.81732642986	8.32320789612	8.83419142391	2.4599341075	-5.8933477868	4.97780095123	
8.51756510747	8.7196381635	8.1220531872	2.52290403428	0.532439939031	6.32796601681	
8.99999790048	7.43401389384	4.40366463409	2.52283635513	3.3045431022	8.99381450664	
8.60454962171	8.91936178335	5.10874696248	2.53773029707	3.3112892801	6.41801528086	
7.68342470748	8.70923517891	8.27724084319	2.52329303091	3.37599294153	6.40967035481	
7.50161022169	6.53689866926	7.31508527637	2.52283546368	1.08750328258	8.9999927231	
8.24671635903	8.98187497157	6.67096762595	2.52307114492	4.80218820281	8.06955704432	
6.06641616535	6.52748361971	8.34736746323	2.52283664212	-5.51273985994	8.03731227166	
8.58713316466	8.63302481293	8.98383303452	2.5939966997	3.41935837969	6.16076260884	
8.13677603001	6.31433420272	6.05262990869	2.23406519912	-0.0928821120243	8.99999418659	
7.25274505035	6.92137866027	2.17247144276	2.75789488367	0.52281858576	8.10970812527	
8.86845563421	7.41084002324	6.03720206423	2.52159879147	-2.60463986101	8.15133187784	
6.26492446429	7.08900874561	6.16636147546	2.55698235891	3.76208744035	6.03964996137	
6.85879059352	7.55422712181	8.99999989665	2.32765547019	-5.96994707628	5.55163440917	
8.59891549872	8.85728597953	8.53824611287	2.52291368071	-5.99892554684	6.26652533674	
2.7002330695	7.59933228385	6.73355548616	2.52788989723	5.95381039618	7.63283860875	
8.0050269125	8.18987619835	8.42540115419	2.52290034141	0.872263168348	6.35707480259	
7.06387502851	6.82549055414	8.0414253789	2.52284790195	-5.98676807713	7.06065916059	
8.99929484973	8.37901416762	8.72863494296	2.62722330949	-5.50303878475	7.43022530961	
7.82441525404	8.01723968626	5.46297870954	2.52290086068	2.58536098566	6.67753145022	
8.51788113763	8.9999999999	8.99870674506	2.55413631176	-5.38230790005	6.39606471088	
8.99999545748	7.18551343576	8.43271833598	2.60167389595	3.50120430461	8.04836714882	
8.49114670393	7.16927941822	6.04817449387	2.52283691846	0.885587157305	7.96569936303	
8.9960722269	7.90159525411	7.18532363999	2.52283866147	-5.7856576261	7.63586098808	
5.8985229941	6.52331034833	8.90456104755	2.5228354697	-2.3633342712	8.96739517004	
6.66420983033	6.63184166058	7.25043629755	2.5228442623	-5.96944413302	7.20891098278	
8.7468725737	8.39647043798	1.32243340255	2.55341973351	4.61661333077	8.03816129644	
5.76792362761	6.52381137975	8.99640251388	2.52283579579	-5.96093158602	8.47747531008	
7.0824755416	6.78117298538	8.08204901372	2.51280729683	-5.54346813258	8.99999955369	
8.26749835893	8.59879158697	8.31297774625	2.30138472574	-5.99787337701	5.87099724447	
6.14816465602	6.86280070359	8.46436645254	2.52295754491	-5.14060667048	6.07356542165	
4.8404993169	6.64631992378	6.39490649977	2.27366030878	-0.63476713927	6.97745043925	
6.69525067167	6.14657162332	5.85444163204	2.56388357379	0.568129053971	6.19397041744	
8.08382326737	6.13909502329	6.30171258629	2.51721798282	-3.79062725937	9.0	
6.41542758436	6.56104817801	6.94083602213	2.52284042886	-5.24340681045	7.45176915752	
5.72319831601	6.43201987711	8.83527167738	2.43989430402	-5.28149610734	8.9999508193	
8.93023766648	7.01392826894	0.0739306075734	2.7408275425	2.1453255495	8.72613393916	
5.12486103201	6.11160693055	7.02158840407	2.61336176963	-1.61730990158	7.26142066303	
6.71081268908	6.60443101027	8.0221293913	2.52284111109	2.76278423737	7.83295327075	
8.59279784638	7.92877059432	7.43833695572	2.52284432361	2.71964434339	7.61475202058	
7.33741689255	6.65932011897	6.44105134102	2.5228377715	2.30112004808	7.97426026478	
6.10501618241	5.96084951273	3.61628566733	2.53456995388	2.02418922136	8.67767003254	
4.2969623138	6.52310335307	7.84320531279	2.52283978568	0.324834817255	7.51701762141	
