8.99999964857	6.3456214439	6.46112352311	3.35853977646	0.777333856401	7.24946316556	
8.91341304624	7.98282372245	7.64358855586	2.81721592833	-0.718716999336	5.75341230983	
4.67242591762	4.59597202292	8.98897759301	3.3084695364	1.08139966371	7.55352897288	
8.27338449599	8.96760554432	8.96972574631	2.51854274667	2.00022820541	8.47235751457	
8.0246010373	5.15744697561	5.10334496144	2.68488810312	2.79967133931	8.80044961712	
6.29307825069	5.40846967413	7.1391785505	2.58023759235	1.74177715019	7.90049404297	
8.90769063705	4.79510808437	8.99999999914	7.3557815693	2.48607091467	8.95803925504	
4.69350752707	4.8387533329	8.70460148964	2.80239373249	0.747992691957	7.22012200112	
8.49437066342	8.99990136121	8.78103215872	2.51853950962	2.37867878185	8.85080809101	
5.62482810076	4.53668831495	8.57926739457	3.91044522907	2.52636321543	8.99849252459	
8.9999759334	7.24712520499	4.37102687652	2.70135945743	3.28182285875	7.41950827823	
5.74546326416	4.53990383347	8.78301731903	5.77304026619	2.11702192447	7.04772576813	
5.03848722385	6.13839447	8.26897208642	2.52908214352	3.35801014656	8.71316021241	
5.15314262574	4.55137857602	8.65962991045	3.65682633967	2.68003196071	8.999766939	
6.96963330773	7.61700629111	8.92345674791	2.51912181321	0.644573297495	7.11670260666	
8.99971958203	8.88818048223	8.02893966298	2.51870825332	1.75905423967	8.09599210695	
8.11753753138	7.06368632542	7.22319337062	2.52008262527	2.52664420608	8.99877351524	
8.92526117888	8.90033050995	8.25060162472	2.51857034233	2.35689774903	8.82902705819	
4.40431203916	4.88069407294	8.9993707244	2.76602673931	2.32804429243	8.80017360159	
5.69330144984	4.55152456877	8.38717381556	3.77198874531	0.948502983293	7.42063229245	
8.95158120522	7.0317274958	4.77788932569	2.65145669427	2.48781673179	7.24927042792	
4.69143544459	5.24555290652	8.9197906289	2.60871121566	2.52100381655	8.99313312571	
8.82343115712	8.97280722502	8.99722966105	3.42693001206	-1.70359717339	4.43249376558	
4.41367730686	4.85705380861	8.98551777172	2.78517931866	1.52923050922	8.00135981838	
6.12023400357	5.33221602152	7.57776642586	2.60882245659	0.30350846924	6.7756377784	
8.08835771236	8.99999997162	8.99999958951	2.73720697077	-2.02254865122	4.04376906609	
8.25596869542	8.99999977083	8.99999976822	2.74670765912	-2.03779207727	4.18663631424	
7.38909415463	6.42092538447	8.1417889494	3.35299576825	-0.909794635831	5.56233467333	
6.50408542448	5.61656894968	7.42563066962	2.5561851931	1.44919821708	7.92132752624	
6.81855363527	7.42039369904	8.69448172596	2.51907050799	2.5088023489	8.79754086032	
8.63019110247	8.70208145919	4.79323293701	2.68028035563	2.37882529729	5.13502999443	
8.6281717677	7.36040444684	6.25706670151	2.52431423136	2.15133538068	7.86702252845	
6.63010431159	4.52103126755	8.98614610106	5.33825719379	2.52627278475	8.99840209391	
5.90996752975	5.48061418467	7.97154265472	2.64393404848	-0.673830475747	5.79829883342	
5.64483332748	6.36223374083	8.99915665158	2.52479428692	2.17871729916	8.65084660832	
8.1841319185	4.83429197348	8.78079288891	6.85761099941	2.16698036942	8.15516956496	
8.75397319844	4.72308019711	7.43425350362	5.70818455364	2.5035226908	8.97565199997	
8.61687248841	4.98862067779	5.28590763502	3.15719749433	2.07416732031	8.54629662947	
8.28942176424	7.4375112859	7.68668441703	2.78163294406	-0.757242582944	5.71488672622	
8.28510996859	8.9984590741	8.98885105728	2.51854000046	2.05368659558	8.52581590474	
8.740050868	6.54389660603	4.93599375487	2.60286083953	2.49988336253	7.74433789539	
7.92332290563	8.9527324102	8.99994789228	2.53008937524	-1.04149964761	5.11411672272	
5.96808264879	4.52176363539	8.9993470028	4.76186705695	2.32633645984	8.72530277698	
7.25782718311	4.66623155883	7.24428061664	4.0789142896	1.22227612018	7.69440542934	
8.29707535105	6.81512577871	6.62019533618	2.52182040291	2.70153249853	8.99702436201	
8.99999971476	7.80899169841	4.61429251749	2.67227747941	2.70625720812	6.55444738739	
8.86838686391	8.99998961678	8.99410123591	3.52435903943	-1.61541038095	4.43789642052	
7.18489453587	4.56346065526	8.99268119372	5.85715312302	1.67725425312	8.14938356228	
6.60831768614	4.95873877045	7.82186050968	3.71447747406	-0.0623422286628	6.4097870805	
7.64736183029	8.16690986869	8.7952576924	2.51874770269	1.05983046081	7.53195976997	
5.19272985793	6.39448949781	8.98056579252	2.52433748961	2.94757986155	8.91721588287	
5.92839795077	5.96321479071	5.23279259787	2.76022561052	1.78732774978	4.94022973928	
2.19988742114	5.07488206917	8.99998426152	4.05583576489	-0.0522900972687	2.7320262475	
8.46611744934	7.11522287925	6.91822166964	2.52027185242	2.53598668969	8.99999843485	
5.88078464819	5.14849533285	7.65944891218	2.6347762762	2.31594187526	8.78807118442	
8.9956067922	8.0229350693	8.62086863264	3.83657840422	-0.958930873221	5.51319843594	
5.61365715175	4.52948432032	8.87894557751	4.20615645762	1.48723252585	7.95936183501	
8.12812561818	8.90796871455	8.99949077201	2.6508003436	-1.93903731152	4.34497737837	
8.9457558498	4.98284307503	4.5997596579	3.84006220756	3.39120431572	8.82898189875	
6.58634636444	5.03743969177	6.80354964134	2.67925650089	1.93039954733	8.31876671828	
5.60107430346	4.53025943217	8.89545790822	4.2093108282	1.31893482658	7.79106413574	
8.84461400061	8.98174314003	8.5192808077	2.51855513962	2.19641360662	8.77517749314	
7.77455457484	8.55325123758	8.99610056517	2.51944817815	0.0404618571399	6.45358493927	
8.99992901923	5.37472386317	7.4613496667	5.32959287145	1.73760429071	8.20973359987	
8.79861988623	5.03069302172	4.92547887134	2.93644378454	2.44319854565	8.91532785481	
8.80922049789	8.92257789075	8.388873146	2.51855380183	2.52319854763	8.99532785679	
7.39095308511	5.23237658065	4.7299472949	2.69959461801	3.30661023917	8.21070676859	
7.97292211911	8.45400850901	8.76384181234	2.54745453067	-1.20849268326	5.24197556636	
8.47953461744	8.98891221894	8.80972564306	2.54338609024	-1.19431247747	5.27781683169	
8.99999190992	7.02324519783	4.50565954735	2.72621867815	2.77225918094	7.24361410059	
8.13877605056	8.76115472545	8.89881160908	2.51947098288	0.112403731406	6.58453304057	
6.16213651018	5.06684812133	7.32627335086	2.6645997884	1.75785375873	8.22998306789	
8.99702083478	8.91766174988	8.18410719767	2.5185668409	2.53992985225	8.99999665178	
8.99999083665	7.33647494486	5.03767925267	2.56558745633	2.69899365425	7.54976868973	
8.47526342065	5.09681900685	8.97918248716	6.60066494964	1.55803849158	8.03016780074	
8.55081090858	8.71593569373	8.44065490172	2.51856816525	2.3080026532	8.78013196236	
4.71659895279	5.20089366516	8.86096287001	2.61970620632	2.36330582888	8.83543513805	
8.88138445907	5.16608494669	4.69259000861	2.94083085474	2.62401141801	8.80623744211	
7.34888722581	4.52823262151	8.99727041582	6.0609630688	2.52786692207	8.99999623123	
7.40916875982	7.70743876774	8.63006292957	2.57483097034	-1.32591963991	5.14620966925	
8.20666864056	8.49671205283	8.56558137724	2.51857601366	2.46088606754	8.9330153767	
8.84774205833	7.65077082245	7.28371541636	2.72372470092	-0.330975784664	6.1411535245	
7.90754185812	8.50843383663	8.87642140543	2.51856747562	2.37975207484	8.851881384	
8.92401337657	6.01077925284	4.30500941756	2.81036581477	3.15609377341	8.27913885835	
6.81507708788	4.80429939006	6.59930659513	2.85312234163	1.80827305198	8.28040236115	
6.10808625894	4.68739708969	8.99991122166	4.85665299382	0.158402923137	6.43751767813	
7.49539168081	8.09648911616	8.87781237927	2.5197529926	0.0514532246094	6.52358253377	
6.94723217647	6.88620160969	8.23379321192	2.53786182739	-0.482603225656	5.98952608351	
5.15954159684	6.09528015411	8.99999954287	2.53073473819	0.279085901725	6.5277795069	
5.01933484377	5.31515173448	8.67366649835	2.62088765632	-0.942009734137	5.53011957503	
6.76336764179	7.65395523712	8.99999998368	2.51896780463	0.870134246864	7.17574618833	
8.96940593959	7.09777936051	4.37761191989	2.70741092984	3.21146389376	7.46845873488	
8.84236824843	8.96948181638	8.92208646738	3.03801094812	-1.91852888986	4.5536004193	
8.09002275399	7.97753519923	8.16329839394	2.51882399739	1.65417316015	8.12630246932	
8.52032449217	8.81188423665	8.56714316441	2.51862146862	1.51018788348	7.98231719264	
8.75860101018	8.19260092376	7.63069662951	2.51872722184	2.57874924201	8.97188609393	
8.48327312864	8.99986018118	8.99958110403	3.00533977699	-2.00546975098	4.18735188155	
8.80575012353	6.04612694093	4.73121582575	2.70001712257	2.48470085962	7.99069010327	
5.15176993928	5.53103787475	8.69524471048	2.56292385473	2.39594656251	8.86416684064	
8.71566132218	7.91562682197	7.75710596183	2.80017851074	-0.831123451809	5.64100585735	
