6.3092303427	6.5433251104	7.67803327728	2.5228387423	2.13937636091	7.77564349173	
6.63094821294	-5.19376816536	-1.05842118156	-0.169387508638	2.73133097227	-3.35681478954	
-1.00923377174	6.68207435358	8.31927665838	-5.63152518627	2.16701718993	3.51448428107	
-1.53910406067	1.96269340309	3.34714971925	-0.888089261569	1.2527398984	-2.90427234613	
7.49226218914	6.63599801491	7.21988265554	2.52283669931	1.83033196313	8.09880945139	
8.99900567753	8.27722608226	7.78941270984	2.52284340862	0.55345562537	7.25697187975	
8.85354282789	7.52206610528	8.27938468455	2.52283713385	0.0986232787364	7.9018149099	
1.0304986968	8.99999134849	8.09226855379	-3.29746220612	-5.99999133299	-2.95033254569	
6.05005337211	6.52730076289	8.1073471326	2.52283664042	2.50923924014	8.33166969792	
6.37203109895	6.18569653278	8.28151867539	2.54533046951	-0.515259100412	6.12313803515	
6.4451534336	2.33652077781	6.62313330813	1.15956958716	0.4190261524	8.75649729274	
2.05371684642	-5.50622314979	7.87244080836	3.84482766157	-5.26737138883	6.31528428108	
-2.29248479498	-5.883872163	8.55678930885	5.6839368432	6.29862268472	6.78692870718	
8.99999978538	8.62899414697	7.98377291054	2.52285365067	0.353104010914	6.90019626704	
7.96656638008	8.29144644368	8.99792869685	2.52292549323	-0.65945519824	6.20583529962	
-4.20057447754	0.25879166574	1.10602939369	-4.29193853638	2.05156020804	-0.903842335746	
7.65103582323	-5.91178878127	-5.99501316389	4.21255730293	0.820849521663	-2.26244505314	
1.42860898631	0.552437832967	4.94977294921	4.5463418163	0.771821777161	2.89113206832	
6.46587705254	6.87646893243	7.019009528	2.52289758402	1.61645496432	6.41714250525	
8.87665231517	7.63695205171	7.04103745688	2.52283762085	1.35261534629	7.82568280362	
2.20919412736	-5.17017819208	-5.26627434166	1.8943580195	7.69456689867	8.61591491623	
8.52345416822	8.18424422093	8.19494107766	2.52285476536	0.147001966395	6.87346558382	
8.30917476868	6.92933027535	6.26716341568	2.5228364131	2.64726401445	8.48660286724	
8.74443115963	8.794383355	6.48446735287	3.81954406291	8.76416781772	3.52866428052	
8.07492336929	8.54536617218	7.82666156673	2.52296241031	0.512338291321	6.06076199799	
6.32804221923	6.56505417977	8.51584404528	2.5228422485	0.857633349072	7.32879054316	
-5.21574890691	0.437275955435	3.27101829161	-5.9578546435	1.51819273776	5.8105224466	
3.87062471048	5.82992699953	8.48848114894	6.8112994185	0.515208976413	2.26192309151	
-3.72684929342	-5.85049272731	-5.97180043598	-5.09967359393	-5.99726385077	-4.02566467597	
8.70875725477	8.92431582415	8.49568113234	2.52290636996	-0.162443881691	6.30993966917	
-2.47930903524	4.90911200117	1.25966563021	-5.7177726146	8.93027016854	8.99925894409	
6.75788343523	6.53229136783	8.05305709382	2.52283586784	2.07822948114	8.54921013237	
7.30138765933	6.72958276546	6.64776026523	2.52283972149	2.31305870382	7.72495149786	
8.4169030145	7.89275738364	7.75573509681	2.52284774888	0.59886800876	7.0710683454	
6.12983675519	8.13080473566	8.99871816925	2.52710018495	-0.652686135618	4.53313123743	
7.69846383845	-5.20579373205	-5.62710399712	7.03395865614	5.20061953077	3.1674589336	
8.71009132698	8.84576316779	8.37742558952	2.52289438472	-0.0435854397828	6.39044128206	
5.85629958115	6.69943354234	6.70535423922	2.52293644284	2.30813116096	6.36258616103	
7.64427032717	6.56685317059	7.27511825106	2.52283566255	2.26091278585	8.8057798888	
6.34358262992	5.92309072783	6.82643902144	3.4209419055	4.66732219638	1.74694124538	
2.56782079348	-5.8153569509	-4.00704321447	2.78811195966	8.32340643424	-4.79495365593	
8.9814183688	8.53571543734	8.99999999576	2.51964751924	-0.0710715066138	7.56790604836	
2.67322759565	6.71904159082	8.71375433417	2.74896197576	0.281788862122	2.91593177434	
3.4752698708	6.52326138742	8.95732796667	2.52286983075	4.8983543311	8.9999949059	
8.12533833307	8.18616849685	7.60606379115	2.5228841889	0.741146439022	6.47866323339	
-2.33748588083	4.50877163765	8.74338128082	-1.23031310579	8.6865414433	8.95916359592	
8.02203055602	8.59557607275	8.60667544078	2.52299662496	-0.27157239262	5.95372826426	
-1.47732327897	-2.32615756181	8.3313574627	8.52316924584	-5.99925056219	-5.22166470966	
6.75853069122	6.60273867179	7.10466800129	2.5228404106	2.15550362794	7.60829061129	
8.91061583013	7.10507204303	6.30638082633	2.52283581406	2.3996788307	8.70393498791	
8.91487910157	8.82408324992	8.44753902929	2.52287037081	-0.11378660263	6.61684526536	
8.33870158675	8.7094001976	7.00658273489	8.42173565945	6.81697624686	2.72933168373	
8.38987165587	8.22196958344	5.81861650312	2.5228641883	4.82117601172	8.99999993739	
8.85748606125	7.0779568163	6.19715693571	2.52283583287	2.63696370445	8.80598140998	
8.05549958284	8.00877707137	8.23315790548	2.52287303783	0.113517364649	6.58569210161	
5.7011805714	6.53418175755	8.81394998316	2.5228428788	1.12551238491	7.29878566086	
6.09366797357	6.56183267371	7.30610438163	2.52284627246	2.29090789389	7.32116868139	
7.96538817036	7.17885719906	6.40780667641	2.52284084468	2.19998503091	7.58664918061	
6.79104872899	-2.29441238244	0.822947471858	-5.46202779043	-4.63145217103	5.9922110063	
8.29031307948	8.99779372841	8.99997621343	2.52305600462	-0.667384122482	5.81722279524	
8.38935694619	-0.243372261876	-1.94881526356	-0.270414967815	5.89154115533	-2.35902586251	
8.97929839882	7.1887894536	6.18244378283	2.52283586401	2.58900635982	8.7542905818	
2.79167393367	6.52340042137	8.99999709348	2.52308703165	2.69564134078	6.1559701857	
6.39789368277	6.52516292906	8.42386344285	2.52283561884	2.45250773551	8.94143367108	
8.42102403681	6.58358906989	4.48201279179	2.64999648788	3.33854327098	7.72308372449	
7.91687450547	6.91272810548	6.18784301722	2.52283786106	2.89760197468	8.28192086172	
7.89965919786	6.77676248101	6.39723375836	2.52283676113	2.66510723415	8.37756830713	
5.38231452389	5.53481048703	7.28096470162	2.59359755676	0.328397821272	5.57858807293	
8.04737538145	7.55807175138	7.29517519722	2.52284809054	1.09321309654	7.07001119032	
2.405542031	6.52308024508	8.99985547445	2.52321060566	4.10283145924	7.17693105822	
8.91318264358	-5.77930946725	-3.71042052899	8.93898375959	-4.21291821282	-1.4492786725	
3.9784330747	6.52325369952	8.98835629636	2.52284552374	4.29319621691	8.92905491261	
2.94112193569	6.78620962701	8.99354750428	2.68931945174	-0.153842455458	3.02046085769	
5.04967329786	-5.90678049634	-5.25641150525	1.979991132	5.95033172497	3.2216202641	
4.79115226229	5.10787332525	4.15888881506	3.05308507287	7.49594415038	8.99982691268	
7.63669291003	0.281549078126	-2.49283055614	1.56206613702	0.535233016828	3.08537266646	
7.78668971969	8.24067581128	8.06746678587	2.52295648873	0.274011816339	6.07970338029	
8.03074997504	7.92769898085	8.17686635037	2.52286821918	0.173069507306	6.64528599054	
8.03376304825	8.38617712471	8.31133228443	2.52292342324	-0.379403532406	6.11819282953	
8.08022458061	7.95501605123	8.4548239936	2.52286665915	-0.106874156816	6.66545906487	
3.98030766794	-4.01236863981	-5.99778120779	0.0251192266968	-0.645298921107	2.03211328565	
8.58554243331	8.72272031924	8.69691768015	2.52289449256	-0.362975770534	6.38903688897	
8.07663334579	7.55612533661	6.28235787666	2.5228471982	2.29062960048	7.28581571681	
6.03811034505	4.52193370472	7.18452709553	5.26720083817	4.13433722203	8.28303648783	
7.85028671513	8.47773706017	8.30194529704	2.52301747277	0.0350213262873	5.90166616233	
7.81618815124	6.66966137059	7.23459942455	2.52283620135	1.69894041715	8.27239777886	
4.27157608904	6.55025431949	7.68423093798	2.52334054626	1.96634771237	5.563704566	
6.34002491522	8.99999976875	8.999999744	2.54307793179	-0.647399142961	3.86471504887	
2.64304704662	8.56583613317	4.27533030684	8.99985615703	7.25941225968	4.85340980413	
8.03074973912	8.74684394166	8.24149281171	2.52305989031	0.0934707147055	5.81097679233	
5.80085892126	6.52411230727	8.5644525451	2.52283596119	2.73464483518	8.7681753922	
5.47103846646	6.6275534664	6.79132877532	2.52296872086	2.49629590727	6.32330504836	
8.93454695716	7.2366420892	5.84238854256	3.03336756303	1.15975047781	6.38184133055	
7.15459197039	6.56087993935	7.22158351473	2.52283624057	2.4526977772	8.46032443914	
7.69211815571	8.39402211179	8.9902132826	2.52305097984	-0.653193686963	5.82723201756	
7.52583290888	7.71277835674	6.58351262621	2.52289779935	1.8617656259	6.45060191667	
7.09536266257	6.53312465549	7.75720142046	2.52283559072	2.4882285741	8.99999976876	
8.3329975751	-1.33450447316	2.63418390033	8.38904382426	7.64311514749	0.697657024588	
6.68321060222	6.6599553435	8.97980479235	2.52284644586	-0.0803076787572	7.11507328429	
8.99963952208	8.182476125	8.99961285449	2.52284178189	-0.659069478222	7.35003234927	
