1.61780307653	6.52396229536	8.40719740471	2.53172451183	7.10670356888	8.79118460078	
5.4967907272	6.52442834759	8.60439070237	2.52283695093	2.43752464411	8.20660813302	
0.633480878241	6.52371603282	8.52313015616	2.59318536696	7.39410070675	8.14897769922	
0.624945021409	6.52328464635	8.91010491727	2.55086637019	7.0963478233	8.27241410329	
0.058688463073	6.52434889141	8.47369715066	8.75527697285	8.9872025633	2.95512967062	
1.6148019596	6.52324647536	8.99525686722	2.5251251909	6.71407995824	8.99093447665	
8.27263873121	6.66777005275	7.82892438669	2.52283561838	1.06350210241	8.68962690703	
5.02114840051	8.99999849538	5.80916438715	3.81776118576	7.79008612521	6.51780658959	
7.63197135516	8.90547734222	8.68945193531	2.52364782336	-0.35569594234	5.2517695404	
4.68187720029	8.68471474868	7.09689019761	5.9441774953	4.68102746897	2.54606998074	
4.62241613594	8.50796425161	6.52755823983	3.14331057948	2.52084268053	2.73470958306	
4.67131027536	8.67438482214	6.38459070016	8.97726040385	8.53817757647	2.65760068385	
4.25669989821	8.26463886336	6.19979019849	7.60996525619	7.4570561446	2.75410947959	
-0.24868136287	6.52326670472	8.94562096862	2.76735839181	8.8785157962	8.99999766327	
5.11944902891	6.52646135728	8.5502439462	2.52284441192	1.97417247728	7.30972704105	
3.74472020931	7.76999339045	8.67500551947	6.64581155765	3.80440516123	2.52349329977	
7.49501981571	7.39828737357	5.92515726599	2.5228654409	3.38913545455	7.60332707962	
-0.359461778955	6.52346847008	8.99872834515	8.99978067714	8.98569488353	2.81687966036	
-0.272092257486	6.52358233805	8.60425900905	5.24383217796	8.92713844739	6.20705804079	
2.34074686094	6.74229510035	6.27322415194	8.20083976189	8.99999977203	3.38600328052	
5.61234254339	6.7952075862	8.72597403288	2.52314358943	-0.0621733471185	5.67295941137	
2.72086608954	6.93407158949	6.5331992151	8.53904602928	8.18622523799	2.6823402817	
5.24609721206	8.56510445051	5.81164041752	2.6233219074	7.11234998694	7.69682861646	
6.08559224593	8.50776274722	8.99998298467	2.53434460562	-0.65304032608	4.10559490953	
0.659079849028	6.52874076716	8.36319614127	5.69795896141	5.1127057747	2.62344939428	
2.6173786865	6.87370449165	6.21219132827	8.2807263334	8.67146833876	3.06177488632	
4.07142914902	8.08353801329	6.59685247179	8.28291635541	7.58523829384	2.6022329038	
4.81099918156	8.59048913566	5.81142245135	2.91720891128	7.21629887044	7.04618981425	
6.46107739358	7.094422719	8.83567440289	2.52297192315	-0.368764863898	6.02575964827	
3.75998138999	6.52541180604	8.04131386498	2.52298417763	4.66084169008	8.12890831923	
5.03816654908	8.97287252376	8.44522894837	3.36855674416	0.733549954519	2.5906835419	
-0.191298779107	6.52371682395	8.99937349283	7.25664906844	6.95627824314	2.69915442231	
7.72355002965	7.86837674873	8.52855387031	2.52289319361	-0.177025240273	6.39897607519	
4.39744592653	8.16101625686	5.8178386921	2.8861896222	6.725115972	6.60836206941	
3.06413993893	6.91533077798	6.03318594914	2.7611713644	8.50186119101	8.63785229454	
7.51641326916	8.13291150234	5.81914546082	2.52301053008	5.32444223671	8.71924629212	
8.99616528416	8.23757039138	8.98974410502	2.52284273575	-0.650354091997	7.2903095279	
8.87092723362	8.39364366715	7.88928475999	2.52284958843	0.450793954374	7.00968005026	
8.23168580675	8.88144976373	5.81016537426	2.52302839289	5.38878329724	8.74132367949	
1.74241885209	6.58945987844	8.29159903541	8.46622491935	6.83947339739	2.53297384495	
1.76681308035	6.54002402646	7.21883732613	2.63643933696	7.75345445043	8.27780885134	
8.05111340871	7.06503824564	8.45965662392	2.5228385096	0.0191385987664	7.65719923401	
7.68466961427	8.4101019381	5.81441836818	2.52306316985	5.1255748653	8.40666509764	
4.16193451279	8.1715218435	8.1759075489	5.71959600329	3.36312694708	2.52501851983	
5.08536804983	8.98332943214	5.80917561732	3.19623262173	8.99934850752	8.42949747866	
-0.034990029298	6.52406246923	8.49049110029	5.00863582141	5.49620868808	3.13417882628	
-0.243914053077	6.5236268588	8.62624170132	6.91601100842	7.82033782074	3.47819495961	
3.12817600702	6.53812677823	8.9959402206	2.52668105638	0.811370555809	4.58584630668	
4.39733285743	8.4030926795	6.57574865641	8.97576783526	8.29586490096	2.60525325789	
4.97703392554	8.97650564174	8.73560730349	4.84788649816	1.92199316262	2.5254096096	
3.98396838919	7.9987280927	5.88135276997	7.3676574329	8.20539463191	3.41949762332	
4.99832529541	8.99977446988	5.8614197335	7.92432882168	8.81719127941	3.46800037461	
8.05813048068	7.49336293537	7.75109062483	2.52284587694	0.634166634051	7.1423462851	
7.93605935877	6.79210943469	8.99983958655	2.52283675197	-0.333155697914	8.00296441859	
3.83092399281	6.54775840352	7.08149649141	2.52409898734	3.84609509135	6.40182554257	
7.50498364276	6.68102141158	6.59806099894	2.52283730074	2.57638710413	8.19074039136	
5.94261286753	8.68492272987	8.94921538948	2.54733586552	-0.590784731405	3.78395228808	
2.79815304605	6.93900289603	6.01780219433	3.35431149069	7.59129268372	6.82910089523	
8.75979505755	6.83426637586	8.92710447737	2.52283557604	-0.304867932307	8.74009700856	
3.45488079578	6.89473442683	6.04795639156	2.59772555533	6.0086457083	6.73419027132	
6.09097064571	7.94767874682	5.83830039539	2.52585078832	4.01083385183	6.18174271563	
2.17088214762	6.67758940571	6.331145044	3.9508925408	7.18760445767	5.77631706064	
3.59858072291	7.51807815895	8.92675741073	3.11929077842	0.0468893090409	2.65002586317	
6.39415149488	6.21268897017	7.70037105883	2.53260044679	0.568370631694	6.634236062	
4.83735307737	8.83939105118	5.81083257215	6.36453501252	8.97480066452	5.13422760819	
4.63333133354	8.63668573946	8.24769811145	8.90582001626	6.47073630338	2.52442735049	
2.40052800374	6.70251667109	6.27775570446	3.01651834196	6.89282939543	6.56724544844	
1.44977473689	6.55807201803	8.0849430924	7.34690206694	6.2084070055	2.55331810767	
4.3382300623	8.27425821793	5.82264649313	3.34024118765	5.11638502562	4.37792953333	
2.92127504003	6.52608900213	8.31008812464	2.52413135753	2.39253402131	5.28884418417	
7.90573653092	6.69743079449	6.82337351137	2.52283620222	2.13683468681	8.36084509024	
8.54279058507	8.59581704944	5.81275154833	2.52288396962	5.01489408822	8.96690256041	
0.982783985345	6.53518496194	7.62415844533	8.69080821148	8.76812651132	2.86424312643	
5.13957031774	8.19209003396	5.81707157754	2.57365895497	8.07962195318	8.98568221737	
5.15387680995	8.89345303231	8.05409800153	2.8664089719	0.624319773847	2.78759993895	
0.313055120864	6.52552005399	8.17829328355	8.07561304396	8.43282610759	3.0382087719	
1.44347355167	6.55549969669	7.50489376028	3.72837941647	3.31207295839	2.69172851503	
8.92251380445	8.83689336751	6.46884169049	2.52287079926	1.97129791395	6.71805659997	
5.33681001919	8.90517672556	8.46289679174	2.72252067707	0.0700861990855	2.95726296524	
4.9901989329	8.99167692919	6.11415115513	8.76318276857	8.75526890239	2.8199266505	
2.55799523348	6.62627696096	8.50149000123	2.64658403851	0.630861898312	3.1326534914	
3.88325850389	7.90179521286	7.94517669149	8.00857117825	5.89291546685	2.52615162897	
4.80031747763	8.70530976436	6.23168017098	3.2179847551	3.00387265445	2.82774314145	
2.30859724319	6.72982197634	7.62877857348	7.21640738436	5.83417853548	2.5404923493	
4.90296070658	8.89480018047	6.85396598923	4.16522625912	3.16186481348	2.57393242755	
7.73767892054	7.92977593386	6.49970518413	2.52290025877	1.95142254039	6.45129781028	
2.9804521641	7.01366931942	5.97706286692	3.0928263048	8.93613900487	8.50232576952	
5.60305399191	6.71456880262	8.12322892221	2.52303572196	0.660880089294	5.86472583669	
1.84339325083	6.56571487513	6.83447800852	2.82043593902	8.21030657305	8.2171943761	
4.99117803271	8.99265229896	5.90467595297	8.34213598764	8.95112475052	3.22735780745	
4.7410731394	6.56280595435	7.71700561903	2.52308864415	1.73528607785	5.82263759563	
6.78341164443	7.75580570297	6.2172337099	2.52321919461	2.37164996625	5.80843778083	
3.88220646639	7.89936946852	8.58309326051	4.99068870128	2.23466879277	2.52507770772	
6.20450329814	6.5349079334	7.40149772274	2.52283785949	3.64361831119	8.90704089704	
0.301613783624	6.52486502839	8.14296670331	3.1660518155	8.17468427196	7.64351527285	
7.86949570091	8.57970914685	5.81224786883	2.52305625586	5.2836642726	8.57780979749	
6.30414802837	8.42541201204	6.48429899733	2.52854258162	1.96151301591	4.51117802433	
6.63539613649	7.50135325665	5.97117012491	2.52312085604	3.04019164472	6.33745115128	
6.70399712685	6.61761540217	7.59019613906	2.52284229116	1.48611571602	7.35501864645	
8.40348182262	8.92988187932	5.80986654176	2.52298070828	5.4668846092	8.94253774382	
