7.75191163358	8.21041155152	8.20155071838	2.52295758078	0.139899729405	6.07516030646	
5.28857358352	6.56583309608	7.25063521214	2.52291284007	2.31503816417	6.48066619418	
8.99999666579	8.47906430197	5.8177196179	2.52284825043	4.44024767638	8.97121896759	
8.00829972628	6.80995281013	6.74243814682	2.52283664286	2.02279136125	8.15590713918	
8.98853429813	7.13066189428	7.53136534949	2.52283576612	0.933209258422	8.51477860348	
4.4557871371	8.06292394045	8.99999992288	2.73965765619	-0.439658544701	2.92871414006	
-5.91379848364	-0.135129792126	5.8046524993	-2.88802608694	3.10299944184	3.16712446022	
7.85360505486	6.88608484717	6.19840393047	2.52283796475	2.92785488435	8.28610841044	
8.47766997809	6.95780628562	6.9326728975	2.52283614237	1.65142923284	8.29629703827	
8.20326435503	6.95922421862	6.04982256091	2.5228368818	3.49323872023	8.97943189329	
8.12290110134	7.17059109743	6.28997496411	2.52283906857	2.39159629522	7.82620955224	
1.34127532738	4.29771866481	3.90840719833	-2.28430656908	-2.6124605352	-5.69812790915	
7.83701199743	6.6434711418	6.67467571816	2.52283598685	2.6276574628	8.68820540781	
3.34447156193	4.55584395894	8.93732543268	3.60332845769	2.5759328259	7.41373085772	
-2.89979348356	-0.37961944055	0.727294077996	-3.1057511285	6.78171356091	8.82815085181	
2.68478683768	6.64892056472	8.99999976871	2.63764684657	0.0445056103079	3.15788981336	
8.87858421899	-5.79522848374	-5.98757248476	8.68311295796	-3.95525807545	-4.923217893	
8.3995670406	8.77464046486	8.65517726117	2.52293773842	-0.321452303383	6.15088115296	
7.86972721928	7.21182782044	7.17328584456	2.52284290587	1.28085897401	7.30436866903	
8.9131293389	-4.84605087434	5.99171400736	8.9982120379	8.45512822717	-0.557035590027	
5.88898091496	6.53630136152	8.25101367016	2.52284118832	1.6501593051	7.44617869703	
-5.70086195794	1.76547944974	8.99454707397	0.691298121485	-1.0463230103	0.643905168562	
6.43704003804	6.54746713318	8.20729094783	2.52283839751	1.4147499349	7.70394274789	
8.15060910406	6.92167846398	1.77296609905	-3.63820836232	-5.99999071795	0.684280406602	
6.74103554961	7.92450476094	8.99630168296	2.52347190737	-0.647160204134	5.35736771794	
5.15987240952	8.99895657057	8.96748141232	3.02901952274	-0.129149923964	2.68539566988	
7.65094582541	-5.99147233448	-1.02796423589	8.99999493281	3.80793500925	8.13620824769	
6.68857827693	6.57433287871	6.88733922113	2.5228390452	2.98718047463	8.18109340703	
8.60525926444	1.53329586445	5.3978074122	8.97149259972	5.04357634689	-4.98838870206	
3.8881563929	7.82929582906	7.77877157669	-3.48594454193	0.547785807906	2.75299953536	
8.13240890895	4.9189616231	4.06546773796	5.34764840635	6.3531840573	8.99964719108	
6.76139338045	8.95293888553	2.82469678815	-5.31047529306	3.29435558835	3.89129657437	
8.96745559038	7.38793454927	6.01157293412	2.52283629985	2.94187517173	8.7253002072	
4.48397265928	7.02747749158	8.01050785304	2.53339355441	0.497503041584	4.14627186931	
4.46030852045	6.67676035787	8.75147120754	2.52497274582	0.108242325418	4.83345609544	
8.19442491108	8.04183874178	8.12705160836	2.52286495012	0.219000117218	6.69094030261	
6.43887349377	8.9530275143	8.99999771188	2.53720209784	-0.653105095414	4.01070380377	
6.18384401564	5.96015797611	8.99999962685	2.53846980317	-0.599135025677	6.80129793122	
4.42615229506	7.42422219214	8.99999978847	2.56238177648	-0.57126020607	3.58345469136	
1.81248862735	6.51906903395	8.99999971141	2.52572422944	2.5226344424	5.00544560312	
6.0935338338	6.52979963167	8.71611249499	2.52283718032	1.45251523364	7.92469210829	
8.25023454217	-3.86315463058	-3.56151806514	-5.3771329509	-3.65282916055	-5.61744173147	
8.99750117109	7.06227650238	6.63789075173	2.52283567087	1.94180457038	8.7072516778	
7.9600764095	7.82441528453	7.91133444845	2.52286550345	0.445073426712	6.68437085453	
6.17085231378	6.52852704803	8.14728500609	2.52283659659	2.25879264956	8.24073368234	
6.10751911057	6.52530754595	8.25642940273	2.52283595124	2.75944334457	8.79041571815	
7.92885627878	-5.65677921209	-0.998860831578	7.11873418062	-4.09773662227	1.05427502356	
7.40710068318	7.51782797776	7.77254126357	2.52288568679	0.609609277838	6.46370491655	
8.80087723322	8.9160104349	8.09490382085	2.52289169806	0.239688738676	6.4117350176	
2.88621738447	6.6769568362	8.99999974422	2.61139931278	-0.0551970816243	3.25783009342	
7.96097215976	8.31450315625	8.18176338829	2.52293175505	0.157799778407	6.17826777326	
7.86384428652	8.10872691132	7.27704851795	4.58414936933	5.09205671563	4.91041322846	
0.447111656669	5.79552060102	8.99999976874	2.55323666692	2.707860438	4.52126297176	
6.43588516643	6.56894293736	8.38756612788	2.52284125067	0.951624529745	7.39845899387	
7.67460962747	6.7380367749	6.84294213982	2.52283727614	2.01255406058	7.98439913413	
7.85271170146	8.75703387279	8.99999983114	2.58917619747	-1.75087782285	4.47115777489	
8.56617978458	8.82496136564	8.53872249405	2.52291372533	-0.205112373704	6.26708217181	
7.88907199679	8.50490559427	8.91229958867	2.52301275136	-0.576616331092	5.91200426658	
7.15692387937	2.84454128187	-1.09734079584	2.09039789266	2.22526677161	4.07648030752	
6.32434149966	8.31210064851	8.98282475465	5.90999368262	1.02502691823	2.82595241607	
8.99325045859	7.37669931934	6.31836615895	2.52283621539	2.27062134083	8.397869781	
7.50057982247	6.32037161066	6.84851861828	2.52685218785	2.11249487986	8.3305675339	
0.565225920585	8.34287051201	5.30975424998	-5.06783538895	1.03936544812	4.36062620614	
2.47076859068	4.88621969312	5.55968285095	2.81236098392	6.34221607727	7.39051707015	
6.62695408364	6.53179449319	8.18437506229	2.52283602296	1.93738286731	8.40924885494	
8.9328221584	8.96627558897	8.94492056189	5.6277545003	-3.98646256506	-1.11686677223	
8.63755883769	7.0359686724	6.56298564596	2.52283606575	2.05358552917	8.41049263253	
8.04326683442	8.27341744376	8.34208512623	2.52290778259	-0.00240448840114	6.30178960372	
8.07278954603	8.29767046624	5.81595672716	2.5229068693	5.1880430754	8.9713874	
6.87379580886	4.81405949283	6.34134477152	2.8437681222	2.05005993048	8.32254086465	
8.36414687422	8.68032175813	5.81140128164	2.522924489	5.31253483104	8.99999988649	
8.99999863315	7.99915533372	6.28230666395	2.52283950195	2.24792373837	7.72340154415	
4.08923564412	6.53347925471	7.42165794497	2.52312993129	5.76448304475	8.93395373853	
4.59154778971	8.50466304138	8.51281096948	3.38589296633	0.659287738475	2.58799472508	
7.78229317621	7.21874386021	6.14350743857	2.52284478725	2.65925151906	7.55863075757	
8.04355067081	8.49396161239	7.52894682933	2.52295653532	0.814770063769	6.08551675773	
7.41464494317	6.71457444331	6.40361290389	2.52283840469	2.91245682047	8.20846915827	
4.60638339579	6.52405113706	8.98076017718	2.52284432504	2.08561833811	7.34103379168	
7.42473634713	6.85222842742	7.79232335647	2.52284149045	0.821154823185	7.37831196676	
8.2472751168	6.84255786211	6.35962558837	2.52283620346	2.58977738978	8.54645138691	
7.36668882399	-5.65511523588	-4.72616545742	6.2199849358	-5.7094741716	-3.91811652649	
7.59323458272	6.5715997787	7.25714289369	2.52283575113	2.22406481716	8.69517412158	
6.78381555779	6.49471611796	8.99462284211	2.52331463969	0.639510209228	8.11481347683	
3.79327839344	6.56216579681	7.87358608293	2.52505326386	1.56646619694	4.86127761319	
8.67734990521	6.78584796229	7.70682746659	2.52283556573	0.978618627747	8.76927982938	
7.79228068899	8.04909918722	8.31320801994	2.52291143062	0.0319230111594	6.28056845999	
4.53358060394	8.21718860992	8.99977117537	2.80091977873	-0.382033732076	2.84837712471	
7.63857364437	7.75378685627	8.54464379076	2.52288860627	-0.186894627544	6.43481470291	
8.05887339012	6.94222308103	6.05165184631	2.52283736827	3.58787642738	8.94850857496	
7.93668713287	8.29766688016	7.84815534604	2.52293336238	0.493853973788	6.17326356508	
8.5995520842	0.211753785118	-5.81507187061	-5.34886428272	1.31967789879	-3.6228184319	
8.01839624081	7.46091205587	6.93750202665	2.5228459559	1.48425201378	7.17155962548	
8.39160288645	8.99999944454	8.99859234438	2.52301097859	-0.666052189831	5.91629997572	
-5.89333284013	0.724023787736	7.69810835793	-3.78683063032	-3.80109991999	1.75424668373	
7.82907821619	6.63271840863	7.03343831357	2.52283593001	2.08201071937	8.50414026832	
8.23373471431	7.60710216059	8.49555131708	7.15128599853	5.29494684963	5.15253863068	
4.22840829454	7.66292663541	8.99999976875	2.64906167007	-0.510230260226	3.1213564857	
7.77193084836	7.89088859174	8.99992507046	2.52288996523	-0.649919492268	6.42332522743	
4.68973946244	7.03935748601	8.70384948946	2.52964385727	-0.207996056323	4.3317591361	
8.99999916581	8.04496605623	7.69859283992	2.52283998423	0.650967814761	7.49692113791	
