6.25952183867	8.1400297838	8.68616083515	2.52606549956	-0.341159527763	4.65359522055	
4.32275460127	8.32956823356	6.12592527001	6.92392101186	6.9033711999	2.81372918361	
5.672975914	8.95350305307	5.8092831601	2.61438765503	8.2931877162	8.92272344005	
0.797514775594	5.19746307936	6.42061365912	8.47127834528	8.93537715689	3.21536758426	
2.76543168889	6.95511541185	8.99921395972	4.13663722593	1.14591683563	2.5339772043	
0.0275870659057	6.5236860349	8.53987818192	2.90022358159	8.99444141492	8.8531644041	
5.07130714892	5.73710612516	8.26402752902	2.55164835254	-0.00262483838811	5.759197349	
7.83947081981	8.24037775224	5.81849101873	2.52294254855	4.77573815678	8.38554705238	
7.82013034405	7.91218306147	7.58242500057	2.52288680753	0.773898390458	6.45655122393	
1.76494818501	6.52369170496	8.95401588839	2.52709576526	2.38623335331	4.76957731434	
8.40292485073	8.66109006255	6.06750985037	2.52291344232	2.61668268897	6.61828124305	
2.13689897221	6.57594823765	6.74659712229	2.68800333589	6.61209304357	6.94680492237	
5.00704033222	8.99999836201	5.83739912641	4.23584269862	5.40791464663	3.73168040248	
5.30463007701	8.99918903047	5.80912110555	2.81807952118	8.98832829912	8.99997828788	
4.09305232526	7.4023689453	5.8691365328	2.60740949388	7.60276523459	8.27034301132	
1.58086975498	6.56983716229	8.99548336904	8.77921662477	6.58312507845	2.52559177326	
7.99153186127	6.85752340579	8.51646621737	2.52289252434	0.0751409939599	7.9179823873	
4.58612513677	8.5891433262	6.18441314968	5.29996789791	5.1662747817	2.76286920189	
0.234649296746	6.52413881212	8.3406722692	2.89017769159	8.99999895924	8.87617137932	
5.0251028651	8.69270037218	5.81061561241	2.7920601027	8.87996129892	8.9460866594	
4.07879678041	6.88522363296	6.05495478032	2.53886495072	7.2118898635	8.6367201984	
4.16764566476	8.17731950905	5.83719221297	6.40202196063	7.73335939581	3.87402316171	
2.63539551507	6.86820712653	6.07089293886	3.7275674027	5.97935043174	4.80503171429	
0.624522613384	6.52827511791	7.71326023165	4.92654802274	8.47741113108	6.07553819333	
4.71078540759	8.71312764841	8.42530884758	5.48944741287	2.87567357248	2.52436012422	
7.49511061775	6.60039812358	8.93482532881	2.52283621606	0.184689893307	8.20655885807	
4.99833310178	8.9997636309	6.97091281814	6.85089968894	5.72010845924	2.55385841716	
2.58566461685	6.79527047537	8.37767712184	3.13367190491	0.897836659187	2.64740337544	
3.8569666213	7.19400713148	5.91181588319	2.60425960802	8.30501707397	8.9907001968	
0.823865496305	6.52781580523	7.75141930354	2.89529400617	6.55839090472	6.42573325101	
3.26316568698	6.78659599434	6.30994766962	2.59440101563	2.94406137198	3.85134507645	
-0.1799801417	6.52373441943	8.61823164715	4.89631562693	5.45931891313	3.19268773006	
-0.0702465104993	6.52325173824	8.98100906129	2.65545746429	6.59682468259	7.0440453887	
8.1493144099	8.33118567526	6.7650203408	2.52290030763	1.62397064615	6.39938677181	
3.92597176657	6.55424743249	7.00095165186	2.52412470551	3.57551012578	6.13922876407	
6.1865228122	7.37847814989	8.37435399996	2.52341712154	0.0233519758877	5.39750087446	
5.58587539716	7.61268365776	5.8445392553	2.52710003944	6.56981287445	8.57561118756	
-0.0430612534156	6.5240445298	8.37561834771	6.24466370727	8.99999975621	5.2790159713	
5.11478839131	7.1314946454	7.97113543457	2.52625054088	0.489532983709	4.63287898115	
5.03428299816	8.99993751842	8.99999013557	3.62444182755	0.433860276551	2.55892142215	
1.94333776584	6.59852577753	6.6631066891	3.08037275401	3.91436647069	3.55707975193	
-0.118636949841	6.52324516238	8.99896923875	2.66684168456	8.23481646267	8.64022926249	
8.66709244334	7.9636255933	8.45488051553	2.52284359652	-0.107281775682	7.24338935122	
8.99888114372	8.95488437767	5.81111039498	2.52287441422	4.89651308232	8.94391318699	
5.80269246483	8.2889786752	6.98558318587	2.53611495491	1.39607877719	4.07442815563	
4.99854362838	8.9999936348	8.51016117136	8.96204630219	6.26186856392	2.52370078451	
5.3379608608	8.65428164446	5.52650795857	2.76614656289	3.99897417146	4.15844961765	
8.32108787052	8.56372348639	5.86002062874	2.52291055884	3.45159908109	7.26124089296	
5.0662029786	8.79346193513	5.81000368925	2.85146895566	8.99999977478	8.94644290968	
0.0870782506058	6.52413323288	8.34261876749	3.2178874959	8.94441787726	8.34726152442	
-0.532787455098	6.52329367945	8.99959127521	3.64730169032	4.22474808062	3.23612388881	
6.83738765561	7.64868796866	6.08322639868	2.52309558595	2.65098980509	6.11498766262	
-0.664357312152	6.52324643679	8.99708820779	6.52739402556	8.9154536388	4.91271142993	
4.95903495237	7.35522635324	7.23641051779	2.53215764407	1.19191942717	4.21514825787	
4.47854994318	8.20951852317	5.81669697356	2.84811839767	8.82196388583	8.77474123956	
4.99581759084	8.9972766218	7.65643082912	8.76575715956	6.92467063099	2.52905262745	
2.23607281641	6.70370983625	6.36086461953	6.29123025157	6.95367784061	3.27084254658	
7.87540004943	8.99993025959	5.8098225194	2.52341228147	5.31315554856	8.19020293418	
4.1513113537	7.88214766206	8.28595886745	2.8366701248	0.379319889158	2.8129396813	
4.38376439768	8.38814054959	5.81431728643	4.96084481184	7.76182735705	5.32609103758	
5.02077096898	8.87640977457	5.81416858932	3.06649942727	5.04187837906	4.64907609337	
8.62323665933	8.8299375246	8.72031846425	2.52290486348	-0.386996040938	6.31888405241	
2.79250237326	6.97372935598	8.9999228901	4.23035661198	1.22836189773	2.53186855098	
5.37466784505	8.94400952931	5.80931838135	2.72319547399	8.76805041895	8.99999899991	
5.11437930965	8.80652866271	5.80993431085	2.81496485435	8.94162762642	8.9596150877	
7.75125718699	7.88814134253	7.69471367303	2.52289226927	0.66092383496	6.41102844102	
4.22463255592	8.22480220225	8.97690894475	4.23312203987	1.07289690847	2.53168152487	
2.56472964448	6.84531287559	8.91439580896	7.1924582141	4.3669714784	2.52349319999	
7.9323215733	8.33546471762	8.22108361179	2.52294351089	0.117993834791	6.12815814921	
4.40735087317	6.94064309656	8.16386163383	2.53209457527	0.388128869391	4.20177106242	
4.5861146507	6.65719369245	6.49010204976	2.52419855944	3.07588096214	5.68587276856	
5.14229343964	7.95577872165	8.3357918829	2.55094735458	0.040519536498	3.72704614064	
2.17949153871	6.57531774334	6.7514244791	2.66742859852	8.12780603522	8.53114306902	
8.22806014885	7.70132940043	8.49031611899	2.52284736889	-0.12899833005	7.08036852632	
4.10344472759	8.05413274047	5.82063975361	3.39702146745	8.99704752637	8.1851451575	
1.75193984941	6.52325728536	8.97254752739	2.52460697515	4.64575821154	7.03754868569	
3.2824780484	7.35209487686	5.88196493141	6.72822373602	8.6959385911	4.49523031588	
4.99847169905	8.999915229	8.99855186418	7.32185429466	4.1327016745	2.52312307191	
4.00716498457	8.02113539414	8.08084158859	6.54912068437	4.29235618137	2.52527403386	
3.35225819775	6.52946970742	8.99314833345	2.52380728388	1.18564638261	5.19294328036	
4.99854985559	8.99999904393	7.89280704588	8.17926611517	6.09917377243	2.52643287266	
8.96011796913	8.81011054828	5.81199837365	2.52286589987	4.8409094727	8.99521672518	
6.39143255725	6.62054330484	6.52669207728	2.52285014114	3.78294539319	8.27284393959	
4.96641814989	8.54485471714	5.82393775135	2.72710962111	4.27525960261	4.50881852346	
0.518663077372	6.52530876967	8.10528470075	2.89240401401	3.81410928779	3.73551164008	
4.92164964342	6.52428059503	8.32021007138	2.52284098183	3.73829955853	8.64820505433	
4.91116406726	8.91293468766	6.14205451039	7.85120822476	7.79018245174	2.79442547483	
4.64990414318	8.61709695611	7.89146671668	3.61853043666	1.54186745967	2.56277828461	
8.97321356668	8.44116715125	8.70882506609	2.52284791326	-0.372415869702	7.06077505641	
2.66277423431	6.89944503607	7.36514168505	7.57943525403	6.27989656752	2.54409955463	
2.44767934664	6.78307497436	6.15383241847	4.13828211676	7.7293757816	6.12469781343	
4.49317535745	8.49776290987	7.68049580897	6.57782788048	4.71554882602	2.52879655994	
4.05664922302	8.05389472074	5.82065185166	3.97166632609	8.8333989288	7.4003063145	
4.25264558879	8.26061871212	5.82726940389	6.51775774431	8.08586405523	4.10256994933	
4.09609955206	7.64968012177	5.86083493851	2.69743306413	4.03624778003	4.36123644255	
3.38430613953	7.43952683972	8.88572606294	5.22505377243	2.20349240035	2.52411134852	
2.85959611778	6.52812045541	7.84344819021	2.52473205736	4.19696288086	6.56232030192	
-0.254595320581	6.52361008171	8.99999971396	8.6462970579	8.44355480706	2.73421941867	
1.31117886067	6.54872581595	7.05742139886	7.44791698896	8.99317923468	4.08030404714	
-0.0274654972567	6.52408668623	8.5759568913	8.79645033641	8.98543679979	2.92855852905	
