4.65996535956	5.09142245341	4.5350782722	2.81139175276	3.57579143848	5.58329940596	
6.96989848738	8.91205933754	7.86800373153	2.52663776403	0.471902132637	4.58627105286	
8.99999650017	7.97688829912	7.54927841593	2.52283928543	0.805012939211	7.56972762865	
8.00057236579	7.16056631749	6.63649905674	2.52284014411	1.90063630302	7.56946861941	
3.34998604244	7.69795481227	3.84702685577	-1.32571311616	3.80318812832	0.395607763544	
5.69868848754	6.575912135	8.97657742651	2.52287287908	0.29675894253	6.58840720052	
7.14990501423	7.79750962947	8.7242266851	2.52301799541	-0.369202579451	5.89956885285	
6.07208811798	0.325329053989	6.74604838712	4.37075477744	-0.420203732761	8.41182016289	
1.66469168899	6.25674330265	8.44207444156	2.69422050515	1.16447096016	3.0346969586	
5.53830132438	7.15914073033	8.65962000128	2.52423215088	-0.212749015584	5.01696676374	
5.89470280555	6.80364487247	7.18404646536	2.52300301943	1.50900418707	5.97627346889	
6.10182528368	6.52413850162	8.76986038685	2.52283563608	2.32301130411	8.86289019479	
5.03638040375	6.56498500626	8.99964120434	2.52297056644	0.369340768281	6.03257416165	
7.21409315568	6.83053963059	6.51802716625	2.52284442784	2.31721743295	7.4111210138	
6.96014497387	8.97448308413	8.5942011908	1.82670975756	-2.93055836408	3.9476625338	
7.36855730004	7.66472160082	8.04915496722	2.5229150126	0.316649163097	6.26189217415	
8.96480038498	6.63576439245	5.08092267551	2.54911842609	3.38966602206	8.96553194381	
6.47318047272	6.54976727277	7.56461450752	2.5228384267	2.13630352659	7.81666014688	
8.99572954252	8.99461234137	6.63795679142	4.33719292627	-3.78629366933	-1.97826894736	
8.36346516595	7.26506128905	6.97006947732	2.5228381479	1.48528532234	7.74608788644	
7.37599931691	7.90884491025	8.4457531628	2.52297735858	-0.0957932448562	6.00930432353	
5.71856006513	8.11189162323	8.5402146694	2.53342840929	-0.186913308789	4.14170875215	
8.56340990549	6.6662009173	4.88510628111	3.51962197061	2.52925938192	6.50712295298	
7.13060574691	7.61794385123	8.94506941708	2.52295796854	-0.577604980071	6.07233572199	
5.82254186806	6.52360608365	8.86420947708	2.52283565127	2.63665080205	8.99212777009	
8.93707368763	-0.382062700614	2.26552567726	3.08762687032	-0.267558718079	-5.92305835189	
8.4886830783	5.5840015361	8.68151325034	2.62032072298	-1.34810988791	8.33327149111	
7.63221211551	6.75416643507	7.59590575003	3.14730806542	-0.524905423439	5.51690637694	
8.14205713902	8.66753204522	8.04944198433	2.52297992059	0.286858512862	6.00301302593	
7.25901397462	6.26255066692	6.67690422053	2.52711665662	3.06520752095	8.92860304494	
8.95531020115	7.06291027463	7.40891082417	2.52283570826	1.08489439331	8.57853679358	
2.83423278904	-5.99673416929	-5.58635166381	3.3675480648	0.00795914275365	0.203042290173	
7.33669191166	6.58767843089	7.31951171051	2.52283638583	1.97790454543	8.23876070866	
6.59073072026	6.75835207878	7.76109327622	2.52286205399	0.959373756878	6.74515097912	
6.97247049387	7.42756353247	4.90853545057	2.57095261467	2.97223641572	5.57065046955	
7.44840554424	6.55882673399	7.15212561754	2.52283575768	2.64326614436	8.87730217222	
8.99863908807	7.46872950081	6.60675570126	2.52283644906	1.86167205557	8.1906682528	
5.87927847718	6.52547020242	8.16544675732	2.52283646696	2.95636862719	8.66795454821	
3.45434776066	4.66085778043	7.80479556365	7.30330973852	7.92240547721	8.9998364162	
5.91028032333	6.54903847357	7.93016336295	2.52284637575	1.69292781006	7.17665399763	
7.66706548834	-1.18563959862	7.37912328785	6.49309702472	5.18936152254	8.56238410448	
7.89647989276	8.03827358052	8.06788076262	2.52289367441	0.278624783737	6.39698554173	
8.99655090977	8.93029645776	8.42204209857	2.52287244966	-0.0887032408465	6.59188821793	
8.99999978523	8.07582140187	7.39700590174	2.52284033892	0.957492681583	7.47100398563	
8.98875838927	7.18433491473	6.23785342122	2.5228358451	2.47923087509	8.71383928365	
7.74011439456	-2.04588419607	-5.93735871034	-3.830748891	7.90312091892	8.56368457134	
5.78598356635	6.52355693902	8.92185141862	2.52283564679	2.60210050653	8.97871026356	
8.52822080487	-5.9271024556	3.29912097927	1.41893954995	8.27234397078	3.99200263266	
8.26682754835	8.20726439517	8.28989919138	2.52287239215	0.051206515283	6.59296382556	
4.15243004642	8.98575090583	3.9398457803	-4.80744787502	5.2666356647	3.68084930181	
8.47238591204	6.90541963666	6.28742322493	2.52283600163	2.63775962208	8.68448047799	
8.99617514129	-3.30710447911	-0.865569805849	8.93050920487	8.97827923573	-5.61601517468	
1.16218172747	-5.9999999637	5.62427989152	5.96096335352	5.8897981165	3.95524123532	
3.39343464052	-4.33233436232	-3.82613796341	-1.21711389926	-2.51936210192	-0.0561984615428	
6.89376679088	6.5425151951	7.88066792032	2.52283616884	1.89562172664	8.31987243174	
6.42320655143	6.52825525754	8.26185264945	2.52283599528	2.12253906206	8.47167436791	
0.587195756	5.83875487091	8.99999976876	2.54493741459	5.67853197	7.59705526229	
8.94089494748	7.52847574162	6.08902462053	2.52283682663	2.66385157892	8.35762593266	
5.39605948434	-0.348496865418	-4.94439396188	-1.07406442049	8.91205252778	8.65206981726	
7.5446333024	8.18657055616	8.99955249768	2.52302158876	-0.658920653564	5.89084035944	
6.2663876575	6.52482261559	8.3941835946	2.52283566593	2.65763320241	8.98571353076	
3.67098924695	6.52461847488	8.99848643324	2.52295313296	1.83312317668	6.17019124855	
8.9220186931	7.17143577345	7.43485623807	2.52283591034	1.01954400634	8.39731461156	
6.89286678719	6.5278349658	8.51602437995	2.52282924666	1.91329002536	8.98669153955	
2.81365237104	6.56835947894	8.99999976875	2.5480833747	0.361396437108	3.77376757635	
7.87434326614	8.23665309207	8.17814616499	2.52293340732	0.162842733513	6.17091302254	
8.47517060555	-5.84563882822	-4.79191964869	-0.566038626348	8.29018243849	0.372221685116	
7.85033678488	8.99900275255	8.98438521631	2.52344529309	-0.651420151949	5.37602139649	
8.18083042454	8.52059663334	8.67976619074	2.52292931645	-0.344128927726	6.18810909562	
8.6990029501	8.9477541433	8.8304908302	2.52291202189	-0.497772693931	6.27622227902	
5.50901593418	4.96474425935	6.93083818664	2.97369985102	0.383767326565	5.60034502243	
-3.52981535842	-1.00865575825	7.80851329954	-2.33191044307	-5.5048274274	-1.05295971591	
7.87706559524	7.88898061257	5.82827023872	2.52287798746	4.98400051724	8.99264815012	
8.31758376215	8.38906832742	8.49716879606	2.52288581359	-0.159722310147	6.4582434649	
6.48876489957	7.44045317106	8.99996459274	2.52317692933	-0.612698329209	5.62756842055	
8.94951469974	7.24340194784	6.23326908561	2.52283600413	2.45936105271	8.59107424413	
8.15811104566	6.89501043814	6.62831976907	2.52283667616	2.07438809619	8.15813915418	
-4.32966395481	-3.54501527075	-0.507109272853	-3.41972751003	5.20648176543	8.05196616337	
8.314591409	6.88539449346	6.5049478708	2.52283622735	2.26294496043	8.38942087706	
8.99872767223	8.99835509072	8.51039400325	2.52287855726	-0.177484637724	6.52557074763	
-0.162446583415	-2.04342522147	0.49704569499	-5.99996845221	-3.35594817854	5.73655779249	
7.8606183827	8.16960462314	7.89103639339	2.52292178837	0.453154016112	6.22744973671	
8.60342150461	6.84483258322	6.41970799952	2.52283570874	2.4648112095	8.83543977952	
4.08356714496	-5.70291163108	-0.0990719055068	7.65209232282	-1.24280926279	-5.67342917735	
4.95387429085	8.99559041795	7.36597412267	2.27328138937	-4.45185840412	-2.68736835593	
6.28226308591	6.56454368338	7.36616098054	2.52284292934	2.1586835891	7.43488839309	
7.98812719297	8.93916800409	8.99928952353	2.52322187457	-0.66632015021	5.57387404547	
8.36913531217	8.58781870524	8.49519187854	2.52290654945	-0.15992000751	6.30884928636	
8.61105396568	7.34914516373	7.21007149812	2.71801278794	-0.252314118239	6.21670270505	
0.715599032596	-0.796594815943	-3.57578573872	-4.10550951063	-5.8872289542	-3.12575143331	
7.92838392952	6.88080602248	6.23077385277	2.52283749758	2.83501116693	8.30569277599	
7.91590113933	-5.17172134292	-2.32672911485	8.64944017905	7.1540136369	8.54503752489	
6.10961843369	6.54995348452	7.74825739096	2.52284255646	1.89162057577	7.39186772014	
8.99380534344	8.28209660052	7.5415039071	2.52284360028	0.804874516116	7.25041092371	
6.40125449283	7.85978825289	8.999981206	2.52402741068	-0.647391366714	5.08519602169	
5.7801269904	6.57519800499	8.52192602525	2.52286605963	0.761124166684	6.68028047501	
8.87885935853	7.63829848319	7.0392680775	2.52283761686	1.35438497535	7.82654366918	
7.60642526558	7.74919382257	8.70249512558	2.52289205702	-0.344690562968	6.40731130645	
8.1402925239	8.64175352036	8.55710910268	2.52297206973	-0.222326300265	6.02551709398	
2.56742880531	6.41646488884	3.47883500117	-3.95787152062	-4.03804995183	-5.32221583893	
