3.88874499812	1.53214250551	-2.53413937425	-5.8191656402	0.666723335978	7.02351945238	
8.99999118134	6.71826889605	-1.7862233172	-5.07105698696	0.555365800226	6.83708911313	
-1.0522031639	-1.6323578301	-0.564398669539	-5.63946113863	-1.64519179517	4.72519269796	
8.91851967959	6.44643627088	-0.0410651045765	-3.32590847662	1.31528325539	7.78737739399	
3.77230272077	1.70147634004	-1.93232898142	-5.23298841927	-3.78819191916	2.29846125641	
-5.90478283657	-1.80659216056	3.68706681906	-5.96877951112	2.07327138388	8.34609439581	
-2.05305758127	1.24806911791	6.06576728608	-2.78145514502	1.52012460849	7.78138769821	
8.99054471835	8.10961930279	6.40517254596	1.68267998251	0.262856549343	6.58144188621	
7.56547956906	5.46541882946	-2.58958781794	-5.87488859422	-2.90780501873	3.19272385483	
-1.02023981906	-1.93903932059	-1.1257847792	-5.96375538832	-5.95360063406	0.518336834436	
0.314716667069	-0.871941398132	4.55142694619	0.158301636989	-5.922387099	0.372537036915	
6.4990378099	3.74373131983	-2.24343540242	-5.52827052379	1.99744982539	8.75275879468	
-2.40746440106	2.93190567457	8.90495399372	-2.28809133381	-5.4043766448	1.16446596496	
7.07399576013	4.99920444882	2.60774892395	-1.074415961	-1.24333506056	5.22878849355	
1.24847859391	4.23241687666	8.99992908302	0.206213505056	2.31184133305	8.83678598612	
4.47506271901	2.07846307536	-2.63532717162	-5.99566423775	-5.27392145547	1.19818261216	
-1.23232788932	3.2222233646	8.99999872706	-1.17506486068	-4.4339514947	2.00172819698	
-5.93077591982	-0.678341622991	5.29182070897	-5.85619768823	-5.46243506435	1.14831639387	
8.06303565422	5.59133164545	0.412516295797	-2.87263019382	0.289550156017	6.76156801225	
-3.21638765662	0.434007311479	5.22828013371	-3.59394242398	-5.10396190493	0.783033047332	
-1.89077978515	1.78332622636	7.17909410702	-2.34089327112	-3.15460679654	3.40644192794	
-3.91832200115	3.03599637002	8.99924077291	-2.05470839828	2.14320538577	6.95800354209	
-5.99606278648	3.00000356476	8.99999770835	-5.88443177289	-5.99455021042	0.608980277437	
8.31901862407	4.56199228155	-0.934171554879	-4.21901410825	1.01962603617	8.7766622899	
-5.99999942099	2.9999950438	8.99998691097	-5.73951746931	2.54532267108	8.99999994441	
-5.59243151516	-0.31404543281	5.64178038218	-5.32856329911	2.05724653872	8.4643714955	
8.3451147549	5.87314416273	-2.44727106501	-5.73216784523	-1.90095350167	4.57108122856	
-4.98442566348	2.89323054002	8.89312959863	-4.74148702465	0.826127623871	7.2982554015	
-5.99994012393	3.00000711951	8.99999974169	-5.78306232559	-0.44765743205	6.05062474964	
0.261044426545	-0.338857231471	0.812189822648	-4.34473337008	2.10563853964	8.57763074823	
8.99994660553	7.00157596458	-2.54735553105	-5.83218795971	2.90715464717	8.90552507483	
-5.76531019365	2.9676908538	8.96768401862	-5.84962184118	-2.48991497215	4.30955719802	
-5.99993189717	2.99999223537	8.99998533236	-5.81287411698	-3.55285223245	2.97525044218	
0.878975275977	2.68348147986	5.76601646398	-1.81929636104	-5.95626703795	0.539706941044	
3.37464210633	1.63101367098	1.26588379055	-2.52935057097	2.27770793869	8.53173809315	
-5.78628120461	2.82488895971	8.82487949729	-5.84716133076	2.20096312298	8.97700114455	
8.52320048742	8.38922301702	7.23721794002	1.69240389516	-0.564322182181	5.82963669093	
-4.56260349392	2.28996554106	8.2888994131	-4.32063185854	-2.69511745261	3.7770121419	
-5.75125163982	-1.71612952334	3.93139302869	-5.97116678125	-5.74524952348	0.837355527822	
-0.17711382642	3.6185827762	8.99999861025	-0.500985201433	1.3578924007	7.77834696762	
-5.93062726752	-1.70273695538	3.99243259908	-5.99999997521	-5.92878015504	0.550929464959	
-5.95756735937	2.99540744348	8.99540063713	-5.82369840518	2.35194601307	8.93323761026	
8.31266985077	5.70883993722	-2.71494643644	-5.99999880801	-2.70397253718	3.90007710579	
0.917912486857	1.76966676597	3.47496759445	-2.93327969611	-5.96053501094	0.311125358279	
8.47983197817	6.16324640656	-1.18789978448	-4.4802549555	-2.72259469904	3.60151340145	
8.85534448982	6.63207615599	-2.46374178243	-5.99702892926	-5.88462502081	0.587097817682	
7.43606459382	7.48492198354	8.93336904445	3.46824069835	2.7958268264	8.92726514091	
8.70247765361	7.37379267112	1.12189057109	-2.1629421905	3.64826509991	8.97695020134	
-5.98142010563	1.70765402155	7.70750745518	-5.7648245164	-0.200364540939	6.29806066131	
8.96763921784	6.50974122664	-2.61493998835	-5.89977270372	2.47865365425	8.93655171867	
8.71815296765	6.07073223985	-2.71383743644	-5.99867020741	2.35257851324	8.99999936987	
5.05260078674	3.5085869332	-0.982793673154	-5.13252620382	-5.93368265363	0.475231088419	
8.16893363166	8.29367483749	7.07579270011	1.19365905189	-1.40222156591	5.07033823432	
5.9193317583	6.05403087875	7.66317578616	2.05083000952	2.30856228664	8.50137630058	
1.44864671627	1.86092813625	6.16884051761	1.06768703005	-3.84947201676	1.55370771007	
5.73003261089	8.99720515772	8.97120863198	-0.0408470189489	-5.80530981787	0.654740644088	
-5.771678587	-1.86668920367	3.55537014402	-5.9999753982	-5.77596316929	0.589560347359	
8.99866222912	8.9064149429	2.68676761821	-2.848687312	-5.09688419234	1.24598538194	
-5.90498330021	-1.69177077533	4.01417573695	-5.99989166349	2.38847974389	8.9045019773	
-5.98143617281	-0.449816236965	5.50936057727	-5.49694764388	0.533657418373	6.72351306251	
-0.897464513497	-0.076295117379	2.49262887579	-4.07711109109	-4.35663501447	2.10710291414	
-2.3679073425	-1.73383249804	0.621509852931	-5.73430016373	-2.2023386682	4.23456386186	
-2.15013672051	3.0426076274	8.99999966853	-1.98598779074	-5.24904897499	1.25936149422	
8.99901466903	8.86925326468	8.95918134917	3.33772647143	1.01612047598	7.48250411592	
-4.67556013238	-0.280884316272	5.35938852991	-4.53021439873	2.78691567942	8.99701014975	
-5.98368545197	2.03492500099	8.03488193758	-5.97100663826	-2.83434325598	3.86810222473	
5.48092034869	3.26787749401	1.83864498682	-1.53839855843	-0.175686945576	6.1295668122	
2.47340581082	5.53819660398	8.21198366706	-0.331475873601	-5.62073945684	0.573096648265	
4.08569968964	3.14466142721	2.56867932723	-1.10184893915	0.17623436304	5.50296820577	
8.12492454223	6.61055607566	5.47119855226	1.81791565793	1.83594135777	7.71876007646	
6.26308471944	8.82108614629	8.99999896462	2.37742120068	-0.974360861659	3.80538247412	
-5.90274714322	-1.14006252227	4.72386483247	-5.7103381156	1.77747039334	8.16415607831	
-1.38628801222	-1.70427243706	-0.571124893908	-5.71366680138	-5.44695970419	0.72873398574	
-1.07749788697	0.796430596498	4.39359170341	-3.21788602243	-5.99971327269	0.453003327523	
1.80847768007	0.313198685279	-0.0991925423654	-3.8623132355	0.99650518683	6.97007223102	
1.61087110169	-0.460757191705	-2.16799027306	-5.61130416103	-5.14092744157	1.08918209702	
8.22701080346	5.88839973883	-1.67763054571	-4.96246328126	2.66137974796	8.99999090599	
8.59692322629	7.60685143496	7.52286349162	2.7560001696	1.35695430532	7.82905677653	
3.77886885103	2.12981866246	-2.13792991635	-5.78768903606	-5.90718431269	0.106792350815	
-5.45418165606	-1.61582065858	3.96176046362	-5.82208504743	2.03990032628	8.7005521977	
-1.3988214686	2.32879245075	7.61223598395	-1.7638305315	2.17109471989	8.53471467384	
1.53188782931	3.22024502061	5.94365130763	-1.55551031161	-5.69061821948	0.835353566308	
8.88168727573	6.40972896293	1.01408352748	-2.27085952484	1.36137576985	7.83344449282	
8.43480949959	8.9140824682	8.57104479081	2.36850512233	-0.547498328941	5.89093572878	
-1.91666088325	-1.87237656124	-0.252454554409	-5.87439771824	2.66895425403	8.9617804537	
-5.99999999687	2.99638489063	8.9963798646	-5.95971263844	-0.623122035572	6.05175293782	
-0.974442366838	3.1522335128	7.63940334345	-0.861308675911	1.00501801644	6.09422143808	
2.30220574965	5.12203459269	8.96470988894	0.555184804944	-4.44589082205	1.85897277676	
-1.97430529275	3.00131754022	8.92624122712	-1.79796270044	2.29372675572	8.75747520817	
-4.87780118174	1.29728429754	7.29383764919	-4.80485316009	2.27354619112	8.91231887896	
5.77439023813	3.05415361368	-2.54015681405	-5.82499537391	1.17894814705	7.89919068921	
-5.95502997915	2.89509531273	8.89507557734	-5.45234244536	2.7542523813	8.9667124702	
7.27199776472	7.06574002203	1.8547626547	-3.69328552062	-5.95413706848	0.515336207373	
-5.89803465994	-1.89804813606	3.42253934331	-5.99998866408	2.76189473001	8.89960357064	
7.93241377425	7.13786680432	6.89971901414	2.81058398477	2.43526110446	8.03411047008	
-5.75693807639	-1.09544771334	4.78977336412	-5.72949707512	2.06473711673	8.63768455077	
5.03330871686	5.80733329618	7.86188189888	1.79288092485	0.517514358781	6.52765811078	
7.26932038688	2.29807725493	8.02479352131	7.22282100656	1.81096964205	8.2993393765	
7.46941519408	8.8085253352	5.92405318786	-1.25057188421	-5.14060690168	1.41007538713	
8.99999786778	8.46971523381	8.9075111108	3.42356675088	1.26840453746	7.99779888919	
