2.55475820117	6.60354391732	8.98062423158	2.61519655734	0.210432497836	3.24224024586	
8.14703656832	7.03286231365	6.8362729834	2.5228376195	1.71799527413	7.86077225054	
-4.92354274237	3.49143912665	8.88240357035	2.07718674395	2.32820580938	2.41731742364	
8.15838245847	8.01371163148	7.61246770221	2.52286549943	0.73941324007	6.68885374302	
8.25874872517	7.15242081527	6.51669089232	2.52283791438	2.05799471849	7.87334296286	
5.93132666989	6.56570723158	8.24263860031	2.52285289393	1.13231761652	6.93289011827	
5.5197235711	6.91431929182	8.31652314422	1.29250379665	-3.51724839104	3.23139058328	
8.56050834701	8.74371500559	8.17123780715	2.52290113639	0.163866172497	6.3441635425	
8.80980086152	8.61095787818	8.28114710379	2.52286256252	0.0544430111466	6.72673789361	
-3.4889011029	-1.41520795517	1.91380663811	-2.14400000845	6.1847835811	5.14944540007	
5.85207043244	6.52622995793	8.54679558251	2.5228368874	2.01605963513	8.08102616237	
8.88349400389	-0.436195110467	-0.0313276263896	7.41356533186	3.49815273942	6.09253423182	
5.23976359757	6.57814771734	8.96416429361	2.52294826497	0.292327482672	6.11032674946	
6.94369820793	6.99074565364	8.32700852124	2.52286723023	0.186336274404	6.65859747755	
3.15688591201	5.39175672427	6.70252180212	2.71853107065	0.88753938913	3.35241116967	
8.66046951783	6.81930050565	6.43838153105	2.52283562203	2.47601817062	8.94790044968	
8.18290501988	8.53325985556	7.81459875936	2.52293167699	0.52460837271	6.18108797875	
7.85607491751	8.84538099285	6.52763555615	2.5658159872	2.98913455985	5.09304977927	
8.29749567962	8.02718816394	7.72121461519	2.52285788934	0.628638124577	6.81246972379	
8.84336302458	7.15985862779	6.44787735579	2.52283600477	2.14994327175	8.47365637741	
6.29756772783	-4.94998387448	-5.01675082329	-5.92536186886	-4.05043400661	8.46477856424	
7.81027446078	7.9338099103	8.15447950143	2.522890792	0.195330792577	6.41855141033	
8.09286120736	8.01007138861	5.99460078279	2.52287005287	2.83459883179	7.10428235987	
2.99245508894	-4.69658029993	-5.96127864511	-5.88005758824	8.46406874178	7.78153268194	
6.16534352361	8.73671331823	8.99999982848	2.53922362679	-0.650038896768	3.95453468908	
3.37039587171	8.99765081438	8.84465830541	-1.70882924345	-4.57162107455	-0.238870341837	
8.88366474305	6.86645499112	8.35022984161	2.52283554049	0.244857570779	8.80462898167	
3.34126998413	4.64050534887	7.98812616314	3.12964828087	4.70379983851	8.97821428976	
8.03132887808	6.93437613588	6.12255362303	2.52283743957	3.10063288905	8.51246915794	
1.42956963268	4.9984170609	8.99985374411	2.69966404504	1.10371136609	4.55048201849	
6.83263603985	6.96682378059	7.34157877671	2.52287318535	1.2029306272	6.60261582726	
7.88256538432	7.97904316833	7.92448614892	2.52288764995	0.424996380271	6.44528445261	
7.69750023215	8.00939647774	8.7682547543	2.52292146005	-0.42269291208	6.22591149442	
6.4179644868	6.61030837533	6.9018316017	2.52284764986	2.42044257681	7.32224989903	
8.36280622913	8.87038238953	8.80518684593	2.52297443276	-0.472066410176	6.01773720044	
8.54211504505	8.44841532507	7.91384851384	2.52286989871	0.425341464679	6.62518715759	
1.2691196859	5.9755997904	8.62438096991	2.64715024051	1.20222633821	3.18940307403	
5.62825270168	8.99999987366	8.27667805283	2.63900457003	0.172575776478	3.15380336944	
6.84868457717	6.5365257042	7.8093879116	2.52283596869	2.19783341414	8.51171158784	
8.90946246957	-5.24276156598	5.62620610478	3.99615066401	3.08126231148	-1.94914413114	
-3.68372580409	-4.44310825886	5.7814548335	1.86477958925	5.16930871277	3.16874869391	
8.15840092931	7.88249246543	8.55315717007	2.52285731311	-0.202366686417	6.81900899227	
0.935031477415	-5.19556119646	7.91227895702	2.3898712183	-4.543346278	7.82913236858	
2.65204471875	-5.47926705899	5.82441205847	-2.43830788118	-3.58848018298	3.85586577577	
6.03465042781	6.52568792479	8.118792661	2.52283618772	3.00166558282	8.82175191964	
6.72449915607	-0.659598113116	1.02529430083	-2.49948681831	3.79311811614	4.99271753355	
7.74393648177	8.49471282828	8.99999914204	2.52307735473	-0.664181620614	5.77713117803	
-3.268986877	8.23308432595	7.33335093219	-4.04761135604	-5.96841747926	-5.27411357524	
8.99483178905	7.91821764953	7.20308859243	2.5228388064	1.1638541962	7.6358854796	
-5.06967459685	0.907694476035	8.53149896794	-0.688899433473	-5.9997744292	-2.72884420393	
5.00348695062	6.83476321853	8.171675855	2.90746239885	-1.00453380912	3.1435726743	
0.0821865094681	3.51039293511	2.55843154985	-5.32484636164	2.76858865365	3.92272231446	
8.22163740916	0.495663734123	-5.95491861235	-5.82952842583	-5.99044944944	-1.62012185172	
6.04619187515	6.52452923241	8.97374578108	2.52283578399	1.89019933973	8.57793933743	
7.13552438028	6.8401897043	7.98443462962	2.52284671832	0.637013916118	7.10910386125	
8.93826064606	7.59941996734	6.09939544823	2.52283713584	2.62328930308	8.25385565316	
8.99999976875	8.8732007579	5.82069509671	2.52286757585	4.11043433418	8.25022772093	
5.73562276419	6.52354841868	8.99926140508	2.52283566967	2.48763293652	8.89130037537	
8.73201556365	7.58418530146	6.26536922209	2.52283813403	2.31339899993	7.91892770784	
3.71287768818	-1.3831302268	2.04202808759	-0.0617669352804	8.7536726317	3.77620381662	
6.26454580048	8.99999976875	8.86966146004	2.54703107773	-0.513042412288	3.7893004444	
8.6575587103	8.1951154115	7.6162642307	2.522849968	0.730545647357	7.0015705667	
8.95475950397	8.59346597032	7.90773863308	2.52285405287	0.429993817554	6.89133928926	
8.18239852361	7.43702638423	7.8400404051	2.52284216682	0.551523968668	7.32926170418	
8.20247754956	7.14192912036	7.05086023356	2.52283818196	1.43300613251	7.73674397111	
3.46621822406	6.75858576835	8.99987957986	2.56002803339	-0.25335543923	3.60929293395	
8.956750765	8.83214592789	8.15581919318	2.52286774934	0.178833410654	6.65155704945	
6.20693220519	-5.11354338798	-5.91146015824	2.8905048386	5.35563652007	1.38673198999	
6.5862106235	6.86858606279	8.56240747907	2.52288097992	0.0301099249555	6.50242834267	
8.99991584361	8.90835630686	8.97348283552	2.52287033325	-0.640732212809	6.61660718406	
0.444737383319	5.02758395394	8.3901602582	2.68574822526	5.5270021102	7.36340523414	
8.9999999195	8.53837728169	8.1131457244	2.52285016966	0.223776043669	6.99086159407	
6.63787360846	8.99998866179	7.67787279876	2.53291580488	0.670074979359	4.16807319779	
3.21563651275	6.725285947	8.28041905472	2.57879069971	0.537280201733	3.44443058109	
7.81691807607	8.33730564136	7.84520805778	2.52297706271	0.496219835503	6.01323061728	
5.02873561303	6.55051318021	7.02228461819	2.52292412715	4.40704640263	8.09979659521	
7.24707403977	6.56948728821	7.36576837122	2.52283624156	2.09444046522	8.33012670421	
-2.53924298169	-1.97128674668	8.2604444983	8.54158781068	4.93939888716	-5.57010071114	
8.16843625133	7.87216204796	8.194945544	2.53743199709	-0.47973555412	6.19072407956	
5.60840992382	6.52374137789	8.97291384746	2.52283595628	2.30896649645	8.55888029128	
2.78485336432	4.81859982644	6.36898460576	2.86851895608	1.95480245888	4.135259942	
3.87325496509	6.85105694559	8.9999131494	2.54527868784	-0.37076756261	3.82123196736	
8.94059794174	8.67212002484	8.25391762787	2.52285855057	0.0812914836386	6.79599583568	
-5.99945248795	-0.169591380252	4.97094470879	-3.70773443194	-2.91890194388	0.68870733231	
8.69839555345	8.93115985697	8.66018393471	2.52290924324	-0.327234520397	6.29244322539	
6.0329735098	6.52384207061	8.87378466562	2.52283559348	2.36609012434	8.94133799349	
5.34684547429	6.52737686979	8.73695675963	2.5228420509	1.63632929777	7.3850799717	
7.98866341398	6.59504873601	6.94551875961	2.5228171172	2.46713884493	8.99980480481	
8.99653108442	7.28141378066	6.56384229099	2.52283600328	1.95352714748	8.4248180968	
7.43910449958	6.61593542747	7.11212371569	2.52283657139	2.06201434643	8.18963792177	
8.99999954814	7.22238722497	6.03271282369	2.52283589228	2.98674414678	8.98940075925	
8.14099687223	8.58375522265	8.13769526579	2.52295465426	0.198790530712	6.08594014865	
2.74070579191	6.73161615504	8.99999976809	2.72649323141	-0.0474530009694	2.95031429619	
7.93830870823	1.08151632207	2.19027369656	7.31771188304	-5.99924307109	-3.56215642789	
3.84852899681	8.99995544125	6.41296547012	-3.50813825623	-0.610934986511	3.8786501419	
6.0358792161	8.99999977012	7.79484597547	2.5646606872	0.58320498103	3.56443706269	
7.25443039686	6.60808011735	7.81107404545	2.52283705952	1.29340081157	7.94315543488	
5.41805299421	-2.38516314919	-0.941317327078	3.34990672209	2.46366438481	6.68300915255	
8.42529375289	7.84817620376	6.07444372639	2.52284626881	2.64150282659	7.48538505643	
8.85479517745	8.19278949506	8.99999287537	2.5228445649	-0.659675164489	7.19464618621	
