8.89144609583	8.89103072015	8.27942509104	2.52287851541	-5.99810677923	6.52513991087	
8.99976430521	6.95317055823	2.03129209016	2.46110043497	-5.72721670359	8.99976434857	
8.15721992378	6.35041794758	6.08507731297	2.36915866626	-3.85783329726	9.0	
7.34275960525	6.8836397961	7.82068597028	2.52284382813	-5.63669199397	7.23046649974	
8.30103002012	6.99675523778	7.53889196916	2.53426399191	-5.91862237987	7.31399706405	
5.4888244464	6.42244040301	8.99726294203	2.28430123283	-4.79461540383	8.99337267015	
6.94308156781	7.07343110523	5.69728653173	2.59914422565	4.96993153048	7.54918480241	
8.28326195134	8.98085914885	8.09309312175	2.52305079287	5.6597765556	8.96383868944	
8.99957697277	8.41901607922	7.69924763488	2.52284657711	-5.80771466867	7.10895387466	
5.25779445243	6.52437157911	8.99999421886	2.52283790605	-5.08560042272	7.74688301879	
3.49471008666	6.55185358357	8.25520165659	2.52255192387	-5.11663202424	8.42750838566	
8.40637766944	6.93023427348	2.59884792034	2.52295053826	2.01566889687	8.31331189758	
8.68569525092	6.71442830343	6.30851905615	2.52283547898	1.67733156215	8.99972938541	
7.89304086857	8.52853413853	8.07503286048	2.52302086591	3.91426823712	7.30022952313	
8.90860088342	8.47610583833	7.31000076966	2.52285113621	4.43810933807	8.88070582402	
8.66362342082	7.29910854992	8.84662112909	2.61775142322	-2.50626892971	8.38228391559	
8.47288595959	7.09675601255	2.91019905344	2.52286487564	-3.22217854621	8.02986662721	
6.36616435603	6.60407796285	6.94564347792	2.52284812841	-5.49977179683	7.05291692617	
8.78202188119	8.69678985276	5.01084158523	2.59126456656	2.41308992217	6.29043792523	
1.27290119924	6.32101137154	8.79342212845	2.5401290613	0.985577915427	4.0150803242	
8.71664966404	8.78024264785	7.97095540504	2.52288524789	2.23378051074	6.64177172038	
6.62124464844	6.52363781223	7.85031552638	2.30400061019	-5.84318178928	8.99979793574	
7.73828355024	8.57114410222	8.22748708292	2.52312803382	2.97636343327	6.27819654871	
8.44218017755	2.56683092451	3.13804494647	2.6240057914	-4.81301955212	-4.68691583101	
4.15655377971	7.43240842454	8.9994105404	2.60133390386	8.10847074226	8.81154354741	
6.73827063639	6.56048456184	8.1020135842	2.52283770744	-5.94834249153	7.78153653185	
5.50382405812	7.99688440953	8.98512679387	2.61718729738	-4.39414886532	8.98328888278	
8.74519034169	6.86508987683	6.37894065743	2.52283562555	1.45477964643	8.70194606136	
5.80201470302	6.14809609004	8.65156342154	2.44832616428	-2.53437961615	8.99998983584	
5.86871850916	6.58186336489	8.09357278549	2.52286381702	1.27621926659	6.72966093027	
8.33068777381	9.0	8.99998257633	2.52710127311	-1.13649185876	6.30758300266	
7.20654445364	6.68086739914	8.0130807566	2.78723161208	3.9171718163	6.54896631285	
7.91768896287	7.25914662617	7.43085348528	2.52284306326	2.96519048639	7.84568589789	
9.0	9.0	8.27019490224	2.50141031691	-5.96079072469	6.61394373872	
6.55693482843	6.5276356504	8.11699619263	2.52283575841	-5.95722776146	8.51260007128	
4.09314040636	5.16367142724	6.49946859526	2.63001904449	0.863572094716	7.78681645503	
8.99707221333	8.9900823016	6.43136866467	2.66077686574	4.28861233295	6.72164299457	
8.75406487451	8.03802146411	7.36678202106	2.52284336394	3.93489406016	8.68090467057	
8.98976250905	8.69711458809	7.98717133363	2.52285730327	-5.95202873886	6.81841314856	
4.185365667	6.52284874422	7.14573729124	2.52283556628	-4.9152963657	8.76634291676	
6.3456445025	6.85360203477	7.10367631554	2.53490477077	-3.93785231451	5.45290833093	
8.18800487355	6.86238371344	6.95335202917	2.52283642668	-0.242922554864	8.11485405838	
8.99999974356	8.99952363084	7.72353257921	2.52287844066	4.90260101152	8.90631140896	
8.75183924654	8.79063828934	8.31822805686	2.52288254339	0.061223594927	6.48791168689	
5.57996117106	6.2438623289	8.99811575931	2.42786593444	-6.0	8.99833884632	
6.32721326948	6.59676291047	8.54882129668	2.52284794896	0.206537928402	7.06108973576	
7.81013340443	6.63746767553	7.10713220215	2.52283599064	-4.53736830799	8.33004153041	
8.43758278536	6.42087698881	5.84828927075	2.2504401161	-5.80365148028	8.99999685071	
7.1583723204	6.92349811862	1.9249462221	2.56071216362	3.10699034871	6.46295728286	
8.3811636622	7.5038558271	5.11994865685	2.52284047251	2.85316620519	7.9449312769	
8.9999999954	8.88440653197	8.26200387589	2.60584983574	-0.94812799034	6.90695094208	
8.08619695626	6.91926600263	7.7243746994	2.52308537583	-5.55776127605	7.8725330913	
8.67972665525	8.8717162052	8.0539720642	2.52290253284	1.98629622307	6.44362902202	
5.99954120645	6.81118315248	4.56366742453	2.5235174851	4.86603513857	8.27532417588	
7.29030876178	6.8465686796	7.83610845953	2.52284352807	-5.59456882253	7.24604714806	
7.70269091195	8.53809207587	8.89807405982	2.43502242309	5.28508787261	8.99999988804	
8.51462503621	8.51794355396	5.28047351534	2.6357949994	4.66512159598	7.17898220551	
7.92497567376	6.56056798374	3.57795226375	2.52283745811	1.45069250336	8.99999591799	
7.9707134789	8.47076099254	7.99868501948	2.52297092159	4.49778556587	8.00713849085	
7.84546918601	8.00890314011	3.68704346562	2.63928035869	4.13383889582	6.48498884183	
8.30893400496	7.65474880651	8.46429208036	2.52284373745	3.34079050074	8.08983959013	
8.19081436477	8.61175430455	8.95259346556	2.52294880021	0.877035904313	6.11527608267	
6.4711233296	7.12641912827	7.25149432116	2.52298276192	4.84814802871	8.31919294216	
8.13893843725	6.99893098099	7.11871716207	2.5228374002	2.4452077603	8.10339896895	
1.53473116203	8.6304842953	8.89534700926	2.56996543689	8.09693082143	8.99764319783	
8.95009548113	8.81820234977	3.061727492	2.70569556387	4.22308576663	6.79486961456	
8.50153393252	6.68576549073	6.46338938051	2.52283552128	0.578118520668	8.848213652	
8.96705098775	8.50278318922	7.25646008637	2.522850032	4.5268862508	8.99999923576	
8.23362183168	8.90487544158	8.80942551864	2.68197711504	3.97356505234	5.68407762882	
8.74358496681	7.98855119012	7.24541247425	2.52284265255	3.7879524477	8.5810755902	
8.90931264639	6.44809529956	7.91524685066	2.65038957359	-4.32407741934	7.58160095634	
8.21411321661	8.65611443461	7.96647228779	2.52295441114	5.23593904306	8.79789771295	
5.81812409924	6.52352039455	8.9846682965	2.52283559722	-2.07319371059	8.70798135124	
8.69578927908	6.99505858773	6.46412876756	2.33282319943	-5.59901369186	9.0	
8.7216560443	8.99999976875	7.75390580031	2.52291736237	5.27582930307	8.99963923547	
8.10753207158	9.0	8.99999993013	2.34467020326	-5.95928237188	5.95579194712	
7.35021450924	6.55437667	7.48395991249	2.52283580042	-5.83984213907	8.47330902662	
8.4526405588	8.0426048854	7.49685542821	2.52285165242	2.90209065557	7.47699756366	
5.74126040326	7.2496763164	8.28743436191	2.5765897442	4.56938688411	5.75624228637	
7.1615987039	6.52909087491	5.38789923594	2.52283545946	-5.81670988784	8.99997693867	
7.92119084431	7.71609502467	8.07472679211	2.5228606604	-5.72786013139	6.75671016061	
7.60238445014	7.63817249672	7.87789334295	2.52287871118	4.96332937986	8.96374297379	
8.40344390419	8.99999999987	8.99779726265	2.61111758667	-5.61790280664	6.39672767732	
8.99859446884	8.98680164623	5.24612435345	2.52240498794	0.0438900999829	6.5865562291	
5.251301826	6.95241258563	8.82304522652	2.52420635985	6.5001870352	8.99999966666	
7.96346812694	7.43281786842	7.45162694169	2.52284649363	3.2058569412	7.8754035793	
5.16455613031	6.15717813577	8.99985700379	2.26425379266	-6.0	8.99835283835	
6.77996207544	6.63208615855	7.9821694741	2.58421443003	2.69033299054	5.90371190078	
5.98906468277	6.53746920219	5.81798883747	2.52783617054	-4.7798252965	5.91840368957	
6.80096069385	8.99194537254	4.25807217008	2.42508754185	4.42953130023	8.99847647908	
5.40404816325	6.5235963759	8.98742495133	2.52283614854	-1.77606480743	8.23905850086	
6.79312670987	7.30344383032	5.08891099533	2.73329528809	4.62318036424	6.00305517842	
8.99999976875	8.6088998604	6.23260087539	2.63384154637	-1.64213143589	6.69602461607	
5.31722659568	6.25170069672	8.99874531155	2.22862130723	-6.0	8.99136464665	
8.00757658987	8.4847292859	8.02717398443	2.52296401802	3.16315496873	6.78022019565	
7.25913398915	7.14416621263	7.75450819678	2.52286059624	3.19674980071	7.51387576468	
8.22040345185	8.99971543202	8.14165030135	2.52309547561	5.53259373256	8.75494456845	
8.31935608289	7.85011011206	7.81055340298	2.52284936114	-2.11593070119	7.01303816331	
4.45092650951	4.50207418378	5.80804366323	2.73671031314	-5.33985348885	6.68602596115	
7.15387516602	7.65840429675	5.12063034151	2.59486496801	4.35866859835	6.59341210484	
