8.88027783283	8.86075504407	7.27042194318	2.52287664376	1.07742333341	6.55965877246	
4.39107032863	-3.07506130113	-4.42134082426	-4.32364542031	-5.7515336488	1.42945342788	
7.92770831845	8.31187531715	8.5332314201	2.52293878856	-0.194630939271	6.14666205145	
7.96092841705	8.34848032675	8.43372013912	2.52293973984	-0.095494718024	6.14290112927	
7.91800981081	7.8819102301	6.68637136812	2.5228735313	1.72822523957	6.64298991418	
7.31493479439	6.5933057746	7.18100122446	2.52283654713	2.11830972829	8.21327078309	
5.25289328083	6.56135162688	7.35742419025	2.52291030697	2.21985423301	6.46107812134	
8.46604397905	8.73047351984	8.14903149087	2.52291465997	0.186266452989	6.26312110092	
7.22752698723	6.54996652543	7.32643247485	2.52283586485	2.5230828094	8.71940723894	
8.82262533915	8.85648026106	8.3139300199	2.52288204453	0.0200283675857	6.4923887789	
5.2831476696	-2.84631408612	-3.25480479376	0.833475768591	-5.56113581267	-2.62961809993	
8.85597359993	7.43898751214	7.952970733	2.52283677324	0.437256662082	7.99954406748	
3.44665246148	6.85967845299	7.04704431261	2.60216620929	1.59677481127	3.34374651186	
8.1064020397	6.65917093969	6.83253269994	2.52283573013	2.25496301473	8.7270584424	
3.97829901512	7.14957131649	7.72247704595	2.57524052873	0.783074996766	3.47419724985	
-3.28851078958	1.58394008826	-0.785007373271	-5.92841073253	2.77353276249	2.03600403655	
4.04001345735	5.87915971782	8.98970743436	2.53795417898	1.13968827808	6.46828126146	
7.8966074606	6.632615991	7.52828758802	2.52283584042	1.49189921051	8.47650978555	
8.97983973355	8.37153704061	8.68929316671	2.52284586165	-0.351938603443	7.1379787524	
8.0003072563	8.49059885298	8.56839364268	2.52296817116	-0.23224327491	6.03805795766	
2.31912733631	5.70547589961	3.0826076729	-2.7981637851	-4.31826039815	-4.90209862822	
8.95103738779	8.27095245498	7.10647345663	2.52284422226	1.25467918138	7.23356070573	
1.04973235891	6.45323684044	8.99957134659	2.5307187531	7.21429235887	8.99552415929	
5.45124492509	6.70666313152	7.12753962859	2.52310528419	1.73015417156	5.79433235306	
6.26030108227	6.61270939867	8.82918747473	2.52285356884	0.232336496581	6.9014294439	
8.36194561049	8.71859928055	8.99999634333	2.52293339218	-0.666206979109	6.16936965983	
3.68161909678	4.65840876677	8.48220798986	5.6274175039	1.5491986627	4.14236649366	
6.89357973498	4.52285763592	6.49265525338	7.46237438451	6.8753320785	8.99175062585	
0.415297699173	-4.92620204141	4.08736237671	7.72589692388	6.52139536343	7.68771241034	
8.93767421947	8.99998196455	8.23591980822	2.52288527484	0.0977346619266	6.46362880808	
6.660660292	7.21351919724	8.33784800098	2.5229588111	0.0934333631418	6.070631005	
3.29671415063	5.30550734381	5.67598390513	2.61021485179	5.35838865915	7.13053366862	
8.23785235275	8.64922323862	5.81211989563	2.52294648912	5.08462817193	8.67759548674	
8.62794352993	7.95216719539	5.84620867026	2.52284413281	3.80570868837	8.5200170369	
7.93447168686	8.58672541119	8.79330275052	2.52302863723	-0.458306182435	5.8748815644	
7.79599187246	7.7641834544	7.86953769766	2.52287335996	0.490684822724	6.58432493632	
8.7417502734	7.03107958342	6.57135298789	2.52283589547	2.04531990772	8.51967504797	
7.03756575683	7.17299407303	8.35140457398	2.52288135671	0.0908064456259	6.49906870455	
3.68748109404	6.52324694089	8.99999977117	2.52285459448	4.56402637069	8.92057720863	
8.62917401408	7.59685953612	6.1801929484	2.5228390038	2.45873403743	7.86356982199	
8.665933374	-5.81002162677	-3.11919278507	6.17760681091	8.5651204409	-5.97595938528	
6.72021962369	6.53773927854	7.77046411635	2.52283627427	2.20166617314	8.3469417181	
8.92444862661	-1.93405017685	-0.852216178669	3.78189766988	0.984024027534	-5.82521437644	
8.6855928763	8.49174717702	8.08710531044	2.5228628068	0.250445328387	6.72370088916	
6.80926702183	6.47361155085	8.04718628313	2.72015585602	-1.0783058272	5.29959608268	
8.99700237499	8.4573691013	8.24698203011	2.52284770184	0.0902370873971	7.0691720472	
4.3141775888	6.52348890221	8.79286848371	2.52284457724	3.08624702203	7.8621271361	
6.12278837447	6.80010652835	8.95716934233	2.52293275216	-0.299500890429	6.17258490372	
8.19540692375	8.81210425362	8.81564923289	2.52301406328	-0.482215733563	5.90888946402	
7.7707077758	8.04601739134	6.84345851996	2.52291472833	1.54366502905	6.30406625685	
0.837106214847	3.17489732717	-0.525913733425	-4.05611838216	6.81183448562	4.77754832252	
6.69404320656	8.64591545809	8.99275305916	6.62989128697	-0.0269432762869	1.48978019448	
7.77267770473	8.10220918817	7.95365633399	2.52292562647	0.39174125545	6.20810783806	
4.44612615089	2.46683495802	7.74797497641	7.94604453652	-3.33292606746	-2.83256759892	
7.92615547605	1.69251921818	-3.77726729345	0.948651996301	-5.87477220734	-4.240123919	
5.59184052388	4.77153653127	7.50552498751	2.87541720312	1.93052683983	8.0961026589	
6.89705908406	6.54473563386	7.92726707356	2.52283626072	1.78457699571	8.2564986166	
6.91245382401	6.5311278086	7.81868685135	2.52283565331	2.55070484685	8.94304941815	
8.9533000017	7.2007976421	6.38384490777	2.52283591898	2.22671947412	8.55539818036	
6.54232105367	6.59306318881	8.33055917325	2.52284259726	0.83487335653	7.30701515523	
4.48239635116	6.90603928617	7.52937202	2.53114645524	0.989435554205	4.27932304614	
8.99974811909	8.86747734793	8.77949120836	2.52286718965	-0.446442857672	6.65761929003	
5.60916428541	6.52693844498	8.03608182703	2.52283867996	2.75529377763	8.06593013275	
7.74705254188	7.37905385991	5.87672989796	2.52285132124	4.5629544125	8.99999993496	
3.08329044851	5.01073994037	6.68450228035	2.68923628283	3.22641363878	6.01059881721	
7.85989678701	8.20824730683	8.62827701905	2.52293016956	-0.287896321508	6.18426736601	
5.06083430765	1.12742187391	5.25571129527	6.04270196959	-1.32190038667	-5.52790371959	
7.65223272262	7.10788797228	7.73505969227	2.52284448877	0.733214479144	7.20494179082	
2.60165652347	6.65000827909	8.99999976875	2.66823566812	0.071257912723	3.06983561403	
8.00870204286	7.42142374175	6.13622657858	2.5228451268	2.58746805732	7.50329517121	
8.34742891519	8.87525989941	8.46796967685	2.52298109844	-0.13439379209	5.9979311597	
4.744349035	6.53694945619	7.30341346364	2.52292157316	5.2969446934	8.9999998073	
0.629883592866	-6.0	-5.44177549693	-3.21111205873	-5.99725003752	-3.14448998523	
4.17475617242	6.52353761632	8.65653378118	2.52284966357	3.86963655146	8.3697056204	
1.68249699767	6.53059759468	8.99999976096	2.5916936918	1.09480660965	3.37032580587	
8.89765619778	7.13861064762	6.32232321321	2.52283588547	2.353007442	8.62670767766	
3.19245861166	0.350060871448	2.91359527254	-2.37226125612	-5.98960100013	3.01894247023	
1.62881790599	-4.3395763341	-5.69453673967	-1.75798694231	8.97723874577	7.8402292034	
5.55071928436	-5.77617555299	0.985092469857	-2.32957098878	0.0606876236182	-2.85924514329	
7.94213045215	8.352080272	7.89003707903	2.52294528776	0.450731750685	6.12304107705	
6.1011327542	6.53499339411	8.25848494832	2.52283856169	1.69161848146	7.70857158562	
7.66828489178	7.29849084575	5.9002039807	2.52285073797	4.04516995755	8.50748472828	
6.5863600663	7.22173061556	8.29798240886	2.52298537359	0.131391296703	5.98618514206	
5.50208249294	8.79273015302	8.99999976875	2.61659858879	-0.573013844105	3.23490615012	
5.97320437954	8.77914002152	8.99999976883	2.55137002628	-0.638144707312	3.71971628189	
6.79638987934	6.5401426734	7.98437499722	2.5228362521	1.83583145498	8.26878476386	
7.9490900386	7.0830281204	6.02556167281	2.5228395965	3.22863411663	8.31258549284	
6.18798995083	-3.14985880757	3.43969198386	7.22355426379	-4.38446586889	0.67821451917	
7.87138450189	7.83822399692	8.20594649334	2.52287360247	0.147978867891	6.57937962159	
-1.26829558712	4.34394278755	4.72023736657	-3.47122251621	7.80625369896	8.62568731214	
7.48988279554	7.45656452151	8.24665338266	2.52287084855	0.139490472965	6.61175863895	
8.23332399185	8.22907696756	8.22392499381	2.52287747314	0.116971879225	6.53743378202	
-5.71048890621	2.91509873152	8.91516868683	-5.61296813129	2.19275773704	8.80822607704	
7.43669008711	6.94089599798	7.78442213256	2.52284388361	0.762514343091	7.23505403901	
3.86369258701	6.52652637971	7.88144395667	2.52300410446	5.58910226954	8.99987759395	
1.81777032141	6.53911768182	8.99999976875	2.65411361176	0.772575283389	3.11227601729	
8.94157883501	8.90461173884	8.24314976454	2.52287503213	0.090826064964	6.5632352514	
8.99999987192	7.54577181562	6.35133641938	2.52283669355	2.18736112099	8.18525625982	
8.17436472193	-0.0766388529816	-0.85207323634	-2.09893129814	-0.270701492475	8.29580952294	
2.95769426002	6.7156605413	8.87425488978	2.62277194409	0.00227199349065	3.21095389363	
