8.88224603808	7.54321043228	3.06326650056	2.52199594871	-5.0545651116	8.00879453378	
8.38587367722	6.61735919178	6.51128286571	2.52283545841	-5.99374484544	8.99999980896	
6.69655237173	6.90912589785	7.58145330719	2.52287705628	-5.14524863459	6.54006258597	
8.99865257411	7.84959806522	0.633297678555	2.63568614523	2.65466690265	7.85449876794	
8.14859256522	6.01981804529	0.463751043973	2.53253317026	-5.46302103234	8.52214352067	
6.63423969562	7.11613252192	8.29083927324	2.52293334941	2.13837599631	6.31888205154	
7.27280243579	6.54237803363	7.07522820241	2.52283566917	-5.66578722427	8.60983045579	
7.96026970582	8.37289330779	8.80972098475	2.52294503942	2.93296784121	6.66930570526	
6.33866422155	6.64760848249	6.80508710055	2.31854986698	1.79236492854	8.87467705514	
8.93253945739	8.6122651634	7.37779961668	2.52285586911	4.66786680081	8.99477688298	
7.61952253657	6.64497986793	4.63214875679	2.52283661222	-3.38784773842	8.10786412782	
6.51595767678	7.05384869977	8.99989677992	2.72156450762	0.538478065796	8.72513233679	
8.99961658665	6.89630509996	6.17648594267	2.52283551113	-1.79798855296	8.86513130262	
8.39364873094	8.63665444862	7.80550879707	2.52291059479	4.88463204068	8.64681168418	
6.1415604547	6.78401634488	8.22893595738	2.52292147773	-2.28263263209	6.22534315959	
8.47289021439	8.46967482395	8.55035686944	2.70643626498	2.7432322607	6.93347247212	
8.52439592346	8.92605631487	8.16742215331	2.52294436453	1.59033348872	6.17088679051	
8.31487361351	7.1202618951	3.6553841121	2.52166142201	-3.18089186325	8.03590851433	
6.57915636944	6.524536971	8.09744918965	2.52283546207	0.783346928111	8.99724600001	
5.92937676965	8.77927506865	4.92473117623	2.35200873513	-0.124012390948	5.04336164936	
8.99308194398	8.57931744908	7.25820261849	2.52285191573	1.06834052159	6.95542095555	
8.6786593086	8.67580279938	4.94749656169	2.5232487378	-5.995665253	6.49422914578	
7.95937265831	8.9999999923	8.99468200111	2.37496238374	-5.43128627076	5.42558877452	
8.95917458115	6.80495381963	4.76953245216	2.52283545955	-5.32840489858	8.99786060568	
8.14735928132	6.93182227529	3.6157675303	2.52283979975	-0.492675502191	7.95295790739	
8.33826445363	8.89726504276	5.56212984121	2.60567281723	0.875066004047	6.02301416435	
8.44680866814	8.96584866272	4.98184886199	2.65400854376	4.5505418071	6.48751534527	
7.41203793931	8.12794481439	8.91678617406	2.57015813991	1.47299115447	6.45535908983	
7.18712563433	6.87796482406	5.29131317557	2.66362872064	4.88311696318	7.42092381188	
8.99683183576	8.89219091844	7.2030730077	2.52286930113	-5.71367340656	6.62933748259	
7.44344891117	8.99986639349	4.38700900141	2.44778230629	-5.19229803302	5.99917651061	
4.31572784585	7.62474506539	6.62032300485	2.41657077763	0.331873054901	7.37238858246	
8.99999977403	8.99999979416	7.87806856353	2.37639851513	-4.09206762696	6.41989287882	
7.43457469956	6.6836698358	4.33653788164	2.61503000957	4.53805438439	7.91408364682	
8.99493181112	8.99501242194	8.97905596334	2.75482172362	1.53083259387	6.90561050817	
8.01923607856	8.99999999624	8.99823358333	2.31780617078	-5.91105325413	5.05591806832	
8.39158809843	8.96678578587	5.15882760652	2.71284384734	4.91950482995	6.61206697872	
8.99999976875	7.28518556239	8.87085004732	2.54058312888	-0.646197899092	8.96814379969	
8.99999999983	8.62910046486	8.95494997898	2.60116957024	-1.77131162279	6.21876252574	
5.3833248157	8.99826811514	7.99677307029	2.53854791103	-5.00063572182	3.8749513219	
7.66162073305	8.78444103662	8.34285998081	2.52340827142	3.46208506218	6.38848623444	
7.6060655486	6.57447521568	6.99625887967	2.52283576538	2.43941150413	8.76611913005	
8.99999966664	6.82386543562	6.10364481435	2.52283545841	-4.73382377532	8.99999976897	
7.88508150026	8.99999978322	5.52782949245	2.485923478	2.5333754677	6.49686346971	
6.82402256606	6.40793102775	1.74746756498	2.59273456246	2.50280295339	6.67399360004	
7.58037514719	6.64167173236	7.02984933153	2.52283651089	-5.99999982209	8.08244348137	
6.18183575336	8.45532490718	4.46018918624	2.50256363091	-1.23793178805	4.43510117059	
8.48999059576	8.51355710628	8.86141798266	2.56375740205	-5.2515012539	6.47187632144	
6.45672937161	7.14460242584	8.99809777334	2.61532354348	1.08722981	8.99997233616	
4.55845353813	6.56075987487	8.96922441727	2.52319903873	5.92307953387	8.99990775539	
7.36837821164	6.8717611123	7.61770017837	2.52284292759	2.70773446181	7.68060460678	
5.7542810125	6.52336188414	8.99999976875	2.52283554563	2.24101025413	8.97652095383	
8.65544334897	8.47323562599	5.90960998513	2.52286354269	1.23508233435	6.73176512164	
6.62642783938	6.69436030927	6.68276030552	2.52246664515	-5.9831767871	7.07520053938	
7.41340274466	6.59486786925	6.36928614004	2.52283632243	0.631310956265	8.16268764292	
8.0474993851	7.57271116021	4.12367140425	2.52192741182	-1.6458292749	7.1517927278	
7.97897984347	8.99999999958	8.97987175509	2.49449327122	-5.96449992332	5.45828202461	
7.80282007324	7.26818261696	5.56272597138	2.51952642137	-3.51583340491	8.53248557734	
7.92222113695	7.08286364867	7.2932163553	2.52283986899	-4.62915787782	7.5021009429	
7.89419327643	7.17862147238	7.48783281967	2.52284180863	2.27703304069	7.5421157082	
8.90668257117	6.73101440598	4.4239031974	2.52350668031	-4.03356301811	8.96917740126	
8.623930747	7.67458658888	3.51986613398	2.52284906032	1.92491148623	7.60068338423	
8.18007609514	8.62399552954	8.07223511933	2.52295491729	2.69492957637	6.47787527982	
7.99570636077	9.0	8.99999999999	2.22573946609	-5.96039384533	5.28266481028	
8.64974629373	8.57324294585	1.2320418038	2.70452962235	4.2437862685	6.54721313349	
8.86320279214	8.99960880765	5.00331716095	2.53114970075	-1.46614481375	5.93115977115	
8.4524349187	6.4557438175	6.34974146404	2.38226589063	-5.97220247518	8.7073681708	
7.45502590201	6.53791480645	4.46729202562	2.52283574535	0.770723329992	8.91353677752	
8.97612976352	8.35660531612	3.51270045175	2.5229006831	4.37352359852	8.99983131585	
8.24753141392	8.37778757477	7.80563309359	2.5228929852	4.23852750653	8.12262264505	
7.60158489281	6.53985965753	7.3563553302	2.52283545846	-2.34397373395	8.99984165385	
8.46302093932	8.46248142398	3.6755058314	2.57534538195	1.67805535421	5.48698596599	
3.21401892564	6.52455015237	8.99997188082	2.52315982799	-5.9453943532	5.64955471556	
6.44671675296	6.5496262668	5.02419045767	2.5302337384	0.32722603414	6.18612774859	
8.99981610708	8.87079049219	8.54469522693	2.59131112467	-0.0787845615958	6.6230823108	
8.33569344492	7.40412484357	8.79960011605	2.62513024461	2.46780332293	6.3449000616	
8.17127600997	8.71066989859	7.33770977245	2.52298471764	2.43203723319	6.24420622277	
8.26832455232	6.51720929575	5.56371044626	2.24263442521	1.20547875685	8.99999972416	
8.50502969807	6.69678347108	2.86639274681	2.52284065021	2.2172347037	8.98554366799	
2.52527744993	-5.77178887176	-4.69554712322	0.434983473445	-5.53787131983	-4.72086071026	
8.83163616022	8.99999979268	8.44822467861	2.52289909494	-5.20410159901	6.35595830067	
5.51195310243	6.35419987897	8.86669191953	2.4670137448	-6.0	8.9996503756	
8.48107270533	7.30823871634	7.10696571542	2.52283775262	-3.15627550733	7.77341744091	
5.69950768451	6.20920132206	8.77417132511	2.41753831374	-3.12257736393	8.99999977597	
6.79017340228	7.38418305778	8.07500613473	2.52298216942	5.48667931804	8.95733444835	
8.7395556189	7.78898157638	5.65935246681	2.52283991932	-5.44242935531	7.49760239355	
6.14037277999	7.53637206624	8.74459874336	2.5238122455	1.48343041519	5.20907782937	
7.62201139135	6.72530883224	7.34004403815	2.52283735378	2.97406779576	8.43106375009	
9.0	6.9978439256	6.45501312913	2.43183344619	-5.59784270741	9.0	
7.62173489468	7.03438740106	7.47480974234	2.52284304391	4.24008569792	8.99553460664	
8.6406184404	8.57133966067	2.92176733913	2.56503358649	5.53437606816	8.55486414391	
7.89150148697	8.61047027037	8.16498314887	2.52306063693	3.04921498091	6.44681748859	
5.3426954036	6.31398313244	8.99936224401	2.37654621621	-4.71785465865	8.9980553173	
8.40389248688	8.9881943137	8.67412329858	2.67119686278	-1.29027965328	4.47881765393	
7.75111111009	6.56016995375	7.08885633911	2.52283554413	-3.79189789903	8.79800203084	
8.54751749168	6.52381880379	5.15201112684	2.23308420846	-5.46056701012	8.98577028201	
1.95429076643	7.42936470287	7.83862765115	2.41920938072	-4.48773144225	8.31800295402	
8.61773623579	6.89375954816	6.26466678844	2.52283578354	2.59038744099	8.82377105677	
8.14840058942	8.44399398624	8.57547475302	2.52292006207	-5.66769702634	6.23253045635	
8.17019866113	8.92817516437	8.0199575617	2.52308291578	5.67955309888	8.92337876938	
