7.87707220387	7.71988521071	6.72261146028	2.52286363322	1.69684896519	6.76895110124	
8.14807701996	7.10527003764	6.65736436763	2.52283821831	1.89710241835	7.7896029071	
8.20410801347	6.63384550469	8.0920670103	3.70866423519	-0.547364745979	6.12146342477	
6.65476898362	5.16703949051	4.80290318762	2.68990929344	4.52704590117	8.84303214053	
6.6138637962	6.56372102628	8.9873738074	2.52283877757	0.394258296087	7.62410345366	
8.95713024128	8.39575617999	7.83676737106	2.52284707613	0.503751776203	7.09421349028	
7.99055734373	8.26272042154	8.55203986368	2.52291510472	-0.212633882663	6.25949515634	
-5.6324036625	-4.98415990304	8.14924216845	-4.25713661506	-5.69822888023	6.77787036553	
6.49158822735	6.53448427049	8.32275368334	2.52283657801	1.63949244057	8.11168086063	
8.0431804688	8.35908856841	8.73979653249	2.52292388207	-0.402237816381	6.21389409227	
8.65269606063	8.88576069427	8.99999704585	2.52290925033	-0.667121451755	6.29206906797	
8.62652565482	8.45654675734	8.72849445294	2.52286432984	-0.392274998686	6.69850137975	
7.50662267879	7.99451343613	8.57501212636	2.52296436784	-0.228648068147	6.05067629088	
7.99775164857	8.59610679079	8.65801354061	2.52300610947	-0.322976566962	5.92884307966	
3.10420316661	6.78713030802	8.60705343469	2.63073942093	0.173392221668	3.18194310632	
2.0757476491	6.52493900478	8.98133130503	2.53409268186	1.43544824125	4.14864922966	
8.8263025374	8.9999911243	8.27345249856	2.52289988228	0.0600835152497	6.35211490248	
2.69349033484	-1.35740201484	-3.81036119925	-4.80487631416	4.3106066286	-1.43623551993	
5.93149041983	8.99941979584	8.99999976875	2.57663380089	-0.613852026036	3.4567514736	
7.63889767802	8.60621717632	8.6806447827	2.52323492693	-0.345492518919	5.55976519634	
7.32191186111	7.03926339032	8.99711074282	2.52285106161	-0.508305271519	6.96377023833	
-5.99998822608	-5.04435953065	8.76445072813	-3.64374488982	6.44522542443	7.29963225541	
5.50698971576	6.52415094003	8.50769067467	2.52283663513	2.85306048713	8.53592066566	
8.47974452169	8.7220677036	8.15051184172	2.52291071255	0.184828608674	6.2852739135	
5.98224102985	6.54240963294	7.17414940384	2.5228422647	4.1305624351	8.9368680096	
4.70136636698	8.93861844432	3.941640134	-5.72463143322	-3.89537207717	-2.18214930426	
6.86673621155	6.54878789768	7.87506497831	2.52283652333	1.76151742092	8.14686154763	
4.43512219418	5.62986587779	4.26855833304	3.45353960262	8.95474371607	8.98155747124	
8.58291735689	8.81765431488	8.8811247772	2.52290948606	-0.547870441	6.29077524999	
7.40368705048	6.81343242841	6.5391104517	2.522840755	2.31103098594	7.63272266304	
6.96695752411	8.93956387652	8.9996711232	2.52691505274	-0.663011333013	4.55230573582	
5.65128262658	8.66241082341	7.14708995257	0.00605809550343	-4.23515789677	0.981276515475	
6.07337975556	7.43383393797	5.8649503632	2.52372173646	4.97255882022	7.66854046298	
4.19826417609	6.71801003456	8.96659328218	2.51888144194	3.26642352281	7.93711658711	
-5.90327816561	-5.39902418383	0.563825351961	-0.444961025424	2.16447393065	0.918143120336	
0.360632081469	4.33177540132	-0.833817719655	-5.16962536498	-4.33954786929	-3.27269982822	
8.77579773877	8.51114526626	8.01528001469	2.52285868158	0.322474096823	6.79471526029	
8.99876022411	-5.99876022282	-2.47154727869	8.99876859625	0.66840086413	4.88137490171	
7.40633291658	8.09824333949	8.83990335665	2.52304328451	-0.49698417345	5.84313283362	
8.95641245772	7.2375203791	6.56070497516	2.52283598192	1.97010178488	8.44203021459	
-4.01152751056	8.07758167278	8.91585712875	-4.61604520807	5.97670372215	8.14623535689	
7.56865483074	8.23096278898	8.99412086407	2.52303095781	-0.654413206449	5.86953609941	
7.04105686117	6.69722372283	6.86107215389	2.52284181967	2.0851155524	7.48234637494	
-5.99729174907	-3.17200866575	-2.31596941082	-5.68203885	0.735752882731	-5.2224334228	
6.61273947268	1.88450147115	2.52731792541	7.28626007329	-5.67223554318	-5.29666798975	
7.19169154476	6.91054459312	7.9986484002	2.52284873428	0.565460587413	7.03757456283	
8.99958545973	8.19510918566	7.54323332292	2.52284197992	0.804852743285	7.34488771821	
6.81628828659	6.83395609219	6.10279387126	2.52285851658	4.56052075363	8.83795716122	
8.23518268502	7.47167582418	7.19899339343	2.52284195656	1.20369502692	7.35852068228	
6.12572012515	7.63374989764	7.24871013002	2.5241279009	1.13551041872	5.06721554992	
6.30225632758	7.01851216698	7.81736004981	2.52298912836	0.686697919279	5.97998036649	
8.71855102134	-5.91934185882	8.53875670308	4.65687086027	-2.87342841049	6.43904473523	
7.50393643851	7.63550274353	7.83325906549	2.52288957476	0.536636467323	6.43060701183	
6.2926658574	6.40653011043	5.6440790849	3.47362646628	6.06372391924	6.30648754781	
6.44087357779	6.53177031871	7.9115461795	2.52283640125	2.3232322843	8.3362126797	
7.92809215217	8.23051418061	7.9710257734	2.52292074784	0.371225338886	6.23207569442	
6.83749371387	8.11352623094	6.83707478724	2.52363491371	1.54930333231	5.3018832605	
5.03630249259	7.96547746098	8.99999977353	2.55992798481	-0.616028441056	3.61003559661	
8.27463161863	-6.0	-4.13487034388	-0.207167379216	3.41636717721	3.89410478799	
-3.11940018796	-4.09857430471	-4.1819939081	-4.77514172194	4.97160417751	-0.0374786065645	
7.9680678638	6.70248755521	6.68828762231	2.52283611052	2.32595707936	8.47215625741	
3.80946449793	6.54530074325	8.65441813806	2.5240255714	0.988330221131	5.09804710966	
2.31371719517	1.44082836297	0.201594522943	-3.35449638905	1.69449840038	6.72967909633	
5.87990703323	6.58489673971	7.26477815458	2.5228646317	2.07342279639	6.82551382041	
2.81766082618	-5.99780605326	-0.0579649744097	2.90802145716	-0.267835453435	7.20241844809	
3.55135900554	6.52324552456	8.99999976875	2.52286160447	4.77957100106	8.99999525984	
8.00204099819	8.20615853774	8.48411227499	2.52290335727	-0.143465782757	6.32879295325	
7.77029146212	7.15981079311	7.66942533775	2.52284350454	0.782823009758	7.25505286982	
8.1356949924	7.28534176968	6.16786977509	2.52284038279	2.57056607439	7.7811159608	
8.96252450567	7.8791112452	8.99734712952	2.52283873748	-0.646856513604	7.62623249674	
8.25991945302	7.73762685549	6.3640458377	2.52284756333	2.14608004304	7.22473827047	
5.95736591441	6.52547745182	8.99163014989	2.52283623941	1.62993866023	8.24578839119	
7.50815331018	6.72705391304	7.49883223052	2.52283800925	1.28172756502	7.75398854128	
6.21233177534	6.52807104623	8.88181477548	2.52283636847	1.41080582777	8.1692123217	
7.83189793087	6.5887423731	6.99594127743	2.52283566163	2.45388187589	8.88531040731	
3.49348959502	6.52324586276	8.99999945221	2.52286540599	4.64814821007	8.81069928835	
5.73740279573	6.52473267158	8.49782920393	2.5228364473	2.48561653617	8.38844677425	
-1.06626703069	4.93475507484	8.99999966611	2.96915276695	2.44430633503	3.21337127259	
0.300782793904	8.70504769839	8.02213598929	-1.0451750483	-4.03738040494	-2.84060122595	
7.96280795762	7.7160945113	7.77205589205	2.52285834324	0.592307696464	6.80338604953	
8.9463037069	7.1124622895	6.33100680445	2.52283578522	2.35303806518	8.71021785966	
8.85316990117	-2.87859310557	6.96191420359	6.84484136297	-5.92615585227	6.63453829127	
8.29268235516	8.98962714806	8.85718362289	2.52305071821	-0.524496651515	5.82785881811	
6.53177102498	-1.50278022799	-3.96527651869	2.86725427606	-5.9992247972	-4.07653492436	
8.2164477563	8.20862949267	8.06624240641	2.52287708806	0.275817168696	6.5421681085	
2.62010241359	6.68232514258	8.99999976875	2.71438156497	0.032968673878	2.97152762011	
8.11730641544	8.00841746936	8.99043584522	2.52286799708	-0.645038651231	6.64658550083	
5.91052510637	6.52436703741	8.69893731423	2.52283591391	2.31226724054	8.5896940676	
6.2610694567	6.55433464396	8.99970085586	2.52284125589	0.491837368769	7.39059913936	
2.42365239816	6.62967280611	8.99999953358	2.71243815745	0.178762807172	2.97542238362	
8.85033014539	8.82530368068	8.30609793568	2.52287610496	0.0280299959536	6.55144564924	
8.52110488557	8.99978648347	8.93814063975	2.52296561907	-0.605620083714	6.04604069691	
8.50235327003	8.15720690423	7.79952709718	2.52285447433	0.545755705228	6.88274205172	
8.91934337786	8.4289865891	8.08152731564	2.52284917967	0.25677729617	7.02097957874	
5.6478280684	6.52587389253	8.93476468544	2.5228375142	1.61995160102	7.86900030578	
8.66082790196	-4.10810151094	-0.954684079932	2.40338750758	8.97533487495	0.313344701557	
7.83470381088	7.92274652967	6.7070171051	2.52288638745	1.70232031737	6.51357551998	
8.09397278797	8.78999317837	8.35021094197	2.52304986232	-0.0158558118967	5.83045223581	
6.08121780735	6.52474815181	8.47131521569	2.52283583153	2.52954609203	8.74966248945	
7.94717933408	8.04077726146	8.0698630733	2.5228875532	0.276546126153	6.44509107671	
