6.4608750613	6.8114979155	7.9730866623	2.522882497	3.80613431926	7.79132094568	
8.99905088599	8.7765030295	8.05727516727	2.52286118423	-5.97853262715	6.74782657687	
8.09855210458	8.73333517406	8.83603684238	2.52302147327	-0.716361909995	5.89107538843	
8.53542939413	7.29251964144	0.684576260981	2.44392068803	-5.02572816197	8.99999976841	
6.72689004589	6.96463447019	4.96062960653	2.64541270725	-4.58874029952	4.18060286043	
8.11053739301	6.3622330608	6.39471993996	2.51333234724	-5.56094908945	8.83251714233	
6.16715030697	6.56577487169	2.26628195718	2.64308412714	5.53175173482	7.63852171735	
6.32772563255	6.87644403241	8.15108294624	2.52292072324	5.09081436925	8.79738151045	
8.03176278935	7.50458943385	8.67952039497	2.52284686286	0.173557675332	7.09985041398	
7.83594959954	8.4864988762	8.54768748802	2.52302746269	-4.88137740723	5.87708018854	
8.84636136489	7.86258577574	8.99555759944	2.52191020915	3.80495198936	8.94186808352	
5.43141759226	6.70836021513	8.84926261221	2.52312091381	-5.99926736442	5.70500486177	
8.49029935654	8.98445962728	8.99567827218	2.57060092349	3.99539139633	6.42567132107	
8.17195230643	9.0	8.99995262622	2.67004853828	5.66604076443	9.0	
8.60985940601	6.30056943545	-0.941831539147	2.66734126069	-5.20437577194	8.12228167515	
8.71698099174	8.82165594293	6.91141941053	2.52289030853	-5.98220522479	6.42034967141	
8.79835365433	8.62520204661	7.63584157065	2.52286414375	4.4646571869	8.64617693795	
8.84450193682	8.75884376675	7.33895071939	2.52287076945	-1.42490502802	6.61107406614	
6.30448266983	7.09789663085	8.99999972759	2.47251639328	-5.48163983493	8.99999999315	
8.31416218879	8.82140867289	8.99852366919	2.4681101439	-3.51707217893	5.9020858363	
6.90366455021	8.99987948289	5.57916379149	2.49551505272	4.15183226917	6.8321456235	
7.94871575291	8.56649718273	6.18917462499	2.72384331186	1.04631363028	5.82059914655	
8.07511381203	8.46787122837	8.00341160269	2.52294123117	2.99161789337	6.7308061468	
8.87690618692	7.22755197038	5.51674469589	2.52283609293	-1.63718223564	8.26770518246	
7.06993083439	7.5128331465	8.83636240888	2.72056714533	4.12052425781	7.12065743941	
7.16974328622	6.63301057473	8.86817060498	2.76205336888	3.22516047688	6.02338117357	
8.42721208115	6.69017513108	6.5427605697	2.52283556809	-2.04189152985	8.75505716258	
8.99832476622	8.96181995481	7.74955850425	2.52287499689	3.26866649249	7.37845232409	
6.28397734712	6.65903020645	8.30985616666	2.52286297307	2.55860830243	7.03711684984	
6.42047008084	6.56004031718	7.7224650143	2.52284022987	-5.23314532142	7.46900180132	
8.77401857503	6.91267098192	3.06640155359	2.52991159039	2.24843057709	8.21696161191	
4.05379173336	5.78926955088	6.57089958901	2.68660515466	7.05940039889	8.02327014735	
8.76874310111	8.58630609332	7.50206404615	2.52286353607	4.08983296907	8.28763557095	
5.75363668007	8.56151768372	6.010278492	2.52123646924	6.23326829295	4.71461741913	
6.15101114699	7.08781584434	3.24452791716	2.52430101428	-3.75275107822	5.56685076569	
8.2520239433	7.11506325221	7.05814127083	2.52283766048	2.75126078761	8.21815507795	
4.73030202011	6.25690066389	3.13254185458	2.552621436	2.37366876971	4.76641452082	
6.70231748297	6.76446042136	3.13120183169	2.60622198375	-5.71840152934	7.28592004569	
8.88000145528	8.98469121314	8.14628690822	2.52289038625	0.824873804219	6.42828534792	
5.86104513594	6.71235964229	8.90829546094	2.34999745556	-1.44129266158	8.99988796614	
7.408129985	6.92305562195	7.56911520366	2.52284384533	2.62583264773	7.58382738875	
9.0	6.63002046008	5.77511590028	2.31178984209	-5.99912952835	8.75786613538	
7.8575308824	8.99999976875	6.07847687339	2.33482833108	-5.99570525651	6.45093312752	
3.08591847051	6.52286869778	8.2770829924	2.52283551741	-0.966883926475	8.77899209612	
8.42646653817	8.37780821433	8.23117722494	2.52287359747	-5.98189710387	6.57762361214	
8.93329804317	7.14025073902	3.10527214764	2.815772637	4.61080659955	8.42050533814	
6.23546292224	6.62571098517	8.30610872498	2.5228577388	2.94199044038	7.36794833027	
7.04139666397	7.0319994937	8.3170846475	2.59666431935	1.60373455589	7.82963146495	
6.78994185472	7.11975237405	8.98691373674	2.52188177608	4.31569847044	8.43863915632	
8.99999976875	6.78421969882	8.99999976876	2.53973277005	-0.183073308518	8.95441271421	
8.94370776603	7.48187735427	4.7936688975	2.57710565904	4.57926390407	8.88965015108	
4.92661302404	6.79413402687	7.87668664807	2.52432497249	-1.80519189109	4.98829195324	
8.1679012673	7.09286453094	7.1521107895	2.52283796902	2.92396509585	8.28038665496	
8.47465803561	8.97812886047	8.99993411101	2.60757957796	5.88704254218	8.99990874968	
5.98699967554	6.55416908454	7.96848203603	2.52284646988	-5.98743883115	7.11317726166	
6.34726818432	6.58208227164	8.32728337999	2.36800368964	-5.4068893945	7.32565816464	
7.0769679447	7.31382374355	5.46576298888	2.52289850481	-3.6198332546	6.36259363383	
6.95721832155	6.26345110483	6.49960365137	2.52995007754	-0.794200958666	7.31107412632	
6.37123558694	7.09168036699	8.99641000671	2.63078112738	-3.61752294893	8.99996766014	
8.2083536006	8.99999992632	8.95575231953	2.33639154994	-5.68995878916	5.93289692866	
6.69857568796	6.40149425445	8.85273789881	2.72274782781	4.10757915619	8.89038365767	
8.63059786079	8.2830103408	7.39936227695	2.52285444128	3.09771860521	7.55539206406	
7.55307349983	7.26769937952	7.67971484845	2.52285377468	-5.77911210989	6.89437321014	
8.96581709054	7.88979089542	5.72980287526	2.52609972238	-5.87673797008	7.20523872412	
8.99063927027	8.65748999163	7.047803453	2.51861403316	-5.64208877411	8.43637547519	
6.39177022937	6.52603422665	8.41253465936	2.52283574097	2.64275918297	8.89271542549	
6.48427897536	6.23180353132	4.18599503402	2.73263209773	5.80267381504	8.27577408121	
6.98395432529	6.5274158484	7.75221834859	2.52283547271	-5.97832692642	8.95923124889	
9.0	9.0	8.13431726936	2.47555387847	-5.84342311261	7.09312234415	
7.95628984524	8.99872148602	8.99993271177	2.52331269986	-2.77722553738	5.48199060464	
6.83265170882	6.70819946829	7.80346162731	2.52284659965	3.49207829897	8.11998601167	
7.33027562014	7.733081104	8.09056917305	2.52293822395	2.54920245429	6.4620443846	
8.23658987807	8.95822992174	7.82538511088	2.52306318724	3.36228936258	6.70076939003	
7.300193901	6.69854963951	7.67815661964	2.52283892982	-5.6049539339	7.60237434538	
8.44870974018	7.92459087727	3.33649497669	2.56727683425	-5.66117301701	6.01936587359	
5.58193833507	7.08108105573	6.51487426424	2.48911374686	-3.1198742902	8.73288628237	
7.44670272036	6.53714495718	4.73205536599	2.5228365945	-2.70159839687	8.91828710018	
8.94838383408	8.5395036993	7.28804356347	2.52285205527	3.35423201941	7.82703179441	
5.96337316811	7.22772133557	8.19716436098	2.52347618684	5.92796507127	8.75864951926	
8.57684956841	8.6969798342	8.68334038876	2.52289219623	-0.910371732199	6.40584628256	
8.67783021865	7.15473308985	2.24159189565	2.66504341505	3.48587221447	8.6779223244	
8.99987310004	8.69982195673	7.87945613492	2.52285693253	-0.613065377562	6.82611286329	
8.09546305447	8.85378252042	8.31141323651	2.52308296707	2.36213278949	5.99456069713	
7.71366710853	8.78922071166	8.99634603391	2.52334943046	0.895910544422	5.45989666238	
7.31091128561	6.54647361531	1.70960323255	2.63212492997	1.4919965976	6.45914086122	
7.06466492135	6.52788898683	7.74302147653	2.52283545944	-2.47510741431	8.99694085822	
7.95554887443	8.72000284069	8.13392911998	2.5230859579	5.44476307714	8.68339184811	
8.61601833447	6.6729763093	3.62031519582	2.52283568998	-5.9977238325	8.99999305249	
3.28237059931	8.43632693744	6.20585284805	2.44768305064	-6.0	6.23369623053	
7.53528098299	6.79719361208	8.87383519719	2.73247196444	0.391513057265	8.64441567303	
7.29607135252	6.3585647506	4.24397249374	2.51635882901	-5.49761999738	8.68291543847	
8.54615434176	6.96209667048	3.22372265433	2.52283894342	3.12272071754	8.99999976875	
5.07121439026	5.99532262754	8.99906871916	2.26476299493	-4.43426918254	8.99548071042	
4.77122549157	5.68126863613	7.27190202777	2.54984585479	3.36466569901	7.58652228055	
8.33056486851	6.66630130802	6.39208712433	2.34338799998	-2.73744716506	8.99999980192	
8.99994507493	7.18497761172	5.62730816517	2.35967622605	-5.66778750409	8.99994523453	
7.8026335193	6.55388763316	7.03104522985	2.52283548252	1.52854805329	8.97464073601	
6.9455098806	5.98739160181	7.88926794041	2.6092893141	1.82385710106	6.32340718564	
7.5980220917	6.85611183151	7.41282161064	2.52283950517	3.19135421144	8.28869203156	
7.98283552061	8.51109308619	4.73649703059	2.65302271221	2.65546493873	6.17513674251	
