8.38741394214	9.0	9.0	2.47335737047	-0.789937568807	5.83333731073	
7.49613256004	8.19404453004	8.96569208978	2.43345791738	-1.06700439857	5.59613474558	
6.46011122983	7.01093502615	8.37879164787	3.10630369569	-3.03849307702	3.52294199577	
2.92092741138	2.07198225612	4.83297214838	-0.914211045502	-5.87427255661	1.94149150475	
8.0467220024	8.97545775279	9.0	2.42732697217	-0.686017302658	5.66175521705	
9.0	7.26021413152	6.25317613146	2.29146627117	1.30270650206	7.85678553624	
7.75004308374	0.634911499811	1.06970026053	-4.73991132471	5.99182913305	-1.90432851958	
9.0	9.0	8.35421863338	2.73903585328	0.619433669285	6.9886468907	
0.820805743482	-6.0	7.35444667241	-3.1420641022	6.3501975446	-1.42343979994	
2.59853664903	4.88051266033	9.0	0.632252039306	-6.0	0.752099475584	
-1.64870385428	0.204445280852	6.47040162377	1.55571467506	3.15170487364	4.67568006417	
9.0	7.14219737305	6.7302360951	2.72411275752	2.55815693348	9.0	
0.341668334284	2.79273161855	9.0	0.886982147055	-0.835551509303	5.24017667679	
7.48594771827	7.20224213523	7.92845485477	2.39834071074	1.1835311687	7.7345543466	
8.43390567333	8.93007908056	9.0	2.75488072325	-0.0637126062974	6.51424202968	
8.72446363828	7.27367490377	6.93097533183	2.59667782851	2.43007595185	8.96279526036	
6.37472054895	6.24178865473	8.31812577118	2.4482686046	2.23793379529	9.0	
0.428803458455	1.18486330724	1.64089374299	-1.36625169762	1.50900668466	3.13007320303	
6.1445599381	7.24483019213	8.99909546129	2.36228428269	-0.617924732507	5.60046830489	
8.6158896109	9.0	9.0	2.76096210644	-0.331948040981	6.29220909294	
8.81825715406	8.66967153975	8.42324361921	2.60652570957	0.433026742981	7.09522715931	
3.83517606034	3.81868701543	9.0	3.84285336657	-5.63514011323	5.78701652207	
6.097691099	6.83614371563	9.0	2.45485983911	2.52338524619	9.0	
9.0	6.26263490363	6.63677990551	6.55824003061	6.6028530686	9.0	
8.46134593725	6.98507388162	7.13455542184	2.71669250884	2.39678716871	8.99608183674	
3.61083681113	4.36039694524	6.04827207017	-1.31885925104	-6.0	1.63205235541	
7.71297035623	1.36980062825	6.66434137766	0.276947244249	6.96094189674	-1.79710001867	
9.0	9.0	9.0	0.0399912000422	-1.64536784206	9.0	
6.47620318678	8.35242518503	6.30655777975	1.13793220034	-5.0913380897	-2.29596152625	
1.83748103038	3.34823442891	9.0	2.06231036519	4.02067864301	9.0	
9.0	7.74183727106	8.2819206424	-1.55935952869	-3.51626519674	9.0	
4.40717440004	6.05791492424	8.66226104646	2.62576334811	-5.96212417561	2.26181274489	
8.94028815161	7.99284216184	7.10408079095	2.38052052646	0.862504863383	7.44007186312	
3.08457567376	-5.90296431206	1.70040296723	-2.45309628143	0.444174411604	6.17860217379	
8.8393937449	9.0	8.99586962327	1.40670040675	0.195354406306	9.0	
9.0	4.43708427245	0.17977461873	-0.647577978867	1.3984517931	9.0	
9.0	8.16167250605	7.1819646019	2.31237336693	0.427253786073	6.80923815619	
1.50001460676	-0.0848701506894	9.0	0.854967421114	-0.815593158637	8.45521447461	
9.0	7.47185897781	6.75835437625	2.60582575489	2.82140610246	9.0	
9.0	8.79520836297	1.44376323379	-3.5309542058	-1.42139484958	-3.5354073051	
8.99279932307	7.01162224647	6.10609504289	2.27139867558	2.35347058715	9.0	
8.8644646364	7.10808813537	6.81501497179	2.62398215463	2.26235483161	8.99891864046	
8.4979355919	8.95656864113	9.0	2.68083724971	-0.653169127583	5.8440947065	
8.88195697454	8.17996796922	9.0	3.11380774461	-0.0619629965177	8.81826594347	
8.68538520047	6.05274188238	9.0	5.69638059772	1.88702709925	8.87901599027	
9.0	8.99998883389	8.38499476911	2.75635186263	0.504574712558	6.74285523315	
8.77018314047	6.23549889649	3.26538350436	0.116472595598	1.95131461054	8.8541576352	
-0.0345801149165	-3.96800219096	4.11468429537	-0.326984049063	2.63845413118	-4.20861623004	
9.0	4.30087274392	-2.48022878424	-1.98954111985	1.38957889802	8.21950144903	
7.89123741637	8.99857592517	9.0	2.30911295854	-0.797731003132	5.49406092927	
8.38812761655	8.99928064279	9.0	2.79150220271	-0.120997427006	6.16589301135	
9.0	4.70816069242	2.99805692027	-2.05226867765	-6.0	9.0	
9.0	8.96563239064	8.32177584205	2.6452947561	0.886987354675	7.13921824847	
-3.59696729884	0.506642371115	4.56263826119	-5.59326336827	2.91944961161	2.6241055421	
3.36779708883	8.68303164376	8.99273371143	-0.498385420696	-1.09633983285	3.74307951707	
9.0	9.0	7.98766309949	2.52254350107	0.462938369542	6.63027113844	
3.64243637075	5.27701978476	9.0	1.37593927749	-0.37338230065	7.68747072324	
3.41928216575	5.66211169712	9.0	6.71444634272	9.0	7.76426443833	
-4.62363533046	-5.28827377673	8.01161409336	-2.67451905826	8.18491983085	7.43865699126	
5.54561767421	6.3559976198	9.0	2.44653665604	0.829941920834	7.26667138306	
0.859789817562	-3.32069853941	2.56345040105	-0.94134353584	-0.891096771339	-5.96110203843	
6.38211856636	7.01621936381	9.0	2.48495480824	-0.924062391654	5.71171817589	
8.08348272571	8.78488717025	8.9887317146	2.57195075431	-0.106922459526	6.18934579952	
6.01443781953	6.42784887769	9.0	2.59413599833	2.25264943517	9.0	
6.84575828674	7.84034173027	8.99803295073	2.40662978629	-0.512751532746	5.65060315838	
8.29725519954	8.70703899819	9.0	2.79504232907	-0.167511342609	6.47736432124	
5.8166388084	8.56969473596	7.90524145118	0.85494734352	-3.6123582127	3.65889382935	
0.685357211927	4.5643274612	9.0	-0.171823387919	3.76820988924	8.6515453456	
8.91455471197	8.96327377735	5.76792860723	1.14676570194	5.0181450867	9.0	
9.0	9.0	9.0	1.71698370654	-5.5342746798	4.29723492306	
9.0	8.58888375201	8.11988384783	2.65445664204	0.878669090897	7.47383050616	
9.0	9.0	9.0	3.43336000952	0.326857843594	9.0	
8.48552794444	9.0	8.98319040878	2.60028978832	-0.268455958639	6.34440067909	
7.29197857928	6.69680323058	7.37036640297	2.3210178953	2.28002791805	8.63219514701	
6.74172629671	5.99301190926	7.24681876076	2.32158582715	2.22045557988	8.60662159104	
9.0	9.0	4.95697374003	1.32850754846	0.247640271513	4.06565471684	
8.90596465929	9.0	8.66664987309	2.70951427163	0.116068950766	6.87158263369	
8.6768944823	8.99760960885	8.95453982074	2.61962178035	-0.289742729102	6.50277594394	
9.0	6.1929009768	1.569578428	-0.485406113989	2.92276813099	9.0	
5.06725009955	2.66570504758	9.0	1.9200391223	-3.68520795319	5.21415263048	
9.0	9.0	8.30765306775	5.4520778595	3.20549550921	7.44029736009	
5.84088349962	9.0	8.42147602113	-0.638647500494	-6.0	1.67442466851	
9.0	8.89657672555	8.33948486034	2.40943061231	-0.303615755912	6.39509450915	
9.0	-5.87439173124	7.19926092607	-5.53481075321	8.663256749	4.68207076415	
9.0	8.52472235846	8.07326966361	0.891523900666	9.0	8.07609078907	
8.93791864816	7.33405968782	7.06124883541	2.75668692818	2.18292508737	8.71384616104	
4.21308597595	5.63280694227	8.35221636589	-0.171810810655	-1.11300496078	7.10815772294	
8.36138563936	-1.58607768416	-5.79877564351	5.0105082331	8.90104348328	1.59430865938	
8.63053188985	8.97213929682	8.99844105638	2.80576464136	-0.203251828817	6.38634015691	
9.0	7.84496543039	7.02982331343	2.43419572581	1.72390118154	8.28585255105	
5.35731353705	6.42497089728	9.0	2.44930776512	1.57664782384	7.74190059757	
1.06881850458	1.67606832885	3.25270940184	-0.290259963086	0.188042463195	4.61351898817	
3.89718338972	5.82418957397	6.1612796506	-0.0240810830826	2.31919715868	8.09219754838	
8.70189634564	-4.26806777086	3.39107104104	-2.70341550007	6.61366227421	6.48019091786	
8.97747343958	8.04795157295	7.13362800536	2.26389518813	0.616974640339	7.23588368322	
4.51927221905	5.76341398187	6.65871423621	2.46321866489	3.06314761951	7.64807390619	
8.89319448647	7.84148603695	8.62553890383	3.22763042445	-1.54682758557	7.57529451184	
7.89456962605	6.62677482116	6.79962960409	2.32121234036	1.36508396721	7.98694034106	
9.0	7.50450559719	6.65824862763	2.46118245678	2.6578237589	9.0	
8.98865528592	7.62224210509	6.8540919673	2.59717137422	2.6915917553	9.0	
