5.12250043555	8.95947099387	7.50259287452	3.76202168465	1.6940619334	2.41069377335	
1.59061054845	6.81558503711	7.48559766605	9.0	9.0	2.87002922608	
9.0	8.1304036858	6.35445700799	2.3853531214	3.58708749554	9.0	
9.0	6.72906953546	9.0	2.45994426824	-0.605816662162	9.0	
5.12206974537	9.0	7.87425297662	9.0	7.14109691132	2.75385684596	
5.03313927633	9.0	9.0	8.97096764245	6.02523524968	2.60229388818	
8.16785162724	6.66687388321	9.0	2.26444979006	-1.21765558071	7.82853257756	
1.12149478484	6.4201851974	7.31622848793	4.98842520307	9.0	6.71946156363	
2.57943372515	6.75310729032	8.30851088723	7.32335413487	5.11708250677	2.46215590075	
0.800324835137	6.49687017048	7.86967861073	2.82121131092	8.9114765891	8.97731491993	
3.48737855725	7.16969163455	5.99261345904	6.26446231541	6.20298674353	2.77203764414	
4.49699098443	8.44985034597	6.54803681526	5.4673434911	4.79424441331	2.5671197864	
5.5109664099	9.0	6.11331199623	2.54401833977	8.38675369614	9.0	
5.04584446198	9.0	6.96921651625	9.0	8.10418065233	2.64491365352	
9.0	9.0	5.28445057175	2.32956743425	5.22438570124	8.92045361999	
6.49998786785	7.05541255435	7.5927563153	2.43468084313	0.757339243737	5.93834616375	
3.41162292274	7.25049772236	6.10805665088	2.92688867961	9.0	9.0	
3.74645773292	6.15758147335	7.53899702043	2.47614309149	4.5254825936	7.88389156947	
5.92156322208	9.0	8.61535766179	2.29109924864	-0.710191903421	3.31722342504	
4.42649449251	8.72355226578	6.70610274499	8.4034381956	8.32421856432	2.89645543317	
0.419089995937	6.30527820101	8.0798393122	6.86547232282	7.32349124938	3.12694610365	
-0.0170113173029	6.8314347585	9.0	9.0	8.77996948257	2.64629413419	
9.0	9.0	9.0	2.38796790336	-1.42375448771	5.96226203086	
5.67491963458	7.28427896184	9.0	2.38794278124	-0.872600707749	4.86960884121	
3.03276436096	7.65398553063	9.0	9.0	6.70504975737	2.62074880187	
9.0	8.99935102165	5.5196523667	2.39100301527	5.07729916727	9.0	
4.6406472254	7.01909441877	7.50022808577	2.36878528021	0.720702950485	4.43081869886	
5.15096477291	9.0	5.93132115922	7.15294413009	9.0	4.47745493358	
5.18156649635	6.662900393	7.07115956796	2.44263599759	3.18717891483	6.94339492888	
0.056183538673	6.66857402491	8.17658836197	4.12015776997	8.91019044428	7.10828533734	
-0.384757710835	6.06819933326	8.99112817551	9.0	8.04225458964	2.31106170401	
4.66167356595	8.88556734886	8.09424082362	3.4296599641	1.17684896142	2.33481091652	
4.55463906233	8.66825667179	6.17361078121	2.84153429674	9.0	9.0	
4.00729430006	7.86295889554	8.88611423275	2.77818030184	-0.673695782269	2.48849905155	
5.05773429992	8.69043677155	8.90255556056	9.0	5.3686667629	2.49659614853	
6.51930748316	6.65039072028	8.62555353918	2.5673562037	2.29170959625	9.0	
7.54833461783	6.2236244837	6.86933937527	2.48329815255	1.65261354816	8.08375992476	
4.77417343138	9.0	6.22972752103	3.75973027046	9.0	7.78229052087	
5.06567428709	8.71219673751	9.0	2.47012004245	-0.482333252931	3.11796700407	
5.30354972182	8.95037587012	8.99404397476	2.61879299923	-1.09105537364	2.54425173285	
5.02439200423	9.0	9.0	9.0	5.73851645421	2.40630551024	
8.93101061912	8.57151546373	7.49451375472	2.30773294313	0.366993860952	6.70788111244	
5.64068967826	8.87648946406	6.21530014203	2.74289429384	7.15506307465	7.85025643141	
1.99996280593	6.24327817754	6.16008754918	8.05997162649	9.0	3.52774446569	
4.18526779734	8.17078708923	6.14804195106	2.73089112374	8.76314314041	8.65936990645	
5.50428616223	9.0	5.65219388902	3.0336562887	8.68813163265	8.49693523289	
5.53135460384	8.78000682616	6.08109530807	2.71429753007	5.03074686904	6.0671150103	
8.92394782902	8.31234861439	7.6905203844	2.29497117088	0.156489395657	6.75580124265	
7.07190910231	8.99053356164	8.8679226356	2.3266273976	-0.761185594258	4.60273555458	
3.76221121459	8.03802884046	6.15402665629	4.10171709019	7.01218289546	5.61759952973	
5.22714115333	9.0	5.3734856619	3.47627100458	9.0	8.0516667869	
3.64312552683	7.85333811644	9.0	6.06656779298	3.41670899067	2.79866446593	
5.02898190328	9.0	9.0	9.0	5.72048466896	2.35321963233	
6.74995428895	6.99249198142	8.82800258889	2.61170297066	0.0363594610717	6.85309568902	
5.9124062176	9.0	6.06343143872	2.85800575937	8.19100059861	8.89286034486	
1.89343947448	7.06095748342	8.14184921307	7.77631372208	6.64278115095	2.52500529812	
3.96208433556	6.7270843046	8.60952411624	2.39416939422	1.89607615467	6.08122423438	
4.17099637445	8.52031686378	6.48116077892	8.81299962772	9.0	3.01547239482	
5.21505417839	9.0	5.92074977594	3.56502208527	4.54939272643	3.6278432901	
4.81421090513	9.0	9.0	7.04618132721	3.88596570018	2.5118640785	
5.1348339338	9.0	9.0	8.47631923757	5.50833518978	2.61456922235	
1.51551310849	6.84210438036	7.04278647022	3.24684604576	9.0	8.17636258318	
2.62156167638	7.10610571898	6.47821981441	3.59369611718	8.80154941519	7.97748658552	
3.43359696994	7.27999644316	5.83121989361	4.96501823007	5.35708972192	3.06397872442	
-0.473016405758	6.14454892248	8.85183589578	2.68992027557	4.22179126563	4.5773915649	
7.79462596253	7.70376359084	8.21413182169	2.67996484993	0.701076756304	7.22089059514	
3.84001128114	6.73786618444	7.79213261095	2.73011387915	2.53624832763	5.62431020433	
3.78289131994	6.76414630853	6.30875178941	2.30652749206	2.32060000856	4.01181640425	
-0.29110090762	7.0262599939	9.0	7.542121896	9.0	3.9529440739	
5.04554000822	9.0	5.47194685809	7.69234733954	8.84790414806	3.43669453133	
8.55824171612	9.0	6.78333359901	2.49927925487	1.95893445023	6.63256753901	
2.2248521875	6.65266087491	9.0	2.33223588685	4.8749817521	7.85828707279	
5.19526665061	7.19073542132	9.0	2.72735145694	0.502748066525	5.2986429041	
4.79927904558	8.99756861223	9.0	4.11234283271	1.14645344469	2.38513552972	
8.27027457223	9.0	6.64095775025	2.65811962307	3.05626678235	6.89831619881	
9.0	6.55786275975	9.0	2.50020024226	-0.708600957122	9.0	
0.31597396201	6.3492244154	7.63094638135	3.54767356915	9.0	7.93393101393	
4.47129234288	9.0	6.63782646337	9.0	8.84083022574	2.76551073557	
8.99566768855	8.47676997405	5.72078550952	2.47326455751	4.26500117239	8.9994002099	
2.75203728353	6.79925098212	7.56471543928	2.63172030246	5.87149049954	7.49060445175	
6.87733412703	7.25775820961	9.0	2.69739129333	0.580796266104	7.21946975014	
4.59935896209	8.37327871056	5.68052267082	2.90707836496	4.89253840026	4.73105780286	
4.20139156579	8.02188437281	6.34762226561	8.22027786877	7.43704175655	2.44670062413	
8.41867634546	9.0	8.83559201498	2.6361647041	-0.479105613902	5.8912522195	
1.75108540504	6.56019286984	9.0	2.52085521214	3.12951155129	5.45271476473	
7.44791491178	7.38280536863	6.8618204225	2.49903658728	3.33604811692	8.47501600238	
-0.157884221171	6.26432124801	9.0	2.75897133649	3.43586532196	3.99306757314	
4.58987129227	9.0	6.49931855152	6.86373230445	8.07544125177	3.82225882745	
7.60638864351	7.64673262365	8.51931536565	2.37083047655	-0.312619876289	6.59366859151	
4.01756149786	7.99578762075	7.93752623559	9.0	6.88841049952	2.51512344653	
6.74033115176	6.81746521581	8.69077539359	2.4146196404	-0.284052170301	6.36269681556	
-0.867052884477	6.16921360577	9.0	3.21650786254	7.17081419169	6.59114475574	
4.77165032501	8.48453729517	6.30578501682	2.78401869073	8.39055269685	8.93807082587	
4.6233528793	8.16229138871	6.17378790048	2.86873305047	8.4676596586	9.0	
1.75220203485	7.05756600865	8.65859107229	6.25900550837	4.87790712719	2.54438570844	
6.28728646304	9.0	6.0782952836	2.64188865481	7.80443416123	8.97373233269	
1.07527881576	6.20094039472	6.97217066025	4.53090938239	8.67057565237	6.48243813896	
-0.313956224223	6.1644149204	9.0	2.79912927259	2.50723664688	3.00375715318	
2.47178119931	6.52068687967	6.65445656084	7.27106095278	6.41950983158	2.67917716144	
6.19333981378	7.55420555646	6.45791791954	2.4349083608	5.69823862023	9.0	
