-4.42100451486	2.57253446912	8.22163709623	-4.69897400428	2.13626550333	8.7136451786	
-6.0	-0.257803349774	5.62531984446	-6.0	1.10063101464	7.89089542053	
2.10435189545	-0.375714357595	-2.67827167324	-6.0	0.500713969418	7.05159278181	
-6.0	3.17682054087	9.0	-6.0	-5.00730555232	1.78209796394	
2.72365901513	0.413620757557	-0.373685150008	-3.98309053636	-1.7076063596	5.10096751409	
5.25145557152	2.8537356815	0.19472213584	-2.97530685379	1.99476686895	8.18645026957	
-6.0	2.85133571125	8.75257145142	-5.8638391775	2.46744461363	9.0	
-5.83182122889	1.44476339649	7.18962749824	-5.9831092413	-5.99041460748	0.771087494846	
-0.227955326874	1.10289812608	3.66932751131	-3.28714024768	-5.02125936187	1.14043168916	
-1.61560342225	-1.94179610554	-0.555307646466	-6.0	-2.50025455016	3.82073702796	
8.95839924094	6.32438708081	-2.89458505042	-6.0	-5.97578769408	0.683236721317	
8.64027380816	7.93703975921	9.0	4.08662320197	2.45928986089	8.77505616134	
2.58151573546	0.310542094077	-0.605911737795	-4.01640648427	-0.117055117017	6.23495356336	
9.0	9.0	7.34710175824	1.52579931226	-0.95901792105	5.50177331738	
-4.51212262945	-0.459972795645	4.76157546748	-4.90524746563	-0.621000176545	5.84902650849	
-6.0	0.209743242441	6.08970040525	-6.0	2.33735712152	9.0	
-3.82524315892	-0.0937553725336	5.46580468605	-3.81732338042	-5.10633556539	1.23736092923	
-6.0	3.32586816444	9.0	-6.0	-5.00445035001	1.20520340639	
-5.12839709956	3.17148232534	9.0	-4.79498739824	-5.58720027782	0.482576829204	
4.04551277871	1.99275092676	-1.86132127328	-5.57965228088	2.65330072837	9.0	
-5.48074306469	-1.08768590916	4.23880545702	-6.0	2.27486413164	9.0	
6.58525472358	4.49861902915	-2.50856548738	-5.92959212535	-5.98982778731	0.20671207732	
3.96219012146	5.25504945459	4.06620778878	-2.91943045001	-6.0	0.447091025384	
-6.0	2.96314428169	8.91229151513	-6.0	-4.45327471596	2.24752286175	
0.734638352883	2.41578276926	6.10416305255	-1.46404197823	1.29579022748	8.13202681596	
2.06367833669	-0.95339990394	-3.17537818606	-5.99089786446	1.17045531435	7.94555559256	
-1.38111939407	-1.12744328649	0.265111596987	-5.75141524526	-1.82811421314	4.65199324539	
7.50342248718	4.93629656452	-2.86574680869	-5.99138722539	2.20084557537	8.54193376864	
5.76162518068	3.95247819906	-0.829733053918	-4.54452578816	0.832673442475	6.93164831716	
-0.41906984442	0.207074370524	2.5828203732	-3.7868518619	-2.22681675966	4.15881282594	
5.61696627588	5.04371553242	6.21932388627	1.26124533574	2.72068901429	9.0	
-5.94778873094	1.93268842018	7.768275092	-5.64086501906	-1.80567753355	4.54751796442	
4.94596303521	2.67825065755	1.77634229926	-1.57109904922	-1.28817130693	4.94617446364	
7.78280453428	6.07040807671	-1.68616834669	-5.63329206577	-2.81651584861	3.49317601871	
-6.0	3.01758888555	8.91323049885	-6.0	-4.57633214577	2.1790041903	
-6.0	-1.90593553566	3.62328699601	-5.98238695224	-2.77753304889	3.37250467481	
6.47253531701	6.09472945935	4.86970626574	-0.24099652648	-1.97014265989	4.13019512697	
8.45130460356	9.0	8.39949661062	1.9190290375	-0.900929663956	5.71353527659	
6.63784381174	3.78665429769	-2.26102594544	-5.05715309875	1.66950277916	8.28912641751	
7.10879295225	5.14699368814	0.98631096246	-2.63329690421	1.25596296198	7.47074038573	
-4.4397491865	2.090607049	8.4356239525	-3.95580709547	2.33393787517	9.0	
-0.680247499831	3.48879316792	8.94828736837	-0.811302686162	-5.80298788149	0.619750592498	
-5.8255828382	3.03243566119	8.57487207126	-6.0	-6.0	0.484529784202	
3.96236384875	2.39940564356	2.49959231669	-1.59292477826	-2.03251997044	4.20933383214	
1.02257214221	-0.264033588489	-0.592716451304	-4.99881464968	-0.838222357736	5.44067588048	
-5.98906221638	2.33510685623	8.1885648137	-5.68351040457	-0.737126091234	5.31366361769	
0.683333797786	3.76793682239	8.41067051353	-0.476880457008	-1.52508066703	4.84396594451	
4.4004725388	2.31829188418	-2.03508179938	-5.73627189071	2.69602892618	9.0	
2.24210929655	5.2533014864	9.0	0.128956956297	-5.08650734142	1.27921705628	
-3.44399673183	-1.70455879311	1.4549478772	-6.0	-1.51155332376	4.74072134301	
-5.40772700107	3.38798278407	9.0	-5.62835450047	-6.0	0.701364626002	
-6.0	2.98935137938	9.0	-6.0	-1.52277672623	5.14055909359	
1.12874518036	2.65361126115	5.60072783281	-1.5493571483	-2.94695676159	3.39068917794	
6.3891451581	4.20273991932	1.71090463305	-1.83975822176	-1.47582640254	5.2235521415	
-6.0	-0.91780236844	4.81205544683	-6.0	-3.1619960517	3.3051378459	
6.21195904878	5.67785870405	2.61075569075	-2.38532832247	-3.60646695088	2.5441656498	
6.94124582441	8.67001777708	9.0	1.40037462924	-3.3933793166	3.37210709832	
-1.67616749382	-1.45146192427	-0.0611522261038	-6.0	0.999348072353	7.26430994797	
-6.0	1.03438615652	6.72599000987	-6.0	2.42364522147	9.0	
2.64490701419	0.8160379655	0.799820631742	-3.13383187658	-3.72859598175	2.74778278666	
-5.77440982587	0.257725040313	6.06980516921	-6.0	-5.3386101448	1.31513569844	
-0.537139654889	1.44712461677	5.60868878203	-2.33615922531	-2.04491637476	4.65211693925	
7.12389213346	9.0	8.99686257706	1.38074050638	-2.86438199686	3.57410954811	
-5.3429534376	2.62371681259	9.0	-4.7730987007	-5.89661785932	0.603687623519	
3.87014208826	1.79070095552	-1.96734468037	-5.76421350516	-1.39300007303	5.05459569518	
8.52972253258	8.91113645439	9.0	2.69016968948	-0.682063188255	6.1748813721	
-5.98007508515	0.11286025858	5.82939077879	-6.0	-5.87171323854	0.808258527434	
7.56480451116	4.73827929875	0.230711484938	-2.93897556906	-1.20458487441	5.64685476301	
-6.0	-1.59501367211	4.21213158189	-5.97812284787	1.58319679817	8.32234287537	
-6.0	3.39973426946	9.0	-6.0	2.55312963171	9.0	
6.26339676126	9.0	7.5488583049	-1.11539250628	-6.0	0.666490986439	
-6.0	-0.950647313458	4.85837003062	-6.0	-6.0	0.469533340334	
7.92084666932	5.27758192573	-1.20055242036	-4.32100596071	2.25508987091	9.0	
-6.0	3.11997321074	9.0	-6.0	-5.72359070691	0.903225570717	
3.6567838677	1.93940919288	0.926147115395	-2.89836152218	-1.75705342702	4.59331289369	
-5.88216676646	0.244220033844	6.15312047656	-6.0	-3.70258747083	3.18938391389	
-6.0	-1.03226270825	4.65589899278	-5.78338399225	-4.10336436257	1.98904475054	
-5.09183515514	2.93932229118	9.0	-5.02066313114	-4.42511995571	2.13502532192	
5.64236875074	5.38313684543	1.53753472104	-4.04650256089	-6.0	0.562136969245	
3.65514573319	5.4445706083	9.0	1.68165466724	1.43731241399	7.59728924056	
-5.96132276269	-0.205299997019	5.43739207579	-6.0	-2.72020142842	3.55314218879	
-5.9232570204	3.17471301726	9.0	-6.0	-6.0	0.796684669111	
8.66770584855	9.0	4.30946076272	-1.74436457004	-4.57082198325	1.86526155519	
7.49751237899	4.51490407331	-2.67924244857	-5.64103909584	1.31049980777	8.05743926812	
8.50164768913	7.1646981825	4.77211205536	0.251666622857	-0.964345966741	5.69956931739	
6.16476724064	3.28635415136	0.881172871524	-2.13045836036	0.305207333567	7.05510239085	
3.83773709098	1.76685239433	0.984951947259	-2.92778712198	-2.63207116726	3.97574360599	
6.08539612779	3.22800256214	-0.858873294184	-3.66225856394	-0.940846055763	5.53329410048	
-0.402834877584	0.804498266829	3.78139691772	-3.0462635298	-5.98784649808	0.408874460989	
-6.0	3.20414380762	9.0	-6.0	-6.0	0.623373467773	
-5.33568069719	2.86926224154	8.99080443353	-4.97212050858	-1.16360054928	5.31894561098	
-6.0	1.12039232121	6.87146260273	-6.0	-6.0	0.361779371704	
8.99502057721	6.31428493961	4.22685520073	1.20412453234	2.44405901388	9.0	
8.00578927231	7.41941665623	8.95971158012	3.73588276454	2.33090995878	9.0	
8.99808488401	6.6526935608	4.67045878642	1.34120878464	2.84286327159	9.0	
2.66580169171	0.224858595476	-1.36102299747	-4.59017905745	-0.994992391034	5.35990038426	
7.13982601871	9.0	9.0	1.32368171825	-3.13635972421	3.19320416373	
3.09699833422	3.22391235742	4.82679196626	-0.854337068386	-0.00912963072443	6.35764451822	
2.11277499706	0.379886600696	-1.98189478215	-6.0	-6.0	0.34334810875	
9.0	6.60394504861	-2.57441842439	-6.0	0.711997421687	7.18612823067	
