6.18268388269	3.21023711419	-1.44172226361	-3.67576816158	2.79486149486	-0.791868242381	
9.0	8.81380528985	6.48796731547	0.871404337356	-0.030476199323	-6.0	
8.36786714405	8.7908951691	8.99106944667	2.5307187656	-0.59546245996	6.08136921288	
9.0	9.0	9.0	2.75500113833	1.24606698051	8.44501213854	
8.98456685638	9.0	8.01230277729	2.42112657761	0.234406073276	6.49723344789	
9.0	6.35245510613	9.0	6.09355061756	2.80515782675	8.73475086136	
4.94587854705	5.44597496719	8.22886611996	4.47668256988	-5.41279205362	-0.0789522021928	
5.37474960994	6.28590131448	9.0	2.23985473945	2.47507655704	9.0	
7.93106453949	8.97367157301	8.52907723028	1.15240015406	0.0473166972088	9.0	
4.58416485412	4.9756203238	9.0	1.53785286123	0.428011523003	-2.69372498198	
4.70648761724	1.23020437377	2.20914422052	-2.54274042019	-3.45757809392	7.0066041212	
8.20672389302	6.70280691557	-6.0	-1.02429981076	1.93513364719	3.93767926853	
6.5270347339	7.09065254278	9.0	2.66125803929	0.912022177768	7.4281356363	
9.0	9.0	8.06175147067	2.27145590454	-0.234561473232	6.17039836293	
8.79320693436	8.95076272419	8.55547979336	2.70755574051	0.340054335796	6.85996007533	
5.62420940517	4.00147246373	9.0	2.7142867889	-3.84091609636	8.98997866	
-0.445086379078	-6.0	-3.0913899188	1.44706245982	8.95067570045	3.26898620315	
7.41182598641	8.05742737988	8.95847878708	2.62790555631	-0.332279312242	6.24634118464	
6.88800160585	7.14123633648	8.80177638929	2.68830677098	2.10447400168	8.69414782887	
9.0	6.83119274242	5.91033876332	2.32754497366	2.68296654989	9.0	
7.94408118332	7.048292881	7.52618365397	2.69654236172	2.3873295392	9.0	
8.9403079702	6.83066347502	5.40173557932	-3.39874096076	3.438698928	0.917882402635	
4.06190874996	7.1961656093	9.0	-0.63652719435	-0.625903237571	7.91025834147	
8.93404498689	8.75403988647	8.18066539574	2.27390190389	1.30152938429	7.88572637535	
6.81432407174	7.07144531083	8.56816150683	2.63925685191	1.97793614173	8.21663253694	
7.15335618011	1.9348488906	-2.79492726185	-3.47920650304	-2.50559860812	4.50790410279	
9.0	8.20360896487	7.54137228245	2.537545432	1.12327639447	7.47063423461	
7.93296294397	8.63212683858	9.0	2.63054337469	-0.459790576928	5.80767281054	
8.58201675721	7.32774800782	6.8910639862	2.59955346404	2.77836075446	9.0	
7.63069239453	6.41095858408	7.33634097325	2.66543427739	2.37245871923	8.83213369029	
7.39482915599	7.81272986289	8.44225484018	2.48629209941	-0.223857697018	6.03275939203	
-0.973669000088	1.02191254975	6.14959537572	-1.53602300413	-5.45722073205	-0.281574037509	
6.07247253033	6.93762328418	9.0	2.51004056754	2.56253117352	8.73054857619	
6.94747046474	7.66792349962	8.98366583514	2.52192311452	-1.10296130527	5.61846646571	
6.52349138009	4.47656146934	9.0	3.76510501058	-3.7103656117	6.73616107417	
6.45315050232	6.90161614528	9.0	2.72247063779	2.41431155834	9.0	
5.69206733163	6.49327865864	9.0	2.38358657967	1.10744560027	7.49214900333	
8.871079826	7.49391190908	8.42183796217	1.74057525201	-6.0	5.59988701594	
8.21012678157	7.26841010196	7.01230035349	2.49241822043	1.54325130744	7.64542904973	
7.94468134224	9.0	9.0	2.04369143841	1.58645151598	8.87515977208	
7.18032984464	6.69513674975	7.77605555323	2.48527445774	1.43627747977	7.95837059378	
9.0	8.80002958344	8.47516327483	2.72444087689	0.445280684456	7.10274795312	
8.88830537932	8.6968409713	8.96270535717	3.55005757784	2.27404225139	8.97273954951	
8.62331515847	8.77859870209	6.88578668653	1.71114140468	6.49094383178	9.0	
1.3714860283	4.20401799272	6.8891502481	-0.819935858261	4.05706269793	7.38113469089	
5.86586337094	6.54220815688	8.87815364428	2.43293143852	0.610280942875	7.23222001683	
6.23462866829	6.58968248049	9.0	2.95412818949	2.87300975758	9.0	
8.14276685991	8.96655526528	8.81347444132	2.40847323221	-0.459422602046	5.63226699807	
8.66812150282	7.29665710963	6.97881117738	2.51038042608	2.3889915947	8.76001711391	
3.18775093043	6.30122270587	4.69965988071	-6.0	-0.313150401295	0.745363459207	
9.0	0.078455056441	3.2842860577	0.657320185196	-0.381830256282	-6.0	
5.91143773091	5.78741937319	7.2238402501	2.88746845338	2.84532827765	8.41883129486	
9.0	9.0	8.22062961286	2.4260513736	0.117295794336	6.83055632529	
-6.0	-6.0	1.52670761326	-3.30104164763	7.66768211675	-2.37451064668	
7.70245576864	-5.87629233243	7.13649549756	-3.32526528954	-2.11182205222	-1.37460402992	
5.01158573179	2.17305330461	3.91487196445	-1.12342469063	-5.63966838461	3.19619783971	
5.75100580352	6.48781827311	9.0	2.41076821632	-0.125063716616	6.49004772434	
7.89068075243	9.0	5.24756633083	0.134576278961	-0.431667560666	6.14217787483	
5.34175510714	6.40839298646	9.0	2.38934867721	2.92129822112	9.0	
7.93746546978	9.0	9.0	2.27020549537	-0.924908845287	5.5096855563	
6.73601454163	6.40249976531	8.09595134046	2.60334708888	1.89166427716	8.18383912092	
-2.10235848234	2.23973975444	9.0	0.374643220192	2.88442309568	4.05767203227	
9.0	9.0	8.01583026296	2.3061124778	0.0397923323855	6.61806259602	
8.83579362039	8.25125957182	7.60215843403	2.53276149725	1.06858976831	7.33231399355	
7.54249701324	7.09032503668	8.16121542927	2.73531763054	2.32410444925	9.0	
8.93339099643	7.70306870002	3.86788225484	0.503365305482	-1.04424577418	3.76490905563	
4.12736619661	5.45252765601	9.0	1.22832615582	3.73594391399	9.0	
8.68197597186	8.99114991437	8.44975770964	2.45260383022	-0.578224695394	5.98875229238	
2.94000650181	8.9758763765	0.863648486886	-4.75145469263	-0.371416634489	-6.0	
8.90854508652	8.15167145127	7.57570199761	2.39391803881	0.800395483042	7.25122155842	
8.86482976324	8.89929801929	8.54540639319	2.53727414683	-0.0368373612483	6.81409130862	
9.0	9.0	8.39839070072	2.52062512418	-0.518477496492	6.18611949132	
5.69592300133	9.0	9.0	-0.167704885774	-6.0	0.263734860036	
6.2999023295	6.7111972999	8.99943616293	2.53742523658	2.19310946735	9.0	
3.73465662244	1.95120504785	1.40014493073	-6.0	8.01289261732	5.0828799741	
6.42535158263	6.93635828991	8.99300707833	2.80575243976	2.58984171825	9.0	
6.0174621542	8.7727884405	7.71601500594	-0.111782386669	-3.58729489852	1.88029394171	
3.97558959865	9.0	8.18171356312	-1.42211945942	-6.0	-0.431773274139	
6.47413304505	7.12831571298	9.0	2.49338917188	-0.824397571459	6.02424746154	
5.45110779769	6.37341386719	8.99995177759	2.45365216672	2.89244826117	9.0	
7.27704167366	7.95205705227	8.88282690263	3.29811686689	4.30209492714	8.63930415268	
-4.81653164284	2.37641952989	9.0	-0.421296617388	-1.12732732618	-1.39821832948	
7.50314320362	6.53644130087	6.12007591233	3.93765400978	3.11662646108	7.80450607314	
9.0	9.0	8.61961971598	2.61255237246	-0.214335911073	6.58028806562	
9.0	9.0	8.24635498068	2.40087897607	-0.276958615641	6.1326412816	
6.11270393206	6.50374515438	8.73548938005	2.66393564346	2.02464970445	8.5706624679	
4.10854442384	6.66268719049	5.78733991845	-0.191062377736	-4.8399691968	-2.21300794759	
9.0	7.13184504085	6.3315352466	2.61155940064	2.16225881146	8.66408936852	
8.302301018	9.0	8.91996308646	2.46227085984	-0.818245624497	5.50791410074	
8.96533425593	6.90370978382	5.01614756189	0.511052272481	2.47106869772	6.62813709245	
8.06152587882	6.96246211543	6.97796043383	2.40199683384	1.89094586301	8.42178505066	
4.17338523984	0.860196962112	4.11881725314	1.12260364403	4.82187952977	-2.73154627648	
6.24447823758	3.19942898323	3.43988922692	0.954113796679	1.00835070372	7.69483138391	
8.99938238491	9.0	8.22811006494	2.37152624493	-0.146239086635	6.56810882927	
-0.978458561078	3.36976464729	8.83026808097	2.42727105378	0.35563101936	5.71636185065	
5.87300947993	6.45988850487	8.99495411113	2.49827904492	2.50293910964	8.93192288253	
2.6252176881	2.81347276119	3.31859492891	-0.615213445056	0.414329386298	5.51502462783	
9.0	8.90956692032	8.10786112362	2.54282638713	0.68094360106	7.14960114319	
8.99928147474	8.19371379328	7.67909000197	2.66412769744	0.483290796663	7.06927130466	
6.28275271952	9.0	8.18455885898	-0.284150622088	0.180626446872	7.55867110193	
