9.0	-2.13637175472	6.42449578887	8.6242621226	6.01861290505	9.0	
3.80055307376	-0.27731610196	3.91009872127	0.980226962929	0.473252274436	1.12352741112	
7.13796381938	7.8314694052	8.62820056452	2.29201344438	-0.889390675425	5.55214998323	
9.0	8.94071903524	8.99999982448	2.87661062485	2.16644556541	9.0	
4.589901972	4.85428179853	8.50120859567	1.85423374306	-4.99743076198	3.53509331171	
6.94076307027	7.26130956825	8.68038717863	2.51159960307	-0.274047304244	6.36122647152	
7.17443958446	6.90299544513	8.09951608071	2.51084993643	1.03357734883	7.63897322199	
7.79990109582	6.35629113239	6.81679092311	2.5153975361	2.80749189621	9.0	
0.939031394545	3.83009591138	8.89637872557	1.4647120744	2.49255304132	9.0	
4.49806329516	0.289130157094	8.20251145423	-0.273740594073	-4.00875821963	3.63659458588	
3.56083473231	9.0	2.45693916651	-6.0	9.0	-3.04549950609	
7.14885745287	6.9019654568	8.01931070321	2.50314117813	0.973042751526	7.24938334171	
4.20853070962	6.42905809089	7.98526820195	2.18448090933	2.3579140567	6.20770001179	
8.69878483763	8.92800212999	8.63107045592	2.76678000542	0.184018142587	6.53624542097	
2.35238671757	5.087337527	9.0	2.54456072589	-6.0	3.85513020276	
9.0	8.99954055915	8.24584558131	2.60627494458	0.3888352201	6.82328953922	
7.94969891787	9.0	9.0	2.47758572486	-0.594264694198	5.53478023809	
8.45617620312	9.0	9.0	2.60877324645	-0.284506663409	6.36712786697	
7.37783649565	-1.97790394868	5.49779983177	2.92578847677	1.21252314473	-0.0547625149784	
6.72639919481	1.53608289526	7.01834079997	-6.0	1.45168084893	-0.245916674433	
3.95951356125	5.15931260277	6.09399856688	2.44124047698	-2.38472465705	2.05556209969	
5.94251248741	6.74072192864	9.0	2.59637731023	1.6679393587	7.90151739062	
8.02329545334	9.0	9.0	2.3385835283	-1.3965580749	5.00784435165	
-6.0	-5.68516414854	1.78554257102	-5.38299544224	5.84019558533	7.56385018642	
8.8055962773	8.99917456977	8.69565504062	2.54918693583	-0.528231903766	6.032554769	
0.637846479298	3.70714129125	3.18535068621	-0.297615804756	0.611928878397	3.13279071777	
5.48425684765	5.84290530461	3.47821573166	-2.00510420177	1.88883143044	8.72331379569	
9.0	7.55304377559	6.75023818518	2.54360192606	2.60313208837	8.99818213278	
6.99607532314	7.5837511389	9.0	2.56858884021	0.223447706623	6.84463753848	
8.74386494651	8.9847051911	8.94709031062	0.641803464299	-0.541358325077	6.44697536506	
9.0	9.0	9.0	5.23807508427	7.22570743428	5.52530936822	
6.41164703196	6.3212939867	8.30683638428	2.63226692174	2.6613407632	9.0	
8.98281875557	8.03809874251	9.0	-1.82688758988	9.0	9.0	
8.49487360544	-4.43465814445	5.42970856957	9.0	9.0	-2.54720442008	
5.25277794985	6.33011890564	9.0	2.29226124713	-1.08002795991	5.31390392225	
1.35474617472	5.33676206201	7.74963732988	-0.28723023974	6.00495270656	9.0	
8.3160793621	8.80903679046	9.0	2.71652833845	-0.336513700825	6.37264102719	
8.58949000464	9.0	8.60950775689	2.47657401763	-0.541385908046	5.75013807646	
6.75249425378	6.90247020878	8.43239376359	2.70089506922	0.227818483266	6.54112358913	
6.68937872188	6.60977611329	8.35145994189	2.44847753893	2.47483938676	8.98626379163	
8.01656184523	-6.0	7.63418620959	5.51338444628	9.0	6.97615331842	
0.859222006154	6.37962079981	6.04732662824	-2.4951045686	-4.72545542684	2.21936304898	
3.9956310041	2.69382918966	-0.600411563887	-0.935111465485	-6.0	1.92313586664	
6.18782816683	6.98259176012	9.0	2.43939047968	0.997593810645	7.64519571617	
5.67225964619	6.23122947956	8.46330880594	2.23700086111	0.897208595233	7.1803344137	
8.23610097205	8.76699656272	8.70667562477	2.3365641972	-0.590626482705	5.84610084961	
9.0	7.98931289782	8.58180554548	1.85518161784	-5.9502974024	3.63924751751	
8.90390514249	9.0	8.70053786494	2.72105311565	0.33463426775	6.77627678801	
8.31232544663	8.98867932226	8.90467081174	2.65634857915	-0.472689465176	5.68978573452	
8.42371325952	8.0796472817	7.68605036599	2.50984366563	0.394523036391	6.59801782108	
9.0	9.0	8.00697674912	2.85297980359	0.755927818655	6.25467046062	
8.17405510724	8.99689306952	9.0	2.44130989438	-0.197846229271	6.28431245728	
6.73852019556	6.67172258918	8.05374286961	2.57709003931	0.664631560752	7.00080829667	
6.83009243742	6.54123150158	7.86196167253	2.42928465275	1.96584596511	8.23964243202	
-5.86464790943	4.00223332744	8.70105205758	-4.79364781488	3.12477563471	8.60123186103	
8.99879663575	9.0	7.57599156065	-1.38092319631	1.82358439394	9.0	
9.0	8.99208533022	8.18086658802	2.29666606103	-0.0387851846594	6.57587153284	
1.83981825202	-4.99586673852	5.43364023002	1.63792050195	6.92738017009	8.03153548999	
0.0755931661005	-1.47829904016	7.5767071783	-1.11718273986	0.41462876512	4.95637351075	
5.93497166223	6.42611322347	9.0	2.70877365714	2.52009054767	9.0	
6.07470513789	6.70198062278	9.0	2.60230786614	1.38340468035	7.86656849669	
3.00450480897	4.26507825222	7.68570113752	1.41123535913	-2.02123988238	3.12023022399	
9.0	-3.65345552861	4.71418922369	8.4233790911	-0.293911631345	3.23425218876	
8.47122629586	8.99964886038	8.89197204346	2.65839100761	-0.505234721375	5.93300843526	
4.73222626867	0.169614322154	7.01180623926	5.28650273364	3.5846405766	-4.8777830964	
9.0	7.30721324528	6.82042934366	2.65341747752	2.30567328079	8.63252411177	
-3.59321280151	1.78374820328	8.61519226497	-1.6001521279	-3.42794176258	1.83104396822	
8.24677574522	9.0	8.90524754538	2.38731324531	-0.740251918933	5.7657715608	
8.03102536377	8.18283596007	8.66041520756	2.47128503513	-0.416561004952	6.35325633302	
8.09712699536	9.0	9.0	2.3781561957	-0.443778977325	5.77250126946	
0.0985738913642	2.39464903841	8.55713946413	-0.247634009197	-1.28376087215	5.27410115016	
6.23758650313	6.70309992821	8.58714036424	2.43265814418	2.51944329885	9.0	
-0.577594300731	3.06652808938	9.0	-0.332836601894	0.972181389467	6.57115604155	
6.99376820019	8.70102553552	9.0	-0.55886002071	-6.0	7.41729809506	
9.0	8.28842328141	7.84140461691	2.76606305679	0.864022465104	7.31801019888	
8.97175953061	9.0	8.65467963481	2.6580523522	0.206602260322	6.9416628354	
9.0	8.88199903044	4.58652738116	-0.231202971032	-0.385914502799	4.28702430557	
8.99229959296	7.71861895938	7.30957594433	2.74772361348	1.7256581828	8.31543524594	
9.0	7.37792958847	6.58101254919	2.61817998564	2.46821320178	8.76572265168	
9.0	7.37609115994	6.72118390993	2.56115763442	2.2758318375	9.0	
9.0	8.25738814089	7.30348442884	2.28590580075	0.449809899336	6.98319511502	
8.05035672737	8.65445630276	8.71307300355	2.44355952942	-0.875283151344	5.44796003799	
4.21363275311	4.93555600591	3.66797924603	-4.82383793539	-2.27038698963	-3.45553068936	
8.67295548703	9.0	8.32093010505	2.34760781026	-0.411321821336	5.81936735068	
8.68871772344	-4.6768656213	4.79258913108	-6.0	6.31509072637	-2.63205661303	
5.70908759832	6.43258978541	8.83438222053	2.30719576638	2.25734303462	8.98132604132	
7.59192503636	7.77340762375	8.55864038671	2.61128330394	0.784896541813	7.20643671256	
7.04952285511	6.14161882957	7.22153906902	2.34350301561	2.27747607919	8.99891311126	
5.90865202497	4.52864798352	8.68952346662	4.37481499094	3.04331777218	9.0	
-0.892162401385	1.80998090822	7.19020606584	-0.574706775997	0.352563162116	8.62986063719	
9.0	8.1491087914	0.770087259415	-2.11425097012	-5.83718146233	1.33817695575	
6.07383137684	6.63126080336	9.0	2.60170961259	2.12139031338	8.61426665976	
2.47986806642	6.42179122413	6.84348039769	-2.38403713991	-1.23605928187	3.78240210544	
9.0	8.63733544797	8.26906011054	2.6604674356	0.10680774407	6.78908984023	
9.0	7.15957747648	6.70725457469	2.6054880644	1.54281256863	8.36148090274	
-5.40306791763	0.934140525411	8.05450958703	-2.51164435385	-5.04161868633	-6.0	
1.90496645976	2.03814338294	6.66255982332	-1.45690879104	3.51695626723	5.52536040969	
9.0	9.0	8.22611754895	2.50037684935	-0.461650832531	6.2058037061	
8.18857316187	7.4370010675	7.44600469359	2.51162917964	0.344958089551	6.97193555242	
3.73095866495	2.72595666882	1.98659101346	-2.12104545573	-0.576489358302	3.19538297217	
