7.28193682332	6.39959624872	7.43778971137	2.39139266406	2.39348688477	8.82776444056	
8.99795037868	9.0	7.88913679541	2.30429191066	0.00383281214669	6.30622081414	
8.95038249943	7.7617316607	7.50121558216	2.74434251571	1.49356227608	8.17994364164	
5.81104397474	6.65285563971	9.0	2.30713074032	0.330874540461	6.8882256701	
9.0	6.38649062224	0.736554587385	-1.10282007299	3.69433290281	9.0	
1.30241580727	3.8155058887	9.0	1.67602830525	9.0	8.18530959204	
8.71018165621	9.0	3.58830986543	-1.01925484845	-4.16724783347	2.97462686977	
9.0	7.06506965169	6.72309235581	2.78153578077	2.43561326188	9.0	
5.46214630336	-6.0	6.12675248658	-2.63571236626	9.0	-4.39408031327	
7.55571605278	8.63447115645	9.0	2.32764431498	-0.997927876492	5.15474248922	
5.2393838992	6.30798006108	8.94090225005	2.24770334842	0.697963883686	7.0775726103	
8.25254296487	9.0	8.18431427606	0.946941377395	0.714382805028	9.0	
8.08080196631	9.0	8.96797050876	2.53409625667	-0.564625003402	5.73029278607	
8.78131461678	8.22786636195	7.86183657303	2.42105449344	0.620280351276	7.2145141759	
5.57697103821	9.0	9.0	4.10792790109	7.29701266859	7.7534296717	
6.04670899974	5.51446104367	5.94863518884	-0.390475036656	0.364849834007	7.2685535866	
3.96877125394	-2.1606299087	7.20556035883	-6.0	-2.00616757044	0.160002008727	
8.23616450358	9.0	8.99270973048	2.40845600847	-1.20108581907	5.27990383089	
8.04810653425	9.0	9.0	2.36683014938	-0.578274142961	5.70318944156	
7.90101288969	7.0278373996	7.61159079523	2.68707545011	1.22531712503	7.84541193177	
8.07125917754	8.97706287522	9.0	2.51841392878	-0.474118437245	5.68932857968	
9.0	9.0	8.82610659682	7.8379020494	7.80950421544	9.0	
9.0	8.5204115955	7.93159197381	2.58313604512	0.927512584465	7.27611299304	
9.0	7.07568197581	6.31763091999	2.66791436004	2.73434592364	9.0	
4.02846297106	9.0	5.85244657021	0.700024333106	9.0	8.7732366448	
6.99904596244	6.58968673516	7.75850745434	2.432855394	2.45907095644	9.0	
-2.06647270142	-6.0	4.34351393272	-5.88112726708	9.0	7.23027761206	
8.02267292577	8.55681643938	8.98039652064	2.57270918619	-1.08442429826	5.68478491876	
7.25974651619	6.96518714887	8.1128762142	2.69165573422	2.46690032919	8.95611523645	
3.26487898126	-0.848932791778	9.0	-4.1487790188	8.41841601615	8.36349191194	
9.0	4.12669339115	6.66884754427	-0.773807616306	7.65388594456	1.4377480073	
9.0	8.01366480738	7.28005884246	2.50674003281	1.58326652217	7.89561550497	
7.50287627986	8.63472582268	8.54896970408	1.45547551266	1.02975766745	6.87774631984	
8.049354006	7.0340373755	7.02923658802	2.36633159485	2.61621373314	9.0	
6.21878686105	7.19525947758	8.95091558865	2.29680009679	-0.935205568919	5.32257287034	
9.0	-1.27937107681	8.5178026976	-5.42326705875	-0.49307368724	6.68792279268	
9.0	9.0	8.23534024844	2.36341660531	-0.402944236717	6.37075595283	
5.49311862798	6.33308087764	8.93207385473	2.46475454144	1.25614965464	7.69981696832	
8.73153067767	8.28319749385	8.16145691339	2.65733678596	0.596643199359	7.31874079825	
4.02635478562	-6.0	2.413652835	-2.80242459921	-2.60386076415	2.51818764599	
9.0	7.9655934133	8.96862385141	-1.07618185114	8.30827603096	-6.0	
9.0	-3.65056680976	8.13293309067	-4.25902778559	-0.515915570672	5.63402407787	
8.41694395374	8.85722192417	8.60449297973	2.45643673531	0.113494566368	6.62081996158	
9.0	9.0	8.22407892951	2.3768918612	-0.3085309248	6.31869657926	
9.0	7.55903501542	7.24470186157	2.18499919949	1.47353947204	9.0	
9.0	9.0	8.42852460145	2.63200637669	0.676665975536	6.96374253604	
5.59824597426	6.54983606539	8.94953068922	2.24809727131	1.57601064846	8.07185000322	
-6.0	-2.55735552967	8.99780421186	-2.96305332475	9.0	-6.0	
8.39797047131	9.0	9.0	2.55357292485	-0.713498294695	5.9400294443	
8.99923119814	7.25988487983	6.61266522704	2.42742248668	1.83443739487	8.65308862923	
6.477553062	-6.0	2.38959016522	9.0	7.71795863492	-6.0	
0.240387256586	2.99898177841	2.41145762814	-0.850504096124	-3.21567339906	4.08065762591	
8.2251291536	8.76090521668	9.0	2.60697028319	-0.126820124853	6.57006750272	
7.13937770555	7.93667737555	8.92291460799	2.36680768618	-1.33912817742	5.16591505795	
6.87944170174	2.28050355419	-4.98414375719	-3.84402938526	2.75930793189	0.213638700518	
8.94502419847	8.51500036485	7.47020293122	2.3511615264	0.591755675279	6.84117445368	
9.0	9.0	8.40270852279	2.49967274287	-0.157105478388	6.57782534951	
8.05976810099	8.99014846063	9.0	2.55219268871	-0.265801600767	6.01079563258	
8.892160101	9.0	9.0	2.99024383147	1.40400234025	8.60538184065	
8.95174940809	9.0	9.0	2.10882113451	-3.43598076414	4.3952394758	
8.18767937207	9.0	9.0	2.57690348477	-0.219355934843	6.10776836899	
-0.256616037949	0.751248172264	8.62904752873	0.679355829297	4.82537171837	5.2265151638	
7.98342683046	8.87291467323	8.99076944811	1.67203604371	-3.88747576221	3.94348714297	
5.70496660545	7.55555404455	5.0226993428	0.0313490463314	-3.62830208425	1.29874982073	
-4.82260203542	-1.69364969826	0.763820659911	-2.50654327946	-4.74088016574	-5.29484412535	
1.4397933594	4.64230817714	9.0	-0.850273216803	7.37388230126	9.0	
8.2217340253	9.0	9.0	2.7030463595	-0.454288219493	5.79181525764	
7.71065146661	8.58648108489	8.91819512145	2.42881029207	-1.11978838594	5.39230474534	
3.27172024311	9.0	8.28940754207	-6.0	3.00670256619	3.71490170959	
7.07248019319	6.73129655388	8.00588990173	2.49139077622	1.97304035074	8.38280954916	
6.47705781122	7.16842803119	9.0	2.50924971756	2.46083420737	9.0	
6.1787170586	5.71331110451	9.0	3.24455404182	-3.64708903418	7.87104249611	
8.99407759594	8.96326351867	7.9446161196	2.40610245899	0.23467385163	6.49252503023	
6.35703470506	6.31926383786	8.14434146679	2.36459286957	0.747859578136	7.11781140834	
2.74639588802	5.82835043263	8.93874137644	1.44360037325	5.7117393206	9.0	
-0.873825674787	1.75015897494	-0.114690698103	-1.06658127989	4.38413261652	-3.53658402476	
9.0	8.99686277589	8.39565649038	2.41200765142	-0.180309432532	6.65451411673	
2.78299011894	7.26092910084	5.49203272055	0.295869693235	2.79476161685	-2.22906104554	
3.13832790969	4.03982115241	8.50714007773	-2.13863593539	-0.81096850482	5.27988645697	
-0.629436988806	-2.06143701175	-1.56958578975	-3.58042416321	-0.752059724372	7.08943116324	
-2.44048865428	3.27281739477	4.64664701382	-3.85188833276	3.20396556561	0.980184742369	
5.77502065846	6.24410866089	9.0	3.92180285277	4.71408965758	9.0	
6.97564070999	7.06753500012	8.42913510801	2.49052827529	0.165022422741	6.63305152142	
9.0	8.97166370746	8.4782057196	2.69450714558	-0.144376760631	6.33187042168	
5.91116114975	4.61189073393	7.38970390695	1.89957720746	-1.84435794974	7.8051979957	
2.14376600746	4.48584334531	9.0	1.91217883028	1.29477240751	6.37363086643	
8.52815315116	8.88574949766	8.64080524513	2.59861693218	0.237240220016	6.71002916186	
0.372954213395	3.51180616686	6.90834618217	-0.652006135014	5.11158039304	6.36029047954	
9.0	8.97092706291	8.05661523145	2.49412035925	0.0440778140597	6.23420779603	
5.86426018917	6.07165276605	8.30474387961	2.31075700014	2.54292204727	9.0	
6.5211391614	9.0	9.0	1.97152262605	2.81356184698	8.6533029324	
8.99238191326	8.99726815142	8.37373119414	2.55343622016	0.776439043698	7.29304641428	
9.0	8.23570606397	7.71792167588	2.61416882812	0.412642517839	7.17693179174	
9.0	9.0	8.14536034967	0.784418217694	-1.02514546486	9.0	
9.0	8.2068065767	7.62200520618	2.50717997075	0.980294660486	7.39687043074	
6.58976834701	6.89958910159	8.64352103554	2.46269263717	2.56116131379	9.0	
8.86083401034	8.01099038852	7.70344830763	2.55134053724	0.754410822248	7.31129262674	
9.0	9.0	9.0	1.66228109317	-3.79727698413	4.5535392038	
-6.0	0.867345666182	6.74896235037	-4.96688258037	8.51109631619	-4.34819741623	
7.1056096478	7.77288713279	8.96691168908	2.64768657844	-0.0103128292462	6.2201552549	
