9.0	7.62702984212	6.7344213171	2.37886568915	2.45186767152	9.0	
6.59973934877	7.20928183623	9.0	2.39855386951	-0.918227930345	5.96013812428	
8.87542658478	9.0	8.51668084319	2.42664821512	2.44704625301	8.99819959532	
7.62676010441	4.74078443167	9.0	6.21439359936	2.61387540033	9.0	
8.60530394615	9.0	8.96179635151	2.54429028596	2.1033074223	8.99056273494	
7.6341378059	4.45418870165	5.49904119341	3.00268998747	1.60888143213	8.02091308225	
5.1823110134	6.05369778541	8.99933617281	2.60468708859	2.86315087893	9.0	
9.0	9.0	8.48807399714	2.74326553301	2.45747375693	9.0	
6.25666133946	6.94643751265	8.97834325956	2.49788352096	-1.39526653122	5.00329221945	
9.0	5.12012277308	6.09014249958	4.20104422537	2.4182432068	9.0	
7.05083552083	4.6717511566	5.98902810159	2.81149933555	2.01455756645	8.09366219463	
6.2832565085	4.37479843692	8.92984026361	5.32242735583	2.50804709779	8.70773454326	
9.0	8.66655659784	8.09796001423	2.52503320504	0.361858438412	6.71312693798	
9.0	9.0	8.64586987818	2.90974923372	-1.42305389916	5.02737245874	
9.0	5.57045366407	8.84386554397	6.39188091146	1.74527426069	8.07297179033	
9.0	7.5579588118	7.20454332701	2.64503858486	1.47647655227	8.30480190869	
7.99543714926	8.61009859059	9.0	2.77314501849	2.62090910335	9.0	
6.95961338238	5.06111363133	7.47856463397	3.37477308984	-0.214385849948	6.42612807445	
7.65338230457	8.15667517345	9.0	2.72032349174	2.63938199861	8.94364571753	
8.62758570272	9.0	8.95769662597	2.63424009178	2.43099535321	9.0	
8.99379265102	9.0	8.56652266515	2.66534511755	2.25518127336	8.92958644742	
6.33543069095	4.5542952836	7.32451484862	3.32380442878	2.23552826809	9.0	
9.0	4.54653705224	6.83388721445	5.52624070704	2.36792537823	9.0	
8.04835814183	9.0	8.97517595642	2.2568877418	2.48651425026	9.0	
8.31912776164	7.56653548778	7.70253479559	2.43890425181	1.37734647877	7.96546673566	
9.0	9.0	8.64971175972	2.78891560226	2.10649617772	8.65034330109	
8.97113898155	8.63613245735	9.0	3.60574242233	-1.71355389814	4.90155869591	
7.45363910055	7.8043211355	9.0	2.77927494287	1.86411864599	8.52176476311	
8.95580365866	5.6210979249	8.65117467669	6.15459934491	1.49881371774	7.93313314307	
6.8661725682	4.43495666162	9.0	5.72955845707	0.65549059514	7.18527239611	
6.81264135696	4.90110350039	7.26704974842	3.5659172603	0.748307132599	7.08091592737	
7.00670690275	7.15265897855	8.2821097236	2.39304717523	2.52520590412	8.91913611224	
8.16757220676	8.90610128382	9.0	2.50352307978	0.410702480934	6.83550578389	
9.0	9.0	8.17085612775	2.43845570066	2.24997345895	9.0	
9.0	8.83398664283	8.49665315321	2.63238414108	2.01502679527	8.67685020336	
9.0	8.52844091418	7.74458446549	2.3748989057	2.44437969232	9.0	
8.94086891087	8.24682100803	8.00116265821	2.91311489723	-0.789999203014	5.61505797075	
9.0	8.70108011288	9.0	3.32269182534	-1.97593024228	4.71461564573	
8.68858548223	4.70013717712	9.0	7.32445735287	2.4675334393	9.0	
5.91022640153	6.41849965186	8.83159437286	2.52761315411	2.79900760208	9.0	
5.6177726458	5.5964876116	8.05035786513	2.54293600008	2.11067249648	8.16447404482	
4.86693695412	4.42076720952	9.0	3.68750106193	2.3771870594	8.98711516962	
9.0	5.23620146946	8.98966448819	6.91548126634	1.56735071247	8.16319019169	
5.80209913328	5.88473558571	8.5250037355	2.71753953041	2.44155528402	9.0	
6.38817175566	5.91356207649	8.00170818723	2.57241035467	-0.715178089134	5.86410725314	
5.75045939849	4.55384350602	8.25654588751	3.81571400605	-0.268047215885	6.19138510296	
8.25485432534	8.58999467007	9.0	2.66724774608	2.26039048085	9.0	
8.99517072052	6.72441094072	7.52026298679	4.26495629104	0.640515126766	6.95835040535	
9.0	6.4853971702	8.94839969935	6.00294893762	0.848406742061	6.95682968905	
9.0	5.41837950867	9.0	6.63489496371	1.34637471092	8.07210017627	
8.99946874157	4.99894987761	8.99924478214	7.12015193891	2.6103448969	9.0	
7.61094963719	8.04582941385	8.64515064701	2.55445224401	0.622064173293	6.8241481509	
9.0	9.0	8.69381275521	2.7035223041	2.09385261623	8.77770173134	
8.93546075126	4.79932253435	9.0	7.11019000208	2.26990543889	9.0	
4.6132806812	5.13496032693	9.0	2.79365167573	-1.73184095513	4.67777676505	
5.73784412136	4.39907196226	9.0	4.8374484506	2.90587926718	9.0	
9.0	8.07785494298	9.0	3.97598732023	-1.18758087454	5.36578437313	
8.0253515734	8.09345110721	8.41025417812	2.74291374953	2.6845009945	9.0	
8.66500245727	9.0	9.0	2.98523233134	-1.72603508294	4.82564971241	
8.59673845767	9.0	9.0	2.86492384309	-1.26208198998	5.30309879498	
8.7402776223	9.0	8.20034036629	2.24714275565	-0.129370123843	6.39645201679	
9.0	8.46660249804	8.47438907151	3.06235370978	-1.48016094998	4.999097231	
7.20134173661	4.53719240877	9.0	5.6606610485	2.39625913044	9.0	
5.38241481331	4.64799895412	8.47251442367	3.69177950329	2.62033076907	9.0	
8.54392141083	5.38093413012	4.89821066718	2.34545277577	2.41428646574	8.9178389234	
8.99260232183	4.9975016505	8.84380833273	7.24244729406	2.56076540371	9.0	
4.25863731836	4.36752696052	8.67712854756	2.95113675716	1.15130122032	7.49267573946	
6.01153254212	5.8659475586	8.11136116904	2.51225742569	2.25525699351	9.0	
4.90438566691	6.02704357073	9.0	2.37994538482	2.73574650979	9.0	
5.71538623131	4.53679122823	7.91477684271	3.11562269996	0.863679098842	7.66312300879	
8.87782429897	9.0	8.62816069977	2.62461414385	2.14416416367	8.93806652613	
8.05315196817	8.63092104042	8.54141165063	2.36305656366	2.80918342794	9.0	
9.0	6.46319006066	5.89690223334	2.60371802607	2.53417468001	9.0	
6.16944987149	4.58622712105	8.83050435313	4.78278433227	2.39392329505	9.0	
6.8969526145	4.88982972891	6.67498320526	2.98527030213	2.84832792386	9.0	
6.81818255014	5.27655682932	9.0	4.67626380408	-0.435890824643	6.34669839093	
8.99981001871	6.59374861928	8.34989656996	4.96513283227	0.385620702619	6.69970287149	
7.86046992765	8.25149905744	8.63218560693	2.42151845972	-1.41182819239	5.17397114019	
6.24720310313	5.23139131677	8.40471255406	3.92200737031	-0.607563917864	5.52516857705	
8.75656870332	8.64198626826	8.33748328172	2.63193132857	-0.406246774106	6.34433354156	
7.5445634063	8.54200187089	9.0	2.49135135567	2.89895229601	9.0	
8.67795456465	9.0	8.71545921613	2.62223211935	0.115482654503	6.37254066819	
6.30619207297	4.37646823158	8.29229572361	4.50687613894	1.81320982945	8.47143853224	
9.0	9.0	8.08824991274	2.49494181165	2.70675675001	9.0	
5.88385199967	4.69212026117	8.57079446304	3.88170640378	2.2754934843	9.0	
9.0	5.07517111043	6.25494709719	4.13221171839	2.01126499552	8.74081068537	
8.28847581418	8.90704589404	8.99981493704	2.43394415512	2.13984329882	8.94525347926	
8.35546759963	9.0	9.0	2.68413115704	-2.63617855765	3.84445979052	
4.82013606369	4.78357407822	8.93485629285	3.12826639559	2.54197765763	8.99995560069	
6.59498729121	7.36013848223	8.69556642694	2.27918228812	-0.869006101516	5.57512186059	
6.03874003177	6.53108581457	9.0	2.53319444288	-2.13990558842	4.42594964228	
8.01906554552	8.38831247085	9.0	2.64018622983	-1.19170267372	5.56350117595	
7.23572455629	7.15616980388	8.51866919653	2.6066621949	2.10527425948	9.0	
8.96330575163	8.98492642768	8.62177881043	2.70222519714	2.33773884022	9.0	
6.75352684851	7.21887144398	9.0	2.59490839324	1.94936597332	8.73253616684	
8.86515186397	8.98482313445	8.66313471822	2.95872097479	-1.9958203922	4.45335148388	
9.0	4.85043163147	4.89942831888	3.02593406041	2.21446842917	9.0	
8.90964959934	9.0	8.28744822897	2.35901664104	2.46638307698	9.0	
7.142766972	7.52188512214	8.95037285267	2.65754752344	-1.45972808641	5.41226674011	
8.85860834187	5.73457761944	5.33145957185	2.71075039832	2.79475249828	9.0	
