9.0	5.00992114731	9.0	7.27862038279	2.38062498117	9.0	
9.0	9.0	8.64728125673	2.7428194355	-1.0379289096	5.48227685756	
8.41218373657	9.0	9.0	2.48545524728	2.16060628564	8.96347539048	
9.0	9.0	9.0	3.26089484035	-1.8354217427	4.77617020635	
8.46685492205	5.39077106119	9.0	6.4840992192	1.60775363033	7.77060381697	
8.80643525905	6.04536957576	5.66688657562	2.89504398064	1.91027923228	8.08221540867	
7.69859863003	4.86210907139	6.63327666602	3.6479590962	1.1334695009	7.49379615164	
5.49769391008	5.93818346748	9.0	2.83988332602	-1.13737834981	5.34556189524	
7.1155462158	5.4320159133	6.26330854503	2.48299912321	2.80555733317	9.0	
9.0	8.99934452617	8.66769860632	2.9485394192	-1.70592897638	4.60086070107	
8.81992106267	9.0	8.51081295094	2.41190981891	2.27891359521	8.99916191072	
6.67432855927	4.29194777909	7.98610608556	4.49089086986	2.29437518209	8.98634821944	
6.7318298945	5.14706744342	8.11054074485	3.69739126552	-0.699135379423	6.01241380574	
8.68201335743	9.0	9.0	2.69501972543	-1.48142812986	5.24787249878	
9.0	4.87396983551	5.05384290741	3.27145488611	1.86957411768	8.63200123845	
6.0835791116	4.55049140343	8.6324222498	4.55418475117	1.95156572594	8.21565854583	
8.94912421417	5.85289288782	8.83659534906	6.1967277802	1.31024504439	7.55712594845	
8.89322105234	4.98837540748	8.5149196076	6.71492539218	2.75156170636	8.98506335927	
7.81180734148	7.50331410572	8.06838447104	2.71701997231	2.35106770201	8.85020064595	
8.19044717883	9.0	9.0	2.51108865527	2.55166399695	8.97474347547	
9.0	8.95986139222	7.9503128887	2.30458489596	1.49419567093	7.76048848694	
5.07467076844	4.59016257081	9.0	3.60301265678	-0.525631391155	6.2967710722	
9.0	9.0	8.29182199933	2.60161234742	2.16565972121	8.86335803606	
4.33781128347	5.05109201299	9.0	2.49727951844	-0.840123293516	5.62398116963	
9.0	9.0	8.46704255059	2.59332027407	0.226370739909	6.65842951885	
5.60438862335	6.49482746203	9.0	2.46101439379	-2.47172013049	4.05236901538	
7.08831346446	6.34007461958	7.18171885997	2.46128389018	2.81829837251	9.0	
9.0	4.57086101817	8.28591143401	7.08998765315	2.58929076934	9.0	
6.70951522571	5.61172832454	7.27903663578	2.42203665238	0.204994029035	6.70336601344	
8.3562091447	4.99527948535	6.01936639723	3.685207799	2.28753748224	8.46658466258	
8.0412333453	8.67487034945	9.0	2.51828117643	2.14626734424	8.91326995412	
8.98623993035	4.75957459104	9.0	7.71028007604	2.60506210957	8.77937582236	
6.60615787181	7.15000775031	8.62894022736	2.48674697759	1.19759982988	7.55013095139	
9.0	8.40413109939	8.06777812528	2.67291791194	1.21674841665	7.88377444733	
9.0	4.59097976884	9.0	7.82989395272	2.6008587207	9.0	
4.20947695419	4.96026103085	9.0	2.55665556461	-0.793549834869	5.55542798291	
9.0	9.0	8.38142085324	2.38068234576	2.19969973639	8.79192854183	
7.62035636485	4.40533312995	8.99799243513	6.43527548355	2.71476055184	9.0	
7.20215189764	6.05366319603	7.39852506708	2.72842428415	0.440377489466	6.95222758639	
7.43411468858	8.15332814094	8.95687203245	2.66609913171	-0.595136053638	5.76191404791	
8.28799987976	8.68690979504	9.0	2.89075370217	-1.48534895964	5.02673033951	
8.4411419301	9.0	9.0	2.48690378642	-1.89372696584	4.71921587249	
8.91686197601	6.56235153808	6.58131348274	3.37287305667	0.956623288748	7.05683414746	
7.70041418723	5.24755155263	6.81620301781	3.67037332154	0.463547175839	6.99926928378	
7.32805332233	4.34635175566	8.89096458685	5.91848338778	2.2580570643	9.0	
9.0	9.0	9.0	3.12079260433	-2.31850483216	4.29178955862	
5.5274578071	6.33636454733	9.0	2.55537023055	2.88941270159	9.0	
8.90382952006	8.99920447177	8.40276380076	2.38970317645	1.95783685258	8.81170064313	
5.06701648437	6.00641298225	8.9840098512	2.51236155567	1.64097226062	8.05839093349	
6.61603863827	5.36167340153	7.32860327932	2.65164328564	2.37452261785	8.87704464449	
8.67295683279	7.74887483262	7.03006430104	2.43838608713	0.290634657585	6.59467419852	
5.23239967727	5.14330905032	8.536870333	2.58005411411	2.23670297345	8.89718237684	
6.88557192053	5.30120305227	7.07286765974	2.90112096413	0.396655380043	6.98901841592	
8.31648656474	5.04561240579	8.99998772945	6.7869745985	1.93907674688	7.99327414279	
3.76220978234	4.61005720059	9.0	2.50384179128	-1.04064371615	5.33942648158	
9.0	6.6738583683	7.64983620334	4.44370539224	0.893780951207	6.99319259029	
8.43492515962	9.0	9.0	2.6724339865	1.27978687473	7.75181447806	
9.0	8.12339156151	7.74966494263	2.81857633201	0.673434443619	7.20691973386	
8.96182425105	8.37358548587	7.41294237906	2.23207994183	1.66600952572	8.25283609676	
8.81599028326	9.0	8.72779890594	2.71918751774	2.39382043365	9.0	
8.33011148163	8.99833803413	9.0	2.588761458	1.9334299943	8.14419975323	
5.3935057637	5.17049714261	8.43079269466	2.71845353394	2.28074131134	8.7814847783	
9.0	6.89259755299	7.12700732582	3.46811271548	-0.210534225208	6.51631749362	
7.7742840883	4.45472079929	9.0	6.3723426305	2.28202053899	9.0	
9.0	4.65751381676	8.63820678561	7.38186342842	2.76148381757	9.0	
9.0	5.00095575313	9.0	7.10092825942	2.2200169796	9.0	
9.0	8.74513707746	8.97412007712	3.37922781555	-1.56980608343	4.85650423937	
9.0	8.98471838302	7.8288922358	2.35071199518	1.49689578616	7.72044062473	
6.29605295676	5.43247518085	9.0	4.038117794	-1.07910117721	5.41619089113	
7.64808532153	4.71400840356	9.0	6.00131366094	0.788644571302	7.49010467534	
9.0	4.96983536466	9.0	7.05120344985	2.1742373473	9.0	
7.94064617789	9.0	9.0	2.3122311943	-1.61823179573	4.77248554809	
9.0	8.77647661103	8.15052244917	2.52860357091	2.45907794171	9.0	
8.98128419401	9.0	8.52317187469	2.76217315929	-1.14662637451	5.52149408294	
9.0	5.10115137394	6.33775855532	4.44520798745	1.74811616428	8.21077852756	
9.0	9.0	8.4016224254	2.60000804568	-0.883422591014	5.39607719778	
5.67009188214	4.73261760002	7.42640970776	2.90135048533	0.940368658153	7.09189669824	
4.86860266577	4.82383737523	8.85952679014	2.92474452421	1.21552913737	7.96744868997	
9.0	8.98325359462	8.58571029771	2.58828616133	1.88220192117	8.68906654811	
8.29049227158	5.50331866211	8.999903148	5.8183757853	0.362126516207	7.10948881766	
8.42564282706	7.83629916403	9.0	4.06785605202	-1.24901535374	5.03617365155	
7.57730155717	5.00332488042	9.0	5.69593897727	0.47900084394	7.32795791673	
8.65816123283	4.99556724735	8.87395497718	6.67072248556	2.03962616556	8.56431647155	
9.0	8.46985781936	9.0	3.66949652291	-1.52330761224	5.26722981467	
8.61574725436	8.77995918789	8.26041775306	2.46859735603	2.55972502062	9.0	
6.31513805425	6.78508524244	9.0	2.61423353794	2.04599174948	8.64743202898	
5.84649575929	6.784693804	8.97732710518	2.34231122599	-0.727798578357	5.52317588116	
6.55297439731	4.74979343393	8.12575890914	4.18263870495	2.69297123685	9.0	
9.0	5.51543808544	9.0	6.79053057147	2.03483009925	8.37869722527	
7.61235388118	8.34897730259	9.0	2.57308139316	2.77548863865	8.97824677267	
5.48766433643	4.56744984804	9.0	4.32788660938	0.545623475417	6.99946570561	
6.69673473339	5.75404531917	7.18184034917	2.29631489152	0.790346737857	7.34646491869	
5.36237827557	4.85883424167	8.7366516536	3.41109469079	1.37417313451	7.89877226677	
7.40947098047	6.13944913752	8.07195996307	3.82226760981	-0.603728379174	5.71023461828	
5.72348561082	4.44952047647	7.45535790605	2.83416721085	2.27026423194	8.88442295374	
8.95124773294	9.0	8.74204964275	2.76853987778	-1.9560827269	4.7598709005	
7.12311623466	4.56076856798	6.80739038858	3.56374198206	1.28073790268	7.62992560535	
8.41178749879	8.99661572234	9.0	2.7340082431	2.7547433456	9.0	
8.00936684837	4.45903999109	5.92198504943	3.45957703925	2.2254508641	9.0	
9.0	9.0	9.0	2.96131175872	-2.17451536911	4.56288109793	
