9.0	7.39658138807	6.78076073353	2.66831864861	-5.54379261061	9.0	
8.33862207664	9.0	9.0	2.52530864499	6.08944804171	9.0	
5.59513677966	6.34790356928	8.91605530044	2.37985290189	-5.66826922442	8.93083282213	
5.55752654412	6.31169360508	8.98926089085	2.39235358501	-5.92541444251	5.64097564989	
6.34311511018	6.91767431889	9.0	2.63482741137	-6.0	8.19110408318	
8.99921257732	6.7652045034	5.65353063798	2.2869232436	-0.431249540092	9.0	
8.60191933824	8.95388226157	8.37338162375	2.43919526634	-6.0	5.95239749385	
8.27042023024	8.80736934684	9.0	2.61431558478	1.55766695678	6.33738579197	
7.87492687118	7.76027269874	8.3208440031	2.72823111104	-5.975970474	7.01730442303	
5.61778521618	6.27509732942	9.0	2.42458324203	-5.96914388561	9.0	
8.95327176998	7.01439166174	6.2253382546	2.37795974167	-1.58849893946	8.95287168438	
8.05015691341	9.0	8.96671686279	2.29658460798	-6.0	5.03007398479	
9.0	9.0	7.94533835514	2.44637602251	-6.0	6.70281621593	
8.45630191989	9.0	9.0	2.43451424279	3.60819520419	6.93231436533	
7.00356744798	6.11707734392	7.18436018678	2.38218156943	-6.0	8.2313886189	
9.0	9.0	7.95591850372	2.45236146316	5.13340782148	9.0	
7.18479296732	8.01959849081	9.0	2.52107336394	-2.99189143061	5.25140135155	
6.65548894361	6.57428262969	8.17128009651	2.29703713609	-6.0	6.44350313045	
6.07592840026	6.75000688478	9.0	2.50872033963	0.815006236046	8.99982144225	
5.46375054086	6.27352395612	9.0	2.26062064432	1.34777218757	7.89559168177	
5.03111495398	6.01945371355	8.99243987468	2.2559811472	-5.07859115135	7.12708910704	
6.91829972801	6.11536697265	7.25915327016	2.4387596653	-2.22878151214	8.54303733601	
8.15185833512	8.8009004404	9.0	2.70562479603	-4.18711476806	6.29960268309	
8.99718084082	8.99671439727	8.09726415536	2.50003729315	-5.89561519483	6.88898045152	
9.0	9.0	8.25952111408	2.37162376238	1.8879369444	6.50219772545	
6.34962698854	6.22134706187	7.99753997491	2.31601025318	-1.15505601582	7.88144565635	
8.97690856808	6.97406057799	6.47941476479	2.65718236063	-3.32988142984	8.84217803505	
8.98530120679	9.0	8.41944137674	2.52968057065	1.85213597277	6.27366549948	
5.80120054621	6.02586491001	8.50313517066	2.39015146533	-6.0	8.9204075742	
9.0	6.85982424116	6.18384959873	2.48664626236	-5.79288147679	8.74019599765	
6.09908011761	6.92167653953	9.0	2.36653486475	-6.0	9.0	
6.92630380756	7.8767590406	9.0	2.43966848546	-6.0	5.37001492612	
7.67227901748	7.34172098682	8.15539631032	2.64476550277	-3.74775918674	7.6727611729	
6.19441237167	6.71649014582	8.61615942089	2.3795529714	-5.69145560254	6.47098114565	
7.80515157348	8.18697524525	9.0	2.6250178928	-6.0	6.0439703022	
6.88684535566	6.5417140185	7.95125304072	2.58762226362	-4.9861453519	9.0	
8.99854579159	8.85798193031	8.04226518994	2.56775361116	-6.0	6.8894799306	
7.13915937244	6.57624162245	7.39758916879	2.3346633206	-2.09649210577	8.97748424609	
8.48254862422	8.98498101768	8.83333418319	2.45371240297	5.2047794297	9.0	
8.74652762647	7.59749260491	7.06362992799	2.37664086547	-5.35489658392	7.871663308	
8.80639396018	8.83170751466	8.02749358104	2.48474043895	2.74393199492	6.66361718987	
9.0	8.06988744979	7.40640800012	2.57831810585	3.93313768417	9.0	
8.65460553341	6.36413025804	5.98353348095	2.38018486559	-2.1327354158	8.67242874647	
5.76685200956	6.53876329648	9.0	2.68500769429	0.266061498768	8.85477181201	
6.56623274792	6.53753452335	8.41876940256	2.437863345	-5.78324019588	8.41286792176	
8.9957848102	8.99718000689	8.18954697175	2.52157811798	-2.79930313352	6.38181220572	
8.93411817615	7.62845787747	7.35298519649	2.62902945933	-6.0	8.18859621676	
8.55131710123	6.8187332763	6.81654907753	2.62299899042	-3.49026070412	8.27531888524	
9.0	8.36011474608	7.78164772281	2.6614334287	-2.79747160871	7.80671429594	
7.65951565498	7.04288716155	7.60642816761	2.440891764	-6.0	6.87396473632	
7.4049378656	7.94562134293	8.87249845861	2.4374918214	5.54373865357	9.0	
8.18792221336	8.05994679595	7.86262755943	2.33414340915	-0.44210182555	6.29288737138	
8.45392203174	8.80107608726	8.6110723616	2.67444682139	-5.31012794979	5.99686681838	
7.90745103969	7.49218732964	7.9355855204	2.68982500901	-2.51304894063	7.91584865175	
9.0	8.96979869875	8.16940164919	2.36099027335	-3.0701953541	6.36565873663	
7.06364593859	7.14954644466	8.4107288162	2.54845028534	-3.77072862298	8.98302722042	
9.0	6.64098723306	5.61382133871	2.41043732917	-4.44806994627	9.0	
9.0	8.99985318705	8.21076495999	2.60177980347	4.18828421268	8.6780595716	
8.41360027327	8.50134971299	8.57656850085	2.50504512032	-1.29852033822	6.77741513365	
8.66413072034	6.84681717706	6.36352552546	2.57889076104	-4.80317548167	8.64706793592	
8.87298922706	8.95913346002	8.72133284344	2.81711700916	-5.3078161446	6.77089276982	
5.72263288264	6.19757495444	8.60750614806	2.38145899224	2.55704278274	7.90356880559	
9.0	8.76879234217	8.15830022446	2.76666931991	1.13293781975	7.15009322286	
8.67342260339	9.0	9.0	2.68043313544	-6.0	6.54794711925	
5.67714105828	6.13141574377	8.71063020285	2.54651913919	-1.86119790809	9.0	
8.03445171181	9.0	9.0	2.28086086947	-6.0	5.54650007405	
8.44608645944	9.0	9.0	2.44759513528	-2.82636612204	6.09338987218	
6.8771947553	6.4672565512	7.890783849	2.47672807663	-1.934665699	8.91348179862	
8.01347147097	9.0	9.0	2.21398537536	5.9145378421	9.0	
5.71576591931	6.36471073233	8.77554361375	2.30124073964	-2.77102979471	8.58594923225	
6.36206716559	7.05921936814	9.0	2.67596741224	-3.26200112541	7.64139647209	
6.84511599965	7.68810061088	9.0	2.27380433155	-5.94326867206	5.43533511659	
7.79058464474	7.06639093808	7.62460778109	2.51762374993	-3.52067605395	9.0	
6.44165455791	6.95049484045	8.9428232161	2.72320032134	0.839708451224	9.0	
5.45962081968	6.43999989715	8.98662521946	2.26487722166	-2.55210020956	5.56671550207	
9.0	8.91887983179	8.17532108383	2.57929601746	-1.21984725163	6.89694757833	
8.98523179048	9.0	8.43282263606	2.64170359799	-4.58505115757	6.28602621839	
6.07323498243	6.73164445156	9.0	2.41645645073	-6.0	9.0	
8.80735834267	6.91921373801	6.0353397662	2.26054070179	-6.0	8.09498600275	
5.64114694648	6.36115414492	9.0	2.35346201668	-6.0	9.0	
8.13107260509	6.78843585218	6.95829857304	2.63099734041	-0.227785357727	8.85986442422	
8.67718548911	9.0	8.57751121234	2.49406278939	0.389294147499	6.66513799254	
9.0	7.30832756324	6.96141122901	2.69469939158	-1.04610464058	9.0	
8.52506799242	8.9971886235	9.0	2.70942339733	0.904949128167	5.99516620423	
8.74005666934	9.0	8.77204100529	2.65693984288	-3.18410205116	6.92975770325	
8.99972547342	8.99573715384	8.41924588598	2.59166074462	-5.38349603782	6.80771685884	
5.94178751092	6.4394043725	8.84909649983	2.44007179456	-5.51304044431	6.10438470987	
9.0	6.63373651598	5.73264627356	2.34730687365	-5.97675652809	9.0	
8.72510194037	6.90445063527	6.18978274807	2.52671410881	3.16926008364	9.0	
5.92919851359	6.62075827618	9.0	2.64302931869	-3.80477579493	9.0	
8.50463214647	8.87002699285	9.0	2.72711634761	2.2754689657	6.78548102633	
5.62905216513	6.72386052488	8.96876967781	2.32193822086	-2.98965797645	5.77693908142	
6.31811797593	6.82173711154	9.0	2.52699157226	-1.99391890769	8.80470623845	
7.65140857597	8.70700114093	8.94786693444	2.38986958327	5.66673665462	8.69738393195	
8.32735294456	8.94981885339	8.59405726725	2.23299025979	-0.0528808382848	5.64167692576	
9.0	7.82313809207	6.91057045488	2.54225150218	2.54084187176	8.23575188358	
7.2577728964	7.95700649095	8.9468044159	2.54418279065	-5.51370211616	6.31473280889	
7.02647320453	6.6623645294	7.65963968162	2.35864598647	-0.463925220568	9.0	
8.99911179597	6.9321667906	5.91746215612	2.45779097512	-4.2038893727	9.0	
6.28708747673	6.44984355837	8.29111209099	2.25335742949	-5.34924409734	9.0	
