4.83432843414	9.0	9.0	9.0	6.27171078999	2.57800709503	
9.0	6.508888463	6.92518896192	2.64222626085	1.51693850369	9.0	
-0.439022979943	6.56686991421	9.0	2.79717481103	8.93859254976	9.0	
-0.792073761763	6.54009975473	9.0	2.84075068637	5.63863802746	5.25345586516	
3.42902505398	7.09612951293	8.95594372784	9.0	5.60856443348	2.43559238549	
2.42947356723	7.4376441224	6.7593582328	4.32912117334	9.0	7.23804824597	
4.95502384725	9.0	6.4332957968	8.99999608538	8.98529438438	2.84744183192	
0.0439681687264	7.09755418521	9.0	5.43617116867	6.92115602554	4.01191290728	
7.94521583674	8.98144480718	9.0	2.62237285176	-0.0685154785998	5.71847463073	
5.33242215565	9.0	8.54739112959	2.58523503953	0.214116657295	3.25369172436	
4.70798356274	8.67780526729	8.36081776088	5.07038485975	2.47119181435	2.64230206494	
3.27083499953	6.32649301865	9.0	2.39938761291	4.62774542655	9.0	
5.43966965353	9.0	5.45466439699	2.72107614362	9.0	9.0	
4.92531465149	9.0	5.48458698702	5.36828170241	8.18784168555	5.16254635624	
9.0	8.55855644444	6.47772222349	2.49568145317	3.94390700396	8.98784008557	
6.33381121027	6.7458795953	7.90419268541	2.39988240764	0.728952757441	6.7626991522	
7.70401536609	6.59481834244	7.77588438464	2.30383081917	1.68427970229	9.0	
1.913286481	7.09220215528	8.53625321632	4.67337987974	2.96047308648	2.50062769595	
0.247079787059	6.53422190044	8.79388884015	2.92385587731	8.38743785711	8.59302568426	
8.94108627009	6.69714917681	9.0	2.57448601746	-0.234260095963	9.0	
2.95423911244	7.45016466367	6.81637442291	8.03413701087	8.34855969832	3.25181088484	
0.32351368142	6.98043696946	9.0	9.0	8.96231405624	3.02088274309	
-0.549497780789	6.59391067184	9.0	8.76724147309	8.94266801365	2.84353232714	
5.76980447924	9.0	5.78997162452	2.40148843705	6.19859961395	6.8473277051	
5.1043518623	8.99258798065	8.97172861633	4.71821890578	1.60474979001	2.48861348071	
4.99908389998	8.87502029503	7.65021117348	8.71171416498	6.42451071525	2.2877758703	
1.75088118539	6.43036639843	8.14607462637	8.66119381266	6.68600671897	2.29721900251	
4.96536508365	8.98845325283	5.83702199791	4.73967862488	8.50471829618	6.14733619365	
0.264367658109	6.52687200301	7.93126418417	5.08928683478	8.37049016576	5.747039557	
0.446149384514	6.39669416403	9.0	2.41288682254	2.69879918731	4.08727591525	
2.13014986992	6.98886558538	7.72120609408	5.82753986852	5.23276654201	2.76407138678	
0.496457886444	6.16643309314	9.0	2.28336474825	7.16161178193	9.0	
9.0	9.0	5.37250542975	2.40886632761	5.34524695046	9.0	
1.80145494811	6.24083265116	6.48300990276	5.25883006247	5.44483354458	2.97563589611	
7.92195445882	6.99769404544	8.96611242522	2.76987143879	1.24722696585	9.0	
2.84209381811	6.47711531273	7.4446760615	2.38220032493	2.03218341954	4.41992508703	
4.9304294249	9.0	9.0	9.0	5.83823992091	2.69596659133	
2.23542207333	6.72856859872	9.0	2.3485065402	6.19871332846	9.0	
8.99809234595	9.0	7.95963210855	2.71711016164	0.986959916635	7.04323343751	
9.0	7.60777847462	6.9519344089	2.51755417251	1.2804933519	7.78372169536	
0.113993276745	6.70267857455	9.0	2.7652857765	8.41499737627	9.0	
3.70431592211	7.92631136547	6.43726869578	4.87738644698	4.3721804405	2.68096247987	
1.94901836014	6.78162664762	6.94322503173	9.0	9.0	2.81123016437	
5.09135031918	9.0	9.0	9.0	5.48475536906	2.40755807228	
1.73727262292	6.42521877324	9.0	3.72708687748	0.919697482376	2.38198678492	
-0.503164863263	6.67383941528	9.0	3.95020808242	9.0	7.57270491046	
8.71081057919	8.03402351692	7.57639057789	2.49594181662	0.73532871809	7.0010818267	
2.86052685176	6.43168894521	8.84882340233	2.56665113375	2.93390708685	6.2240092835	
9.0	6.85803495406	8.67517225352	2.448406259	-0.104800353476	9.0	
1.56104140343	7.07358057067	8.69925583537	2.83256458959	3.85154075193	4.91990360826	
4.84510092887	9.0	6.24165016429	8.9279045421	8.43031656615	2.35295686503	
4.209261744	6.93520662602	6.89051813128	2.81947074236	3.27803923113	5.34055331402	
4.81895476364	9.0	9.0	9.0	5.68496258912	2.22488585745	
5.24809038258	6.6429338148	8.51470587291	2.33078613637	3.52602348424	9.0	
5.98859880242	7.70381611018	5.60018483507	2.73574876913	5.14805527221	7.18394950917	
4.07170520572	8.03407109527	9.0	6.2105469847	2.98876921692	2.64401432988	
1.78490351015	7.03061628068	7.3628612612	8.26189673642	8.70852121514	3.08733201659	
4.99313214805	8.76698917891	5.62641012479	5.00068134908	8.30742455209	5.99348067806	
8.89908080268	8.40900492916	6.61978693199	2.65914317378	3.95438336786	9.0	
4.43532323254	6.09308842515	7.86513860841	2.37055749682	4.17328681305	8.54474024563	
0.487859130738	7.20600524294	8.5265936116	5.37467589815	8.11314894337	5.34498364595	
8.763085403	8.78706758974	8.91137687301	2.41219736164	-1.00665867059	6.14699471581	
4.77439340441	7.11509297164	8.09470092273	2.63783444851	3.90084480887	7.66484123676	
-0.241939172668	6.7607634219	8.97132267935	6.06690072066	8.62524868346	5.09241508525	
9.0	7.50375383427	9.0	2.6063255064	0.279278773011	9.0	
5.21824131101	9.0	7.22402832562	9.0	7.71980857222	2.6388284483	
5.37056798943	9.0	6.57258933127	9.0	7.86989433966	2.62772260141	
4.44278355073	6.25850358188	6.74752374012	2.36937457316	2.6755597635	6.11831597907	
6.88580328671	7.99031806634	6.36740283994	2.57219509664	2.12087987919	5.35323256659	
-0.579728881775	6.56422647044	9.0	6.02330427302	6.26654586987	2.81046949419	
7.12112511009	6.76507127374	5.94327946146	2.24325524889	4.19302201213	8.920567326	
9.0	6.85776385817	5.49045057855	2.40886003191	3.03665859179	9.0	
1.54610283758	6.26132410845	8.66846735098	2.362448477	0.978021594372	3.27312489006	
2.5227852721	6.86042542086	6.58269773291	6.05234099061	5.4870725325	2.39571281558	
9.0	7.23024082599	9.0	2.74331251072	0.290686506039	8.97388503534	
9.0	7.82786489356	6.41297648491	2.72193171644	3.53994440697	9.0	
0.780087308709	6.26922321276	7.31155205746	7.95115386799	9.0	3.53207851617	
5.30843367193	9.0	8.70333741425	9.0	5.91311876595	2.74512642304	
4.64496243181	9.0	6.96926279511	4.10174840065	3.59194741893	2.86088907973	
8.79460659438	8.46630480033	5.57204460879	2.25544993569	2.59921530333	7.01619267946	
6.01132571474	7.84685447976	6.39257986947	2.73788706022	4.38682602213	6.83355017155	
-0.341868926067	6.60485910702	8.41728960478	4.52611388267	7.84793654618	5.62007561979	
0.956682657122	6.95490740277	8.1922036275	3.6610112573	3.31940934844	2.77904196704	
1.08423816921	6.03573107863	7.41818848987	2.39608965228	2.74240370772	3.63403387711	
2.29251312482	6.28095719104	5.83520907878	3.10632708725	8.8793174791	8.2883622722	
3.70602890039	6.15109653917	9.0	2.54331099254	1.36385033715	6.1840308283	
-0.35253292076	6.67114926372	9.0	2.72946842085	3.62704150921	3.79537253412	
0.526078296632	6.50608788686	7.6387104478	6.20668420988	8.01391457657	4.3515022833	
2.55853546586	6.90548863734	6.40831997166	4.07790956659	7.41595824143	5.94791377595	
4.25322971737	8.01655732512	6.19365644451	2.75154708221	8.64253118809	9.0	
4.10740941077	8.68309945825	9.0	9.0	6.5139671938	2.4941229728	
4.21618772697	6.79053290919	8.97516606726	2.51847784461	1.27618376383	5.75824548133	
6.83484586808	8.4873055036	6.34470663935	2.61197670726	4.36118887487	7.11253796155	
7.30024929287	6.42140887419	8.47397706313	2.66253924849	1.48337953295	8.79164500594	
-0.706562125429	6.2571816582	9.0	8.15032751166	8.84955934251	3.18989647704	
1.2861278221	6.62649868952	7.13742036427	9.0	9.0	2.75131244768	
2.00252790188	6.78012807319	6.82460611208	5.51949655056	7.51248885275	4.64135808694	
0.955664589322	6.84611803978	7.60636993704	4.30559449553	6.86457863161	4.93780216601	
9.0	8.1150436223	5.35240065386	2.46659781321	4.44331759302	9.0	
4.4725119242	8.28801336191	6.05935949278	2.89631561693	9.0	9.0	
