9.0	-1.45172807019	9.0	7.98905634954	1.24110665016	1.46730405968	
-0.516828410791	3.98131883782	9.0	0.303938656582	-3.85263997338	-1.00829362372	
5.75372461641	6.86654720263	9.0	2.28138336442	-1.17743915625	5.19169087835	
5.96034947281	6.83070265343	8.97894502174	2.40890289996	-1.33230345665	5.20646780111	
8.0909605577	9.0	8.81219110008	2.38828076858	-0.440995655083	5.67905270462	
8.99283352857	9.0	9.0	0.286433533641	-4.86824725269	6.21902386044	
-3.30136238099	3.17851894155	6.91657188743	-1.83361866055	3.24180110492	3.11282867047	
2.01797314949	3.97226224096	9.0	1.92332702024	4.44496543973	8.50852400088	
7.3847199983	6.13445323172	5.54064829753	0.327200053416	0.930432005916	5.43442834546	
8.33514870112	8.67859245725	8.86965406194	2.70879813819	-0.308601520171	6.26573407454	
3.27635388888	3.70634334251	9.0	2.60373717145	4.252381382	9.0	
9.0	8.74849794367	5.18479268248	1.09917968171	5.03031878983	8.16780767513	
9.0	7.44298330677	6.36868760472	2.34975528683	2.33145226837	8.51820437008	
8.1149246142	5.84262170523	6.07482837043	2.72323380553	-6.0	6.1867320785	
-6.0	1.08905779945	8.4742172815	-1.02768945772	4.18328617204	7.1349166425	
1.57088988594	7.97393567446	5.61991617313	-3.78405464545	-4.53803286403	-1.62732287916	
5.16778408681	6.0382286148	9.0	2.28589471702	0.0128792464604	6.4961258397	
8.43548566615	8.8627353129	8.6565841921	2.65841582254	-0.172837547882	6.0432001007	
6.36609645046	6.76290958569	8.50294750261	2.60349052459	2.62126673851	8.81529257292	
4.08745961563	6.08240775217	8.14264381401	1.17179945718	-0.721043908715	5.72971517816	
8.39396569075	8.22852086922	6.83792598244	2.16226411142	2.03539701136	6.74737966887	
8.57837558907	6.61140149692	6.16232580335	2.28714815998	2.38172590892	8.9654547978	
7.55523074874	9.0	9.0	1.89714946315	2.38704445921	9.0	
4.2670300943	5.01923029168	7.28435439257	-0.457543444195	-2.81130440192	5.42018777652	
9.0	9.0	9.0	3.04453714352	2.8190983045	9.0	
8.23488883875	7.85517033369	8.21335672054	2.65106195025	0.81163163301	7.4352823181	
9.0	8.48788781672	8.00741736867	2.60181491366	1.00636572104	7.52835728751	
9.0	3.23834296253	0.547892010755	-1.23019586478	-1.46507760917	8.98802583221	
4.06904835826	2.99978418651	6.73613818339	0.577617051351	3.71185448825	7.73808036175	
8.56744088254	9.0	8.62585109906	2.46983518502	-0.745840714792	5.90544136624	
8.71468451918	7.11261172597	6.50982010525	2.6315764785	2.44802695297	8.7023461887	
8.99785784702	7.29425288925	6.63031985483	2.48953691824	2.53664666987	9.0	
6.77512774157	6.5598164596	7.87964658755	2.27483603927	-0.0708349164198	6.43669691257	
-0.532656770514	0.348554008151	7.69804319395	3.80043669325	-5.77907654102	-0.173617858795	
8.34005964447	9.0	8.99765884062	2.52261646582	-0.319970182393	6.14849770765	
6.88088774109	6.85615736335	8.11619072495	2.48213379316	2.02971517021	8.60418572316	
8.52000802522	9.0	9.0	2.61907753067	-0.638640485227	6.03937033695	
8.95633068721	4.65308859859	5.23124865411	-6.0	9.0	7.55715771501	
8.79311469437	8.2057143121	7.306148062	2.38830064044	0.908398690801	7.13374560583	
9.0	9.0	9.0	8.89372996549	2.62627413317	2.38024298839	
5.6216921074	8.0249546923	8.98854558121	0.415642644241	-5.72256776897	1.41712247986	
8.8685917803	9.0	8.74902292512	2.58252687808	-0.118489867113	6.51162078625	
7.87695337444	7.66017947354	1.94297224006	-1.3140556811	4.65807178271	9.0	
7.09643578839	8.78141956743	9.0	2.26723537187	-0.893152727664	1.90346571921	
7.88991289997	8.6682294068	9.0	2.32909570863	-1.6602862145	5.3244221515	
2.31392364834	1.45220475118	9.0	-5.44318626222	-6.0	-3.63035599864	
5.23670209745	7.34390138916	7.53819589686	0.0804212642551	-4.6127255112	2.5427310478	
7.83366627332	6.85770338563	7.13485037037	2.37113773542	2.44928634355	9.0	
7.7337262339	-2.03554170153	2.52962138263	1.1099496518	-0.46130328969	-4.00263343327	
6.14610298809	8.92124457637	9.0	-1.25419005782	-0.0548392816476	8.38409913113	
6.77536199426	7.09467611388	8.49592824512	2.55561677756	1.12964622534	7.40691709058	
7.18829233355	8.12507334376	2.76417509519	-1.60494711234	1.39823707113	5.10249186024	
8.9776100348	6.97544571673	6.07241758622	2.54467765747	2.59308613482	9.0	
4.23534675825	2.79282135855	8.78154541724	-0.891900444247	-1.51019994699	0.893110990649	
8.78049178464	7.31851645007	7.17404385134	2.75412308576	1.99776499106	8.70878237926	
9.0	4.90295925756	7.34790203832	-4.72327925112	7.03474428642	-5.69432244774	
8.99772207235	9.0	8.58496419308	2.71322153993	-0.0180089021715	6.50037337151	
7.39563547084	1.57039945673	7.55993495705	6.23270367693	9.0	-6.0	
8.94634739881	6.79076080164	6.28363351953	2.58790709978	2.54974520127	8.98381333783	
1.01105332834	2.73966161128	1.18853845913	-0.220756861296	-0.992499078096	3.46261428531	
6.5643993077	6.9676091475	8.92746874858	2.71474484185	2.50393392507	9.0	
7.68006510815	8.10914167743	8.81968560426	2.61801069517	-0.26025959105	6.24422103945	
9.0	3.28011563043	5.12631679885	-4.8166315107	9.0	1.39187800942	
-2.82975273984	-1.02057080323	-1.45744834503	-4.84725291913	3.31231709293	-5.31408516037	
3.90513417206	2.92504722625	3.4415529574	1.15103622613	2.88224881084	8.99330449546	
-4.82276858948	-4.7948964027	7.86894364106	3.98577734658	-0.995157889058	-3.47905544721	
8.11245407659	8.67088417884	9.0	2.70457187378	-0.530878036196	5.8709169514	
7.01992560867	6.45354485206	7.42171514386	2.42166735348	2.80384165549	9.0	
8.99477395662	8.83295530747	8.85298605483	1.34028005664	6.60418328312	4.04769286221	
7.22835648027	6.76445829899	7.86521983147	2.70634311169	1.40301656256	7.779682647	
6.73341568198	6.48718515781	7.91411282018	2.55650272282	2.00728369445	8.30934624329	
8.20785262209	9.0	9.0	2.59713791908	-0.0332752391997	6.07120747093	
8.38412618486	9.0	9.0	1.66632989895	-1.52805741381	4.91455555672	
8.57687397593	9.0	9.0	1.69915238599	-1.36837318464	5.42143752513	
7.67400798603	1.42757105625	-5.72762393325	-0.135105192592	5.66897006426	-0.580031202461	
6.983088684	7.68741977126	9.0	2.71412369443	0.00417220170844	6.14426495239	
6.37873276556	7.38715218178	9.0	2.44224983346	-0.513443200834	5.55528898412	
8.76839529943	8.34025011039	7.68103557737	2.36605464665	-0.0473426366122	6.46678584868	
1.60180673786	7.69367451997	9.0	4.55002182503	7.93927304716	-6.0	
7.37642338112	2.4480775994	-0.630639287748	0.300002811234	3.99877655725	8.69244888668	
5.91606854109	6.76550075977	9.0	2.50163806099	2.35004543534	8.77757592595	
6.23649101086	6.62788635187	9.0	2.59791380203	2.35304824258	9.0	
8.99279751184	9.0	8.25684727983	2.67158339664	0.326321593851	6.78083016776	
-0.233230333448	-3.03402498658	3.98270183504	0.425155766123	0.206480961808	-1.0077478549	
7.17018238623	6.80268535017	8.17095814546	2.56714078315	0.595496491231	7.45954772464	
7.50973077221	7.79954340154	6.09480119322	3.31596902459	5.73080569544	2.65038724245	
6.265759545	8.08605001194	8.60458958078	1.1371502932	2.8446787997	8.79969712269	
7.93986548348	8.90486552105	8.92369755036	2.37194659199	-1.15553375394	5.22887574166	
9.0	-4.30626727901	3.65611904264	-6.0	8.25013860137	-6.0	
9.0	9.0	8.38987225604	2.36470447714	-0.717536676203	9.0	
7.88536526437	9.0	9.0	2.38154695313	-0.87102434917	5.39924117521	
5.88702896355	6.70455199288	8.84795731393	2.39780477683	-0.34165138678	6.09817746471	
8.88243407809	9.0	8.45741884665	2.57923955631	0.0625369898307	6.6502808125	
4.98883979703	6.96610028409	9.0	-6.0	5.0435167654	-2.54305756111	
6.19780339323	6.65978307189	9.0	2.5555538057	2.30497240989	8.92979091233	
8.31694100178	8.33314834379	7.9827648052	2.25014987558	-0.129848628894	6.28984807585	
8.41755850491	2.71250654738	6.57431788795	4.69052600712	-5.70544370609	-4.73175625795	
8.5535559547	9.0	8.76636614966	2.43792117501	-0.570800777963	5.95749931787	
6.94627748243	9.0	9.0	4.95671059695	4.70779208547	4.83261250753	
6.00799149456	6.90868956762	8.99823459886	2.36376847095	0.602633230972	7.10870890852	
