6.17306791914	6.2498839878	8.1729732047	2.35710091087	-0.975825058638	6.93668710259	
8.21575561697	9.0	8.97793089338	2.49082000979	-5.05851134655	6.37832501056	
7.96714446012	9.0	9.0	2.34134898549	-4.04220575182	5.14324993999	
9.0	8.42231105892	7.64480932217	2.51932923262	-6.0	7.38047663899	
5.0357786274	6.17883831933	9.0	2.3253836278	-6.0	6.61122671551	
8.75560538404	7.06143981715	6.66710851199	2.76004163459	-5.55372118933	9.0	
8.96662537923	8.07074588999	7.25689014236	2.49235870481	-5.07825970026	7.74639231897	
5.63499846344	6.60370913971	8.98456843018	2.44144730568	-3.84833727765	7.39640949728	
8.05983478253	9.0	9.0	2.52682890078	-6.0	5.63747951657	
7.75024338898	8.83343611303	9.0	2.33811129192	-5.9599690489	5.23336919672	
6.30757601983	7.17277681488	9.0	2.57628238706	-5.86438200968	6.46533577099	
8.70738102272	9.0	8.74253917583	2.68687307285	3.15008477319	7.45565073854	
5.19779082499	6.10882171631	9.0	2.45130421533	-0.898729218736	8.4222850704	
6.38154007494	6.64006597993	8.2773713607	2.47473261098	-4.56437695001	6.18824398015	
8.86269712134	8.79672358022	8.29874396116	2.60613934388	-5.54600688762	6.21273220565	
8.41169600097	6.37638988696	5.91777559614	2.3218891235	-1.12718303108	9.0	
6.1995668944	6.80495751586	9.0	2.75196785216	4.7006540431	8.49407597039	
8.6089405463	9.0	8.76058709618	2.60557091925	-5.99087585457	6.25001353036	
6.46712893914	6.80249492289	8.32862742697	2.28580003459	-5.65203477333	5.77700647641	
6.92234120779	7.26639372023	8.6786270396	2.58806080191	4.19191233973	8.61394328459	
9.0	9.0	8.44103614569	2.61586732874	-3.79781810323	7.24927975231	
5.71124492836	6.58312491742	9.0	2.42257328594	-5.12375733519	9.0	
7.84779236099	7.02688486697	7.40497827945	2.53227462704	-6.0	7.02086864908	
9.0	8.99980480012	8.16953343994	2.56485610417	-2.39351165648	7.04474360799	
7.21295487583	6.03942035118	7.05686242774	2.42232758751	-6.0	8.73751936738	
8.93149598826	9.0	8.31972624799	2.43022599865	-5.94183668797	6.92663496178	
9.0	7.74299129425	6.97580389758	2.39573660091	2.99614295623	8.96018129407	
8.62582157056	9.0	8.52108183445	2.39917174463	1.01420162897	5.78976039503	
7.45570384087	8.42715613969	9.0	2.37344631977	-5.52856544078	5.1254311975	
5.96378480145	6.94214616087	9.0	2.40682245319	-6.0	8.81281427842	
8.94027712366	7.45127984435	6.92963847708	2.58050231356	-5.40776655676	9.0	
8.12579072828	6.86840176688	7.13051071527	2.7933620721	2.2873672951	8.82109806327	
5.66117409233	6.32903685819	9.0	2.61663342902	-4.99293401338	8.65906213566	
8.48799574467	8.51011446611	8.30893497974	2.62878534325	4.25647877353	8.54670778589	
5.91631108881	6.46120109329	8.99056580855	2.59971369461	-5.60165771674	8.89388148406	
6.17174895863	6.98444654244	9.0	2.54474581486	-6.0	8.79326161655	
6.04952803249	6.68784599053	9.0	2.66042874252	-6.0	9.0	
8.98811070744	8.9988867926	8.1369667331	2.52585037245	-1.77354336533	7.02609532974	
7.01175854902	7.17882681377	8.30935999532	2.27913887084	-1.29883619625	5.95263710196	
7.68862098916	6.95251862537	7.32559333348	2.43965773511	-4.35625716837	7.37845822191	
6.65855152489	7.16808765015	9.0	2.7587427518	-5.73552696106	9.0	
9.0	8.48840340503	7.80528437308	2.59551008559	-0.106254791665	7.33213347489	
9.0	6.4487802014	5.34442782041	2.35067268371	-4.77905256788	9.0	
6.29920206456	6.26273547758	7.89207403433	2.44988864148	-1.17177645777	8.59809775557	
8.85966593072	7.11906005422	6.48966618773	2.42974892345	0.102506429274	8.51284752617	
6.12900944279	6.03979797732	7.90493048266	2.25559384615	-5.20346242942	7.89706830861	
5.81538535945	6.04109036482	8.36671133356	2.43469302532	-3.07021071433	8.67209236569	
5.9090831498	6.48304243436	8.64957939075	2.39056713261	3.10340826453	8.93579516114	
9.0	6.71638617704	5.90072523531	2.61724779982	-6.0	9.0	
9.0	6.99469506083	6.5923775575	2.61051193504	-6.0	9.0	
7.39493384064	8.06856237095	8.64334439776	2.30200207949	-3.16887529066	5.32118475727	
5.01642370492	6.11039617868	9.0	2.23354979382	-6.0	6.60868424905	
9.0	9.0	8.06240299933	2.42615310838	-2.73638549739	6.62259848396	
9.0	8.14973438045	7.51648711166	2.67516796719	-5.80498083974	8.10273480719	
8.24646469548	8.94475360882	9.0	2.73132879265	-6.0	6.29514496414	
7.14093786193	6.18086705907	6.9292698403	2.31439165847	-3.65917292121	8.46234724828	
8.69848447915	8.93586069479	8.54976776577	2.55238298074	2.85880108205	7.38523274905	
7.99269143831	6.67628838087	6.58260315946	2.33837931292	-6.0	9.0	
8.08413138652	9.0	8.99980973026	2.4243199708	-6.0	5.5037644519	
8.99346055968	7.20953438873	6.37814436289	2.62264404427	-4.59031914833	8.41624270866	
5.65151149112	6.29086747868	8.57828713775	2.28239889828	-6.0	6.39336194014	
8.9477236142	7.41501059735	7.06097766478	2.69942173151	-6.0	9.0	
6.19027810767	6.71354406384	9.0	2.49085990471	1.45176298818	9.0	
9.0	9.0	8.37259925886	2.47543670846	-5.2284327555	6.68266526671	
8.77781324907	8.93267706949	8.45365954734	2.6702082165	-6.0	6.42104104367	
8.6211591273	8.97312411762	8.25263785293	2.28169584412	-0.522397582827	5.73964211147	
5.28982926029	6.3713987587	9.0	2.45105400591	-6.0	9.0	
8.68369008274	9.0	8.94442426174	2.72177763896	-2.02049115812	6.50570968225	
5.39156876285	6.07014059323	9.0	2.47077849142	-6.0	9.0	
8.07917517483	9.0	9.0	2.55930145267	-4.37335626398	5.75500115938	
7.59856321989	7.06570583071	7.98190807672	2.63613435233	1.66073625389	8.23620407262	
8.2812818341	8.9467724745	9.0	2.5153177225	-5.84024714839	5.60966540006	
8.19058206886	6.8639469442	6.95759312541	2.38690299087	-2.27989079202	9.0	
9.0	6.51811240551	5.6468194468	2.55205812116	-6.0	9.0	
9.0	9.0	8.33972039091	2.59332172884	4.67712301819	9.0	
9.0	7.27157804355	6.58272044475	2.53473364107	0.476723714245	8.05623394875	
7.53540260675	7.47569666238	7.92545430446	2.30883912614	1.12341671812	6.85491616018	
7.85714143682	6.76789411605	6.90350835567	2.45850822937	-5.24075882315	9.0	
8.99382006168	7.3889315774	6.72346349833	2.47798877964	-6.0	8.9999783625	
5.47038085654	6.29721824974	9.0	2.29722044836	-5.60839034119	9.0	
8.19694766912	9.0	9.0	2.45037136538	-4.79733508677	5.49610163881	
6.89083419292	7.40217242623	8.99428480824	2.63176949129	4.64429463532	8.47781081867	
9.0	6.35224810846	5.46108955739	2.44012024897	-5.97585906217	9.0	
6.44280052213	6.32949327998	8.49711680649	2.65836612938	-4.06455840035	8.46234640989	
6.91794512713	6.32868327856	7.45196985433	2.39888874675	-6.0	7.63132936702	
7.22484229935	6.65566115374	7.46427741775	2.37342805564	-2.7745285391	8.73274297352	
9.0	6.92514581003	6.31058250114	2.47516901655	-6.0	8.32113865146	
9.0	8.80944250038	8.04250989542	2.48519866231	4.13362401421	9.0	
5.94031243037	6.64814701391	9.0	2.63589150434	-4.92085959593	6.92167968329	
8.4223570386	6.91264918721	6.64121945555	2.39759894609	-5.85491346217	7.6743440729	
8.33421455149	9.0	9.0	2.40599188153	-2.01286074562	6.11469678318	
8.0991401572	8.65774266728	9.0	2.46348030624	-6.0	5.97464516804	
8.55616174478	7.49986023615	6.88928132533	2.42118914194	-5.03487288042	7.78618989195	
7.46666038327	8.3759437903	9.0	2.62041377522	-5.47694490146	5.76134232257	
7.86304890248	6.7902998526	7.58907848033	2.65173033373	-6.0	8.11310086119	
9.0	7.55696135156	7.01063782748	2.56199001853	-6.0	8.5833448881	
5.47150738153	6.12313640472	9.0	2.51897560633	0.338376068024	8.85683628402	
9.0	7.80368819402	7.01928126273	2.64311016748	-5.15076229599	8.1187470248	
9.0	6.83877894148	6.03214375559	2.58804952657	-2.82362883091	8.88558603225	
9.0	9.0	8.37731825839	2.62247182931	-3.96155421558	6.9417891327	
