-1.86713022212	-2.28665063037	-0.591497834086	-6.0	2.39032340153	8.95507493281	
8.35044104327	9.0	3.41881916549	-2.84569672694	-6.0	0.313632757768	
-5.70224451363	-1.23270360034	4.26064851447	-5.81746133226	-1.41615744245	4.95530794487	
-6.0	2.82551588847	8.47622861894	-6.0	0.124995572523	6.53256785361	
-2.2879101587	-1.90032929838	0.165354781372	-5.80615306631	2.697976346	9.0	
-6.0	3.07783054128	8.76025226335	-6.0	-2.10277371411	4.0610941417	
7.83298495077	5.23442737625	-2.90097650229	-6.0	0.929809904304	7.58842343054	
-6.0	3.13670561468	9.0	-6.0	0.296499511012	6.62680324077	
-3.73915933755	1.8940136713	8.17793406659	-3.05005090415	2.54088313265	8.91288791981	
-6.0	2.63248214868	8.39397061038	-6.0	-6.0	0.763753350634	
-2.4929219604	-1.75201343803	1.13453489284	-5.29644535947	-5.48203924837	0.941144516972	
9.0	8.8854504203	9.0	3.15627373757	0.326632021046	7.13832975849	
0.397751031192	2.10364900072	5.56606336316	-1.88535969029	-5.57103043719	0.926214665856	
-0.120949027631	-1.75400205008	-2.01799389639	-6.0	2.73729273064	8.87363388991	
-6.0	3.26680233563	8.92813537513	-6.0	-6.0	0.61831073487	
5.76516993578	7.67689962272	8.4203190312	0.590822170787	-3.66281063893	2.88372198271	
7.52115111743	5.0578645669	-0.492390424075	-3.88615998975	-3.35763078928	3.04223775784	
-6.0	2.39621711445	8.72203642275	-5.49942323738	1.96455249626	8.66597090995	
-4.58163218726	2.98129586006	8.9848371498	-4.31104975799	0.163205544816	6.83453659111	
7.59784716827	5.32591590498	-1.78602824491	-5.26094702432	0.00790120225513	6.41058799521	
-6.0	2.0329360665	7.84790890601	-6.0	-2.73795741827	4.05167134232	
3.67774353847	2.39926279805	2.86098661585	-1.7447722518	-2.55609159623	4.08553346013	
-5.91932334	3.42553620818	8.993365123	-6.0	-2.61075443529	3.70069032912	
-4.15784167705	3.01982754011	8.59142440662	-4.15718871697	-5.30093466499	1.10757052152	
-1.70930143616	2.80798630465	8.26049808081	-1.79411698157	-1.17700951217	5.19534845182	
7.88943099827	7.57444545902	5.76208032676	0.462913529532	-1.16228490818	5.00012176755	
8.22723885471	8.96029286493	4.14586994504	-2.29926380445	-4.90591930348	1.40775148005	
-5.84850830277	1.93617697001	7.84005123161	-5.81209419142	2.25379652542	8.79768088565	
-2.20113520068	-0.022469564907	4.05343361966	-3.8039021212	-2.8706492973	3.44236753805	
-6.0	2.16403199623	8.0459895641	-6.0	-2.11169462364	4.4834070219	
6.36212487416	4.32112518487	-1.01832695381	-4.48257678633	2.66290337751	8.96556586235	
-4.832624698	-1.95049707063	2.77400522184	-6.0	1.23721243923	7.98716536668	
-6.0	2.86614525859	9.0	-5.8568359792	1.9534493423	8.68916803342	
-1.73797730603	2.00657674031	7.21659515427	-2.39721142168	2.25139851955	9.0	
-6.0	-0.662845786351	5.14329768444	-6.0	-0.195552908171	6.59550108977	
1.68168560223	-0.619934161533	-2.53697729467	-6.0	-3.31830781298	3.35948557097	
9.0	6.41108318527	0.163488949675	-3.14872683464	1.72295642362	8.53284606872	
-6.0	-0.568970502998	5.02556589026	-6.0	-6.0	0.415578164197	
-0.928241370185	-0.791222901339	0.987839981969	-4.84539602206	1.61202251662	8.33071672385	
-1.32860546143	-2.06396066746	-1.08988296259	-6.0	-5.98547262425	0.561535568106	
5.43128761443	3.10392708976	-1.0501112713	-4.48460057046	-1.74477018284	4.72675916889	
-6.0	3.12959567954	9.0	-6.0	2.65631101925	9.0	
6.57625703241	4.60590904056	3.18904887733	-0.317974550513	2.02398614087	8.069267709	
8.04416205109	5.54411654624	2.04239549481	-1.28509540122	0.844287330896	7.21033524327	
-2.60263157883	1.20616589534	6.15049048781	-3.23313248556	-3.69048634239	2.65659105401	
-1.0972483686	-2.32243853837	-1.48473432228	-6.0	2.1187475429	8.40905254125	
7.42318855859	7.32804699787	8.34771366782	2.71722132546	2.52041500678	9.0	
-5.95814582782	3.20756957051	8.90414138083	-5.95093136478	2.53455857345	8.97020536717	
5.65317335954	9.0	9.0	-0.1225492431	-6.0	0.655954795769	
-6.0	3.28582450547	9.0	-6.0	-5.62451071046	0.777148840436	
8.94557882094	9.0	2.69385151866	-3.25518805621	-5.94646727771	0.545365157027	
-5.25999994929	-0.537751606884	4.82231005611	-5.58407120532	2.78431022357	9.0	
7.78832252327	7.83036376578	6.39576508012	0.606050321958	-1.35378376921	5.05046388339	
-1.81554455235	-0.762811589856	2.44248012734	-4.5915916074	-1.54316070772	5.17079435463	
-6.0	3.18751526487	9.0	-5.7485707648	-0.418415807907	5.9513348217	
6.22627245595	5.96182038974	6.83755399168	1.2763229332	2.43830908312	9.0	
9.0	9.0	9.0	3.30241758634	1.38918631316	7.90643579254	
-3.26011024491	-1.73220697957	1.48580548331	-6.0	2.36975566936	9.0	
-5.37515582316	-1.09759600794	4.21202995972	-5.63269088528	-6.0	0.328050401029	
-6.0	3.16083942674	9.0	-6.0	2.30830512212	9.0	
-6.0	2.69518434876	8.53734736443	-6.0	-5.01968041092	1.66486347187	
-5.84037689934	2.7127480336	8.4174097131	-6.0	-6.0	0.340718400005	
-5.81467365285	3.05069939389	8.69146935719	-6.0	-4.24811730169	2.33523380394	
9.0	6.09031355958	1.13669265474	-1.84955166112	2.1120812494	9.0	
-5.9673680529	-1.19517832006	4.66825827981	-6.0	-6.0	0.814716853687	
-6.0	3.23509809831	8.88166011188	-6.0	-4.18682388645	2.30148383187	
0.882626462196	2.21391526429	5.20042182747	-2.02108804628	-2.76702037801	4.05071025607	
9.0	8.47451710914	8.99239361247	3.65691982722	2.43665032981	9.0	
6.92270805626	4.04119889786	-3.219215569	-6.0	0.129242674354	6.65090961841	
-6.0	3.22786574384	9.0	-6.0	2.69347549697	9.0	
9.0	8.80481011824	8.78575046175	3.22304520944	0.57454955507	7.27196426687	
-4.44139501613	-0.888615056863	4.33701007369	-4.9604391227	2.20621821825	8.92513438542	
-4.99496706781	2.78782222961	9.0	-4.52912176321	-4.4091377521	2.05136444705	
-3.88455847867	-1.91186289112	1.96834948426	-6.0	0.273114995209	7.04058195062	
-6.0	3.28460878749	9.0	-6.0	-4.84109530848	1.76491034236	
-6.0	3.05519890288	9.0	-5.55270221984	2.27599152479	8.58379291329	
2.73513937728	0.481965821549	-0.73724138248	-4.27690868214	2.38311868453	8.7614490158	
6.87126600079	4.05142202146	-2.89596592554	-5.90102345077	-0.919011802813	5.69356533977	
8.99911284988	9.0	8.9403455727	3.32848844443	1.37937734371	7.70461186067	
-6.0	-1.44372199535	4.40160096226	-6.0	-0.388758211573	6.40118831895	
-6.0	3.05508631659	9.0	-6.0	0.783270369887	7.20663320123	
5.1769582632	3.37185860685	-0.728143088952	-4.44452027739	-5.11869339051	1.150415861	
4.90288402815	3.08674088528	-2.17923165846	-6.0	-6.0	0.369902020929	
4.08407337847	1.90118490259	-1.88754373511	-5.40414476517	1.35800509473	7.82977071361	
4.00613782084	3.631891224	4.62030468651	-0.662990212195	1.33334521049	7.90722640953	
7.27046766265	9.0	5.90120566327	-1.81440014484	-5.84734737372	0.866352738133	
-5.58157538903	-1.50955239066	3.62702030123	-6.0	2.85876944586	9.0	
2.67410567521	0.8061238792	-2.25234750614	-6.0	-0.903477205598	5.30390262327	
7.06787916804	6.66566195301	6.94953929841	1.78408847487	0.442018890186	6.66805600131	
-6.0	2.9812475831	8.88273477333	-6.0	-1.13092290893	5.73246052653	
4.35589477258	2.047598069	-0.609234271737	-4.11271765402	2.59148240947	9.0	
-6.0	3.1488278131	9.0	-6.0	-5.91416131484	0.456702396283	
-3.33550608735	-2.3613070072	0.686840351125	-6.0	-6.0	0.635476890012	
6.27958684768	9.0	9.0	0.37736339185	-4.80068937585	1.86072073197	
8.44762152206	8.99986355929	9.0	2.5164178107	-0.706500508379	5.732599189	
2.10968727714	2.08701788943	3.73101651821	-1.7859117192	-1.9769330707	4.27046736576	
1.71644070416	1.22260657695	2.0777226227	-3.11046274448	0.656136109457	7.25632236941	
0.031936236676	-1.23598440329	-0.62127822874	-5.34734987619	-6.0	0.906947729367	
-6.0	-0.477226840034	5.08949841752	-5.99374290047	-6.0	0.230960610468	
-5.66644295261	1.61796964149	7.43390432237	-5.74034941666	0.433307780191	6.77517518477	
