0.0953568123185	6.43872803511	8.18035268253	2.60272661943	2.29311071941	5.28552620101	8.67480951204	8.9166481509	8.93974668351	7.28787505821	8.99893294652	7.20759426845	
2.43652797651	8.95643740374	8.97961253328	2.31357669385	1.34254659415	5.33851003256	8.84436453548	8.99453460718	8.41545390318	8.2659639141	8.99999976783	6.38768726365	
0.0221182235118	6.70066473475	8.46409458521	3.78613765999	7.00374450285	8.96108829254	8.92917672222	8.97123251142	6.32174665513	7.35236725021	8.99915374631	4.08076618898	
0.0427265638411	6.62198422143	8.95402658027	2.31647812488	1.44193137725	5.43560173825	8.93369328725	8.99832078158	8.93005866061	8.03233043909	8.99999976877	7.1398181128	
0.0520098189108	6.64098005035	8.93469499972	3.41125551116	7.00454373895	8.99975724772	8.06072360494	8.99998002236	7.18365511387	8.08765143014	8.99666599507	4.19685190197	
0.246242535536	6.52780940397	8.3103943892	2.85097966051	6.91671372895	8.99606546355	7.89977460194	8.99826596172	7.46936647949	7.32713553238	8.99999976875	5.35034330919	
0.0425363185228	6.66496526784	8.94137395899	3.54168272324	7.04400548472	8.99958401861	8.17831518853	8.99999998953	7.08889740979	8.14196394121	8.99577114219	4.06140143875	
-0.0448754935458	6.56066968177	4.997427337	2.79672611294	1.84628743215	5.25606788374	8.92290618014	5.1082827249	8.99183181938	-3.40056606616	6.81175567194	2.9625169376	
0.0147924370808	6.54178593549	8.96676151786	2.31260006705	1.18416824499	5.30736847198	8.96954959384	8.97352477673	8.87722005005	8.15281908167	8.99999964954	7.01618691076	
0.164149947935	6.75414907729	7.09188048327	2.46653042513	6.94803002754	8.93631194258	8.94993963004	8.99700697997	7.66294816631	-5.81436406514	-0.586572712167	8.54544475014	
2.48316009161	8.99999997368	6.83963595168	2.2648862285	7.0037798556	8.99999785828	8.9382964827	8.9999997724	8.86572171813	7.58842895987	8.99999976875	7.66416598315	
0.0421237736137	6.6415972134	8.9433340357	3.6707466609	6.96270410514	8.99999479047	8.36417340864	8.9999966928	5.27600408717	6.40573600948	8.99999944674	3.94961285379	
0.0625845344938	6.64009512283	7.79553201872	3.1544429414	7.00195776068	-5.93445038331	-5.99999763288	8.99999218525	4.4773424299	6.52026148504	8.99994723407	2.61224983748	
0.0150164101411	6.68138206968	8.90725366645	4.26183591923	6.07629319017	7.9821261774	8.92579050993	8.99900961556	5.4820269174	6.64509974511	8.99999860359	3.95963999066	
2.46304520708	8.94318352164	8.91901929604	2.47878953699	6.99677250421	8.9997161695	7.04107083452	8.99821695583	8.81965177944	8.22949463696	8.99944165581	6.54399979615	
-0.0146558443827	6.5723827208	8.87894026205	2.27186946296	6.95524570058	8.99032755476	7.01501357738	8.99997140674	8.57185193394	7.81323374804	8.99999976875	7.13751934674	
2.45439548758	8.91710027497	8.94106516601	2.9348231684	2.06935226116	5.44861440156	8.83436453371	8.99863965367	7.19114948775	7.89723497337	8.99988945464	4.28924021118	
0.0406472883273	6.65420201069	8.64771908222	2.32661170184	1.71980341221	5.24951740961	8.81937006236	8.9972126866	8.99517026292	6.43591132563	-4.02690593918	-5.81231753892	
2.54339179971	8.88650938827	8.98064217612	2.77120192262	1.74021037145	5.45696456987	8.83771970595	8.98728469539	7.60338946026	7.1915707602	8.9999993227	5.50331615584	
2.09902269789	6.49276939718	4.65005921307	2.73419532496	2.0344596027	5.3240308834	8.11815619164	6.35070204502	7.26910354533	-5.94426979553	-3.14588152383	-0.683985634772	
2.3977703306	8.99871801011	-5.88805831538	2.29788750846	1.89889158839	5.33012249843	8.43888503699	-5.7792375541	8.06854241929	5.55866882834	6.82098214538	4.98626768575	
0.298252823773	6.56042277555	7.31063354225	2.86839707587	5.12409180849	7.27528001451	8.971123709	8.99999976748	7.7244764375	7.42547664106	8.99999572788	5.46439889631	
0.0357118864556	6.64746599618	8.79326668533	4.00892391804	6.92217977403	8.99992781999	8.90508472081	8.99992529563	5.59189736472	6.78156569325	8.99999668184	3.85647833616	
0.055080170272	6.66754050734	8.92772076759	3.30630786194	2.48189260383	5.45868275798	8.96589233277	8.99805479903	6.68346596869	7.66415765846	8.9999979716	3.94367040643	
0.154989792049	6.58391333363	8.60012371714	2.7137834737	1.85730652127	5.37319632888	8.45952978873	8.40103480342	8.98154853227	6.67887040743	8.99963708911	7.88837011411	
2.46979773648	8.99053376644	8.93894576032	2.57202244187	1.60099776681	5.38618677033	8.93894576032	8.99994402367	7.85790485699	8.3954040845	8.99972900333	4.97684445336	
2.50520992188	8.89751062721	8.90389392932	2.45570082252	1.33042388052	5.32135394675	8.90389392933	8.96885764551	7.05598804145	7.4666734969	8.99999976875	5.79320461246	
2.46948527767	8.99825926831	5.74405117698	4.29163378286	7.00611628477	5.83720772975	5.74405117698	5.83660303613	6.27424544241	1.96745045549	2.59341313428	2.57283388351	
2.46446900559	8.99749119995	8.93524107136	2.38974185703	5.63230562663	7.65687658462	7.00016841941	8.98807640461	8.95465000832	8.60320016684	8.99566593947	6.63264969456	
0.0138640886494	6.58594643264	8.95268719146	3.45783296031	2.60451749274	5.44579751262	8.90572444172	8.98721612554	5.87704559877	6.89785886321	8.99989358728	3.90840851925	
0.00318565811066	6.65905547009	8.17633680701	2.53564154009	5.96183247648	7.90170010324	7.95332942207	8.99828716862	7.58371147015	8.33869371049	8.99999999965	4.98677803851	
0.16904734924	6.48461931116	8.88405757317	2.71371247374	1.50376450026	5.30229270056	8.8840575732	8.9403045515	6.5929729287	6.1610481464	8.99984952881	5.69412015365	
2.48325021463	8.97105698696	8.9644291281	2.46893569029	1.92887148519	5.37433206992	8.41165384464	8.97388175664	8.9964840108	6.3653538734	8.97395983783	8.79022132578	
0.0875891494217	6.69855946648	8.97670665369	2.43268566459	1.54651081506	5.43846454106	8.95890107221	8.99999961731	8.50747621453	-4.68426653754	5.64507254837	8.95757006496	
0.0619088224256	6.76134702991	8.72378520023	3.25548839278	2.83230595132	5.52843459595	8.86049517964	8.93322504758	6.33048418703	6.95002422561	8.99999697232	4.35590860545	
0.0851142740886	6.67143643347	7.93468205574	2.32009208672	7.0243633958	8.99999976776	7.94736030067	8.9999990242	8.62631908938	7.85344057092	8.99999976885	7.14312982387	
0.0951709026968	6.66612238297	8.91192525994	3.39007097579	2.49484847109	5.41995871515	8.96163568517	8.98742796516	6.22033222572	7.15756144806	8.99999994951	3.98669025892	
-0.0419526693956	6.67800062559	8.7451921617	2.25332998215	1.87414354873	5.29648060096	8.64973175183	8.99930370476	8.54914593236	-2.57201671415	-2.91714081995	3.85312084042	
0.0777636365308	6.58882283343	8.98636543716	2.71497514511	2.16810461255	5.40993959894	8.47070165608	8.9891946874	7.47558864118	7.1932196414	8.99948651458	5.47500008862	
0.0255958244087	6.6329217807	-5.99999920805	2.31018639402	6.9114613506	8.99995853116	7.0659665909	-5.94004212558	6.4973280989	6.82918193354	8.99959600955	4.33450576837	
2.45077774112	8.9983727729	8.94762713521	2.28753795269	4.95339704054	8.93891489661	8.87170672206	8.9986736527	8.88573111486	8.99999976781	8.99999976855	6.15645919814	
2.45215731332	8.98489083736	8.94102195342	2.38042635428	6.99961648302	8.99999410906	6.972509749	8.99999880446	8.77066067746	8.94928737471	8.99999976875	6.14463912073	
-0.114758835272	7.05413446915	8.5700413644	2.75960952655	6.94745327061	7.79605943378	7.14473997306	8.93767122547	-1.34860906634	-5.49359144922	8.38838182888	3.08418547165	
-0.0338007155357	6.54949141851	8.67400693607	2.31950243491	1.75882107915	5.37835242927	8.84515442282	8.99684246938	8.93666861094	8.18575806027	8.99417322852	7.00194412044	
-3.76251212249	6.72627395221	-5.62628308083	-5.31936804054	8.95501225831	-5.09039682562	1.85260987704	8.99958491541	6.74659764931	8.85927862763	7.86817574403	-5.22675844785	
0.0174636485969	6.4894925476	8.65678780619	2.30894543391	1.55351326503	5.23239937715	8.79026459839	8.98719785132	8.0562085444	8.00816689113	8.99987284047	6.30570698273	
0.190230579877	6.81749677507	8.99709040951	2.78920485623	3.14627073787	5.63630226061	7.77738082114	8.86797191061	8.76219237983	7.19714686863	8.99749348624	6.78982532055	
0.0313816003018	6.65321531791	8.62978569364	3.70077323548	6.50750012589	8.53721239162	8.72203794542	8.99950423591	5.65085090597	6.84798056305	8.99999590098	3.88270622742	
0.153186743152	6.46037650611	8.99956183294	2.81674861479	1.34773615505	5.25409933807	8.99956852842	8.96882356644	7.73083850035	7.27745552863	8.99999976875	5.57044588655	
0.170446376451	6.58072466212	7.05380065821	2.76567525237	6.41379632936	8.29335336964	8.99424330442	8.99252691786	8.66519627436	8.54515733102	8.99999999907	5.49299912673	
-0.172814813085	6.38975906278	8.96726847826	2.26197824701	1.15004387302	5.26490608183	8.96726847826	8.99513130679	7.70354362913	7.81596014356	8.99999976875	6.11211038382	
0.0510913591949	6.59054507269	8.07610169291	2.28051496677	6.51565672234	8.66827313864	7.89370116468	8.99721578051	-4.38039621613	-5.90577630916	7.42206143961	4.60838274411	
2.26958617653	8.80969801726	8.96265962798	2.34318534986	1.78095861087	5.38488867236	8.52455637459	8.9999964026	8.75331382642	8.24948311944	8.4815721652	6.98412022994	
0.00682655713497	6.6169337693	7.10870314304	2.46848764455	6.83019553642	8.78722167681	8.92662701986	8.99970935322	7.41861558341	7.83000707417	8.99928747562	5.64720387856	
-0.0307909904475	6.57452717266	8.97055495847	2.66645302139	1.88386564386	5.41432900534	8.82813368747	8.99645393392	6.70655618824	6.87703191874	8.99998864167	5.090188336	
2.22565890343	8.75079460241	8.87309394344	2.28625609247	1.42619601452	5.3315619785	8.83548434616	8.99182804244	8.93407468083	7.95275500185	8.9999812691	7.21465551096	
-0.032864722565	6.55827597771	8.66741630876	2.40401494626	1.98373769769	5.36845068518	8.6836351284	8.97118670073	7.36698400539	7.65689361772	8.99940576187	6.00558886238	
2.43015681523	8.97897518512	7.9430039838	2.39316494648	2.50863432433	5.44212674298	8.92976321221	8.99729553029	7.78764759306	7.90110655424	8.99999977749	6.17330824341	
2.39403664301	8.99546616566	7.5290546622	2.91155041826	7.0516685486	8.98923974599	8.92084333591	8.99934682778	7.53628784636	8.50514793526	8.99999289145	4.28547627012	
0.0517224262506	6.60821197224	8.93259305743	2.84657843471	2.06067946317	5.39840328744	8.80553805564	8.99733730649	6.95780798291	6.9072003705	8.99999976875	5.10420428085	
2.45835121104	8.99307754029	8.94399709448	2.90167707304	2.17639114783	5.4102661827	8.72265577859	8.99637443395	5.85850564603	6.48255798524	8.99999984685	4.40785342918	
0.203097171243	6.53116868679	7.70065169187	2.71955368507	6.2848565133	8.30213035687	7.0976443097	7.7333999224	8.99993310811	8.76328805324	8.999664352	6.55462532696	
0.0962549682105	6.47969163475	-2.21732793586	2.28573871006	4.94271368902	-2.08020600146	-2.21732793586	-2.08091262197	8.41784979686	7.27311468169	7.88187338215	4.68176186188	
0.109573399467	6.66082013833	8.9277484674	2.47456081894	1.53446048174	5.41473977752	8.97493848348	8.99660164306	7.93619543999	7.85381270954	8.99999976869	6.14658475598	
2.43257773875	8.99997247089	6.96320852369	2.36942688009	7.0185950189	8.97698487862	8.93188679891	8.99988885066	8.89062480192	8.98226272366	8.99999976875	6.21784791746	
0.0261455819856	6.55245272622	-2.23172108899	2.26316421182	4.96909768944	-2.14155521475	-2.23172108899	-2.14226063977	4.20525412239	-4.92451932877	7.70013328389	5.2781389491	
0.0381206371766	6.64179102768	8.90397349331	2.30955166537	1.52394714242	5.46408900362	8.94938242945	8.99999999882	8.94586843813	7.91855787094	8.99999976876	7.30954502647	
0.360117210716	7.07722192364	8.68177682609	3.77518287198	1.91931020188	5.35268491487	8.68177682609	7.43789502424	8.42265946497	4.636907905	8.76724801872	-5.92811305756	
-0.415042301941	6.04511878068	8.96238580276	2.12387704413	7.26046959015	8.99955843114	6.36073922258	8.99999475417	8.79766024475	-3.84672880969	2.6739416027	5.11754110565	
2.47924312249	8.98425977929	8.96012219297	2.40033749096	1.32110275683	5.34965162644	8.96012219297	8.9863466826	8.99997903003	7.92900613184	8.99996020774	7.29249280461	
2.44847939834	8.97249965963	8.9312641131	2.41618120032	6.98241185138	8.97018214306	6.99277668969	8.9960701148	8.60399981174	8.75758910735	8.99998361358	6.13289102264	
2.46949651357	8.9961589486	8.94777117472	2.30059418177	2.06133014496	5.37481264776	8.19032164541	8.99736216365	8.35466821207	8.51167520978	8.99999976367	6.08440496685	
-0.00185126843126	6.61338209646	8.39533376384	3.68481744432	6.95348965068	8.93139417323	8.88241487628	8.99979335254	5.83259075494	7.00954354517	8.99999865636	3.92549338287	
0.0495287220322	6.49986063924	8.95916282988	2.63610888087	1.47409298168	5.33010765469	8.95409125934	8.97079796804	7.97809054079	7.51213351356	8.99940501815	5.82611015133	
0.133459030282	6.47379725288	7.17745433351	2.78009559445	6.93182436098	8.98867824116	8.99478096491	8.99494313044	8.99993431057	7.78008566674	8.99998978589	6.48840787351	
0.121158237176	6.72032543469	8.87876322374	2.82863111397	4.74862958871	6.77788227884	7.55392839849	8.97564076643	7.2208704805	7.89380215596	8.99989863575	4.59321336992	
0.120700317634	6.66300752617	8.95578288827	2.37003177329	2.79593863077	5.59442681834	7.75477457328	8.99973592885	8.53473490016	8.40373355319	8.99999910588	6.41201206076	
-0.0380012991929	6.61058002553	8.88912372151	2.31664850964	1.55316772793	5.28852504736	8.81679481283	8.99935897837	7.90155322486	6.18982136238	6.96632236893	4.19165256634	
0.0459632234986	6.61005635715	6.97531183593	2.41466932219	7.01981368024	8.98722721682	8.95792372297	8.98706135652	8.30967655223	8.3070839176	8.99999824533	6.27194531608	
-0.192965201442	6.48256165876	8.69606970488	2.76655938548	2.17082909418	5.40358275929	8.92866647834	8.94989605063	6.17238936065	6.56637335207	8.99937643812	4.77364404484	
-0.0173848873465	6.53281114477	8.95410606976	2.26671764682	1.17227921648	5.24743211293	8.92893604366	8.99098356443	8.54184633354	8.21949639431	8.99999976843	6.55468224574	
2.45375995392	8.99964891784	8.94225541549	2.27273109892	1.28015812805	5.34636197104	8.94225541549	8.99969703476	8.9810427113	8.01172539414	8.99999976875	7.25717765217	
2.4960684615	8.94397235139	8.86869102197	2.6872549153	1.69704172444	5.39563687681	8.96342348055	8.99835619157	7.48898608797	7.19842358854	8.99972080347	5.50013822885	
-0.0718131419585	6.49522115215	8.97912203853	2.60482067615	1.9444233856	5.3646345738	8.60539686656	8.992452889	7.48641108802	7.3116449995	8.99965054232	5.6067787153	
0.0306858598517	6.68417732046	7.75187826426	3.03471642059	7.02366094642	8.91952371028	8.83212500275	8.99993260952	6.0119143364	7.0287406774	8.9999986131	4.21799665597	
0.264295862174	6.56086049821	8.66588755126	2.81990415807	6.83676776297	8.99624304916	7.30003378217	8.6899676414	8.96464297061	7.60743282437	8.99980552319	6.72924156755	
2.48722285944	5.62807598799	5.54623167245	2.86791271847	1.91328769621	5.30476882218	5.54623167245	5.69221522538	6.30572388394	-5.15911265031	-4.42411483772	2.69589421096	
0.0227548676612	6.60019121543	8.30739057174	2.30077884372	2.01372286826	5.38039588785	8.9234240824	8.98593347298	8.82697141796	8.84423610961	8.99999976877	6.26244572318	
2.40082384639	8.98032653612	8.9564458009	2.40952117453	7.0145821738	8.99993128786	7.00098532806	8.98287349348	8.92357906946	8.50923721709	3.35111848417	7.03362980362	
0.00820748944187	6.64307755419	8.85459531813	3.56665639365	6.94694280205	8.90604558166	8.30579555008	8.99976145952	6.58707453599	7.62676282427	8.99999993874	4.06992399668	
0.047707672045	6.61868005886	8.77730006603	2.79427608154	2.0274786755	5.38518503954	2.17586974024	2.23021821337	6.00535533225	-5.9967933294	-4.8658912488	2.79145988485	
2.43635225068	8.99999824635	8.64219693726	3.88153993268	6.99893332967	8.9999661026	8.80384815804	8.99982560624	5.93365341012	7.01590380633	8.99990822	3.99090839908	
0.138815849098	6.70809521591	6.99429652392	2.38908687172	6.99807476752	8.9999997063	8.95217543147	8.9859799263	8.41711616798	8.20786073587	8.99999976875	6.38041805303	
0.0638301523578	6.47119228	8.99783727202	2.94581245131	1.85978887299	5.37570885357	8.87124657737	8.99999976875	7.05831947191	6.94913934313	8.99999976875	5.0977064775	
0.0336265265943	6.62711528641	7.980858914	2.41346376025	6.61406932707	8.63787945795	8.049857909	8.99995615878	8.29385568161	8.29934120156	8.99778397038	6.25024513842	
0.119249477806	6.58023912257	8.75713993826	2.83112134369	2.08313916482	5.34461137537	8.79274370045	8.99630007186	7.55641213776	7.20945489092	8.99999868421	5.42661292857	
0.081924961037	6.45157566549	8.34718711409	2.79800578668	2.28211159355	5.36889131765	8.89078901657	8.98353792835	8.00349504118	7.00271225799	8.99993317008	6.1231613947	
0.0293688113695	6.50465344965	8.96432084538	2.59412451361	1.40433818615	5.34878522917	8.97881526265	8.929279843	7.74114989084	7.47770730234	8.9946585067	5.76441644931	
0.132372095825	6.65630535748	7.5653792033	2.44402147349	2.92322182832	5.50219849843	8.96412395427	8.98257367607	8.01733348794	7.9900927705	8.98763471404	6.20223296478	
2.47657294471	8.28889151268	8.37721521053	2.52793742366	2.06725012409	5.42087874613	8.30962112985	8.99295109323	7.9284157949	7.67806696193	8.99621088277	5.98188749639	
