-0.992051810951	5.83522479811	8.86324780812	2.25612478625	-1.58516536137	4.76595285032	8.55345773663	8.98218595182	5.52579685317	5.5811048457	8.99996249321	3.80470583415	
-0.900697348964	5.94237393035	7.62608080997	1.67050128483	3.1620710252	8.92518787602	8.54767017568	8.89706157068	8.82392307857	6.03652651317	8.99992636444	6.49506917077	
2.27500406682	8.99096619994	8.75234669455	1.72629830663	1.91924838089	8.99096546762	8.75234669455	8.99071586261	8.83642413996	-5.59386795817	-0.680163664396	6.43521941208	
2.31333895679	8.99999975568	6.78565837875	2.71732308794	0.704778533509	4.82894225415	8.74089270299	8.99840347473	7.18812896982	6.36583058827	8.99999867726	4.76143021108	
2.25973895718	8.99772880734	8.77929994252	1.74797704453	2.01047942865	5.42319089531	5.11233677351	8.99295835539	6.02789615337	-4.71733848166	-1.0040599231	2.41948229635	
2.27833361807	8.9963601571	8.68502880347	5.76882459497	6.04201695871	8.99999974196	8.75710346247	8.9972983487	8.27888150204	-4.47941376644	2.3803023115	7.80820536626	
-0.857266478441	5.97585965213	8.66775886908	1.68837973227	-2.15703074181	4.71685456291	3.17488420177	3.44725190325	1.77161261874	-5.38752336654	-5.42532650608	-5.60557612529	
-0.668072682907	5.89666082629	4.66641018208	1.78004001972	5.87286294352	8.91556367911	8.71905032866	8.99798624624	2.47613781752	4.51521910884	8.91413490701	-0.368778536131	
-0.777300052795	5.78701714002	7.6011932572	1.84556125358	2.06479330918	7.53592792015	7.6011932572	8.32137354301	7.75234676497	5.88291547167	8.99987001631	5.64946675207	
-0.925804742259	6.02315042394	6.43698982753	1.76284598813	0.0271707262976	4.77368534606	-5.95314264424	-5.97446858775	7.84615796201	-5.72498241348	3.41123825758	8.92027315861	
2.29056932968	8.99999472085	8.75308380636	2.68068144247	-1.24554633223	4.8393028016	8.69154080908	8.96966865022	8.99999790446	-5.46254016155	-2.64063305446	4.47707911526	
-0.934625488693	5.89380812305	8.60656926905	1.67539838969	1.4017080144	8.33357376457	8.77409907662	8.94497059407	-0.131050218946	6.04427139662	7.58523068757	-5.99932742075	
2.35602988587	8.93689271002	6.12811124948	1.84278362391	-2.2634029915	4.80744091269	8.82397685148	6.45759774478	8.93059040295	1.7179922834	7.53692599333	7.81297702095	
2.27936952659	8.99987100058	5.61663825168	2.69084949359	6.03680376645	8.99999987438	8.75593126346	8.99802248279	6.51631870386	7.61680702779	8.98973456254	2.43926867386	
-1.58551214472	6.53861574271	-1.28009708019	2.40390102429	1.21551831303	-1.00880792064	1.5737466782	-1.01005308215	2.63690899005	-5.95797005428	4.32586870951	-5.13357458089	
2.25951686483	8.87742237899	8.20245450665	5.68946288273	6.22470186747	8.32435677681	8.20245450665	8.99788570764	7.59092225681	6.5166011635	8.99999598474	4.91557663851	
-0.813115763288	6.01251733083	8.77516547931	1.88227096002	1.23242228383	4.99798856205	5.69825859904	8.99995374597	8.60056181704	7.43584114867	8.9709180696	4.91269753858	
-0.705348705483	5.8895671861	8.29403571834	1.68955922557	-2.25661044437	4.63418139044	8.81867435581	8.93744312212	6.51327652704	5.92487211895	8.99999923558	4.28862105967	
-0.821704471936	5.9617516232	8.42455499878	5.71352391787	5.27172641406	8.31836150971	8.8303859941	8.7113258842	7.65690049397	6.72654010735	8.99999831081	4.81169113612	
2.03683217883	8.94670974068	8.74590266646	4.20601745455	0.227848776347	4.74549493076	8.74590266646	8.85826416209	-1.77162145557	-5.98039857646	-2.63052850167	-5.72335747253	
-0.798245246462	5.99066728159	7.28586000673	2.9288860904	0.097144794465	4.85681172143	7.76990004714	7.57829450432	7.66864866107	5.76127186279	8.99999975418	4.91554343575	
-0.899117962732	5.979168071	8.79388088353	1.8489352379	6.08586625236	8.99998191037	4.84743780238	8.99998175626	3.66392200869	6.02474673763	6.1263305763	-3.71753543111	
-0.941242084388	6.01669239728	6.29729770974	2.69941030844	6.05905996031	8.99997754331	8.2933153611	8.99235069364	8.29820642304	-5.1387562868	-5.08349703453	1.00860413045	
-0.861206791531	5.98239462037	8.53970947752	4.38833409153	0.758226265213	4.8886871263	8.72643150215	8.90374447462	8.07693749798	5.10201124461	8.99810846805	6.92057630804	
2.32524831784	8.98833050875	8.80465228624	2.51978112485	-1.51236056838	4.91943611206	8.79899592564	8.98898821567	5.18848906235	1.37505262918	-2.18227847413	-5.78437101347	
-0.954431610176	6.15039454657	-5.25777508531	3.20732932046	-0.37163509019	4.31814913575	8.60433907392	-4.65537571668	7.05478665469	-4.06549038889	7.11438140796	-1.13345238051	
-1.03901879693	8.99928374365	6.96649879643	3.33919155941	-5.95627607149	-4.02060192029	7.59294960296	6.24628014821	8.36824032165	-5.92627539519	4.85687573088	8.99970726407	
-0.85559789077	5.97775357716	8.76924231431	3.18524719356	-0.583960783511	4.80897337059	8.64213232367	8.99984182244	8.50209494923	7.71963833964	8.96549396162	4.69469928771	
-0.68583569417	6.03181935976	7.69923779965	1.86878811436	5.94397399208	8.99389957824	5.86264264834	8.92551169775	8.94483577828	-5.99556341931	8.86879198333	-0.275685154933	
-0.877369788777	6.075027325	8.73900303086	5.17816645234	6.04938136636	8.89655626121	8.23851172268	8.99977851998	0.114963702645	-5.75323255407	-4.08101395196	-2.6165824697	
-0.959954870051	6.10662697267	8.6468059836	1.8182227299	-1.92354686457	4.51513934684	8.67222794805	8.99554314557	8.95848794638	-5.98793236478	7.83909474554	-4.8560376436	
-0.0244571857297	6.47963640173	-2.432419593	3.97910186649	0.0662193153983	-5.04992238711	-2.43241959299	-4.35907856692	-3.74905863547	-0.168497068144	8.1684308119	-2.95384051195	
0.682701637812	7.41587577403	8.11187928349	1.62407329846	-1.68722887429	4.84378656014	8.77163157454	8.99524798891	8.35748193579	2.901024259	-2.93026982778	-5.77037578212	
2.27803012818	8.99899101104	4.69584187621	1.76542035145	6.03588049762	8.9997598737	8.75348869222	8.99906995803	8.53654214813	-0.332712189861	-5.86777176881	-5.87616969956	
-0.873157702097	5.96959135093	8.56739647096	3.50156879683	-0.246708360703	4.70933289049	8.70238554961	8.96942292203	8.99885733461	-5.96493499416	-2.31647981321	5.3024562416	
-0.790176150767	5.8629687601	7.94014145043	2.8706886087	0.886740096258	5.01366777774	7.6351461589	8.92452635235	5.28845278218	5.1944825461	8.50091461656	3.34155686711	
2.28524406334	8.99992147469	5.76968610746	2.10907515743	5.99953952419	8.99999281713	8.0544353265	8.99991557416	5.65611072498	-5.81577886041	6.51257226028	-1.02773481471	
-0.836737848607	5.9661886	8.77573254867	2.30663518953	0.624380469536	4.84186358795	6.55040026442	8.9990880564	7.37900120719	6.43284349173	8.99999337735	4.82845402731	
-0.807258889698	5.96265525596	4.74261167512	1.68439581363	4.35678020494	7.40584650252	2.41973831518	2.65897373332	8.77014429995	2.55629133157	6.42681188673	5.35277162319	
2.2881768989	8.97152707024	8.79413834886	1.71809038991	-2.33779434016	4.88790721052	8.79170096445	8.95869720466	8.79343663399	-5.67396770397	8.20969020705	-4.80988273858	
-1.10777557631	5.76834202805	7.39043303676	2.47177069765	0.00118711766717	4.86163390896	8.80594317087	8.98804111799	3.58584433306	-5.7238085948	-0.46298238264	-5.84458589148	
-0.91343319422	5.96628701223	6.86278082025	1.69047102013	1.99189279331	7.06008458212	6.86278082016	7.08717862315	2.08897315082	-5.83551721646	5.61271532191	-5.64244863108	
-0.748728676936	8.67752743779	-1.72824549412	1.70496107778	2.02658924155	-4.51840762456	-1.72824549416	-1.04271131469	5.75667059274	8.71789254518	8.94625796276	-1.36108296009	
-0.922482656234	5.98878858162	8.55030593224	3.19725656162	3.68753519536	8.95044110609	8.77158486537	8.9504570854	8.98839778457	-5.9719304122	8.12130715576	-4.92426983114	
-0.891144009763	5.93740825276	8.39374005888	2.08971741845	-0.867986617958	4.85499571736	8.24751176601	8.99999980986	8.31463690875	-5.88802579	8.26260449693	-0.320115327132	
-0.897427042232	5.95967108227	8.51743291947	2.08187726178	-1.71922830126	4.58530150048	8.51743291947	8.7913606509	5.27823909162	4.83661897327	8.9999411987	4.21233434195	
-0.868895347181	5.95056458678	8.81186620667	1.67592196076	-2.33789774829	4.80697033965	8.77480685866	8.94642308265	8.52055272148	8.99885760694	8.9991171556	3.22323783707	
-0.860889820509	6.00893180176	6.6390952034	3.55122266886	6.07159321493	8.98869455704	8.69900570295	8.99995527307	7.85050022203	5.52431516239	8.99997726986	6.30887140499	
2.17595628208	3.3713209839	7.07560427321	2.08635542519	-1.36612635023	8.61400644844	7.20085432566	8.01460620616	5.28660778381	1.66423809333	7.43675802455	-3.49565372366	
-0.80265309586	5.98486523751	8.73285867169	1.66491789979	-1.99621354463	4.80651265412	8.51704594826	8.99474218803	8.31474980557	-5.02280680988	-3.42208989305	0.717614223565	
2.03669296103	8.98062450596	6.12889239571	3.18407759163	6.17454496668	8.87744815969	8.69619108315	8.99417114927	-2.86176048808	-5.51668760675	3.91801911719	1.42613759071	
-0.94675990371	8.90626672758	4.8855807772	2.69514045726	-6.57844164191e-05	-5.98755222043	3.64312361221	8.95307292396	-2.72226986666	-4.98320225515	-4.78668505066	-5.33404862667	
-1.01910400255	5.77723349881	8.8132248171	1.62317584632	-2.36598935314	4.75115831769	8.72315404532	8.99971784189	7.18370786166	-4.5886160205	1.29600262066	-5.63636240103	
2.11401595834	8.92557269037	8.8208434616	2.77897962859	-1.20477211812	4.83778803349	8.8121770413	8.99992399067	8.40564504133	2.10250802871	3.93136927784	2.70614415447	
-0.955142085417	5.86906738589	8.81681670038	1.75099950539	5.48861532267	8.59657135749	4.85365861857	8.98731030649	8.00430761377	-5.97453254487	3.34307124402	-3.55732353967	
2.27676445367	8.94013848561	4.73104649117	1.76815503214	6.00992820876	8.97685271907	8.66701637105	8.99960928783	-3.45185630069	-1.44864609974	3.3001750515	-5.99708018228	
-0.87231627876	6.03160496213	8.50169346212	1.96256046739	-1.61877235674	4.87226716056	8.80126518144	8.94543741797	5.95473997802	2.82098129464	7.90125531017	5.14946019859	
2.59438323562	8.9956750978	7.60938253335	8.85985932212	6.37618561588	8.74631847639	8.76554039994	5.76565161687	-2.51527454329	-5.33421245503	8.98204140108	-4.68472973397	
-5.47751869224	8.76576316606	1.23512529569	-5.20277008767	-4.69347225661	7.94006780915	8.77128018653	-5.48401457003	-5.91211020031	-5.99265262968	-1.37607234316	-2.942164508	
-0.814982515706	6.08788224546	8.766432307	5.80102255945	6.15328147348	8.98757607434	8.766432307	8.99468272236	0.853033071228	2.04659089309	8.09151370915	0.888325945624	
-0.912005920666	5.93573536327	8.73357434857	1.8259076031	0.866571408697	4.81458223953	5.85553245337	8.96744708507	8.99140258773	-5.99997800776	7.50034219962	0.782508366544	
2.25536925298	8.99999968981	8.8326617012	1.666651575	-2.31465539067	4.80874269241	8.15768606409	8.45566766898	8.9500705721	6.24436020327	8.99999074881	6.30992606956	
1.67705057148	8.99366378203	8.96620547917	-4.31353052014	-5.79224965712	2.66521251113	-2.0240685636	2.27712514248	8.81274976844	-1.45394080967	-2.17473353528	-5.69931909025	
1.02869127387	8.36420982458	8.02203573801	6.8852020475	-5.93709422609	-3.17450455793	8.34449723126	6.38322278068	6.36720254623	-5.99843943207	0.130354771719	-5.51613933938	
2.25417820707	8.99781469877	8.73527005966	1.88716586928	6.07420445482	8.92565184196	4.74165224294	8.99467255446	6.94976122491	-1.5230755005	6.17960189779	7.24617510156	
2.31322039662	8.99999974986	8.76079287894	2.81410667242	-1.17726528218	4.86895003362	8.7863082111	8.99999974986	8.90296335392	-4.66953034674	-2.30359126532	3.92359589199	
-0.896203028725	6.08376382248	8.74971458794	1.75903472038	-2.08318422493	4.649264298	8.72173527446	8.9999997679	0.329237002604	-5.77331002007	-0.397516610764	-1.57324777108	
-0.853418331092	5.93742860008	8.66221628621	1.67146795355	6.02548089833	8.99370273038	4.75412942948	8.98580899883	-4.37105603376	-5.47381168243	6.33286481081	0.0908448751388	
-0.636218072492	6.16930865429	5.2957650725	1.68141337032	5.63316040543	8.43522812392	7.98040226008	8.98715951699	1.00078434171	-3.17047832476	8.257105369	3.28059131941	
2.23822369159	8.98194713813	6.36985999961	3.42227714492	6.06438839811	8.99113322691	8.72276602531	8.99988060461	5.79633715976	6.20090404362	8.99992424774	3.57255145723	
-0.845599050432	5.99375511173	6.53534299242	1.86483715638	6.16811106143	6.84110751051	4.84184417922	8.99999940402	0.98181764191	-4.55342993813	-2.55903779167	-4.39022190115	
2.30078838963	8.99984211259	7.07991550095	1.72370477726	1.32006826357	4.99434107536	7.01696512599	8.99984931491	8.09904630553	-1.76735416243	-4.37985068298	-2.58230147723	
8.99810924908	7.1507041002	7.37972333746	6.1260984287	8.99951472263	7.94808400453	-1.72808410168	8.51417092697	3.10837900132	8.52436921394	5.62967626204	-5.94493417857	
6.57612850846	8.95299298106	1.74159049105	-2.43447249062	5.82704483496	8.9638947349	-4.31133089909	1.35101770909	6.49769387159	-5.25235141346	8.85224582789	-4.26597458454	
-0.721622621164	6.10085807506	8.18947433785	1.73560644489	-1.62518592923	4.82067207338	8.81347384398	8.99900303808	4.96471774853	5.59298670613	8.99921868724	3.08951532698	
-0.936151716261	5.91265852098	7.03594177681	2.05042630452	-0.112252569477	4.7588018886	7.99514355026	8.26079432624	8.98445087717	0.982536944321	7.77830491464	-5.27282725643	
-0.872073385227	5.99321515758	6.63459935127	2.27220741426	0.681400490872	4.83150474773	8.65299653051	8.9999956678	2.26143692393	-4.78735140852	8.60263750716	4.99684926192	
2.27255006627	8.96075642641	7.71557925028	1.75297244801	5.98921510806	8.99982806713	5.73620766168	8.99999514735	8.24806464452	2.71124514776	-3.14457133064	-4.95261398943	
2.30169377142	8.94676733085	5.97449057715	1.74442851161	0.501618031176	4.90971364876	8.77101657537	8.94753366422	8.52162583389	-4.33120708877	8.14042088997	-5.04269785366	
2.20761936785	8.77212573609	5.96024238376	1.55968946334	0.840830946746	4.72841350708	8.04826516005	8.99672915257	-5.83183555511	-5.94387155496	7.03751662407	-0.197244823781	
-0.883111829621	6.00649860417	5.30839283146	2.34554534925	6.09915638365	8.97748887971	8.78259669808	8.97750125042	7.17977767566	5.6023370461	8.99998822172	5.4680178356	
-0.800591969706	6.03114074698	4.74473589628	1.71043770748	6.12451517995	8.99999800571	8.65950556273	8.98658820908	8.95477016078	8.06830510182	8.99993737238	4.60775501288	
-0.861078026429	5.94425884822	7.14151098568	1.88764871585	5.5779180037	8.58849961979	4.92809662631	7.3660404054	4.75722892964	5.84848384756	1.48847902292	-5.20571853866	
-0.890781023723	6.00600614886	5.16560972717	1.74854250747	6.01362169261	8.98110352902	8.4231204321	8.97591864281	-2.34109473458	-4.94218172637	6.10790486963	-5.91856824957	
-1.00649608387	5.8295555821	8.73794756209	1.63432734134	0.508056135569	4.75685987883	5.97123806499	8.99000602482	7.90522030949	1.27316323541	-1.61518700093	-0.119916713756	
-0.878761664649	6.04818698858	8.74841770404	4.83481277232	1.16231839936	4.96796855345	8.7822700585	8.96327618656	8.98438058113	3.53137159418	8.52149812289	-2.86215273757	
-0.860800640063	5.93651863559	8.79032434048	2.23972306979	1.56249119623	8.13839359151	8.79032434048	8.96770394025	8.43195007405	6.28831098615	-0.260480338582	-5.46101176888	
-0.958531156242	5.92667581178	8.78204662758	1.6448895148	1.96273203983	8.99999952145	8.78531685805	8.9999995212	8.79022201177	4.50122804641	2.1186184746	-1.72753464795	
-0.708112354293	5.80590499355	8.96802009328	1.55149738799	-2.02429594899	4.73012157222	7.83641697266	8.9845048089	6.54240076779	-5.94884272198	3.80208887228	8.95651101929	
2.36711447916	8.59456035868	8.30702492788	3.14704816979	-0.85087663705	4.79409215027	8.30702492788	8.59458701903	8.32431688909	4.32571749528	7.73796722337	6.941974786	
-5.89159886309	8.55598342968	8.3718130928	8.49969879189	-4.5902578171	-5.15927591269	7.23552928718	0.229190154897	-4.92579110517	1.36609397815	8.92341132978	-5.97013499792	
-0.803382021198	5.9238554448	8.35192632587	5.20979683144	6.16703962263	8.98123271168	8.10100526263	8.70170420333	5.75464492731	-4.97613051175	0.286806095899	3.67336162209	
-0.981581552887	5.84636344691	8.80126122931	2.23122971558	-1.54289639892	4.74860807005	8.52464372394	8.97522577216	8.97919243895	-5.98982386946	-5.40977969586	2.21203599297	
0.0258988348118	6.82392686429	7.35433377063	1.74014098902	-0.293920693914	4.8970702614	8.33920821861	8.96438201895	4.02011416462	-5.41115216831	-4.08238553938	-1.99598111177	
2.30171635598	8.99962392024	5.81259987552	1.69620169356	0.60830250045	4.84063531602	8.77595736994	8.96211517336	-0.00655764570146	-3.44145619526	-1.76352193995	-5.67392324358	
-0.553017187449	8.99652488527	6.70558085221	3.19575301196	1.1757312816	3.09971978128	-0.26095378326	-1.22458074907	8.93362118645	3.89241256829	6.7342997379	5.2136841027	
-0.864700568576	5.95725077805	8.78273756227	3.05751513824	-0.924112807815	4.79250082799	8.78273756306	8.96939500364	7.56537726892	-5.13508626551	5.09034723798	-5.23444725464	
-0.885074947351	5.98623248136	4.67768697831	1.72467470388	6.11432197394	8.9879666215	8.78188318179	8.98994337995	-0.730591497658	1.92604711959	8.96919266815	-5.23272662814	
-2.0676125328	-5.96400008034	5.73206184351	8.31651807305	-5.82947098998	8.52140053496	0.0718376954381	-5.96705111626	-5.26690216108	-5.62004057776	8.79290597084	-1.05377537772	
-0.927031607804	5.89106714308	6.74361636926	3.1177295406	5.04519953901	8.50939815482	8.65630321539	8.99989267732	8.99826724488	5.47721584485	8.99969125072	7.50820939854	
