-4.89013435919	8.74799192752	7.42705871533	8.98349775471	-2.57305315729	-3.97664601448	7.95597098919	3.16555430435	0.811107761219	0.606591890873	8.99728919026	7.54980496981	
-1.63610861869	5.58397088458	3.06264821596	1.39676442393	5.76669610697	8.95113962152	8.68897652066	8.95033729486	-0.780932130035	-5.98627185365	5.60511584945	1.4825957022	
2.23875022602	8.99999935197	5.85016484362	1.21171383633	-4.68485780664	4.32127623414	8.48350241469	6.35457025524	-1.8239998644	1.37503748757	4.17175847474	-4.80862318138	
-1.55517803476	5.52548765443	8.35240870957	4.59078997391	5.73236907838	8.9997222584	6.58625230169	8.99985216813	8.82690505758	2.28369712065	7.31747274125	-5.99493217074	
-1.54842523092	5.37999514327	8.71582793443	1.16611698428	-4.8616120143	4.31775588298	2.57718289652	3.01910557521	-0.187919393534	-2.09653511276	4.73609269261	-2.60918753087	
-1.60968931444	5.49289890224	8.65694924987	1.67746734887	-0.321117652319	4.08572000722	4.52993070841	8.99998673319	8.00559324044	-5.66025307871	-1.68601762499	-2.12370520869	
0.316813431243	8.96209627677	3.04956701119	3.43331904207	-2.03141963306	6.05795300103	4.81216628194	-3.30510021669	-5.19567596679	-5.71645013543	5.21572813522	3.59967818964	
2.19634009981	8.99391452884	7.12869284763	1.23009587152	-0.767995913796	4.39278354457	6.05367149371	8.99391458241	8.30441123327	-5.42853327184	-4.36386754045	-3.43834085841	
2.01672653014	7.59054075223	7.63431562681	1.46260235905	-5.02389278936	4.61777446216	7.63431561456	7.59054740868	7.26587501877	-4.71502225841	8.52505144379	-4.77480367032	
-1.63814940477	5.47940466389	8.59578037057	1.27844333779	5.70312375567	8.91850887913	3.01488242834	8.99928026893	8.93171572011	-0.763840461345	5.83669962763	8.29293673461	
1.9025264569	8.89074879727	7.91546711262	1.13568935591	0.758483699477	4.27268728119	3.72116743115	8.99840491796	8.9875352	-5.98972427704	-4.78475004339	-0.281730113619	
1.11479504644	8.09934185656	7.17020911228	1.22918423235	-0.628250065132	4.39112095204	4.55327380052	7.49038085315	4.6262894248	-5.92212665288	-5.82201512916	-5.9335821836	
2.15083648234	8.99999935271	8.6235437159	7.06937929851	5.67141312147	8.99995326096	8.6235437159	8.9999992637	-0.331827230751	-5.59880854028	8.93495185776	4.15911693506	
-1.50819395966	5.47578342442	8.69596813476	1.83608620669	-0.376680400412	4.37461266791	4.84525122939	8.96986270506	8.498788421	-3.01506087734	5.42236807001	6.3919000477	
-1.52937162846	5.60383240097	0.0155266308496	1.3728249111	-0.727413738033	4.16384309464	4.97029657808	0.588537435765	8.53715634956	-4.50389444899	8.93726521761	-3.74813448259	
-1.51204162053	5.52298577911	3.19271239862	1.39148355917	4.66266625997	8.22953786497	1.43671254108	1.63604237587	8.64184105969	-4.87951882638	-5.41306035729	-1.23656203641	
-1.59718968553	5.42276673609	8.65248822973	1.46576203086	0.0827445919067	8.95681621638	8.70729982315	8.99999797593	-3.93766303294	-5.10943777566	5.18962896704	-4.06984720992	
-1.53697805258	5.46899182067	7.99245200402	1.22762725257	-3.97198610167	4.38210205436	8.59476468635	8.99953140853	8.44913750155	-5.99332420417	6.63274994104	-5.86199966348	
-1.63232274839	5.08231940414	8.2963885952	0.927072289357	-5.62500037437	3.70061621217	8.2963885952	8.6254461619	8.87023043598	4.70447790452	8.98637556414	4.49769514803	
-1.54328065183	5.41867827483	5.91902558861	1.19923357229	-2.00989449649	4.35226079848	-0.384143692167	0.0115341025191	8.99977609102	0.669847298551	-4.24158915512	-5.21278690018	
-4.69937722648	8.8487559084	6.2609195132	5.22231686533	6.55703998175	2.57660838407	6.26091951321	6.45071781592	8.830611818	-5.26743021904	-0.995544783954	0.916270280197	
-1.56628538191	5.42476751781	4.40274851244	1.22234844776	-0.490814752074	4.25740375168	8.55816123559	8.99928989678	5.67350603765	-2.1236054422	8.56988633208	-5.99973612928	
-1.41595620408	5.47789371741	5.46748496976	1.18590143501	-1.28983206999	4.23047879676	8.12227179156	8.98969453806	8.68078773735	7.55003639389	8.99553629922	1.38372747833	
-1.52441203092	5.52812663918	6.93545450405	2.31777824474	-0.0374490366927	4.44848514628	4.90376874537	6.9829721516	8.99863098086	-0.384947006094	8.81923673975	-5.97366930274	
1.66453881079	8.41847044882	3.12117008479	1.09970704045	5.89359368685	8.99774768942	7.83591239734	8.99928980106	-0.044283405356	-5.82736921247	7.49577242864	4.06204309066	
-1.62357589806	5.45559101069	6.46534634467	1.25627476737	-2.67761246239	4.41201468722	-0.234252307019	-0.193974788071	8.89163309266	-5.9909829556	-1.91628826759	3.66657004006	
-1.54678491299	5.40758264271	8.49562155753	1.31489944043	-1.70570077909	4.34028174081	5.81668219406	8.99705423555	7.21265339582	-4.5875001764	6.58542008045	8.99893184146	
2.27201825416	8.98749656832	8.37414904055	1.31558098349	-2.87137126438	4.32695544628	6.846314035	8.99107706723	8.77540802283	4.69785683234	-0.595949018946	-5.93339468023	
-1.54662130689	5.39240061086	0.116133898789	1.50489908423	4.86000675041	8.19485388778	3.20008524225	0.537451001692	6.96147591775	6.19160387896	7.961412012	-3.45749172764	
-1.68089753549	4.96356914127	8.75100439854	1.11136025644	-5.83037069635	3.86429039649	8.69862157154	8.99913794325	7.3034822381	5.50889382946	8.99740602861	2.85447139316	
-1.77062996807	5.64388251757	7.15399107293	1.66203289125	3.63924614133	8.99981361089	4.62009734402	6.33697557049	8.87381463928	3.99048547655	3.82986322281	-0.588643196924	
2.20533483273	8.98602262076	4.24834349854	2.57120437069	4.14156040825	7.72356661202	8.67157750798	8.98602264405	8.96692329481	-1.97863939737	7.82701691092	-4.84975110141	
-1.61175972857	5.47758160075	8.19261170689	1.97434748961	1.17896956574	8.99286254771	8.67783288596	8.99286279196	8.25085342728	1.66630985297	5.61493279554	-2.79914858166	
-1.34566013774	5.61303972846	8.64129152742	2.70499452052	-3.20276955799	4.46894916905	8.69367856788	8.99955698153	7.14412154501	0.951718837936	4.0060224371	-4.792466178	
-1.31128878005	0.490593909306	0.703377269127	4.71393720092	-2.70998210689	0.522591026582	-2.77964415247	-2.8228116658	8.97070558984	-4.96705408384	4.34891831694	-1.50702048053	
0.460724568861	-1.38006740289	3.27624400932	3.87171063605	-2.2710270105	5.99371386482	-1.73209257429	0.248491895411	5.53614458343	3.57000282345	6.93508403734	-0.45146229817	
-1.48991596699	5.47438183568	4.58000203551	1.32355811583	-0.54420982	4.3804724106	8.62883202194	8.99629590834	1.30031609716	4.58233864376	8.99745723518	-3.55670371629	
-1.67453978048	5.6015877568	8.10725212216	1.35146867685	-4.36053907681	4.46048763778	8.25181814181	7.91044733525	7.62603044612	2.32003353174	6.65712209369	-2.66044969023	
2.20333618352	8.95302836676	8.13835617599	1.27932640341	-1.86569480125	4.42830218715	6.15838596971	8.97372657063	1.15251157117	-3.88982990836	-0.787696208828	-5.92766020292	
-1.52057329945	5.5066091151	3.22920485772	1.49171283088	5.74273469227	-4.12847464308	-4.6532822664	8.92823668126	5.90755821496	-3.83867924664	5.82721888983	6.22868294826	
-1.29934687495	5.19771095337	8.99999833074	0.946205959813	0.492896302525	4.20486719399	3.92842028672	8.99999952058	9.0	4.58367477777	8.99953643505	7.63309007724	
-1.38073943522	5.6191160589	8.67043342767	1.67170156012	-3.1393311488	4.47578223741	7.60803597269	8.99179895991	8.95501521755	-5.35059901583	5.58420975206	1.92004208349	
-1.50992922909	5.48946314823	8.72471797216	3.97323724074	-2.11874327971	4.3841007454	8.72471797216	8.97396230115	2.89244316196	-1.33311175626	5.43407178759	-5.34389026463	
-1.49570714326	5.33127879775	8.30879741416	1.08790514257	-4.86662826922	4.23537231132	8.30879741415	8.60070316418	6.71555943309	5.10337859797	8.08698736198	0.217836994193	
2.20259836848	8.99639094756	3.52197271743	1.27695390501	5.41637282426	8.98577031519	8.0947042191	8.97653296151	7.44238787506	4.93042434496	8.99998607055	2.74758187698	
-1.58425173294	5.49640929655	8.82823071786	3.55657746019	1.79529925741	8.81554263124	8.82823071889	8.99897957324	1.45382411249	1.89417931523	5.55708299437	-4.29103715301	
2.29599058103	8.98307393691	8.20183172256	1.18693482895	3.45925544082	6.84808149084	3.06086621252	8.99985370018	6.51903774053	4.0710964908	8.99999981619	2.71287925459	
2.20964662426	8.99877555801	8.68242481559	1.267500676	-2.14651224209	4.41780172408	5.93729460427	8.99877584394	6.83737743923	0.0419165184416	6.35472953022	3.87414933774	
2.15430680658	8.99987543075	8.62817985325	1.30209228992	-0.120995087124	8.9998764472	8.62817985325	8.9878272581	7.13222025959	3.04483198517	8.94269910913	5.91271226662	
-1.51482307295	5.54402887676	3.29598819466	1.20912411366	3.27399674025	6.79429359234	8.48470793333	8.99242321252	2.7020566035	-2.68008347351	8.69043288874	7.2539242012	
-1.48566355985	5.36632859453	8.50115371951	1.18249677916	-4.91771994776	4.22052040068	8.50115371951	8.82957815704	8.93450655121	-3.17085870809	5.17622672458	7.91102274699	
-1.0066554511	5.16056997166	-5.99477107246	-5.71756739359	5.65151295002	7.92988016992	-5.99477107214	-5.71756739363	8.99871465858	0.62880145738	2.16218385213	1.18723225814	
-0.126851017426	-4.53630543192	1.64063203771	3.53307104152	-2.54311852185	8.99343110827	-5.84098924978	-5.84163607121	3.87540545092	4.00917831691	5.93760678581	-2.78428608054	
-1.49290904174	5.4622819526	8.47591018543	4.15777492703	-1.57308011924	4.3764842576	8.54911845358	8.96249836934	8.78686399236	-5.98519695829	3.56277875713	-1.40819583998	
2.42086740668	8.99236235616	7.44619144157	0.99510507202	0.196851916949	7.52353434267	7.44619144139	8.99910043574	1.62728447806	-1.72767678283	6.8562494154	0.879112350756	
2.18422615491	8.9993137472	4.51754326452	1.29622890717	-0.577510950059	4.51427325339	8.68487034285	8.99931290427	0.210250934437	-0.245315703702	8.41785178201	0.382285226377	
-1.69368231551	5.13159189142	8.75381432877	0.873184366115	-5.99999099753	3.74383188295	8.60505360125	8.91658647649	2.08364085062	-5.80520490254	8.98371862564	-5.16975417213	
2.13579838831	8.96673663695	2.88447837721	1.35630428541	5.64179341056	8.96673663689	8.59444402003	8.96673663686	8.99994805696	6.54695661298	8.9999999662	2.67890455716	
1.37632682092	8.34558373612	4.26473454798	1.37857179339	-0.174900375372	4.37172367059	7.80935683856	8.17963862608	-0.066695856978	-1.97121988321	5.96877898157	-1.67807933349	
-1.5199258029	5.50033447662	6.09548714515	1.2502707845	-1.54064281991	4.39630392662	8.07556744693	8.96357678153	5.38949409395	-3.75369295022	8.70838314548	3.56708485686	
-1.61969142072	5.35719739306	3.9649788568	1.95342509805	-1.88884294625	4.44477575227	6.67715908071	4.37820532716	8.95501698811	3.40622371358	-0.531689882242	-5.62353505694	
-1.53726852457	5.63970113316	4.11215364518	2.40713557444	5.73205669833	8.971488043	8.69542592132	8.98404298967	-1.14584134823	-4.18707384566	8.46855817083	-5.22570246607	
2.20772270167	8.98471015009	8.67630462766	1.26849250274	-1.00802256548	4.42483538067	4.78674083247	8.98470802127	8.57791750677	-5.50733087931	-4.70800260402	5.54558795705	
-1.72780075172	5.65518214264	8.01046266506	4.98361700322	-0.813680398766	4.58307540538	8.29819709437	7.54530405759	7.24279878909	3.53842342609	8.87312038114	4.0311541492	
1.96785257635	8.99984700739	8.01466947353	6.36544791911	5.70198035091	8.9992299645	8.66508618815	8.98506369796	-0.278412227798	-3.01901340143	7.95806227969	-4.3713114859	
-1.40394708538	5.58893521354	5.05524110951	3.25280622407	2.59344848952	6.12051120984	8.71736791934	8.99985778553	8.60256584388	4.87714134992	2.14504733365	-5.96659496653	
-1.56101327219	5.48626147652	8.42351769611	6.60241806939	5.53828127708	8.9671990084	8.62310611441	8.96801326111	7.57732780273	6.50848679234	8.99938513673	1.29896174462	
-1.56065434028	5.44073117808	8.72574782718	1.25341544576	-0.825670556649	4.36944257465	4.72401019095	8.99984392275	8.67703201984	-1.96769756459	8.21452191796	-3.27590353703	
2.13683273839	8.96120701006	7.49986136935	1.32802015259	1.014349999	8.97986298975	8.60778997016	8.9897439245	6.95628061831	8.38877347059	8.9151125018	-0.0471220829627	
-1.6017073698	5.42699644454	8.6406206965	6.99410376839	5.73196364824	8.9953275764	8.6406206965	8.99506988212	5.51198009295	4.59532995168	8.99997852772	1.15134596779	
1.735474037	8.73935360078	-3.0551106913	3.65780202749	-2.24601440438	4.48466973611	8.4816568427	-2.96581958039	7.13108734901	3.64818402105	5.65785957137	-0.205145328265	
-1.47489246552	5.44604015262	8.669093143	6.93598862367	5.45724377541	8.84811930965	8.56783727445	8.98913364307	8.05751346234	-2.34920302162	-5.13306482257	-4.29990245736	
-4.30526472512	-5.9545699634	-4.60764818081	5.45853562081	5.7006504571	-4.74789569129	-5.81710028099	5.21456730162	6.5119438045	-5.36970803181	6.50757952841	0.745531396792	
-1.49468584178	5.52763383826	8.71491676749	1.20117966265	-1.08553414856	4.44909002427	5.04251417916	8.99930743113	5.47372065686	-5.97289996814	2.02558516157	-4.77367367515	
3.00525933921	3.275593199	4.55216107078	8.97341149112	-0.127853971955	4.01828536371	3.08118152651	3.0495309051	8.98613695951	7.31009441279	-0.34352524066	-0.60083060512	
-1.63788537919	5.40041358019	8.70722299232	1.53696286185	-0.454324878193	4.31550648815	4.63224116487	8.99437097155	7.84295492941	0.0333002284742	-5.70152240874	-5.22993254859	
2.16792933067	1.52121407076	1.01382205522	4.95866383881	-1.03817581851	4.3157072654	1.01382205522	1.36181244758	5.33536333008	-5.99843526482	-1.86429874248	0.431620033151	
2.00723356974	8.98662598826	3.91658335959	1.29345323064	-0.201097135721	4.45509871016	3.44425383837	3.43179570295	0.170143784011	2.6654228231	6.53177485399	-5.24539092964	
-1.64540306272	5.65022923315	3.52769203002	1.47732973096	0.633809740649	4.81762940376	6.44820081078	6.01911115086	5.90138968113	2.31893454804	8.93923512331	3.25223326992	
2.18638913852	8.98675769006	3.00150535428	1.3469921184	5.6913919381	8.95837446077	8.40453810616	8.9917002678	8.2005965655	-5.99935002262	-2.73745716737	2.21418549094	
-1.39484964498	5.54133944936	2.88159065785	1.33785037148	5.80502719968	8.85520420439	-5.9146281068	-5.35725391948	8.99973682168	-4.67973738136	-5.93665593589	-1.56065467015	
-1.54671898308	5.54057926034	8.18271093705	1.44977050909	5.71150177086	8.99936316348	3.64158237156	8.99936316348	5.03630763324	3.98029656175	8.99997406729	1.29337055606	
2.10222441153	8.99999685166	3.080100587	1.32641107997	5.6181828548	8.99998890287	8.52587789494	8.99998891377	1.47037218016	2.81621339839	7.36992035279	-3.24780757645	
-1.57322980087	5.47407196116	8.71595345067	1.53877259113	-1.56113218527	4.48870112128	5.85782817193	8.93787396289	3.86304782862	1.44889936228	7.25718040542	-0.93791846273	
-1.57672424965	5.52669791475	5.31582552066	3.60504565941	5.67103111814	8.97762302055	8.67722068108	8.97798647552	6.29769374391	3.11269397758	6.77930148335	0.800768995991	
-1.81343479426	5.75478496736	3.80711667867	2.62701474111	5.37039631776	8.08513063077	-3.94345230995	-4.04630306342	3.73952067425	1.44753333819	-5.49852454153	4.36144100143	
-1.57951818218	5.43323109114	3.83102808844	1.22221066353	0.384175549184	4.49103824481	8.50140961793	8.9906150739	8.85798923348	4.30381286437	8.59902856125	4.26185435346	
1.7837199004	8.94539128865	7.60527131015	3.32058444659	5.61122361289	8.99763918828	5.92971163354	8.66631153194	5.37313907221	3.87044528825	8.38529619104	2.52399046793	
-1.55940523134	5.51310825231	4.02907202496	1.81599437021	3.95358607465	7.44498908117	8.18317046506	8.83233165104	1.4552597324	-4.86266674106	-0.553722831777	-5.42179814643	
-1.50872135403	5.49136287297	8.40670814454	2.08615922279	2.12208447095	8.10775045036	6.66520122367	8.99999993903	7.25677576158	-4.83610595318	-4.45234187345	-2.34897524967	
2.14268366906	8.99993740253	8.61589074643	5.44228123829	5.67578252442	8.99652623026	7.00430962323	8.99992169325	2.00123854174	-4.64373559408	4.16441052261	-3.97439155616	
2.20361864549	8.99806529414	8.64946168942	2.05213030022	-0.188538762802	4.4644811306	4.76616892151	8.91603376867	-1.48530222361	7.01305138449	8.96230053831	-5.99997201935	
-1.20989560613	4.57041013978	7.25229273375	2.84881474131	-0.729944805127	6.75190928506	7.08119237795	7.22251053429	6.78318399146	-2.24637318481	-1.22439599292	-5.85981527796	
2.21774375006	8.99993593773	8.50258089148	1.24601987928	-2.34673677147	4.40232583007	6.2746920412	8.99999826419	-0.246841756225	0.754774540373	8.97679700528	-0.815872484264	
-1.53835098405	5.44101473567	8.4990765003	1.20570036221	-0.142407277197	8.86192013043	-3.05574621253	-2.74606320177	8.99980547588	0.793638749245	1.38668877145	0.488900658113	
-1.50993311107	5.51465359491	6.45222413746	1.59726973728	-0.30129445264	4.41965212751	4.44860124427	6.55802235829	5.64396013092	8.71217150962	8.56962574619	-5.93361034984	
-1.44222313772	5.42078869875	8.49675857431	4.4843958718	-1.41836653182	4.3620761583	8.49675857048	8.86566674639	8.89792626712	-5.50101589374	8.9609529855	-3.54244922183	
-1.72424690232	5.442004721	8.0848939868	1.29520043825	0.970977816657	8.98234900898	8.37263313136	8.9847038646	8.95102473945	3.97490003085	6.21555030578	-2.55831080311	
-1.77071544917	5.78670195042	6.96561017343	2.06489094407	-3.19292545824	4.66425583	7.83238081392	6.31850135568	5.52077967855	2.73997997477	7.68106050085	2.09669777957	
2.15821979219	-2.10852668552	3.59323117681	1.90721841698	5.71183037605	8.95065656085	-2.73775575494	8.97617748737	5.22242642149	4.89294493687	8.55523405825	0.362149227158	
