1.20756402302	6.93995440253	8.98405501149	2.84509812343	8.95215711226	7.20068954661	8.64255334386	2.95946097334	6.18197128514	8.91437130887	1.57462824549	6.33849166566	
0.962642300208	6.92964581502	8.9999997068	2.89970633954	7.95717500236	6.10377696594	8.78697123427	2.87866849666	8.33717378734	8.94257740624	1.96533860977	8.91031280029	
0.711963265919	6.93528104125	8.728225347	2.74222238532	7.76601022628	6.49976278654	8.9999870392	3.19134722235	3.61184123222	8.35727234894	2.31654948966	4.06385234636	
1.21667575074	6.94026591566	8.97729718364	3.14025535074	8.98734691482	7.34213429529	8.97729718364	2.74444337626	8.97662529247	8.88039757513	1.22783097724	8.97071373035	
0.73338703242	6.93995608706	8.99999239512	2.89567230291	8.99774902873	7.23837633277	8.99345965839	2.9095664768	4.44667642513	8.90170923505	1.72111647917	4.6622335951	
2.93691450817	6.9408219078	8.96235757455	2.8917075303	8.67711432226	8.92289625201	8.96235757518	2.89025126404	8.63499895298	8.98898817628	-0.840018512093	6.35418571646	
0.700784035758	6.93742687758	8.47639440106	2.91645761697	8.22976119528	6.71432249429	8.92855717692	3.13840530719	2.29880159793	8.50004576597	8.69861260483	8.7814041702	
0.642842165989	6.92511966879	8.5168131989	2.93076463118	7.64869287821	5.87202634728	8.99999956116	3.02940193018	2.40439903085	8.83652829101	8.72557028479	8.99999051979	
1.37337178982	6.93039253111	8.99999976586	2.88621038484	8.55835329318	8.96858555845	8.99999976586	2.89291217943	8.50267173529	7.08708134479	0.784944072591	8.10932124724	
2.30785390935	6.93691727295	8.65429976844	2.815011101	8.44148212847	6.45399858358	8.65429976844	3.04157734055	1.5539621145	8.93795669587	3.30293135166	4.38449581727	
0.725250878791	6.92562603122	8.93915698637	2.84788528056	7.25491422077	5.88064289168	8.93915704996	2.92745677515	7.56935246089	8.9005510958	1.62515339424	7.22630006312	
0.459187005109	6.9403960032	8.33344133082	3.0388410966	8.8511466348	7.77461751282	8.8592211727	2.80039516244	5.54364613386	8.99962775974	2.69162012464	4.83952330182	
1.03984961897	6.93592735387	8.9999997806	2.92066353742	8.25679000801	8.31729351421	8.9999997806	2.94065161901	2.16055942044	6.88869797243	2.83832821549	3.94742727825	
2.65422186557	6.9443352377	8.99964125387	3.27794780051	8.71930436322	7.61999378448	8.53134817369	2.69850425602	7.79830798238	8.40498409835	0.245371893435	7.65756783481	
0.175080818302	6.93346542219	8.87622330319	2.59638393743	7.98963858609	6.34615254329	8.87622368677	4.54526506408	5.33389436244	8.6358043869	5.7029159429	7.55207031684	
0.865911189147	6.93042967631	8.5913281358	2.96265923264	7.40743091268	6.1585277994	8.99806681378	2.95976422486	3.32739436192	8.48312046788	2.11288255063	3.46356637494	
0.941214702141	6.93867955689	8.99775914435	2.98019521871	8.34924959633	6.91126819637	8.63677315645	2.87495360304	2.45297788747	8.38696447523	5.43985268312	6.38089942184	
0.877488325138	6.93989707592	8.999891835	2.81326815447	8.99459615828	7.20792573808	8.99957207542	3.16246637991	1.67351011588	8.71845994871	8.55798585445	8.9161660345	
0.892593296115	6.93285736575	8.99999987061	2.81416034741	7.58516885255	6.31245147573	8.96222059706	3.00319539495	4.70093435353	8.69731486245	1.38804155942	4.42412054333	
2.41220644246	6.94060857006	8.29282009957	2.89575414265	8.81200450466	6.81080196817	8.99646306615	2.89893066648	4.27083567806	8.97865729584	1.35473386126	5.26945118873	
1.17082605808	6.93339520237	8.99826529141	2.82840509177	8.19591947361	6.33573570292	8.98929243816	3.12157957335	1.39785633249	8.818142171	8.63006988249	8.99999978933	
2.6550419318	6.94227447654	8.01418269809	2.86470720265	8.82462990573	6.78749361918	8.88775208035	2.92952597319	4.03544841925	8.9758681098	5.42765741833	8.99998550882	
0.597257996156	6.93922114524	8.99528500994	2.76055102234	8.44943479557	7.04410506057	8.99204415591	3.16061494329	3.24567400008	8.40628696193	2.4346980609	4.0587698328	
0.282062949137	6.92737990121	8.73999339032	2.9147154287	7.19037709226	5.99068768002	8.73999339033	2.86113290021	6.2540587822	8.34750546025	3.63054916686	7.45072077387	
2.29402826925	6.93671924011	8.33426483893	2.87349313868	8.43798949387	6.43816345371	8.33426483876	2.91407747443	6.18684844878	8.99944448054	2.07676941996	7.15741637027	
-0.0196603754095	6.93613317723	8.91644526156	2.60334950705	8.36464714823	6.55758113847	8.70313399404	4.27491107793	5.13896822219	8.83680864641	5.29780544717	6.84766412544	
2.71493628555	6.94343594676	8.48704754469	2.87692069197	8.95165936489	6.88815423417	8.48704737089	3.03577934383	0.948857425847	8.99998878986	8.47999614003	8.98041200995	
0.244819832256	6.92459375679	8.74894405478	2.82139429295	7.35921438237	5.76098704714	8.83363311744	2.96081455012	8.03831125791	8.89971915191	2.80838101629	8.32129445196	
2.38778813779	6.9423026109	8.789518455	2.82107672743	8.92376992519	7.32132473373	8.78951845505	2.99307516861	3.95978198072	8.53824674981	1.77860567504	5.66813588641	
1.1142297891	6.93883672926	8.9999997708	2.63388849004	8.71985672962	6.91433673561	8.99993074229	3.8519535817	1.89767708499	8.7380499586	8.68914398601	8.9989027249	
0.859026166477	6.94028701452	8.99999730703	2.82119797468	8.89209409925	7.43349260148	8.99999730703	2.99349120745	8.67734730796	8.78452528378	1.39487985729	8.50548401316	
1.12949628616	6.93828680986	8.89547580838	2.80327753395	8.15009465808	6.84457362268	8.99999991898	3.16179193371	1.5603523621	8.2420810683	6.98377679785	7.38431412051	
0.193718884269	6.92868653965	8.81248545409	2.66187562686	7.42673982259	6.07073772357	8.48550731143	3.39592943231	4.73779639962	8.47030419135	5.8627312337	7.64657620198	
2.71156054865	6.94350879877	8.3361243859	2.88684189669	8.96582804739	6.90797177745	8.96345703084	2.90656971707	3.07831778311	8.99329763345	4.11190032467	7.18413816537	
0.799869386025	6.93612372238	8.99163827843	2.94826670208	8.12136770067	6.5647916785	8.86824395173	2.90612592248	2.36595276114	8.51564558872	3.53415015231	4.4653774953	
0.909948467494	6.93265710022	8.78919234075	2.87049978741	7.09731409944	6.33403981669	8.8819838948	2.91376202767	8.57252904636	8.53520353778	1.52724881974	7.84715563441	
1.31203566375	6.93787221189	8.9999996258	3.07496573426	8.73373676673	6.7408834511	8.96267213571	2.81203505179	2.16637709781	8.93723910068	2.75375603459	4.08071273838	
2.29479246509	6.93266555972	8.70664759893	2.86729128431	8.08420340692	6.16043414069	8.70663671692	2.91374735788	4.74282727766	8.96212303412	1.17579119054	5.52976997043	
1.44865336544	6.93613030634	8.99999972757	2.91879457308	8.76757551522	8.82424841842	8.99999972757	2.87184395808	8.71898923449	7.93796147641	0.601675131878	7.70304656086	
0.757243198568	6.94033738153	8.99999976913	2.87594077732	8.75740380375	7.72791651582	8.91714159024	3.06374148631	2.71052494888	8.02095044768	2.39776556332	3.56633070003	
1.23154587192	6.93151602562	8.99423416375	2.63316854681	8.16148646728	6.22240405785	8.99423416375	4.26716033128	1.37286305586	8.90497934908	8.61314480703	8.06330847338	
0.385604149464	6.92808836991	8.4454122487	2.81840688618	7.77250331212	6.03663434564	8.87356010971	3.05249035694	3.22052678144	8.83615853263	8.10001730884	8.78097669269	
2.93289808471	6.94401825541	8.43536748604	2.88890956698	8.49767237542	6.52767374094	8.36909109068	2.89753989499	4.01502144376	8.93009347432	2.02825119042	5.74524264465	
1.15147152134	6.93767249263	8.9814907944	3.02061467953	8.21314782319	6.73218105222	8.99988676969	2.79973093274	8.98549496669	8.92245957542	1.07542466189	8.64937896795	
0.997460631837	6.93019816802	8.99793549889	3.149854342	8.05048588937	6.13488513616	8.99999527763	2.96814374918	2.10592175396	8.93015732492	2.54397682087	3.23758254485	
0.557369863557	6.92374338507	8.99986426019	2.73804321943	7.50789633969	5.77091304196	8.99986426036	3.16800032897	2.51501760895	8.77980393646	4.11672104674	4.97107705882	
0.95606843472	6.93219789105	8.99999975455	2.89601335531	7.69402879656	6.25806066367	8.99999999848	2.88646958725	7.28448606101	8.92077253522	1.22817560407	6.92432812291	
2.16118213464	6.93181862243	8.66348048526	2.91695113415	8.16491391533	6.15684221078	8.66348048008	2.86320959175	6.30883937798	8.98286499796	3.23466870498	8.99999999138	
0.0339083229881	6.92892310345	8.75171662326	2.78254928683	7.276505546	6.08583480269	8.7517166239	3.02896082848	6.53902737793	8.35807764801	3.93577718309	7.75944298291	
2.3352372098	6.9377338739	8.92967402753	2.86095901625	8.52142501816	6.51257429013	8.01506953371	2.92988400953	6.13503995844	8.96356542044	2.58120071443	7.96807679013	
0.867790505917	6.93454256246	8.98972352592	2.72791393926	8.38851556053	6.42247277768	8.99923969517	3.22735867242	2.13797079511	8.92011307462	8.1940412371	8.99994463453	
1.12958164151	6.93703897012	8.27244408827	3.15748415851	8.35596285689	6.64699673074	8.68676314644	2.73725992512	4.57419857837	8.84844999408	2.77707818383	5.1239351496	
2.37469511079	6.94152145783	8.66148338838	2.99714765193	8.81685215698	7.05104476957	8.66148338781	2.81655906659	8.97990630949	8.98862306097	0.644354846204	8.99901902677	
2.33182681573	6.93578873551	8.6556845255	2.93442878382	8.34965686445	6.35801520103	8.6556845254	2.85368133377	5.26045036175	8.94812497226	4.1216007056	8.99999907158	
0.509087668588	6.92570083951	8.9406723224	2.66563802644	7.2038092711	5.88539313652	8.99999976875	3.35311320887	8.49808917076	8.93370094854	1.98678187731	8.02991538785	
0.893301818505	6.93876182025	8.9998472857	3.01294835789	8.18828224357	6.9499094797	8.98531498082	2.80622256926	8.9856674313	8.62055845273	1.35871008063	8.73783691376	
0.747742962032	6.93971634203	8.98977892829	3.14669202465	8.79084695053	7.16148385337	8.94877013792	2.74131769276	8.86132887189	8.99215419767	1.64384401906	8.65608419547	
2.93624267462	6.94393351086	8.98414086913	2.89414632671	8.38218985281	8.3851390324	8.98414088414	2.89646806143	6.86110343375	8.79220403515	-0.876547197183	5.01450517956	
2.53632441326	6.94192411053	8.68626651565	2.86133182426	8.97164426932	6.90860355851	8.52313478202	3.00204009873	1.11814901799	8.9972884463	8.20698868833	8.98646293411	
0.175620486421	6.92958700461	8.65295836685	2.83026034838	7.8542584578	6.10993601099	8.65295836685	2.98378218446	3.99389502488	8.93896916649	6.6044043576	7.79665792613	
1.0300602011	6.92759055722	8.99505387947	2.64137053467	7.80238294169	6.01986518521	8.99505387948	3.62706191689	2.01568402617	8.77288755862	8.40120325431	8.90574698621	
2.59015226797	6.94239002787	8.67966583383	2.92557301158	8.95311458942	6.91563416445	8.48981031273	2.87047799469	2.96282006735	8.97210407034	4.7383965778	7.44292208666	
1.08361610874	6.93430146241	8.96928452258	2.78138161691	8.42916586322	6.39996037267	8.96928455648	3.28864999415	1.40276322727	8.983482851	8.87306390028	8.99455027374	
2.08148924289	6.94000689153	8.89075682468	2.85920061937	8.97445987576	6.93992915121	8.89075682237	2.94048628421	2.67107386649	8.96580775517	6.12785395995	8.64610240259	
0.800828452703	6.94052507967	8.75527693405	2.89960839503	8.98778794995	7.69980066646	8.75527827178	2.89858158941	6.98314024152	8.306800242	2.56351106048	7.75564460161	
1.08988985175	6.93086807881	8.83054644876	2.8096512821	7.61299487816	6.17902666769	8.83054645064	3.00970615537	4.10071629881	8.609951871	1.75550964805	4.33611833549	
2.62603870781	6.93927411655	8.81782838742	2.87177730202	8.33554654896	6.4554810824	7.99023726921	2.91536058958	8.34873310915	8.98582926456	1.11697653402	8.72275176548	
0.941973130137	6.94020765849	8.96801998794	2.81279175041	8.77552397321	7.39901327988	8.96801998794	3.16416962292	3.22030104604	8.47691047472	1.80420702687	3.54008757465	
2.44313117483	6.94219847597	8.70614826153	2.91336579645	8.9293300798	7.14002435103	8.70614826074	2.8826832145	8.90167239682	8.99397688799	0.486216364795	8.95553328773	
0.858288486175	6.93155036666	8.69627997888	2.8825243911	7.51660096507	6.23350877151	8.9614448438	2.98534558116	2.48827337337	8.27602976665	3.19089891309	4.05789978373	
1.07412350751	6.94017710087	8.99906594573	2.79674151222	8.83414870139	7.34355201938	8.99906594572	3.27012615553	1.36059437393	8.41915563037	4.71125530271	4.86363777891	
0.657191323325	6.93204000036	8.82154024631	2.67423672757	7.93276116049	6.25182513771	8.28767749528	3.35371820614	4.24563857735	8.70734699066	6.73030768389	8.41109816294	
1.17335434439	6.94006057311	8.82929086267	2.78963024612	8.6731866711	7.29713080989	8.99518694197	3.18339815213	3.87044274537	8.75409063123	1.38092042409	3.61320837106	
0.984990358255	6.93949099577	8.99649787622	3.08552410083	8.97406670635	7.06662298832	8.99996547461	2.98151539241	2.69111357581	8.95745173297	1.94463246972	3.21579358105	
1.127664729	6.94012534993	8.99396883538	2.91257175675	8.92301388919	7.29007713696	8.9912959101	2.88513078957	8.78090791623	8.80349248857	1.269812602	8.91040353834	
-0.0826369829426	6.93046527857	8.95850705143	2.64853139154	8.02907844114	6.15440593939	8.73140690275	3.47995300383	5.87309359629	8.94325389616	4.77998683298	7.78797044433	
0.575594900672	6.93470983158	8.69581745573	2.87680968072	7.45077904804	6.47437049365	8.8768193706	2.98185601225	3.66750880398	8.19243086931	2.36688571591	3.82838280656	
1.0868946108	6.94059537588	8.98865253325	2.76135177979	8.99711911094	7.74273519292	8.98972228527	3.10198651242	8.95935185813	8.83923531143	1.11764957309	8.40862186383	
0.209281057228	6.93861957325	8.99228609873	2.89204905725	8.04683920908	6.95834101669	8.91052309729	3.02509378493	2.55103435253	8.06371136536	8.49414331006	8.98143761862	
0.53573271646	6.93777659286	8.95818291789	3.09422100331	8.6964731166	6.74839675816	8.95818291752	2.77957069768	3.21836647754	8.93110908436	3.10592520059	4.63692001665	
0.962279545121	6.93453164123	8.27678522845	2.80666671085	7.93091429527	6.42708771785	8.99994287918	3.0405648821	2.89582818867	8.48046178117	7.37448866353	8.40606473677	
0.636427248486	6.93418548885	8.7715677388	2.78358098976	7.83377193019	6.40024523009	8.99999976317	3.06170187946	4.5263788364	8.7802713362	1.91952543527	4.38280148988	
1.53435863612	6.94015891543	8.99989640389	4.0477589984	8.98519261818	7.21238355978	8.99997126426	2.6132056425	6.10018865093	8.96221404575	1.73348300765	6.23250593435	
0.832170739739	6.93561097866	8.99995187578	2.76170526776	8.1555295753	6.51539512566	8.99962645383	3.10843614065	2.55606938616	8.58997490074	7.71261583366	8.99995080325	
0.92973540986	6.92932011801	8.99999305215	3.41656566276	7.39619627596	6.07929955104	8.22409403254	2.65796455671	5.54953219235	8.71054437485	2.71549189912	5.67641309976	
-0.250223206353	6.93852248276	8.92596566038	2.95564420486	8.11030991288	6.92176614221	8.76167681077	2.84863854853	5.33942398834	8.60119704007	3.46472921718	5.74124691304	
0.84782538921	6.94053884672	8.99996319191	2.87725503884	8.99521675201	7.71045996815	8.99996319191	2.92209449465	8.93259657556	8.4861393743	1.50098895326	8.99520467836	
2.27719840664	6.93404922102	8.19123160334	2.87904792401	8.13374694335	6.25437617268	8.87201051166	2.90286799723	7.23644953873	8.863451601	2.06010619997	8.59221053343	
0.196717320275	6.93631357807	8.96575908468	2.66718973313	8.13512359534	6.58525975706	8.99950931251	3.43633084252	4.31451386442	8.68873951948	2.66655546203	4.61947925052	
1.8936885798	6.94018022263	8.65759792185	2.9024266862	8.98002926381	7.0813240273	8.65759792185	2.89419681695	3.96598438711	8.83376308885	2.87441656152	6.03259210913	
2.59872170609	6.94225541568	8.5535579715	2.90167141745	8.92352130201	6.87360981783	8.55355788413	3.0770556852	0.76839721609	8.98558822837	8.72086003783	8.99358164762	
2.2007395355	6.94033422692	8.79056881905	2.88848845585	8.95149437634	6.93391144192	8.79056885392	2.92525852512	1.59654914756	8.94954611286	7.49626391978	8.84378479799	
0.114902694473	6.92672065887	8.98639310895	2.69953158276	7.14536491931	5.95699276598	8.76153361025	3.22254468406	7.25773098279	8.54713124828	2.68127254386	7.2496082111	
3.40550729927	6.9610793247	8.09055199631	2.96805080154	8.95305433339	6.91238017636	8.09055199787	2.83113391188	2.80814354997	8.99536130601	3.36553759543	5.70047810365	
0.72652040424	6.92908854482	8.99997916481	3.09026257585	7.34924580708	6.08389646935	8.99997779296	2.75124454352	7.26779650679	8.71228274488	1.57600414127	7.0078419533	
2.30627083017	6.93937374951	8.63763745612	3.06922737558	8.72847337541	6.70817291141	8.99072890925	2.77327561565	3.38435706584	8.96193344663	2.25124145049	5.50186342071	
1.00458623972	6.92523425692	8.9999911131	3.78493517151	6.1189218252	6.43615992589	8.99999370058	2.61455645564	3.93615848774	6.71967874149	3.36024490108	5.59447015079	
2.54547124057	6.94204351883	8.46256622256	2.86710749536	8.94841535996	6.91644419726	8.85272740557	2.94582067687	2.66434414757	8.97423768563	1.89305362775	4.37606756844	
0.856387688178	6.93653828926	8.3236140987	3.27833300295	8.32553143407	6.58978815129	8.99824576644	2.69491107718	7.36029690506	8.83330311587	3.04051319333	8.22683197326	
0.873563051774	6.94049217745	8.99999955162	2.92902512465	8.9851270696	7.61078170111	8.91402769482	2.87100677563	8.99912991434	8.71989215253	1.44322610458	8.79901348479	
