0.93190534419	6.92589127639	8.14386014918	2.59887231491	7.07331475923	5.93820808564	8.45639357771	4.32343274739	3.88769108953	8.24067758093	8.77864122301	8.89981996404	
0.689500705146	6.90111048822	8.99992340151	3.02387613694	5.18622772286	6.02482010588	8.99999992941	2.85661618596	3.23719961191	6.48437555607	1.95663431923	3.43382562688	
1.84707723817	6.93182822264	8.04727768035	3.01098499276	6.61484343171	6.3889665425	8.04727768035	2.7957060709	5.97340879458	7.2864750586	4.55276364046	8.32387262063	
1.68658732215	6.94041623529	8.20298061102	2.60245206897	8.999162494	7.26527457701	8.20298061102	4.55858296061	4.74282447014	8.68285017831	7.45806093278	8.89815938292	
1.14583544086	6.93855124351	8.64760908427	2.59947128942	8.86210078536	6.85243009875	8.38991479647	4.71711321044	5.16603977036	8.96343310941	5.48291728757	7.27855622238	
0.863891090143	6.92397402761	8.23175480584	2.7127650606	6.18167226047	5.98746829264	8.50098261466	3.17419411829	4.69693333716	7.31935586384	4.92406676192	6.93672813363	
0.410425428473	6.93472945887	8.96716665947	3.34904542888	8.83936175485	8.99129435988	8.99999839671	2.69170213952	3.39971014812	6.86110259863	6.83423766087	8.27818175783	
0.460501725857	6.93954139644	8.50023248039	3.19906886516	8.18416103089	7.44255891207	8.73827935016	2.72215055701	8.7808074874	8.94051561098	2.79595778106	7.87124294889	
2.09066316312	6.94124805043	8.15168130624	3.18200195632	8.99873911082	8.25207580488	8.15168130624	3.03578219691	2.06776834519	7.71705790532	8.99999979082	8.98749631454	
2.03310195347	6.93910568377	7.94417546049	3.58834324233	8.16069650007	6.82798040665	7.94417546049	2.96585948305	3.43712752374	8.89735319653	8.99279060204	8.94858154104	
2.05243211782	6.93919283765	8.73503299588	2.68440294797	7.76872082582	6.9239278159	7.04361154281	3.3288528403	6.05934178844	7.83633992349	4.4431944811	8.04475141176	
0.694641117297	6.93898899225	7.84641176606	2.70507566513	8.59188721706	6.96882740945	8.8795762662	3.25225797957	8.96427497846	8.99963732889	3.23285792238	8.99999974071	
0.663058779837	6.88942396267	8.9795459862	2.87632053938	4.88348581696	5.9077028996	8.99999983446	2.86541367145	4.08271028885	6.54647731093	1.73291746787	3.91151824422	
0.837513352098	6.91889994219	8.99999954957	2.96489962249	5.79800857267	6.28851813026	8.95047000908	3.02746857823	2.6988339917	6.63137312639	2.15048170784	3.25928621865	
3.16332138289	6.953167063	5.14528154974	2.91279797379	8.97153539668	7.49323335445	8.99999988096	3.39393913351	3.38587984776	8.92288845097	8.99999998703	8.64511506199	
1.65999038051	6.9394011855	8.25749530697	2.86382326229	8.78705826462	8.41959604731	8.25749530697	2.94173670053	3.63582914318	7.33086220899	7.04663072875	8.80420991268	
0.921012119434	6.93908666349	8.79291681112	2.90739895261	7.94376997373	7.32320902865	8.99999921172	3.44718255611	3.07720295119	7.87442060518	2.15118786629	3.04992955951	
3.2478430491	6.95398820367	8.15378436417	3.05340845739	7.96062495965	7.56040964326	7.05285024405	2.77785028503	6.9032049841	7.38018247157	3.59126761609	8.83887143617	
0.92984068176	6.92413933429	8.9999998529	4.52761838917	6.94692381495	5.8812540048	8.9999998529	2.77012371755	3.54028752613	8.68545215636	8.71647351609	8.99999975664	
2.14586813328	6.93966851149	7.98938579137	2.6408106294	8.86901561404	6.84041412829	7.98938579137	4.87121509809	2.39177177917	8.98613299309	6.64958719435	5.41192230768	
0.0609514850736	6.9254024252	8.64967876468	2.67170163811	6.89889348841	5.94386452104	8.66297947022	3.64724193295	3.40560546013	8.16832384948	4.95457754774	4.93128789676	
0.465806981424	6.93560273127	8.79315518203	2.70221634342	7.14450421439	6.69228329255	8.78320989738	3.66475990645	2.40263530309	7.43010119609	4.85957383407	4.67906302767	
1.14721024647	6.93114722976	8.53164176767	2.868873027	6.72047874374	6.32027947454	8.35968513593	3.16410799608	2.39165964467	7.41616094077	8.82816447465	8.93340733196	
1.31728510298	6.94034951317	7.91234871023	3.23335036095	8.87230069079	7.39300082641	8.36225134421	2.99915782236	3.41566988896	8.94084381164	8.94248501447	8.97078275134	
0.746729352182	6.91278958105	8.99999993655	2.99210446814	5.52989239888	6.0952908806	8.99960488658	3.1411405673	5.05308233937	8.5003484606	1.69898135325	3.04169768906	
0.552261418746	6.93044633556	8.99999976875	2.7033276028	6.50936603205	6.41786774172	7.61888694016	3.22241021637	8.99999976875	8.72299948868	3.39852364654	7.73711927875	
0.3358754153	6.93817491383	8.71475295868	3.58064832747	7.75158574893	6.94260532337	8.99453420958	2.76099823676	4.37198804038	8.87739588135	2.94936203278	3.67338600457	
0.912872562304	6.93493208699	8.97402035139	2.78515426869	8.85282608203	8.99194122753	8.97402029426	3.16599832156	2.97309831284	6.88570674728	2.09251156976	3.67076656223	
1.22172324307	6.93894015943	8.33598218472	2.6332980002	8.28110021814	6.96159691197	8.32966035622	4.07750296214	2.91322342089	8.29073231295	8.99999976875	8.8347512042	
0.895413844892	6.91273998765	8.92024667631	2.89722092052	5.54718279119	6.16347157359	8.92024667631	3.52512233998	3.28387290976	6.91363430872	2.16027364316	2.97018173357	
1.61558833417	6.9337829681	8.99999969487	2.62515224986	7.25969141946	6.38132804367	7.05066948172	3.72405507414	6.55016853727	8.9379243912	3.03038463947	5.559399201	
0.679945215022	6.9128227483	8.9026842986	2.63069737231	5.47796132152	5.9089682907	8.90268429866	3.8506666316	3.85879726384	7.00679022456	2.55430620018	3.72151554041	
2.07520590033	6.94119398132	8.1060722778	2.77226240197	8.89531313625	8.13994352725	8.11786412354	3.39238219692	3.4617757203	8.03245951346	2.3710437861	3.40417004223	
0.763642240835	6.90099165282	8.99873881659	2.75331342979	5.18262667202	6.02337396709	8.99999915988	3.00509054153	8.2516340585	6.73141397471	1.51815258834	7.95574838545	
1.63400744271	6.94049116855	8.57581815884	2.6519701672	8.99963299452	7.32956547467	7.44547975468	3.85509112296	3.0861265424	8.67124060063	8.99999976875	8.94785065868	
-0.0364904676229	6.8894635178	8.8853035685	2.94671897177	4.88543298146	5.90837540468	8.88530356855	2.77694232632	4.4842353393	6.35652890754	5.70960189148	7.59049616275	
0.564244568505	6.93342383955	8.53004712161	2.60064690511	7.91333776919	6.34273085622	8.77230986063	4.27045168085	8.80853243099	8.88446229176	3.56361002142	8.77549650533	
0.53724416407	6.93915052357	8.98150940019	2.76447493475	8.97965620815	8.58826156334	8.98798561201	3.436405796	1.83309722584	7.33095618689	8.79239738749	8.708081946	
0.870011100688	6.92356072641	8.96050842146	2.5985240042	6.02397562187	6.1140873623	8.81927026725	4.00729616778	7.98921973377	7.25387036098	2.49061166739	7.91136228487	
0.93076110438	6.9405616587	8.66986761583	2.78693816948	8.99891126015	7.7394911145	8.66986761583	3.98452859713	1.85295816044	8.20601536086	8.99999312135	8.11996203778	
0.273672062588	6.94037634586	8.49546779381	2.80203801535	8.98032580308	7.5298036245	8.66180354008	3.05406747968	3.99887443037	8.58637150829	4.79831442319	5.95093897603	
0.866536231611	6.93751020608	8.9999998719	3.17796339213	8.89970362804	8.79117173473	8.99596493592	2.73443730789	4.31529355367	7.2661326828	1.6936127353	4.51903034385	
0.95330763403	6.93121934149	8.51307843773	3.36147520309	6.60795599637	6.40176713345	8.41375325178	2.66956526472	8.99999976875	7.94660441976	2.89032534309	8.72291056291	
2.84824676398	6.94676140742	7.42910548099	3.21428875241	8.98422926739	7.87276800867	7.42946027663	2.71677520201	6.47470969782	8.58992806241	3.18228450574	6.6628367348	
0.627407133229	6.94017849551	8.78600245471	3.77399082061	8.99968250713	8.24608695977	8.78600245471	2.62770745067	8.63842987423	8.89559499242	2.88931851522	7.89842278505	
2.92921896661	6.93353989393	7.99098661304	2.87580537137	6.08782479328	6.09653381772	7.99107639027	2.88782085075	8.78475150285	7.21637975275	1.5508530141	8.97977808507	
1.15457277095	6.9394639308	8.9575147509	2.64705030502	8.99997116086	7.04831551092	8.17229992495	3.59916329586	3.38240578265	8.90365503342	3.94814956272	5.13240323182	
0.231466665597	6.93596320854	8.44096435391	2.89083078544	7.39488049376	6.62881571145	8.60749374984	2.92631914832	4.4386646444	8.2016142853	7.466141093	8.6511932308	
0.587529272719	6.92291141582	8.32118327326	2.76761169307	6.04040759055	6.0142326604	8.87285524879	3.06281320557	3.66930195977	7.11563073961	7.02417961096	8.28747253954	
1.07813830646	6.90684222802	8.99998401911	2.90738393609	5.35335836527	6.09391706162	8.9999114143	2.87908168979	2.95741488581	6.37752470941	1.96851400411	3.84770980491	
1.42197078163	6.93890470778	8.19670382071	2.60541896012	8.912858529	6.896273157	8.19670382071	4.77056565422	3.49864877431	8.9934204763	8.88081455002	8.5582604633	
0.73030010769	6.93534860494	8.9998487136	3.12458893053	7.04459979508	6.88006280668	8.97701279607	2.87397844342	5.18867151207	8.96701485152	1.53778368182	3.3523614041	
1.03709519669	6.93472204173	8.99999746146	3.44733329759	6.94984507317	6.6913136395	8.06199541009	2.69809849847	4.95122615019	8.4677766992	2.51238296683	3.92844092835	
1.11859310909	6.93081937256	8.74698232596	2.95763598143	8.56127484269	8.95680401991	8.99999976694	2.83125704077	8.35751428623	8.11162045812	1.17378943291	6.82514932783	
1.23322771339	6.93918911283	7.76799533933	2.76681109926	8.7056248515	6.98296363612	8.35026636633	3.59541999879	3.14283967073	8.90376260224	5.03159935619	4.69854899775	
0.593798027328	6.93424248896	7.85933683012	2.87239869223	7.52442437394	6.42497217189	8.72145077779	2.91667974535	6.16470527849	8.92634800831	4.47133830743	6.91552748897	
1.31135172245	6.94008113148	8.59976524156	2.89690138398	8.67763815422	7.99936204491	8.59903638936	3.21406519308	1.80240573457	7.62036829385	8.99374049952	8.96829809543	
1.24858970912	6.93938407745	8.35522197511	2.91167828931	8.03098094691	7.30983360633	8.41100189307	3.05479452617	2.76076838593	7.74324012219	3.33216649729	3.83494166903	
0.117531367025	6.89651211531	8.9438084196	2.87799815432	5.0626827301	5.97563427088	8.94380841957	2.87620470572	3.98321201406	6.54558803186	2.52548684668	4.05973125851	
0.650186892278	6.93944746141	8.99999859624	3.07754155155	8.12672530739	7.41404017029	8.92147414647	2.86261916189	3.33398917164	7.86735487866	2.02691880039	3.5534281255	
1.28530703083	6.93635170841	8.99999976873	3.27884750378	8.77336247635	8.8072224162	8.99999976877	2.69467172233	4.38781487532	6.91234245788	3.0141435513	6.48631512849	
1.662585595	6.93928709548	8.18340570577	2.60297234734	8.96335389544	6.9349857526	8.12027736535	4.8023462874	3.54100833074	8.99028117014	8.92068236591	8.77656390706	
1.43165786791	6.9376163671	8.4518496363	3.1347150398	7.43641773291	6.95780775996	8.4518496364	2.8781782084	2.41810386876	7.46447597081	3.95629966476	4.42852892258	
0.638644956077	6.90550547491	8.99999855715	2.80032408876	5.31461954022	6.07759766963	8.9999997817	2.94235074118	8.02432522452	6.69946326218	1.66499046029	7.87247571554	
2.74477964508	6.93657461491	8.99975705641	2.94722257756	6.89696468994	7.16878506805	8.99999976271	5.0673298875	-0.68077882831	6.68393354672	6.11083084954	3.92280569411	
0.827315073004	6.93477151991	8.72415455472	2.93834630989	7.67906216504	6.46082374067	7.87057488125	3.17824586902	3.22443472429	8.51535629361	8.95308408641	8.90623032261	
0.6915114386	6.93370452811	8.85520276221	4.12273462061	7.39381140887	6.39044353222	8.85537068547	2.60675608017	5.85459876153	8.93740832729	5.15022555083	7.46485277578	
0.52217164408	6.94004668941	8.74593232749	2.91768393337	8.79276919197	8.07271192246	8.98355480515	2.93381797602	4.96229579668	8.81917441025	1.87522393286	3.8536529356	
0.677857974513	6.93758987676	8.20305116551	2.65600161716	8.24042301405	6.73520845912	8.40915559435	3.47994496371	7.68331705761	8.75506806535	3.94020528098	8.24532643611	
3.12951677374	6.94477836079	7.17945777961	3.06960869921	7.01986286368	6.15230996383	7.17945777961	2.75824963949	8.99946897372	8.90275428269	3.32873716188	8.66393004566	
1.16410563482	6.92701231831	8.99999962996	2.8786081465	6.22728241404	6.48701072131	8.99999979214	3.06703767994	1.66064164589	6.72023880747	3.03358998799	3.66084986613	
0.84313073894	6.9306226288	8.99648558396	4.50147853775	6.93138941489	6.22936693866	8.99648558384	2.59412362633	8.99844700293	8.80376658313	3.42466137462	8.78632971452	
1.03878850421	6.91866207637	8.99999998356	2.89794447973	5.78577140016	6.28303224428	8.99999998356	2.95113426318	1.71209519056	6.51388967163	8.3728690072	8.99999976888	
3.91163095844	6.99520688908	8.09196111679	2.86803397528	8.93823733284	8.99709430565	8.09196111684	2.90164426603	2.53774997563	6.93762169271	3.02362376692	5.55069700241	
0.292991610867	6.91029977501	8.98717973489	3.14042356053	5.46549055528	6.1337115458	8.75404399382	2.70502704252	5.68314470109	6.50312402269	4.6235683492	8.06898948373	
0.511264248188	6.91452215189	8.9999996547	2.71346393592	5.59715214047	6.14042706238	8.99996929493	3.38528084234	3.59953748258	6.84413184692	2.14558382943	3.5107909694	
0.297047425837	6.93643895673	8.68320322188	3.12002898434	7.3229693313	6.74477835428	8.68320322188	3.21256913277	2.88550869012	7.79550639051	8.99999986041	8.71774109723	
0.781853833533	6.93930406112	8.99327368299	2.89633322695	8.10213505912	7.51376516282	8.99999998836	2.95412793779	3.39624686158	7.6520733618	1.89003542214	3.86308144707	
0.884838125703	6.93775733259	8.9999685748	2.89769222814	8.99901570118	8.85991608102	8.68072808329	3.01910153365	5.42508294432	8.99998525379	1.58565299438	3.51597244213	
0.301116674717	6.93475020311	8.93476539638	2.59722276446	8.24851241414	6.43887560334	8.54566108395	5.16701114053	3.7893367171	8.80824256172	7.69287925258	7.22130753386	
0.207844638584	6.91345082518	8.99844375662	2.9083347004	5.58057888198	6.19154592413	8.99844375662	3.1067923275	3.01654868367	6.64368908764	2.60562192275	3.29880721091	
0.671993691183	6.93178105904	8.74528430988	3.41276053265	6.61336413207	6.67082272373	8.69158420577	2.66044791956	8.50435527412	7.91172303838	2.4448319487	7.73901672411	
1.05025811062	6.9289390853	8.57909469152	3.14517722414	6.45689214268	6.24967436526	8.58780634977	2.73207198935	4.5094814852	7.3834301325	2.54783932784	4.94723988536	
0.924425287206	6.93958090758	8.99999975576	2.6049161734	8.95766072745	8.46121419565	8.93454370373	4.34807697352	8.25956000599	8.46574735008	2.34947941308	7.26127693557	
1.79531441586	6.92884325685	8.75586925649	3.00387832322	6.37002546407	6.26244120953	7.728350455	2.86698468187	5.49789973316	8.96962459389	1.88720424949	3.65801570241	
0.78895129445	6.90975468315	8.99999977261	3.07409162263	5.44929822784	6.13462396828	8.99999999353	2.73114621538	8.82841680961	6.77809135201	1.55247058619	8.6465672701	
0.749390537224	6.9377686707	8.65351507051	2.66020770891	7.7112455999	6.84109326229	8.65351507051	3.72696640336	4.86114341981	8.91495696556	2.61415558307	3.81711012599	
0.801388416741	6.90573237602	8.07350251313	3.1136384279	5.31642067481	6.06954722799	8.9769658927	2.7089605814	8.99185570015	8.29278383805	2.50020669625	7.22480466439	
3.44652818643	6.9591528796	7.70792624856	2.90209106524	8.95784305974	8.9997526329	8.50067182971	2.90768115362	6.14091026543	8.99025627861	0.422459504158	4.07255461954	
0.942239828	6.93810487601	8.56052126288	2.68671618487	8.53936741356	8.34269821916	8.4958966878	3.32032247282	4.82997553589	7.16276214242	5.92806698602	8.50060842252	
1.16280477245	6.93704291583	8.84900573312	4.72341737867	7.58675797523	6.7231188768	8.99999011542	2.59790883734	8.9439577417	8.9571512724	3.63564224827	8.89464999906	
0.423430606419	6.90224879174	8.91031530756	3.34228288916	5.21451951368	6.0285969912	8.91031530756	2.65958054959	3.83480139484	6.49669223499	2.94214603735	4.46126380532	
1.15934734378	6.93849168777	8.99988028349	2.74328517453	8.82418197064	6.8441421109	8.96967051351	5.85909513748	1.04481864994	8.91521555419	6.59196802467	3.94476214199	
3.83948385546	6.99324558546	6.95094789802	2.7962149041	8.99595302117	7.86345259158	6.95094789801	3.82477430924	2.56064156877	8.22350779537	8.94232283212	8.19424293575	
1.1972168663	6.9331083182	8.99999998017	3.97533810673	8.6995516465	8.96662875631	8.99999942509	2.60930663751	8.80471900732	8.87300600546	1.65992891315	6.65916700993	
1.14377998446	6.93858874074	8.99736445119	2.66369981035	8.96582137106	8.70844599981	8.99999972937	3.59882105782	1.68270923851	7.18840301487	8.44783876546	8.794693974	
0.0687630223272	6.90188872749	8.9787242857	3.09709263393	5.20482789935	6.02423241358	8.8440229513	2.73389318144	4.27197796158	6.72940952233	2.77678250378	4.31372338416	
0.792540400905	6.93468308191	8.29690660887	2.71443461307	7.1382854098	6.53882240635	8.82436094628	3.4227365252	3.30351674971	7.72103655226	3.09421899865	3.77324676692	
1.18142968111	6.93742247625	8.38402919448	2.60998961977	8.70838818664	6.68842095465	8.3840307809	4.78622757139	3.07015824079	8.99035760877	8.9999997688	8.37075913906	
0.446999978713	6.92031428871	8.60517727927	2.59501493962	5.90912741632	5.79316525367	8.60517733794	4.11144960824	4.50950821966	7.29215369268	4.33398213801	5.35320045672	
