1.78013324877	8.97704627345	8.21037846986	0.457790724059	-3.02769169473	-5.46248093088	-5.99839584098	8.99206811629	7.76987474014	0.35299018355	8.89871091405	5.18108604109	
-2.70514041688	4.62425514173	8.5614979147	0.522973879658	-3.30412706763	4.15742959037	3.74571441435	8.99328616454	8.30382483193	-5.01005341443	1.23431334225	-2.15073595844	
0.227505470773	8.47137580591	8.26833233541	0.146823320321	-3.84146827555	-4.89896016392	-1.57613279052	8.8739488167	8.93103682772	-2.82841977186	8.14981495017	8.9914453256	
1.96681551975	8.99999990042	6.10331625544	0.637010860436	-5.99350495645	3.88307817168	8.44330078732	8.99976017927	8.28787343298	-5.90907995556	8.87206272225	0.228677755871	
-5.85250168944	6.55635395498	6.86800761847	8.39874422867	8.06502389048	2.09004027524	-2.94877101219	1.16755823591	8.5878811403	8.04042279644	2.5543189442	-2.18171683248	
-2.49040576444	4.79582973325	4.69803030155	0.492134320947	-4.79029734768	3.70805912882	8.57848845872	8.99979246513	8.81817421493	-5.99990729649	6.57361741935	-5.66041007678	
-2.47186566194	4.85710236764	2.46494074064	0.704271683941	2.43519283511	7.40531741862	7.5321875259	8.99320012608	6.787998253	-1.43371430793	-2.29191130102	4.46624224732	
2.08249577033	8.96722642327	8.43626213179	0.569676954792	-1.2361134854	3.72277679237	0.8998955626	8.92285980948	5.96162600289	-4.80705249325	7.43211273037	-5.99973791354	
2.03776606431	8.98242864579	7.85736105368	1.39539691269	-1.78984685397	3.75534628605	3.01032036488	8.98242878437	3.36787905303	-4.00823337421	3.5759419494	-1.45092814369	
2.50729582887	8.99999317052	7.30180050643	0.813315179258	-5.99042040297	3.24494996633	8.99999034174	8.99999317052	3.14309214437	4.83249835746	8.99999999994	0.487961705253	
-2.68449725509	4.66940682213	4.39091327786	1.43487301225	-3.43327528663	3.59533548569	8.40633986645	8.97986528252	3.26218058589	-5.81375659558	-2.6752445848	-5.91829302808	
2.61737180292	8.99999912247	8.99999912247	8.99999912247	6.07892564733	8.99999912247	8.99999912247	8.99999912247	4.2252275161	6.01397676104	9.0	0.370919744594	
-2.63541239881	4.71816551851	8.48554280353	2.86970182222	-5.99420475174	3.65825444402	8.39019612163	8.99999998985	2.44684756193	-5.98984928683	2.29690076984	3.41640401774	
-2.63944554556	4.76842378014	5.55273660213	3.06017996134	2.75318218773	8.99873165684	8.15962231969	8.99876009393	8.08089796663	-5.77664305091	0.560857317975	-5.99829565589	
-2.12150283722	4.37573057501	0.760162436249	0.119325970312	5.68483763209	8.99999726344	8.94126571009	8.99999726344	8.99999999999	4.84039434109	8.99999999999	6.35140769287	
-2.60794790012	4.67580712818	8.57283280221	5.82521057085	-3.42373190282	3.59885999869	8.53072297962	8.97199828259	6.65235841906	-4.33798296623	4.04723839132	-5.90949013304	
1.19636963381	8.36867023577	8.37406125635	3.81813792833	-0.550285394629	8.22929891105	8.18602408234	8.79006250272	8.94698924244	8.40162116113	6.56184400073	-5.197511141	
1.33450359223	8.61923784689	8.56913804176	0.554636881064	4.74949019377	8.7853900136	0.306132715316	8.99999980153	8.63210244922	8.73671055023	8.51830761674	-2.578338073	
3.29405040293	2.57884160059	3.24183908401	7.52145459303	-2.30661191822	3.77148901631	3.24183908402	5.59934624075	-5.48598098848	-5.93482832347	0.481095670312	-2.17258627887	
-2.59992639392	4.82436468163	3.40405971001	1.91672506863	5.33009315203	8.96989180301	6.55901683752	8.98226175586	6.34657311522	-5.09491983932	3.6883300287	0.603312693917	
-2.63475305616	4.68426081389	7.0835125403	0.976152090026	-4.58840667475	3.72436905269	6.49621446978	8.97178532257	7.01507788378	6.43462566228	7.21991210598	-4.4121464626	
-2.67970894768	4.76476150191	8.24209715175	0.64894238045	-2.69565596971	8.93705703962	8.48182889308	8.99780020545	1.45067285591	-3.40208579504	8.38955994058	0.259991315475	
1.06196414138	4.5021814032	6.35245716802	2.60088149496	-5.25717227431	4.65712901947	4.68504917634	7.08210629379	8.20102235184	3.8617380206	7.69403737433	1.57349843011	
-2.17694223632	4.32609572398	8.90915956496	0.104411625264	-5.99999296738	5.53028321725	8.99999010202	8.9999929668	8.82776064531	6.03210072437	8.99646550078	4.98403779186	
1.91563239611	8.99916234775	0.0402091751398	0.700873338965	5.28127687683	8.92224131771	8.37854822447	8.99338966812	6.009265266	-5.40141191917	8.0325309287	1.7682433464	
-4.37037603894	-4.0636057571	6.30371225551	8.92789588104	-1.65900390716	7.62901745264	1.09935611839	0.880373953097	8.76554622295	-5.81254923503	-4.29853093734	5.11419557736	
-2.36703104993	4.54836765556	1.17897042758	0.634425884689	0.55553149685	4.54783552478	5.51625267234	7.15309448182	8.07033087877	1.36157509239	6.57996543762	4.14123779337	
-2.65848584855	4.6599955521	6.451692971	0.843889610488	8.3589596343	3.64833877739	-5.9999573083	8.99998550847	8.46464931373	-3.93897443118	8.7332681732	7.29034721989	
1.74242354457	8.99994894934	4.13958525175	1.18853120209	-2.4609862049	3.67250146895	7.43404455523	8.99408552628	6.35108983237	3.65815113544	7.43760358751	-4.33919759221	
-3.04755641556	5.16252345485	4.63988715448	1.22874531306	4.81960559122	7.74323000222	3.36379500222	7.64123256221	5.44384834875	3.12448975502	7.36924423081	0.0603257799609	
-2.21357356344	4.2846363754	8.96865997575	0.727842955342	-5.92934010484	3.25011541907	7.19496774961	8.99999850424	2.53437325509	4.20406134735	8.9968334708	0.500069832774	
-2.52805189494	4.8117194544	8.60285031008	0.574841828315	0.966684842742	5.10649752851	0.441766883031	8.98976351227	6.0695141468	-4.95292713935	-2.7069473423	4.75685493764	
-5.99045677416	-5.98819302818	6.73046421764	1.05530010029	-5.38361976674	-0.925929484179	-3.51553659518	8.70375438359	-3.34065650403	-3.42446612851	8.65944187436	4.44197002098	
-2.7109104509	4.58015530186	7.65755047576	0.439146957334	-1.19642718092	3.55095842582	1.81141482081	8.99136697974	8.95760805536	-1.07345924434	-4.68263235911	-3.35711489502	
2.50630621872	8.99999253605	8.9999895967	6.45639313502	3.26192950468	6.5181297063	6.9704635637	8.99999253605	3.83777936449	5.61513455211	8.99999999994	0.406900798071	
-2.5165345068	4.82629081401	0.392686125267	0.553846222604	5.20802057377	8.94137225562	3.70334781795	4.46601071344	1.17945532817	-2.53588492099	5.43361514403	3.39721408199	
-2.92710750971	5.10061300919	6.21375409609	1.64980229104	-4.03381486532	4.07136200304	6.6007854426	7.0318398604	8.71491461502	-5.95708455363	0.00225283049307	2.51523297025	
-2.62452016923	4.61527355451	8.09545968707	1.72916221732	2.34830038753	8.38994897782	2.90122563559	7.98608079131	8.55022124814	5.17350143162	8.27169290545	1.79840701439	
-2.47481376238	4.74241344236	2.63182833803	1.15289792066	-2.01007980614	3.65697821259	-4.07913630806	-3.48450369065	7.93931197025	8.9858301531	8.92300991295	3.60418392298	
-2.62570499593	4.69962623741	0.074192549887	2.5184466378	5.32710161679	0.810836850277	2.20327964074	8.94999216443	2.93811269284	-3.96888881586	-0.0656885787394	4.11552157257	
-2.61879964409	4.7228426773	0.82159615808	0.53319525256	-0.842501273471	3.65560784791	8.5506102237	8.99925968386	8.10537812312	-5.91331482522	1.11638609069	3.15901477199	
-2.77961639419	4.95294514019	7.7794152672	2.06051851603	4.84830196379	8.99999459994	1.64448709739	7.47912967802	8.04366023963	-4.35486279489	8.86934389564	8.97786672125	
-1.98722287319	4.46063779802	8.86419624256	0.0713175991282	-5.99999695001	3.25515552627	6.71220867648	8.99999695001	8.99999999999	2.29153194886	8.99999999999	8.99999999999	
-2.4209623188	4.7313915499	8.57159581274	8.99194457792	0.326482744613	4.2534346306	8.4691691608	8.96951464093	3.31940699361	-5.70896192291	5.47651883726	-5.57330292622	
-2.57993610399	4.72464543347	7.0987811545	0.555243514288	-2.53961059317	3.75134598076	3.97428238471	8.92228175004	8.19633248174	-4.23708016184	-3.90952775918	4.09640289539	
-2.59861110988	4.62543802158	1.43939081806	0.822604821258	-1.1695291258	3.80076942534	8.53939226486	8.96183057917	8.69204718331	-5.38872008376	6.93049312584	1.91551354201	
-2.60350094883	4.85597332656	8.62676728523	0.579112895907	1.38060024104	8.94655466922	3.9700542945	8.99227998024	5.8374159872	-0.646151016125	8.81311450236	-4.06130645481	
2.71408411611	2.57785690904	-4.44495886093	7.23369369945	-3.93991748267	-4.84484476592	-5.31910035506	-4.84484476592	-3.88533772076	-5.81033013614	-4.05586803292	-4.53262437062	
-2.64897198997	4.78900226004	2.52796571442	1.71484960301	-1.65355670571	3.7444792051	-5.80772269903	-5.83061674844	8.80590978749	-5.91454006169	8.84354717644	-5.57042758705	
2.04397985276	8.98576101797	3.62553661737	1.54863649506	-2.97118222791	3.68848077954	8.51030538384	8.9857613336	8.92131687052	-5.95275201526	-3.34794828343	2.36503385851	
-2.55460324687	4.69855656895	4.63825337393	0.49230680722	-5.96558525002	3.77916175912	6.24659466065	5.39463440186	8.67008581033	-3.5738650434	-5.91465232545	-1.54308759171	
-2.52398835895	4.76295568826	2.52228990633	0.562249393517	-2.28240088224	3.96490356492	8.57420780003	8.99999981847	0.783669308135	-1.65659423232	3.87766520996	-4.14127365781	
2.34188561311	8.83668506148	8.80541348343	0.0902861418236	-2.45903798485	8.99999292782	8.9999900562	8.99999292782	8.99999999994	8.99999999994	8.99999999994	2.17776555907	
-2.5077934732	4.77435606329	1.59598831857	0.499797475282	-1.33536104337	3.80702471987	8.25176311453	8.92341865809	8.81669389211	7.86440447757	7.91642172614	-4.99291136246	
2.50563279056	8.99999748329	7.03150321107	0.186459269806	-0.766951606517	8.74402469282	8.92190781778	8.99999748329	7.87950953496	8.99999999999	8.99947337054	1.05708070404	
-0.707589987779	6.38779862943	1.32274492467	4.26859586789	5.08699314239	2.1198125618	4.07401389057	8.99987448313	8.97743044358	-0.213831990291	-4.1965476258	-5.76127962812	
-3.37859098138	5.47614948418	1.04386158247	1.30635820395	-2.05716847235	4.46539542897	0.244105378939	-3.39569560942	5.41350377264	-5.61670005993	4.87865589439	0.145613229152	
1.99234211766	2.61658127289	2.07439248542	4.5428220105	-4.76734120925	3.65453487753	2.07438703227	2.55984226517	2.71026349388	-5.28814661955	8.93226935924	3.64047765602	
1.6384096031	8.69550687096	-0.748212896951	0.369567110405	-2.94227430321	0.60785444745	0.333577341744	0.608542594559	-0.931153824926	-5.96088665537	-1.16073152414	1.43529816062	
-2.55827505769	4.67898502423	8.53218125322	0.476359220299	-3.50807251647	8.85083696709	8.53218125323	8.99183372118	7.09502363487	5.9754533447	5.79153039665	2.83341174474	
-3.80922367662	3.30168904382	8.53054421911	8.99868511685	4.74669245068	8.56626194585	5.32091425791	5.92229114455	-5.13452556637	-5.97594992492	6.79663141547	-4.75032420671	
-4.89594897719	7.15878783409	1.69044994608	3.29801557705	1.89216383376	7.47906780385	1.25759379149	-5.99161262086	7.80317165095	-5.28410349299	-0.930793788758	-5.59966745808	
1.8767348454	8.99915114488	1.38765018464	0.939101332444	-1.07625099471	3.64475329241	7.51455727464	8.11968554024	1.64045645034	1.46801554926	4.47936791931	-5.43048446029	
-2.62823049041	4.65217888169	6.80973343519	1.37143252826	-5.95581634134	3.77537634035	8.53814610712	8.96484496025	7.85413915488	5.06290671743	7.12542708007	-0.689205779818	
-2.61928505668	4.78941363282	8.49791055543	0.546769879068	-3.06255151732	8.99999978664	8.51991587954	8.99980656245	7.1514389142	-2.97502648805	-0.310237825586	-5.48538528662	
-2.4935267803	4.83916626459	5.22651518255	5.43304282305	1.72568388505	5.73847481809	8.52329286528	8.99839810904	0.863346736518	3.74127945853	8.88209720782	3.99735092431	
-2.14918232186	4.37444461004	8.94781697948	0.160357884667	-0.288072933244	8.99999697146	6.84321438078	8.99999697146	8.99999999999	4.64609702119	8.99525215011	6.63021184788	
-2.71909346052	4.78414076913	8.61402087904	0.592757038999	-3.13263624372	8.99970712073	8.61402087904	8.99970712498	8.25784401154	8.84018744677	8.12363102384	-0.155375081693	
-2.67832489146	4.77332947611	6.25872658119	0.54327268359	0.421274312845	8.98525888705	7.28544520667	8.98526016251	5.48975358996	8.93335931841	6.30032608288	-5.98368112358	
-4.55725454723	6.84856965623	3.59376517369	5.27983640728	2.5686756245	1.74607762963	2.01535062631	1.74605264681	3.90831147311	4.53513593982	4.59875695401	-0.390195322532	
-2.52052793621	4.68315104575	8.24525984048	1.33565636837	0.319120219079	4.3035643256	1.2744594992	8.9959317341	6.33685592419	-5.98116445451	4.69368938537	-5.71933519946	
2.04579328038	8.99999577693	4.09599937232	0.592766364234	-4.31592205293	3.74443447824	8.51132179656	8.99999577693	6.85210021721	0.0821889107879	7.61174861182	-2.99994113773	
-4.82101937914	-0.488155503023	-1.35347669672	1.04531354163	-4.89118014972	-0.48815550301	-1.35347669671	-0.48815550301	-0.788223241276	1.00999553673	2.70384412382	-5.74110147003	
1.84361487706	8.86888907905	6.98629932392	4.57501467856	-2.75466820682	3.69709442505	8.06542078864	8.9996691402	8.97191171618	-5.36467458125	-5.66720834042	-3.69634991337	
-2.64250581933	4.63555745624	0.97438018331	0.491990683033	-0.812188313554	3.80815708981	-5.52998118251	-4.94600036104	8.79273316131	4.2788997557	8.8640183352	8.61323579722	
-2.61169741697	4.71703854274	8.40798921523	0.513534117974	2.1884382852	7.14978463921	1.39138748883	8.99470422717	-1.11851319487	-5.97393401923	3.99625081479	3.91008005717	
1.76412345899	8.99589263137	4.91028705528	1.10161892444	5.16064456393	8.99154335415	4.24554327458	8.99154344282	-0.0599085387093	-4.2175368844	7.06821787663	-1.17221188781	
-1.24654418047	6.63300881733	-0.0261116998088	0.939797701326	2.50712064761	7.17461103677	6.30591844448	4.79296564817	5.34391064213	-3.79615092974	8.99933660572	1.01983661289	
-5.01971660107	7.22703133221	2.83818571179	3.36194503238	7.35054679571	6.5114398193	-4.42056764929	-4.3519679283	4.17977228557	-3.6545950186	-1.24012754207	-5.75062180309	
1.43504071092	8.86247656146	4.07958390724	0.764750533564	2.18821304905	8.99561409862	7.92414698888	8.99999970779	8.88329516078	-1.1040430189	8.90286514342	3.35864275439	
2.50390266748	8.99999864662	6.64079799204	0.10930095281	-5.99999864662	3.2713256438	8.99999864662	8.99999864662	9.0	9.0	9.0	2.18317195136	
-2.7326474029	4.56798190916	1.64681137493	1.26857081683	-1.07127405328	3.64054631197	-5.29542981175	-4.92963893095	8.51540168003	-4.04379454577	4.87550767758	-5.05976447971	
2.00278521733	8.99999920068	8.23729858069	1.38183350575	-2.30348020926	3.61909911399	2.95666120381	8.89233358677	7.61522902529	-2.37102918482	3.43544065653	-4.83661008597	
-2.70719572608	4.70514101278	8.51131343321	0.868092341411	5.35552577724	8.98442451007	0.383778456039	8.98576407614	-4.88347683102	2.28236980911	6.55059996932	-5.14866174575	
0.143153877591	7.20965324443	7.84125853129	0.382377887107	-3.07348185869	8.98553181326	7.84125853135	8.17462613673	0.012729404341	-3.92060986901	6.66059978375	1.94236864276	
1.33969838527	6.79188239158	6.61856906594	3.67917744693	-1.77434314338	4.46996929165	3.54903403675	6.79192921442	1.43499997038	3.31682832845	8.46030850416	-5.70802260735	
-2.55425074633	4.56708838478	7.94589246083	0.383486256322	5.05719582397	8.99851548712	0.495810821311	8.99555232372	8.97646495373	7.96423136955	-1.69276518966	-5.45794114817	
-2.56838385748	4.72898066659	5.29810120202	5.54954482271	4.86158789642	8.94049481193	8.55552254625	8.92780748598	7.92944431212	-1.2193338829	8.04090688494	3.20039100247	
1.99547682208	8.97964764621	6.507936439	0.586306089274	-0.442207028832	4.04381445291	2.5485599157	8.99999795955	8.97532792453	-0.192237325482	1.49393678115	-1.51226169165	
-2.93302868781	5.05607598625	8.48663129281	1.04813991999	-5.99024358472	3.93866487355	5.84726472046	7.3679605574	7.55172232307	2.69698907826	8.69903832953	4.37033522145	
-2.58255651748	4.83555525907	6.93635729004	0.503436502296	-1.5650897378	8.98599876449	8.46026214543	8.92398265476	8.81122821151	-3.76432527777	-0.302107794557	-1.71048876283	
1.99105526888	8.99878699674	8.20210233664	1.3557333989	-5.96838341804	3.76371233889	6.89302193723	8.99956339018	5.30537258882	-4.68472544638	6.75132409142	-3.73212895694	
-2.63099913852	4.84037487062	8.2555098423	0.541418616613	-2.16176867901	8.999870212	7.9187921092	8.99987043473	6.92941361732	-2.86576914428	8.22111944415	-5.46797609164	
-3.52667879816	-3.18677759032	-3.00643039948	5.4884164889	0.547607557716	7.77781128493	-0.464658223311	-4.52961004675	-0.486908034511	-5.85427526645	1.90009655682	0.398733676513	
-2.57332822479	4.71026896202	5.62025125596	0.517812089358	-1.11414864292	3.73701647078	4.02626754904	8.99394441513	4.90884449049	-5.88200746196	-4.07355682344	-4.40663308002	
-2.6382662788	4.95657961989	3.112521426	2.41789373984	-1.33264177551	3.49803257529	-4.93835655462	-4.66924911794	8.8311390758	3.85750480046	8.89578925175	-5.98338515672	
-2.23560752037	-3.11715887353	-4.72317226321	8.02231887214	-3.1179004215	-5.90064067252	-5.95278585701	-4.18795519562	3.73932141868	3.85100369902	7.05332113043	-0.444777141393	
-2.60898266204	4.8101654847	8.45891659685	8.99181817141	5.468768361	8.99013578566	8.45639454886	8.98297740289	2.12227245692	-5.32725118237	8.97152880662	8.15924411126	
1.76789268953	8.98149560071	1.31073245822	0.610531825465	-1.25959444435	3.67934665036	2.32555871605	2.87321534292	2.86027816473	-2.08100015898	6.83831098334	-5.98423022382	
1.98775284245	8.99401537215	8.48326114061	7.07675299105	-2.27406450323	3.71681478796	8.50391636671	8.91328269537	3.59914849844	-5.17247140179	3.88899030405	-3.98504195588	
