0.000537804580382	6.29805368042	9.0	2.2528005148	8.22342519635	5.59409359945	9.0	2.27557631825	1.24094550205	8.95278601267	7.1669897579	8.91670723759	
-0.00277776047586	6.25720378429	9.0	2.20384501434	8.67870374078	5.92201062766	8.99756475509	2.52279513952	-0.440789431281	9.0	9.0	8.9791366477	
0.0456964797916	6.3388774914	8.99314513794	2.29007578347	9.0	6.31641535747	8.99996172572	2.29545332344	4.96652861734	9.0	3.579884236	9.0	
0.0259250185473	6.31320534195	8.99959770887	2.29081950586	8.8778256561	6.21452186535	9.0	2.29703629191	4.78970378072	8.98445034301	2.08823452543	7.32629796321	
2.71717708485	9.0	8.99999740825	2.28510604779	8.78416442266	6.12351843751	9.0	2.29290364279	7.39177403107	8.99290199433	1.14585762578	8.99996083746	
2.59770985213	8.89817152465	9.0	2.27305047093	8.15603827669	5.50906774218	8.99991412549	2.27840924328	3.09758384568	8.99998694246	1.53412036547	5.07453120063	
-0.0170227400496	6.28577365589	9.0	2.30030223456	9.0	6.31689904519	9.0	2.27946096782	1.07233936137	9.0	4.0317085095	5.57069670274	
-0.00798924021273	6.25855331838	9.0	2.21232158702	9.0	6.23575573138	9.0	2.51439314122	-0.426394248607	9.0	9.0	9.0	
-0.0168462938865	6.27836067332	9.0	2.25649084616	8.33890587128	5.68925407628	9.0	2.28749775084	1.03758278319	8.97566731355	3.85235304667	5.39227367861	
-0.0158404832568	6.2904058063	9.0	2.28056424882	8.29564293773	5.63274836708	9.0	2.28213049306	2.91118190532	9.0	2.79711003833	6.15756708729	
0.018278779239	6.31207917803	9.0	2.2913101712	8.97821278606	6.30271667071	9.0	2.29294331323	2.29067989304	9.0	1.01343112181	3.76659324806	
-0.0643956984145	6.25472522934	8.99873247657	2.25873631105	8.92000123899	6.24119496096	9.0	2.29180122229	1.52612862936	8.97896548286	1.8987159983	3.90993802857	
2.76950797581	9.0	8.99996304939	2.28825904425	9.0	6.37103786705	9.0	2.31450945757	1.25321242566	8.98770106663	7.28884199746	9.0	
0.119461728306	6.39433326026	8.99998868876	2.29401274306	8.77805598739	6.12156686818	8.99999884225	2.30507892447	1.87644011741	8.95513150788	4.44630266445	6.80264186893	
0.085853784171	6.3699094933	9.0	2.29277064607	8.83009141806	6.15924386809	9.0	2.3036278518	2.10433036537	9.0	2.29182071824	4.8433938541	
0.143953514763	6.41559586155	9.0	2.32484845795	9.0	6.32622806952	8.99995809855	2.2819020031	1.77626938173	8.98303392413	3.03130907295	5.26545286124	
0.12889185081	6.41178815345	8.99999953805	2.31690637332	9.0	6.34126800251	9.0	2.26258828002	2.47910527004	8.98306807327	0.643561606063	3.64923008068	
2.71093734479	9.0	9.0	2.29320479485	9.0	6.3171491724	9.0	2.30699412931	0.864013558796	9.0	7.68638048315	9.0	
0.0396783783417	6.32609085639	8.99681307311	2.27916938471	8.11688532295	5.47425510051	8.99103025941	2.26793749303	1.98312674092	9.0	5.37686764435	7.8113114185	
-0.000301242711984	6.29448844975	9.0	2.29872998826	8.28478508666	5.62975552146	9.0	2.24358780255	1.79039074811	9.0	2.67827022906	4.92030783107	
2.70281859295	9.0	9.0	2.2756590137	8.321204257	5.66064015688	9.0	2.29101858769	2.6044797855	9.0	2.82195699427	5.88467897319	
2.73877931884	9.0	9.0	2.24419337463	9.0	6.4854265224	8.99995722698	2.22827403658	2.20834049765	8.76930215605	1.72390560911	4.60392179155	
2.70271455272	8.99989628312	9.0	2.29363467616	8.53140982241	5.85721237528	9.0	2.28626492275	3.28858010024	9.0	5.16239398022	8.90071291735	
0.0257932070949	6.3334863857	9.0	2.30801425228	8.28053694413	5.59238748606	8.99999997887	2.2634815299	1.34722289587	9.0	5.37200144348	7.19312868921	
2.6001234408	8.908869365	9.0	2.22116588722	8.49033618343	5.80066707357	8.99989095414	2.37278938706	1.51757604613	8.98828880025	2.71993019543	4.67722855405	
2.70936984927	9.0	9.0	2.29345364769	9.0	6.32110292983	9.0	2.29713125515	1.82775976889	9.0	2.09518141933	4.37711118139	
2.7412964182	8.99987687377	9.0	2.22501479898	8.99999999996	6.52661476634	8.99921579081	2.21108244258	8.99997762156	9.0	-0.433127491466	9.0	
2.70800721755	9.0	9.0	2.2930329285	8.88427050611	6.20207698613	8.99703599382	2.29414050382	1.30212788217	8.99996998308	3.16259503318	4.92336883826	
-0.00680582327802	6.28399002292	8.99998110474	2.27448824401	7.97570115694	5.3216883902	8.96436433855	2.2520589129	1.4395892961	9.0	4.50216857349	6.41307804624	
0.236731531015	6.42739668663	9.0	2.06150685946	7.76907675014	5.153527289	9.0	2.45642565917	2.69118102592	8.99998848142	5.1124961936	8.40387451514	
-0.0673595079729	6.22903105395	8.99979029871	2.32130400347	9.0	6.3220829564	9.0	2.23788740996	3.53185277153	9.0	1.06136671532	5.0851003313	
0.0785541564552	6.36298800227	9.0	2.27731235832	8.24647210375	5.60596734291	9.0	2.28506425659	2.10705342236	8.97508489022	2.63719963158	5.22002476501	
-0.00535106066632	6.2600502963	9.0	2.21233576019	9.0	6.23569900848	8.99915490496	2.51526126791	-0.425341821735	9.0	9.0	9.0	
2.70870216526	9.0	9.0	2.28655042995	8.75839934482	6.08115541089	9.0	2.29625705857	1.60232262548	8.99896303193	2.16263310077	4.22867183385	
2.70774063138	9.0	8.999999814	2.29417526173	8.98515756011	6.30635382209	8.99989724088	2.29469159933	4.89287012611	8.99941009259	3.65337137695	9.0	
-0.177855937504	6.10812744447	9.0	2.1654467217	7.77229366195	5.33331469631	9.0	2.20822912633	9.0	9.0	-0.449413112862	9.0	
2.73405572808	9.0	9.0	2.21263768464	9.0	6.53565204072	9.0	2.21572798969	9.0	9.0	-0.425058568979	9.0	
0.0363302965931	6.3294771225	9.0	2.24663163285	7.91962782286	5.28435122955	8.99807233997	2.28238705494	1.26413526783	9.0	1.8089608285	3.56424981628	
0.0290411683689	6.31976008723	9.0	2.28404722789	8.36895599824	5.7061739001	9.0	2.28787500164	2.00571545726	9.0	1.05598048657	3.51858914616	
-0.0124947993875	6.24735205816	9.0	2.20355720128	8.50845078161	5.76346418621	9.0	2.52139615619	-0.425866990321	8.99860247946	9.0	8.98825311391	
0.0620518892151	6.34707096586	8.98506336424	2.28887852406	9.0	6.32845136508	9.0	2.26960813368	4.31302989091	8.98175803657	4.14957587277	8.96356418442	
2.4131406107	8.7024601208	9.0	2.29619793953	8.85358304286	6.17864791573	8.99539384279	2.28449172033	3.81417029566	8.9997911446	1.43700499121	5.71001520997	
0.031401261419	6.32170583997	8.99521873809	2.26642628906	8.86890898026	6.1675459581	9.0	2.32681570323	0.545926287935	9.0	4.00907055495	5.04179483262	
2.68535579256	8.9771507119	9.0	2.2944153135	9.0	6.32002831513	9.0	2.29577278636	2.30640129364	9.0	6.23956779392	9.0	
0.0319368472655	6.33002289876	8.99294995649	2.2710256718	8.11760412201	5.47331746265	8.98329590975	2.26078991817	7.72547969305	8.98832429247	0.812987425565	9.0	
0.0924752133052	6.3228366663	9.0	2.23998370415	8.07241075446	5.56592119386	9.0	2.2578055138	0.61532838415	8.77715661374	2.66583455954	3.9537935701	
0.0102931654708	6.2767327745	9.0	2.20307605112	8.20597975814	5.75363436624	9.0	2.2154675818	8.99999839853	9.0	-0.420742811074	9.0	
2.70806399204	9.0	9.0	2.28557585941	8.58824216883	5.91365643672	8.98897245468	2.28990815688	4.00399690694	9.0	4.45123188049	8.90680063184	
0.125485443356	6.39371741112	8.99940140801	2.25408321933	8.24616639176	5.56376475978	9.0	2.28377975808	0.384644637491	8.97423916986	6.33663969836	7.2942413556	
2.76496497045	8.96843107556	9.0	2.15400126051	9.0	6.67945183633	9.0	2.16115305279	9.0	8.88466424107	-0.585725573285	9.0	
0.0168217977141	6.31848840456	9.0	2.28151580989	9.0	6.31573981164	8.99983199059	2.30795340819	3.32321382473	8.99593460985	5.21240846209	9.0	
0.0266572614466	6.31754583772	8.99193402005	2.30018338684	8.78666623752	6.10175882239	9.0	2.28847076402	4.89048049686	9.0	2.80316277909	8.14505757322	
0.0933666039451	6.37315268093	8.99564969254	2.30904093031	9.0	6.32189247971	9.0	2.29137991326	7.04512670004	9.0	1.24680474744	8.74414089517	
-0.0419077779125	6.25858445076	9.0	2.28674282506	8.53143532394	5.85776024763	9.0	2.28627920647	1.48293840879	8.99014666382	7.05134891058	9.0	
0.0153998157544	6.31049491995	8.98718385336	2.27558731725	8.98125450542	6.28832380947	8.99811372124	2.30385880528	1.05110039292	9.0	6.3585177623	7.87289735846	
0.0559391679766	6.34467610674	9.0	2.28767610635	9.0	6.31638720336	9.0	2.30765201696	1.35650440528	9.0	3.44635852628	5.26232869651	
-0.101180661652	6.21868146922	9.0	2.2770438852	8.03986567047	5.37222384888	9.0	2.24244487704	1.84520470855	9.0	1.34688770412	3.68566070541	
0.0293043988075	6.32023681581	9.0	2.289716612	9.0	6.32735791173	8.99331251205	2.28614530116	1.81062786566	8.98279920109	4.99438567203	7.27788155031	
0.0656171006049	6.35416445865	9.0	2.29464389274	8.49021610498	5.82374902371	9.0	2.29055094381	2.52586279858	8.99575717522	1.08776517333	4.06666730745	
0.0435097556918	6.33602931928	8.99428396557	2.27083431293	8.6589956444	5.98574487709	9.0	2.303328942	4.92769808551	9.0	3.61329403206	8.99993489996	
0.0206008832452	6.31884196877	9.0	2.2935652509	8.79996685947	6.11586948948	8.99108958884	2.28235766641	1.86762371108	9.0	6.67467853798	9.0	
0.0111268891979	6.2999779424	8.98656429726	2.26599685799	8.17853474702	5.52282666317	8.99999924731	2.30532382733	1.48826970923	8.98991142574	1.61072619859	3.53599739851	
-0.0439666397966	6.22831194442	9.0	2.21061803193	8.93333874137	6.4670162965	9.0	2.20894524221	9.0	9.0	-0.43358871696	9.0	
0.0588661258032	6.34371491474	8.99615698885	2.28258075234	9.0	6.30507878193	8.98340790036	2.30047513799	0.969955891877	9.0	7.55851668451	9.0	
0.055184225077	6.3427652164	9.0	2.29561167166	8.99999671406	6.31250737586	9.0	2.30685070064	1.11680997722	8.99857956175	3.23435404061	4.81052532248	
0.109873724636	6.38361781036	9.0	2.29155948691	8.21236214423	5.56633084232	9.0	2.29196860221	1.64955106057	9.0	6.52284455397	8.61470064779	
-0.0149588240951	6.25263405924	9.0	2.19887494608	8.98096954813	6.20497394968	8.99474035857	2.53055796232	-0.471881549041	8.99841319338	8.99999947279	8.95939971119	
0.032907380162	6.32363706522	8.99999692727	2.28753703484	8.98782813182	6.30112273937	9.0	2.30635084725	0.934300670299	9.0	5.61269619844	7.00579342236	
0.0604746376538	6.33619111144	9.0	2.27990188879	8.60222512673	5.94720668064	8.97080410904	2.28041551428	5.31145278714	8.97487875298	1.84322802564	7.6286507239	
0.0380554020321	6.32276771199	9.0	2.27374248387	8.94666106367	6.24089821321	8.95838932726	2.29848708877	0.80911801445	9.0	2.50707427084	3.79501547404	
0.00560723511133	6.30518153902	8.98608406748	2.26781708021	8.26342066274	5.59632199132	8.94908338842	2.21918478441	2.1493559726	9.0	1.28632485898	3.91070114364	
0.117983548986	6.38592872431	8.99973787198	2.3334627849	9.0	6.29396759682	8.95830950184	2.26569769353	1.36554273446	8.99991731222	3.22765675588	4.98306459106	
0.00291229886723	6.30710255281	8.98063252987	2.31227176001	8.2952464297	5.61747702873	9.0	2.24550951839	7.07165920036	8.99704809993	1.5094253287	9.0	
0.0287506278105	6.32104334975	8.98356396286	2.28916846599	9.0	6.31615551876	9.0	2.2901903271	2.72351423368	8.99988049645	4.4861807824	7.66127184762	
-0.0228707739278	6.24903876076	9.0	2.21084586885	8.92659189085	6.44677563705	8.98175494895	2.20517470636	8.99602507631	9.0	-0.422880909217	9.0	
0.106937665626	6.39447334766	8.99919493237	2.25978180867	8.44440765105	5.76439574758	8.9890506224	2.29618067773	0.915388889542	9.0	4.16782349282	5.58650678684	
2.71449530152	9.0	9.0	2.30072155908	8.39394422899	5.7401676649	8.99280405927	2.26215849633	2.41787036567	8.98873260138	0.909846759855	3.8062602484	
2.55683586013	8.78027544991	9.0	2.32671922278	8.99999910713	6.37118371312	8.99999572701	2.28356968722	0.973295579092	8.94316571748	2.47394918419	3.98074605318	
-0.0274543771814	6.24062257863	9.0	2.20887433475	8.90495724714	6.13798488114	8.98874059037	2.50812145046	-0.425606296037	9.0	9.0	9.0	
0.235906333533	6.45930851681	9.0	2.2644826401	7.91721428245	5.46734223492	9.0	2.17507570949	9.0	9.0	-0.435049011579	9.0	
0.0465460415613	6.34136868171	9.0	2.2853488075	9.0	6.31783856858	8.99996558465	2.30795860971	1.14709554049	9.0	7.40156917858	8.99706298209	
2.68367186854	9.0	8.99817241322	2.29402379957	8.77107084744	6.0853322188	9.0	2.27071288785	3.72679090309	8.99999932731	3.14954953175	7.32642400737	
-0.0853156706648	6.19407765193	8.99313734505	2.21382178502	8.98545502751	6.23642817435	9.0	2.48075214242	-0.279715737585	9.0	8.85732780399	8.9998672894	
2.70519381759	8.99831213786	9.0	2.22908832171	8.82792404195	6.20152194489	8.99884921556	2.2897339806	3.00181732373	8.92174684759	1.1589381609	4.71790992743	
2.72034068498	8.99990881279	8.99118174948	2.27545716513	8.96369888726	6.28163302347	8.99754720065	2.2992959988	1.10781076169	9.0	7.05440644146	8.63415011097	
2.72990262285	8.99999964391	9.0	2.22110969829	8.99841677987	6.53133878303	8.99707694987	2.21205569483	8.99997955931	9.0	-0.401547396787	9.0	
0.0459182619731	6.33772434359	9.0	2.28799539045	9.0	6.32061886984	9.0	2.30004908858	3.98467060219	9.0	1.68086699783	6.12200264784	
0.0477956458451	6.33088852545	8.98732823949	2.26483157464	8.7981415545	6.10172088789	8.99843449709	2.33586059577	0.560147847789	9.0	7.72462541307	8.74239049875	
0.150332933163	6.39951777848	9.0	2.28327021759	8.20495830842	5.57970025868	8.99991164187	2.31033315405	1.7198519979	8.99296557874	1.95655279019	4.11200474749	
2.71135280795	9.0	8.98430018702	2.27379622431	8.29167185077	5.62336885215	8.98968009918	2.27823725641	1.94543177797	8.99481416356	3.10158644027	5.50402089783	
0.0567603904705	6.33333699405	9.0	2.2727088435	8.5698224837	5.91038382533	8.9763338907	2.28758314884	7.10960040039	9.0	0.822891219167	8.3887226377	
2.01855869659	8.31092059371	8.998997335	2.29639294347	9.0	6.32427019499	9.0	2.29578172537	3.62317458538	8.99999999061	4.92372397087	8.99695168541	
2.70130649319	8.99288892191	8.99953763389	2.29140921683	9.0	6.32750854372	8.99967548162	2.29181636451	6.9381365649	8.99455943936	1.5859693684	8.98355171975	
-0.291500882826	5.51368884907	9.0	1.43163833498	8.99268465437	9.0	8.99308935674	1.42924382264	-0.604876465993	5.91839089318	4.87741504949	7.3316662022	
2.71016613028	8.999999697	9.0	2.29177788275	8.99471882563	6.33123109099	9.0	2.28613879449	3.85234391255	8.9780888169	4.67361319106	9.0	
0.0581019468802	6.34935177742	9.0	2.29133267731	8.99563115768	6.31055689785	9.0	2.30418677706	1.36338041123	9.0	7.08573181898	8.90230476007	
0.0358393033206	6.32490571034	8.97400003773	2.28052920446	8.56325012013	5.88371546912	9.0	2.28711267951	1.87024060265	9.0	2.72391295264	5.04773117878	
2.67345213421	8.96109664972	8.99820330605	2.28476901605	8.44446660121	5.78852910337	9.0	2.27591358696	2.64384658442	9.0	1.16271420208	4.29044453468	
2.5982969193	8.8900126559	9.0	2.28910495667	9.0	6.31986618453	8.99685550182	2.30178370501	5.78627524834	9.0	2.09815347329	8.33190787642	
-0.0527801310388	6.28657314772	8.99991196777	2.24887258298	8.69798921523	5.97418819837	9.0	2.31507922513	1.44569550308	9.0	1.58480021734	3.5240482597	
