-0.21065313148	5.99833583928	9.0	1.99503502802	9.0	6.0480469275	9.0	2.05076906908	1.31212232471	9.0	4.67827574622	7.34112546991	
-0.179716190636	5.9987427897	8.99363844681	1.92786270071	8.30833538575	5.27540242538	9.0	2.23550801115	-1.34612469011	8.99954430056	9.0	8.99239360955	
2.78211683742	8.98466131813	8.98599650975	2.01347850782	9.0	6.04031265872	9.0	2.01856949046	1.43513724577	8.99820696191	2.58169633272	5.38457327212	
2.79914467659	9.0	9.0	2.00191454773	8.28592098799	5.36044886863	9.0	2.01282723339	5.36977363893	9.0	0.417691581269	7.1558974454	
-0.209400981839	6.01055661501	8.99995848467	2.00654332019	8.5567251933	5.61645211799	8.99497557301	1.99152357102	3.68861634944	8.98124833476	0.353941940413	5.43234116132	
-0.45074868325	5.72056006218	9.0	1.88150769286	8.94349315279	5.85966916706	9.0	2.16279477993	-1.38724669278	9.0	2.79809845796	3.03693211053	
2.8037488689	9.0	8.99428674415	2.01566603175	8.9977195684	6.04813168485	9.0	2.01740414798	2.37771710402	8.99751168604	0.555763086783	4.30483389841	
-0.0801352226603	6.09385538647	9.0	2.04801678901	8.89569677768	5.95589150518	9.0	2.0175024215	0.797711873329	8.99930621542	4.45572026877	6.59089558039	
-0.155971841821	6.04778311855	9.0	2.01972094618	8.60776842527	5.65407795803	9.0	2.02026950749	0.239712973082	8.99993227387	5.09636481736	6.70733169155	
2.79812031711	8.99892705407	9.0	2.02230246285	9.0	6.04511294592	8.99895098482	2.02265987259	1.44770968227	9.0	1.90507930464	4.71729202166	
-0.119178916117	6.07595245041	8.98189712164	2.01761210022	8.40668520648	5.46100454963	9.0	2.01093705238	0.462270753281	8.99499185608	2.12230358448	3.95134221453	
2.50080466285	8.6744248713	9.0	1.94268470485	9.0	6.26168735723	9.0	1.94243834221	9.0	9.0	-1.33493050854	9.0	
-0.132884767947	6.06813108195	9.0	2.0104271363	8.40916134058	5.47299985499	9.0	2.01887800285	4.64469853996	8.99641754263	2.99242407514	9.0	
-0.129819779655	6.07233122459	9.0	2.02338582463	9.0	6.04381027059	8.99859940308	2.0216168085	1.22523211238	8.99539818553	1.77644139706	4.37023864345	
-0.877063241855	4.94738241072	8.99996727911	0.810356598251	4.64756628046	4.22127401892	8.99405676308	0.804141898787	8.97491406451	6.58787698876	-6.0	7.67319412432	
-0.247818559386	5.97078844018	8.99516440376	1.98064914737	8.07208684391	5.15348306161	8.99201537114	1.99877035213	1.35573883473	8.98615165097	0.823962309862	3.56394412504	
-0.181490433491	6.02197622253	9.0	2.01286852357	8.2670338001	5.34451443761	9.0	2.00610048726	3.59014144976	8.99992066628	0.0668438942343	5.0041768694	
-0.221459934904	5.98450263752	9.0	1.99984151277	9.0	6.05062297216	9.0	2.01677466796	0.132584301732	8.9778760295	1.92823275675	3.48216957353	
-0.129227781032	6.0728069879	9.0	2.02295205772	8.91260214022	5.95737787835	9.0	2.02247429999	2.01282844129	9.0	5.45272866651	8.82861317408	
2.62001923656	8.82265168828	8.99943573406	2.01439124364	8.99815400255	6.04126089127	8.98732783669	2.01837450245	2.31364303736	9.0	5.32400800001	9.0	
-0.129350248615	6.06883701115	9.0	2.02490307627	8.57283247743	5.62269606698	8.99321092884	2.00947249373	4.61311846593	9.0	2.58778238392	8.57000183413	
-0.205672218126	5.99434705389	8.99010721946	1.94588966362	8.43353017113	5.61190185275	8.99965429103	1.9598567364	8.72894777573	9.0	-1.09963121008	9.0	
2.7363515865	8.93968395952	8.99996685937	2.02928444899	8.76662656627	5.81503282842	9.0	2.01457326441	1.29312487823	9.0	2.92015315581	5.58332962295	
-0.122437436274	6.0777641724	9.0	2.02431027292	9.0	6.04413791675	9.0	2.0248125395	1.59244159128	9.0	6.04617192684	9.0	
2.79718601937	9.0	9.0	2.02177148034	9.0	6.04553838985	9.0	2.02294735578	5.95273490939	9.0	1.68502895853	9.0	
2.78200915022	8.98086682932	9.0	2.01949757518	9.0	6.04246209808	8.99464558858	2.0253896933	0.510444427655	8.99966832635	3.37222229077	5.24966026994	
2.79851163789	9.0	9.0	2.02261631253	9.0	6.04569356763	8.99997184409	2.02292503784	2.47048490981	9.0	3.29009305803	7.12307662767	
2.80015153598	9.0	9.0	2.02034963655	8.67184030294	5.72450704773	9.0	2.01973491949	2.20157840727	9.0	2.23317452284	5.79777450654	
-0.119216873901	6.07994974096	8.98178554455	2.00155957483	8.47404936027	5.52066711743	9.0	2.01674313641	0.657469707258	8.99590159414	4.85092948261	6.89167527841	
-0.142295163824	6.06060701645	8.97848565286	2.01085918018	9.0	6.03602402402	8.98412288078	2.01095997803	2.54019936841	8.9998197593	1.89572989633	5.79278282258	
-0.135340680948	6.06653652989	9.0	2.0227249835	8.61496884895	5.65681580616	9.0	2.02210567028	0.332470741561	9.0	1.9568040892	3.66145346808	
2.80689226691	9.0	9.0	2.01669260656	8.68917649523	5.74339055761	9.0	2.02576416305	1.50044501602	9.0	1.41525905168	4.2824128348	
-0.145034974035	6.0176665932	9.0	1.9394671232	8.65607183156	5.67035659487	9.0	2.19723714005	-1.14539276613	8.97783421318	8.76124221323	9.0	
-0.128753150627	6.08671048761	8.99962514435	2.01287641062	8.24144228512	5.28179491282	8.99210806313	2.00404395694	1.28063246079	9.0	0.697228709638	3.36045124119	
-0.104935293341	6.09086924574	9.0	2.03583838626	9.0	6.04234792243	9.0	2.03447344093	1.2131810836	9.0	6.44503609697	9.0	
-0.484084606183	5.16510856501	9.0	1.09600958803	8.99424027151	8.99960150683	9.0	1.09482546003	0.97601974277	5.66632600632	3.87977576842	9.0	
2.79871294169	9.0	9.0	2.02190334798	9.0	6.04817541446	9.0	2.02018133281	6.92825168667	9.0	0.666127321229	8.96028367617	
-0.920237153522	4.88845511579	9.0	0.833828373327	5.17148190433	4.6950108685	8.99795494698	0.839113464358	9.0	9.0	-6.0	5.33065989367	
2.80690528684	9.0	8.99898449424	2.03164242927	8.99093429272	6.0610272281	8.99870489414	2.00048626516	1.76933654451	8.94622918697	0.833932252085	4.01146284103	
-0.158730774667	6.04386388371	8.99592885232	2.01617655343	8.8148510711	5.85632689359	9.0	2.02339913155	0.373520786414	9.0	7.25539448185	9.0	
2.75903756319	8.96091680945	8.99569597423	2.02175830116	9.0	6.04463342888	9.0	2.02021155388	5.41964513989	9.0	2.21796043478	9.0	
2.79974197698	9.0	9.0	2.00878301271	8.32901217768	5.38915961053	9.0	2.01693439827	0.0597959644078	9.0	2.58103496815	4.02005182206	
-0.135840128352	6.06806787099	8.99960940112	2.0125487086	8.96841721057	6.00124354871	9.0	2.03648181505	3.15528835242	9.0	0.320224915172	4.84639717263	
-0.111511363081	6.08605440628	9.0	2.02911271233	8.89524165677	5.93645758055	8.98820222299	2.01709237239	2.09604747352	9.0	5.55555247258	8.99947592489	
-0.0272805444334	6.15549417473	8.98991781417	2.02702650981	8.99958555787	6.05511874985	8.99929548893	2.02281852743	2.31603429396	8.98862779352	1.11334587974	4.79394699988	
-0.118252985057	6.08330229995	9.0	2.02699688539	8.66543240535	5.71025108863	9.0	2.01651993644	0.845593174757	8.99997485921	1.61179875642	3.82666736043	
-0.103390621688	6.08657628791	8.9819777769	2.02283297315	8.93548980266	5.9784780833	8.99519695648	2.01814245364	1.42442577998	9.0	3.43223474101	6.21283132424	
-0.165554718767	6.00763414136	9.0	1.94005335211	8.87858886073	5.84423774238	9.0	2.24169809261	-1.33188014616	9.0	9.0	9.0	
2.79798385421	9.0	9.0	2.01423118893	8.584373573	5.64138300992	9.0	2.01750781198	1.64659959122	9.0	2.31901822372	5.33022238931	
2.7992742598	9.0	9.0	2.02223233045	9.0	6.0479127784	9.0	2.02191461091	4.28046570222	9.0	0.950892235236	6.59455926012	
-0.094292064594	6.09323494838	9.0	2.02560093877	8.12302428099	5.2051730113	9.0	2.00268108606	3.20288299217	9.0	4.4401905087	9.0	
-0.153725898965	6.0454409706	9.0	2.00320265979	9.0	6.06569383467	8.99951446375	2.01698170071	5.48877618651	8.97882412971	0.282448831299	7.16914961739	
0.0601116808197	6.22778113857	9.0	1.99391141362	8.76658059541	5.82100581207	9.0	2.08942557695	2.10086834709	9.0	5.47551025072	8.93498955716	
0.0120601721398	6.21883371833	9.0	2.10275231369	8.99149699576	6.04420592245	9.0	1.99993984193	1.75113876319	9.0	2.12321593608	5.24974435428	
2.80116525896	9.0	9.0	2.01876843327	8.80557390316	5.85128224811	9.0	2.02562604352	0.543086638554	9.0	3.43576481878	5.3449724072	
-0.140272912162	6.05470169009	9.0	2.00545319598	8.23881836284	5.31509550398	8.98146138222	1.99893968654	4.73747053311	8.99960501585	0.116983007116	6.2212364612	
2.49915555273	8.69266568506	8.99955503864	2.02427714538	8.999436168	6.04653906961	9.0	2.03300803991	1.25225980311	9.0	5.35464914459	7.9651475347	
-0.102620194638	6.09636148268	8.989619984	2.00083271874	8.5280395913	5.57038521102	8.96625226095	2.00957423275	2.40546948434	8.99954492938	0.453659276813	4.22359637472	
-0.164004068975	6.04217591547	8.99413369151	2.00478202325	8.2610061851	5.3323751739	8.99983382011	2.00594622066	7.47183227068	9.0	-0.0389552114378	8.79135394913	
3.24048254218	8.88865976863	9.0	1.10481848994	9.0	9.0	8.99993311449	1.09980233248	2.375537578	5.71255843981	-0.349938109956	6.11029702419	
-0.161664555637	6.06657405661	9.0	2.00962256411	8.4879908078	5.54434896959	9.0	2.00676718756	2.12672397198	8.98344345722	0.592037628189	4.11430532035	
2.79993284252	9.0	8.99976098052	2.017193642	8.86620728507	5.91835072408	9.0	2.01776326887	4.14785938872	8.99969143181	0.170853819535	5.69246660041	
2.79908692408	8.99995882629	9.0	2.01964497967	8.7704684801	5.81980724334	9.0	2.02300509503	1.62475402392	8.99996784239	1.74145049157	4.72925583124	
2.80389205198	9.0	9.0	2.02018510451	8.65387768586	5.70334014796	9.0	2.02433374071	0.60624852449	9.0	2.94006752536	4.91143239025	
-0.170606744973	6.03794229245	9.0	1.99920667875	8.5229869188	5.58197025027	9.0	2.00930442683	4.5035104684	9.0	-0.0441915071603	5.85201783234	
-0.0985985518616	6.08752524396	9.0	2.01070988589	9.0	6.0288933133	8.95403702573	2.02565799847	1.20428873829	9.0	0.863256739943	3.43357356203	
-0.141250818345	6.06110009513	9.0	2.00630458481	8.22201394848	5.28916656919	9.0	2.00100243189	0.831755643195	9.0	1.90876821426	4.12868681256	
2.77504181411	8.99999999497	9.0	2.02468554407	9.0	6.09223847292	8.99996406774	1.96584272631	8.29785187588	9.0	-0.64320196122	9.0	
-0.172398019663	6.02051840343	9.0	2.02977895406	8.44832038427	5.50440552421	8.99914064703	2.00624873611	1.47094863768	8.99818449274	0.501310858809	3.35917152874	
-0.131803832768	6.07145853489	9.0	2.02339912395	8.85913245614	5.90312309336	9.0	2.01968651085	2.18477089911	9.0	5.44971423535	9.0	
-0.0958017011811	6.09759349188	9.0	2.03009238636	8.99400675724	6.03421243442	8.99795222548	2.02668552828	1.17161909754	9.0	3.74897305201	6.28381762202	
2.79830873201	9.0	9.0	2.02251152369	9.0	6.04592052447	9.0	2.02277759402	2.98113515895	8.99959205198	4.65597883541	9.0	
2.69369250267	8.8952115947	9.0	2.02265645266	9.0	6.04573491053	9.0	2.02310659237	3.70651690305	9.0	3.22031561248	8.28918372198	
-0.135402876058	6.06645842957	9.0	2.02034453345	8.97229642797	6.01603476463	8.9961981444	2.02268020881	1.88084928822	9.0	1.75559406538	5.00064357186	
-0.174185889287	6.03004216877	9.0	1.99677598572	8.14277090507	5.22129107814	8.9863274458	1.98638693874	2.41892760913	8.99567942888	0.0386697587556	3.85338262401	
2.79838112551	9.0	8.99999591198	2.01933981088	8.80311263754	5.85038015135	9.0	2.02466628011	0.528944969562	9.0	7.10854015806	8.99974358784	
2.8116117022	9.0	9.0	2.04026838858	9.0	6.04962887468	9.0	2.01525088518	3.52956196618	9.0	0.503780037348	5.39615034836	
-0.0945456059866	6.09709856045	8.97003073638	2.01445412315	8.26293685434	5.30632808787	8.99122624491	2.01074771949	0.723993409526	9.0	1.61669198624	3.70717738265	
2.82440466347	9.0	8.99987551714	1.93606428834	8.64965121753	5.61910129507	8.99984162836	2.23867970159	-1.33542234303	8.99965996616	9.0	9.0	
2.80142779594	9.0	9.0	2.02100940617	8.99999437649	6.0553037617	8.98909653202	2.00417911538	7.64120934615	9.0	-0.0145753830496	9.0	
-0.2156437638	5.99411294082	8.96454500255	1.99208076416	8.62039198629	5.66887089424	9.0	1.99217634716	0.437308851698	8.99241081194	2.05087096326	3.88123597253	
2.79853416207	9.0	9.0	2.02218064066	9.0	6.04672549541	9.0	2.02252520249	5.93214675184	8.99883606286	1.70421527754	9.0	
-0.197953800523	5.97392372348	8.99600392725	1.93521410221	8.91832670311	6.17228609087	8.98430131337	1.93694712376	9.0	9.0	-1.33842779259	9.0	
2.79962365103	9.0	8.99980036594	2.01804702744	8.5327293747	5.58854285837	8.99999929814	2.01351237919	1.9277018127	9.0	4.1867438383	7.48311637784	
-0.155471028102	6.05210985634	8.99880813731	2.01418696932	8.99987446585	6.04467324802	8.9972664768	2.01900621949	6.63460868036	8.9969271548	0.897308591254	8.90216523307	
-0.0680721095882	6.13104254803	9.0	1.98414638512	8.50691390508	5.53676215188	8.97039573704	2.03289253121	0.452744399745	9.0	1.90963931283	3.76570902535	
-0.113866208795	6.08264019439	9.0	2.01999882786	8.4162471598	5.47406539569	8.99787599012	2.01866320086	2.35116425893	9.0	5.28363459607	9.0	
-0.163948261917	6.03995888877	8.99999991585	2.00860540365	8.16547096712	5.25077939979	9.0	1.99409390593	4.34758653856	8.97491210275	1.21304415292	6.94878535445	
-0.193367222793	6.01060613651	9.0	2.00648440557	9.0	6.03943647636	8.96734864052	2.01056179585	3.09270155067	8.99863917392	1.80762770894	6.27588184674	
-0.101099674453	6.08931277239	9.0	2.03173880125	8.8586403891	5.90693214292	8.99481773687	2.02055287981	2.65634875427	8.99992821242	1.18110571137	5.19916308389	
2.80339435718	9.0	9.0	2.01146453894	8.8257702257	5.88589669757	9.0	2.02259700122	7.33607177084	9.0	0.101581793552	8.80541316563	
-0.100611806816	6.09541298655	9.0	2.02641422324	8.99947110806	6.04467276546	8.99973974158	2.03114476627	5.52713519665	8.99920154546	1.04674229244	7.93459711973	
-0.204530541401	5.97050926892	8.97210318724	1.92389107389	8.63633488441	5.60164612615	8.99838785656	2.24325858115	-1.30699476109	8.99795164178	8.99915140149	9.0	
-0.225279450939	5.99561486284	8.97224983617	1.99978128226	7.97345899011	5.04909972287	9.0	1.96648209778	1.36917301944	9.0	4.10696566364	6.84226689102	
-0.152425686375	6.01854437182	8.99998351811	1.93761306507	8.44816079976	5.41980070358	8.99765922192	2.23930363589	-1.32695909465	8.99941654539	9.0	9.0	
2.29744788003	8.49008087941	8.9991667423	1.99901508487	8.19975099807	5.27009251626	8.98346286135	2.01353256679	1.27615958894	9.0	6.36290968732	9.0	
-0.121830846498	6.07825513894	8.99971442101	2.02151379135	9.0	6.04368922222	9.0	2.02767224051	0.972522741508	8.99992398551	6.66575284928	9.0	
-0.12432883484	6.07680422109	9.0	2.01674647456	9.0	6.05113482362	9.0	2.02094872172	4.8911701119	8.99375384618	1.23495675766	7.50121303326	
2.73157744281	8.93154441881	9.0	2.01992695486	9.0	6.04491588835	8.99327694664	2.02137582649	2.38235605216	8.99968017643	0.829834323596	4.57537708115	
-0.127551238454	6.07032053599	8.96661238059	2.00272007914	8.35161642586	5.39876102361	9.0	2.01188961472	0.599894113317	9.0	1.48817731708	3.46180059563	
