-2.08517328005	4.40948288307	7.96672234482	3.70565998085	-3.67201260911	3.29674208284	8.97501541962	9.0	4.01315343727	5.78048178456	8.98836995221	0.424222149389	
-2.18474757708	4.31133248984	4.32370162311	1.00818577045	2.94423645827	8.99999989083	9.0	9.0	2.93939660653	4.67205199537	9.0	0.445463170761	
2.47179757274	9.0	4.46614045077	1.62718644905	-2.0247913246	3.47310311546	9.0	9.0	6.73974963151	8.50203825482	9.0	0.452898469898	
-2.2324442262	4.26315751615	8.83450628907	0.0729275638573	-2.51093145046	9.0	9.0	8.99999433313	9.0	4.87637189261	8.99777530992	6.28858124356	
-2.21562378537	4.26577436656	3.47479328313	2.4904416928	2.89547243363	6.62159397878	9.0	9.0	3.43601213822	5.21090273527	8.99891226657	0.386137342526	
2.49367190171	8.99074967885	4.8787215265	4.35283864706	5.73646268741	9.0	8.99980571884	9.0	6.75333608316	8.53109055107	9.0	0.406578040999	
-2.22489602051	4.25961548721	0.890267335418	0.0752160571651	4.77574815964	8.13860127533	8.78162371258	8.99999730157	8.99920471162	4.43219823309	9.0	6.71139634065	
-2.1782899038	4.31475207551	8.89741321263	1.41103042614	3.25458415313	6.51599945884	2.03195998558	9.0	4.24695311664	5.99829475138	9.0	0.43191627458	
-2.1398545268	4.34400640631	5.4307705484	0.115527132579	-0.712927180424	3.31693824846	4.9755221016	9.0	9.0	3.95330060377	8.99733104595	7.24513475972	
-2.20598351746	4.29046606903	9.0	0.317968662195	-2.39752311179	8.99987509102	8.97288706622	9.0	7.59478781941	9.0	9.0	0.771609127396	
-2.147590232	4.337013315	1.87747107685	0.127842310073	-1.2065146467	3.29575863541	9.0	9.0	8.70773299883	8.99861800697	8.99989851984	1.89828847893	
1.67885371979	8.1748683964	8.4789727104	0.153587151118	-6.0	3.28900456094	7.22898386839	9.0	8.2380382478	8.98994455628	9.0	1.43893854701	
2.55573767277	9.0	8.92541696765	8.25755757666	0.0693983140093	3.53162838609	9.0	9.0	4.26813284605	6.04771637505	9.0	0.413184187849	
1.18886884514	7.68174594815	8.91765877698	0.200522138199	5.72936410613	8.9999931709	0.802111621031	9.0	3.19658544462	4.27910868599	8.99992275909	1.09611503845	
2.5008098824	9.0	9.0	0.0991648310028	-6.0	5.63476453561	9.0	8.99999549143	9.0	9.0	9.0	2.18457707828	
-2.23609453577	4.27203996758	5.33068340665	0.109153538534	5.04891255849	8.37814518274	4.37783335943	9.0	9.0	8.99722833689	9.0	2.17959033606	
-2.14235164415	4.34298424638	9.0	0.498270006405	3.48990928026	6.72589164994	0.97396410437	9.0	2.72694952131	4.28463449355	9.0	0.618803500811	
2.51242384145	9.0	9.0	0.0694135011139	-2.69222713701	9.0	9.0	9.0	9.0	6.51050671234	9.0	4.65655209376	
-2.16181364292	4.32082276566	4.85797074499	0.143364542289	-4.2227950464	3.25814215352	9.0	8.99876383642	2.75238862478	3.70835925506	9.0	1.20303781816	
0.779132863092	7.26037907922	9.0	0.580419763153	-5.0825386434	3.21847263056	6.11317995586	8.99969935263	2.87721649443	4.50324594863	9.0	0.537209011065	
-2.29639922812	4.22366354252	0.730847106306	0.181039103814	5.70359189699	9.0	8.99180210301	8.99849355436	2.96914362748	4.02142069813	9.0	1.12319623533	
-2.2190665624	4.27140910539	6.81211741431	1.58181409463	5.73030152821	8.92653385054	4.210110915	8.99760296878	2.18576026414	3.95715874948	8.99721407285	0.398679783654	
-2.08033413769	4.39973012256	2.64176820202	0.530789558033	-0.987014967437	3.32302842634	8.45598690046	9.0	2.3581586317	3.91862274288	9.0	0.628928621555	
-2.17210020604	4.33195516223	9.0	2.59818020548	-5.85598464518	3.27804011878	9.0	8.99472209823	3.48589143667	5.25635800494	9.0	0.421738274581	
2.50538200371	8.996427913	9.0	0.585202955264	4.8092821448	8.05968369494	1.08787709863	9.0	2.48734510891	4.09554825299	9.0	0.57108993093	
2.49477374133	9.0	9.0	8.43197053383	2.01645279977	5.31600787507	8.99873089114	9.0	6.7524152845	8.52400424051	8.99989868892	0.415428141271	
-2.19018669319	4.30145348584	9.0	2.49834821045	-6.0	3.25028147938	8.99995016951	9.0	7.16174165891	8.93537863746	9.0	0.404652714658	
2.47257916064	8.96648754331	1.77592294819	0.111093737485	5.72522313377	9.0	7.86806101631	8.99804529505	5.69389180765	5.52162034422	9.0	2.35775101855	
-2.23868027799	4.25285434698	9.0	0.7713373721	-4.32382647052	3.22459403582	5.55685639966	8.99784866203	2.20873158992	3.89714884864	9.0	0.463729216977	
-2.2084375199	4.29284028873	9.0	0.139060980832	5.7567820426	9.0	0.64440554357	9.0	3.19449507296	3.95462900489	9.0	1.41083936525	
2.49211174082	8.9869829138	4.99965384844	4.47788601168	5.69965320146	8.96227645175	9.0	9.0	7.22233316939	9.0	9.0	0.405994183436	
-2.20943323188	4.27673116204	9.0	2.72161035743	-0.0220316017812	3.62947265542	3.63628398212	9.0	4.94261867234	6.71882957277	8.99959372983	0.438238859404	
2.39257671274	8.89610408578	9.0	8.39166877038	3.68246338488	7.02061268598	9.0	9.0	2.52715047425	4.30811010755	9.0	0.39297742954	
2.50528975908	9.0	8.93001829002	3.03349849837	0.359352827741	9.0	9.0	8.99977522106	4.06779219093	5.86083849434	9.0	0.384572364565	
-2.1392415369	4.35641591741	3.23118505193	1.04353266064	-1.60501508211	3.31705255042	9.0	8.99977023119	5.80415503519	7.51891774315	9.0	0.476822464857	
2.5007190265	9.0	7.526480579	0.106034056526	-2.07489359558	3.26199029991	4.1777464706	9.0	6.44262770261	6.46571242785	8.99931913891	2.15595243425	
2.50302208416	9.0	7.41368766627	6.90393524198	5.74131769629	9.0	8.99963975333	9.0	2.49194736764	4.2738856608	9.0	0.392589933073	
-2.17863006491	4.31161791579	5.29641132012	0.094454245534	0.43534235668	8.38383109232	9.0	9.0	9.0	4.85881201311	9.0	6.3249551485	
-2.11403904432	4.34191552192	8.11618260055	0.103819373077	-0.323036616922	8.9295602314	7.43637452916	9.0	8.55456593259	3.96924371414	9.0	6.76378088086	
2.44351094452	8.92051923005	8.90903509379	1.16010533244	-0.604862710548	3.37153173184	2.47083307831	9.0	2.68927328623	4.43812861963	8.99623341455	0.438275981701	
2.5178924536	9.0	9.0	7.72990637542	-0.746645219864	3.28711340226	9.0	8.99993699132	2.57908337737	4.36074319868	9.0	0.397223881194	
2.44320808406	8.93648782415	7.88755043191	1.4607008807	-5.90904811328	3.26144529514	9.0	9.0	6.35162844427	8.11197762725	9.0	0.422147581621	
2.50498687252	9.0	2.11006891515	0.170406676719	5.73917051255	9.0	7.58048442162	9.0	8.07552020994	9.0	9.0	1.25894867165	
-2.30235085374	4.21714924388	4.82846179212	1.91880305911	-1.29213170631	3.22635718192	7.88179880245	8.9987832029	7.17926333324	8.95011328445	9.0	0.394137323403	
-2.18311795819	4.31964856821	9.0	0.13365859694	-6.0	3.2750940991	6.68410986887	9.0	4.75547384556	5.16906605885	8.99999782484	1.77408606587	
2.50526114229	9.0	9.0	1.45439938072	-3.06085648807	3.26404406602	5.03732477369	9.0	7.22809496785	8.98874981623	9.0	0.421080596881	
-2.20344406959	4.28560284753	8.49082745758	2.16183644207	-1.84918967233	3.27541806074	5.03519200928	8.99990836319	2.43600603663	4.21091531518	8.99786297241	0.396674220191	
-2.22492044916	4.27137393421	7.35228426405	0.595122849384	1.69477773106	9.0	6.80141314068	9.0	6.66588308723	8.29549709655	9.0	0.543325863434	
-2.06615834184	4.30200615965	9.0	9.0	1.22273184248	4.15339703105	8.99566726673	9.0	7.21025174468	8.99998348655	8.99955481167	0.375675248978	
-2.18380949018	4.31940116897	8.9683908703	0.123170061975	5.68473030276	9.0	0.744825445463	9.0	8.94934616716	8.72551179747	8.99983888172	2.41311972167	
-2.28773730119	4.24498387427	2.02534800821	0.122724242807	-1.31092661514	3.26262670595	8.95674615646	8.9987274779	8.80257196171	9.0	8.99941513656	1.97351276257	
-2.27205686379	4.23126356347	9.0	2.20473459144	-0.134845678206	8.39435116228	7.98455578889	8.99780356618	2.23169599539	4.02644054491	8.99985223828	0.372068398924	
-2.1394809351	4.336492633	4.87568641061	0.136829459349	0.931756519346	4.33896301687	4.92372276233	9.0	8.34281886234	7.07720090416	9.0	3.47872104814	
2.50211097083	8.99994417593	2.36480399116	0.71808575427	-1.13432992802	3.257184962	8.99977125517	9.0	2.08007178794	3.7667749959	8.99581027703	0.475794075633	
2.37126744092	8.84560115635	3.80446369136	1.65040921544	-0.566695198024	3.3627292252	8.00756799051	8.99897560183	2.19100429939	3.96494198427	9.0	0.408374402939	
2.4192248586	8.93505292306	2.66893043082	0.193980469073	-1.18747643735	3.97906065706	8.99972622701	9.0	9.0	8.99470890466	9.0	2.24600088581	
-2.19487292832	4.31592630854	8.95434355571	2.40213266791	-5.97454581125	3.29801590444	9.0	9.0	2.63034762475	4.4086251386	9.0	0.410682693996	
-2.20866159689	4.28519697082	3.16493744004	0.380009530445	-2.28467118627	3.24768756965	9.0	9.0	4.44337937322	5.90198885051	9.0	0.717430093051	
2.50527684876	9.0	9.0	0.0858032197141	-2.45677937746	8.93887907483	8.73739516622	9.0	7.16481392275	6.73894671865	9.0	2.60355301597	
-2.25323957835	4.26092196408	2.1525725355	0.0924487449513	-1.52352052869	3.26182191458	9.0	9.0	9.0	4.24233994969	9.0	6.9286801647	
-2.28742827092	4.21628911778	4.27144223729	0.0341600901175	-2.33799492263	3.19677489399	7.60979142271	9.0	8.99979163289	2.28193197473	8.99993063478	9.0	
2.51650230408	9.0	9.0	0.141061200345	-1.47932127113	3.2360231362	2.10385813783	8.99932469993	2.814849686	3.82612210287	8.99626365424	1.15552832052	
2.50184858821	9.0	9.0	0.164430326631	4.95581702921	8.25274641762	0.726437537518	8.99243530832	3.7765508069	4.63281503881	9.0	1.3315931404	
2.11140773894	8.60843547335	3.78606892027	0.128553169139	5.71203379708	9.0	5.89392011203	9.0	6.20157767505	6.64967923923	9.0	1.7371484548	
-2.10328743726	4.38346636113	7.77995825028	0.729356575284	1.12425240032	5.97236508347	4.06130863847	9.0	3.66570003344	5.33807442489	9.0	0.52173176252	
-2.20846841453	4.28703003448	8.95463099721	0.0833745363039	-2.61712334767	9.0	9.0	8.99988247463	8.01082448042	4.65815040146	9.0	5.52658004776	
2.49687290587	9.0	8.00006157632	0.230369180035	-4.55318403465	3.32791511731	6.3901685208	9.0	4.22288885586	5.34733098648	9.0	1.07135495341	
-2.20762627035	4.28880686831	9.0	0.0783857751725	-2.00728403305	8.99999956492	8.33723831074	9.0	5.40872616367	4.18347291334	9.0	3.39674350853	
2.37532390227	8.87403852231	0.681376546781	0.110564686374	5.69632788979	9.0	9.0	9.0	9.0	5.06113386964	9.0	6.12664549503	
-2.33448036929	4.14516462166	9.0	-0.00851716247003	5.78685199657	9.0	0.473052567827	9.0	9.0	2.24168179087	9.0	9.0	
-2.21066590471	4.28428914346	9.0	2.39683894294	-2.20216267548	7.14517952396	8.99646485994	9.0	2.41859484134	4.20631228377	9.0	0.382109822881	
-2.1975758358	4.30562897938	8.97921266536	0.115241105234	1.39402329958	4.72890014224	0.750883439644	8.99636604339	7.69033682925	5.78411060354	8.99473637937	4.09610570814	
-2.19684378908	4.30624870372	7.2753970982	0.126286430486	-1.47089405115	3.35741620833	3.96028759251	9.0	9.0	4.14947882326	8.99999936382	7.05523197221	
-2.14987954047	4.3426925362	9.0	0.122406201433	-2.12438765783	8.99737209925	8.49662950419	9.0	4.20783408118	4.56952193227	9.0	1.82368102952	
-2.19991504797	4.29786373532	9.0	0.0974459011982	-5.6834525727	5.95728938972	9.0	9.0	9.0	9.0	9.0	2.17950891445	
-2.26513628573	4.2333977174	5.49466572293	3.68151959463	-1.26321766765	3.28964170657	9.0	8.99946491792	7.00306593099	8.78184716612	8.99711198161	0.393150580681	
-2.28369051179	4.2037680673	9.0	0.380308437035	-0.51863694526	5.97252884186	4.12330513943	9.0	3.63849922557	5.09676136809	8.99994779475	0.72741506405	
2.50574284416	9.0	8.99999326014	3.2783319999	-5.20387321331	3.26061741839	9.0	9.0	7.2060007106	8.98605229701	9.0	0.401202134444	
-2.22532562165	4.27801849401	6.21815285492	0.108324498479	-5.54436175532	3.29923401866	9.0	9.0	8.95553942226	4.05577169101	8.9999562722	7.0748796652	
-2.2165221684	4.2798693208	3.1493436271	1.55115546123	5.70264886776	9.0	7.95169087841	9.0	2.07165447992	3.83588855854	9.0	0.400338828431	
2.50458550286	9.0	8.98683260775	2.5509302901	5.72088886917	9.0	3.10263637653	9.0	4.60400210654	6.37984808361	9.0	0.408366051635	
-2.19681436315	4.2972311054	5.54560235004	0.111521304194	-4.91453989566	3.25543330037	8.99379384524	9.0	4.30501971386	4.59435517619	8.99411449072	1.88493226383	
-2.22352118881	4.28109840788	9.0	0.08241765596	-5.68090335893	5.40304500975	8.44022426445	9.0	9.0	6.31581702571	8.99908374669	4.85543317309	
2.14022956781	8.64929484444	9.0	0.239256833172	1.71278900131	9.0	4.85617128416	9.0	9.0	3.68210306399	8.99945243881	7.59888705296	
-2.07699018159	4.42039089556	8.99996240839	0.134517107147	-0.141476145298	3.42456180067	0.969124424771	8.99840012778	5.86757095132	5.65263089548	9.0	2.42567113161	
-2.16191712726	4.32398341892	9.0	2.6509084183	-5.8509123727	3.25184743889	8.99869856214	9.0	3.0280272027	4.80190119053	9.0	0.405947716823	
2.3907917919	8.8838277108	0.965817005788	0.424421941453	5.72940215623	9.0	8.986391376	9.0	4.84093913387	6.33604346055	9.0	0.688146696962	
1.37201765598	7.86656242738	7.21741281806	0.623927263858	5.73641356434	9.0	2.92892029358	9.0	4.066833005	5.68832131091	9.0	0.562223788084	
-2.21079852563	4.28511703465	5.87863306604	0.085507428286	0.459970907018	8.99754632993	9.0	9.0	9.0	8.39955637976	9.0	2.77435147086	
-2.68726426747	3.91714032587	4.31648110761	-0.131343499053	-4.11745168582	3.0876393293	8.99995787363	8.99901238612	8.99769521088	2.38635896689	9.0	8.60986620139	
2.51077365249	9.0	7.10848438328	1.96592691434	5.76973008814	9.0	4.33761871052	9.0	3.29997344843	5.07316715041	9.0	0.409845687837	
-2.20325089124	4.29236857421	9.0	0.0892722433854	-2.36230490381	9.0	8.70788236155	8.99972227691	9.0	8.58051825262	9.0	2.59562616506	
2.50517677932	9.0	9.0	5.29377064695	5.73909581357	9.0	5.81355109639	9.0	7.22207913469	9.0	9.0	0.405705668639	
-1.85952108408	4.56133418813	6.48709484788	0.107053134192	-5.89630720816	3.03637170915	8.96626210972	9.0	9.0	2.39309451591	9.0	8.9105476608	
-2.13626360903	4.34650096676	6.60045751546	0.108083360227	-5.26528332906	3.27773897717	8.29748103874	8.99977453572	9.0	4.19582638906	8.99727157872	6.98437269603	
2.51375713872	8.9999982534	9.0	0.285082564509	-2.45577004554	3.2347512396	3.21525654769	9.0	2.72148740159	4.0715670291	9.0	0.817395502321	
-2.30681929786	4.20076314732	8.99212364981	0.0784910525702	-0.754763534972	3.27519683305	1.35201315181	8.99570598897	4.64622265522	4.25628363253	9.0	2.53815310611	
0.360583890243	6.84552772579	7.2791960532	1.5490165546	-1.84113913955	3.2506939298	5.5993941986	8.99342786224	3.13224640644	4.90293850514	9.0	0.40876188727	
-2.19291635928	4.31472847889	8.9378160704	1.37864919008	-5.00949929727	5.16646051777	8.89469442657	8.9973125607	3.56109002871	5.33211333932	9.0	0.417134751058	
-2.25925567058	4.26398347878	1.22819626219	0.168495265295	0.39151160598	4.13229339184	9.0	9.0	4.3919574062	4.20289229067	9.0	2.4045517014	
