1.59076431995	5.13624076015	6.26737834886	8.83582883637	8.99999976921	8.80283118809	8.26130085311	-1.26217466648	7.17462506357	8.34330923569	6.44555356323	8.99999976676	-5.37802050196	9.0	8.00300645147	-5.99988179946	
1.62683880258	8.99996004328	4.51781653469	3.25860925168	2.75412873292	7.17417564863	3.65441292297	1.01922807908	5.12845981688	-0.577914796478	8.99998861369	6.92486190199	-4.31468989048	6.02670428646	8.98480301065	6.81130157389	
1.59924413667	5.26974477023	6.55606524789	8.99948422647	8.96496545223	6.92271371735	8.8361441573	7.13094641874	6.97920446033	7.6350050781	5.76756562927	2.86256602916	-5.99791565129	-6.0	2.82921706846	-5.90959932236	
1.85605390139	8.33038276151	4.50756303953	4.14800165481	4.5751981102	9.0	2.60253549425	2.4244736675	8.99969922448	2.45517998407	8.99786280516	5.29683336718	-4.91675588156	5.22423056223	6.69586564753	8.77391765264	
1.91812295565	8.8264641687	8.90731223701	8.11226517587	4.36655383058	8.98949016738	8.9396295079	8.98312440012	5.60968651165	6.25429790425	5.63332815184	-5.6873111429	-1.4352380371	-0.691640497018	6.7189653109	-6.0	
3.91206854512	7.26566937953	6.2394884505	8.99980879885	1.59629292712	5.87067856362	3.69571588925	1.34241698071	7.58921347868	1.61148256424	8.27246716449	6.33246136045	8.97579988759	8.34281880722	-5.66503494599	0.443083997179	
1.85278165027	4.99486160143	4.5780018092	7.54984290622	4.76226576564	8.98797713786	5.12448357735	5.04167563059	8.33577137272	2.19519489689	5.93489117616	1.93591471167	8.97931986705	0.656751774492	-3.77970878499	-5.70128495742	
3.24266266473	6.7510216146	4.73625939214	7.34182159679	5.11657946992	8.48515992208	1.60451314321	1.18950372642	7.5131979619	2.59602934019	8.99999975518	4.96694743886	5.96034449619	2.50378300414	-5.93606190943	-5.25816215054	
1.59287811087	8.96550887477	4.52163658901	3.26252123036	4.15499138722	8.57516737357	8.52105288453	5.35069929688	4.94788190433	-1.3537706229	6.45187202577	5.50779741929	-0.644378396086	-6.0	5.15801351126	7.44346766114	
1.60427549741	8.99996269495	6.06432991717	4.78253292825	3.79214285989	8.99727419086	4.31731255128	-5.96406700343	3.79866890635	4.20697319842	7.18124457785	5.85254323605	-4.13711795853	-4.9761183281	4.81392199058	6.09665876809	
1.63704743838	5.30348133666	4.5659125138	7.01339989866	8.93946200699	7.86742182837	2.71715075529	1.18398971017	7.91131492942	7.59284314549	6.87763523394	3.80465828288	-5.43715511357	7.72341213223	-3.80556955779	6.29344691651	
1.5950240532	4.8791663852	4.72165271696	7.55143135134	3.60578206903	7.9359232879	6.0568814066	1.87064801833	7.76355733827	1.6606129652	8.50239840002	8.46478547248	7.5529886351	-5.97263141616	8.17872722955	1.28307280597	
1.59337259097	5.20291897581	4.5683647558	7.07273959564	4.63876568342	8.34969055479	5.46757107107	3.16543249477	7.93691791742	2.77859448015	5.79976796144	3.55265531687	-3.91435545805	1.80603902582	1.65074476513	4.17645189948	
6.87059034535	8.96402846886	4.97805652899	8.99818794314	8.99999976875	8.99999989701	3.51446352176	8.78908641971	8.99106271199	8.97548004562	5.63339461194	-5.61126713489	8.91006765803	-1.14251653979	5.62911710527	-3.70360399784	
1.59417431701	6.90804262798	4.51889580094	5.31948772786	4.3023124353	8.72029653039	7.56143301569	3.46767006478	9.0	2.63370659709	8.9544392484	9.0	-1.73901551557	8.29451660651	-1.65092812093	-2.26984116448	
2.7028830036	5.52625025664	4.71248864418	8.00304262688	4.65509611016	8.99016154024	1.69882957069	1.96377626784	8.23506650486	1.66642252079	6.96880757007	2.94078948351	-5.2684094571	-2.62511632525	8.99867822685	6.43356742269	
1.71480612367	8.89398586482	4.52811610557	3.46306728952	8.99432842742	8.82293907878	2.1995014505	-2.22435393065	5.25702577086	8.99818587842	5.64394977847	0.5008695323	-5.95856375224	-0.708765046281	-5.63205594376	-3.54863793958	
2.01451638984	4.69404292657	5.54066020494	8.97505501691	4.23467833696	8.65503302184	8.211512929	8.42822284928	7.98946588434	1.19169064396	8.98688405865	5.15094448562	2.31330067868	4.7190586055	2.39405521871	-6.0	
2.00350730373	8.99999256201	4.78977372984	3.90717496575	1.80730248564	6.22749880937	8.99999981139	6.64272080704	3.95499554322	-2.83009422595	8.04307327675	6.76860369363	8.98349402296	-3.38541116636	8.91567696308	5.20672917644	
3.42659363553	6.91153729781	4.72034983689	7.34932745661	4.15351085016	7.55954666483	1.60128370028	1.25651616589	7.5717714588	2.59373354603	6.64335443786	2.56347410734	8.96945802133	0.099192363548	8.95045235357	-4.50504044758	
5.65896691024	8.98427998519	4.53361855864	7.3222267936	4.24174146974	8.26127917449	1.5917954827	1.36874626172	8.63270948957	2.88153763558	8.99985905813	4.95789348838	-4.93930903921	6.49207343584	5.2708168179	7.53159414278	
5.64946396937	8.82854682615	5.99319141912	8.92802969949	4.2245403973	8.29364553626	1.5918568052	1.64362032046	7.46226119182	1.51529350153	6.22421176152	2.05366103898	8.99844292032	-6.0	-0.623057521889	-3.30210016622	
1.60656589827	8.43091349735	5.83345512717	5.12117514749	3.11337423873	8.99999976875	8.83603821353	-5.31234580091	8.99723771527	8.29410613632	6.01825874495	8.99121335013	-5.59796463601	-2.96407400689	6.80593388761	-0.622193246185	
6.37828690167	8.39435102866	4.90287322221	8.9999959567	8.99853762334	8.99993924519	3.84480917337	8.62995341117	8.99999976875	8.6739690321	5.6331022837	-4.82350622378	7.01237945286	9.0	6.61140327396	3.8961764099	
7.04336578921	8.9989778407	4.81584918768	8.97415866133	7.97119652914	8.98402964596	1.59084631075	3.30579355062	8.9688555865	4.85468930948	5.77066591457	1.16040183606	7.95343627634	-3.4437604088	-4.96835252631	-5.9997203219	
1.59701524257	5.26809170424	4.67643913165	7.11928387956	3.90757886873	6.61517887328	3.83750999482	1.42353337395	7.60205589375	3.50858701395	6.10715745942	3.91035320608	-5.28296483734	5.90964112566	8.71101054729	9.0	
1.59618657401	5.19518112591	4.74079757333	7.25572417036	3.49871761	7.27861015377	6.11480376949	1.2599050543	7.4358319477	2.19798870946	8.67938477674	8.99558460964	5.3245484901	-2.01152828239	-5.99886194263	-3.84415790363	
5.56657589442	8.88875420133	4.98906551415	7.78080811202	1.59081807413	5.89328224273	6.40878074827	2.01946059171	8.01877588398	1.98154497761	5.74430000859	5.87173721789	0.230847641153	6.15423419403	-5.81978559412	-0.808610703736	
1.61075142968	5.28294446969	4.72412703627	7.16585519712	8.99853915248	6.51016920322	3.11447639384	1.31151999535	7.51926257005	8.62288001526	6.27297010547	3.46402922657	-2.72887236661	9.0	8.63392639621	-1.47181529345	
2.86806445946	9.0	9.0	8.98186808864	9.0	8.99975098133	7.74743142283	9.0	4.796987465	9.0	5.63408219586	-5.81732228933	8.71983225437	-6.0	2.45336748575	9.0	
1.59112359005	5.26973768035	6.52230967015	8.95761698241	8.25332249141	7.66032850381	8.9999994092	5.91651342738	6.95512619644	6.16978326807	5.76757353464	4.23274610227	-5.95323079984	-5.53760265555	-0.0698591758606	6.36682801855	
3.86457947843	7.28127286473	6.30275391169	8.99998933793	8.99999987918	8.99796887536	1.59501536289	1.51440425999	7.21642678262	5.57825072466	6.01091217561	1.73514235573	7.70590862153	-4.86244558484	-5.99930779639	4.86906908922	
5.64251851005	8.77156838339	4.75652788573	7.7413992068	1.5908667329	6.00112927224	5.42900592328	1.56525662524	8.71260464041	2.37444645033	8.64971476094	8.44470974122	7.34346221837	6.96151745534	-5.30914439844	8.87276289842	
1.95011963936	5.2167512207	6.13489532426	8.98218521744	4.96748157711	8.5832569588	6.1680232033	6.2774130572	7.3701863267	1.96409770906	5.78846002428	1.47273361464	-5.19506693209	5.44792155111	-4.14390974425	2.95532583268	
1.60370245318	8.90440915907	9.0	7.81317029786	4.67002827769	9.0	5.29235054246	-6.0	6.64254108304	7.97374202988	7.40407912139	7.0417025692	-5.01888650913	9.0	8.91552168774	2.71236440767	
1.68926561877	8.60185593895	4.50394443057	3.70334913371	4.57961752579	8.99992168954	3.62806471049	3.01936280491	7.60631325794	1.16224756353	7.47024137902	4.10804711278	-5.13545839425	0.507087785926	7.03691276566	-5.51088296987	
1.62611121289	5.24208994033	4.78586005378	7.28380246314	2.73306232327	6.39994417768	5.01719606189	2.81038661461	7.5045792751	2.3967311281	5.78939030174	3.44051629765	-4.98701056102	1.87394921023	5.21106105411	6.25855038091	
1.5885695304	7.06814946933	5.47568610895	6.1007008315	8.99999980918	8.99961793385	8.32673716516	-3.74175531836	5.38285315755	8.83700068392	6.37871250199	8.99999948435	7.62929141543	-2.64809864678	-3.62880345923	1.09637363261	
1.64378782997	5.24245249248	5.0784975159	7.59375389603	3.57825564546	6.98157215815	5.57327448986	4.64554595249	7.18839926825	2.3268024239	5.7780570305	2.16741626985	0.235550901801	7.46147159574	-5.90734718412	-5.92573201918	
1.59083511644	5.26568472999	4.6782321017	7.11730368921	6.4394711825	8.96751270089	5.56012857018	1.15504376236	7.44912813408	3.53898973615	8.67290360225	8.46343536224	-5.98433985062	2.38797635715	0.431022338781	2.39129081221	
1.61126289264	5.24431135271	4.75146593093	7.23233862697	2.92928532859	6.48456438643	5.41105134249	1.35598218194	7.51226719657	2.53309115566	6.30788415446	5.79020056008	-4.29809473094	7.5174163241	1.31982746819	1.73572067107	
1.62364145998	8.90434006616	8.7569332009	7.59015994546	4.5798100494	8.99999988347	3.74139126956	2.44838457975	3.34523809952	-3.00089993069	8.98313982233	6.20547078893	5.30514024507	8.94622466777	2.44657629256	8.85992524208	
2.58944077248	6.13591097339	4.70672652432	7.27417760691	8.43941184634	6.66276925281	1.65429749656	1.20668418833	7.63108945766	7.89725647658	6.67213058002	2.63356948781	8.99246931906	4.57858776557	-5.15776066943	8.44074026419	
2.3638772564	5.4769020427	5.99732506978	8.99822170486	1.69124171634	6.06959806235	8.09430588174	7.44639778943	7.69895926846	1.37668257283	5.71176647082	2.30694502449	-3.67988368796	9.0	3.54110307168	8.01221236002	
2.29979035397	8.99999988492	7.16660829586	6.57401281399	8.99999997064	8.99999978564	8.31633359312	8.9679178991	4.11717222921	8.99999997108	5.54410825212	-5.99999974692	-5.19547423128	8.99809897727	-5.83770717075	9.0	
3.4713271426	6.8046527081	4.99298135866	7.77357668683	1.59845948165	5.87001477231	4.03392505655	2.81208655524	8.06304561374	2.06787091294	5.65269135229	2.60149950792	8.99172240246	-2.87565069856	-3.62180627232	-5.8433433228	
1.61857806713	8.83660183273	4.50368040152	3.39946225499	7.66492150491	8.93742058563	9.0	7.94670149048	8.27965730835	9.0	9.0	2.06417032482	7.9657998372	4.4238717406	-1.17503225539	5.45026334869	
1.61726697613	5.269757592	4.56907179196	7.0305024436	7.26878776342	7.06672222318	5.87495920524	4.67336853144	8.01260637698	6.81021765538	5.76771534157	2.37711036798	4.38638691073	2.56901492763	6.58497969981	-0.0406198915677	
3.95753048671	7.31434728392	5.0841290156	7.84123348079	2.00691255191	6.05286060801	1.80529378225	1.45662971007	7.66272453716	1.91664738115	6.25640055757	2.30854378193	-2.95798343226	-5.21083678941	8.62472588559	-1.14279926467	
1.64812043033	5.26424164876	4.60684201439	7.10464207407	3.21341144308	6.32533906164	8.36564755432	7.42245041917	8.68845803086	4.13570657985	5.7695888338	2.15695981983	-0.0746827767486	8.93098271094	7.60716962904	7.10415009756	
2.35107538173	5.70206106062	4.72024584485	7.48318138802	2.50911054282	6.57690667666	1.79117028924	1.42821701108	7.82355061839	2.04979439356	6.72886986814	2.80113331116	-4.83007963067	-2.26780276221	5.77714325901	1.00288170196	
1.66271045385	8.99954416133	5.00861177945	3.78563527553	2.48318481024	6.90337109584	8.67266051946	6.78235982966	3.4556784858	-2.78809032107	6.06270212256	3.77993526147	-2.16130231392	-5.24288785681	-1.02790057855	7.92984008115	
1.68254298441	5.28225956521	4.73088204814	7.24508667487	5.06508464062	8.48701354365	2.59188382789	1.6398807105	7.4299410169	2.55078357032	5.97325991119	2.38584184722	-2.26938480256	-5.57576743968	-5.99839944089	6.04832893421	
4.08201014489	7.52055526078	6.2072657795	8.88264183806	1.59216982152	5.77478556742	8.52239545332	1.3823988775	7.63437397868	1.83335793432	6.23178072233	8.99352772805	5.30756697995	2.46003063922	-3.21547793829	-0.511892945259	
1.59079899681	5.26976697728	6.0453805398	8.48033369864	8.92805233643	6.11392098931	5.85496842115	1.14921214898	7.11088381844	8.54703765897	8.9116046625	8.99868865452	-4.4942172123	8.98928606157	5.2132180199	-4.31300720559	
6.76029326234	8.85135649269	4.76614353527	8.78900150182	2.11722838494	6.56760924291	1.74417391197	2.60300605213	8.9999402989	1.58367592837	8.9952492675	5.10565054374	0.413907222694	-3.07004714386	-0.0377440837033	4.18281300872	
1.60072031305	8.96951809731	8.99751835096	7.74264520187	4.57968899013	8.99988026033	8.8723225042	4.77050332828	3.25712910773	-3.12636376094	8.93104269049	8.99951270165	-3.33102513675	-6.0	-1.98142881231	7.24931169213	
3.9095293128	7.45508254552	4.52150297168	7.0898710382	6.87585347055	7.5861821289	1.5936102678	1.14923817456	8.99934746684	6.77762501361	8.99846416301	4.95757982458	5.47888324626	3.2145305592	-0.554560792533	-5.90888900677	
4.13808058919	7.63914489019	4.52393748102	7.13679447874	4.10617250527	7.51778976645	1.59382259533	1.19348608691	8.92398902183	3.95648912035	8.95581201768	4.91538140178	7.94881405308	8.99475535849	8.39133460774	-0.312669766176	
1.59090246765	5.26981573003	4.88435767041	7.31936580596	5.11462985594	5.81575976377	6.57396386259	1.19100785281	8.98199115585	6.90282852965	6.80222602375	7.56656467885	2.28058860292	8.12898351664	-1.20812395501	-5.24460764543	
1.94469772344	8.98181107633	4.52114740527	3.59795495831	3.78134113162	8.20153273791	4.20074391553	4.29363985193	5.26950414708	-1.45635532797	8.999998559	5.216190138	8.18625051637	5.05807261553	1.44128531104	3.30408180867	
2.52552649631	8.98811465465	6.09710030253	5.74843086087	1.8728169159	6.29301263467	3.21869404935	3.67888547075	4.17476424549	-3.10406732538	8.57501478218	4.97682315889	7.62543058517	-3.33053049351	-5.55257666789	3.95931518417	
2.61743282692	5.26963249745	4.55511571373	8.01683703815	8.03235895392	8.99419691019	7.32610263707	8.30987613044	8.99990307059	5.63331954968	5.76762383798	1.19194616947	0.323056135598	-5.49815440972	-2.44938946722	-4.42335011696	
1.59076523012	5.26973894183	4.51671332457	6.95166091328	8.9999990568	8.29359407727	8.94982027791	1.89924039062	8.99629578182	8.32472945252	5.85254901243	8.28445038572	8.17466002305	-5.71379125075	-2.22117583459	3.16436717941	
5.98287354792	8.91576510036	5.65022852617	8.83125806955	1.59078583875	6.04421596929	8.12668278267	7.31122091169	7.92034219259	1.34285863061	5.63358452217	2.57644990474	-5.9999174488	-5.31433424088	-5.99431819029	-4.45503724119	
1.59120237342	5.23353265436	6.52840915934	8.99999845854	4.61859180827	8.08068324084	5.92552434955	1.19981992289	6.98913565082	2.11242834351	8.81900838441	8.96268070591	8.5658694568	8.55049554992	2.11753702266	7.56798376673	
3.14958742551	6.66439123798	4.72606080861	7.32517839165	8.28710669598	6.55250448213	1.60863187778	1.27081516493	7.65582274639	7.84828309689	6.37884433837	2.26215286253	2.68102545942	-6.0	0.57930468708	-4.08903149768	
1.79327389678	5.24386678738	4.55355373954	7.21688214003	3.27925048008	6.72063643772	8.397265702	8.14654935986	8.85853793045	3.81079970226	5.77733004114	1.63774876274	8.95966036894	8.52006787957	8.20950114404	4.75295615761	
1.59524350656	5.23823107908	6.35559273398	8.82652636323	3.58456615039	7.03900677232	5.6902166602	1.20185420162	7.00438717262	2.13598861123	7.72207613861	7.62774669851	-5.53102884338	7.62007816175	7.04582415647	-5.67919769857	
1.72645592133	8.18828083649	4.72168737682	4.37191270167	3.95415168867	4.5180007343	2.17488179676	-0.107813987809	8.99972184372	8.39810005899	6.06417953	2.4004513048	-4.15297655769	8.99998874327	5.28959394095	9.0	
1.88374562258	9.0	4.62319243761	3.62101804287	8.88923251533	4.83789768465	8.92406259748	8.90441170311	4.31267770098	8.49233337056	5.63478865369	-0.470739376722	4.83713862436	4.41457798893	2.35554453555	9.0	
1.76639678032	5.29002479028	4.75757917407	7.34787240349	2.07727921449	6.09971054674	6.77713078939	4.76017244675	7.96462067234	2.40887200401	5.76062666667	3.31425247047	1.15923293866	9.0	8.74084949251	1.05939494317	
4.87843584693	8.42340114927	6.43084436781	8.99979905806	1.59099072356	8.9993576708	8.95212921489	-1.99312760025	8.99969196278	3.49913244602	5.95915600165	8.99995033691	0.292874711379	9.0	-4.1441280023	0.802465777378	
1.59335392396	8.99970606821	4.51199788133	3.2195671966	4.57960060801	8.99979187465	6.27748890289	3.96997792178	8.08939788085	1.71617884471	8.06873836278	6.33262736172	-1.71895354189	-5.991431027	-5.24947022211	-6.0	
7.01629582998	8.99997253985	4.86973052297	8.99997472215	1.59076888496	6.0109685837	8.86189426202	8.99997740521	8.89312128586	-2.88507804247	7.05198157196	8.27524638068	1.47991890651	6.59023843045	8.09062769813	-6.0	
1.59077135839	5.26974933363	6.56442916616	8.99937110621	6.62780388937	5.5947893037	7.45206408653	1.16103380572	8.25791610826	7.91296061822	7.32732776215	8.99967964145	7.790649454	9.0	6.95872038588	8.71212113568	
1.6189931039	8.99979356571	4.7008109265	3.43392006969	2.84984172985	7.27002327811	8.96730505481	4.63226057052	3.69781706503	-2.45386575253	5.99204246519	6.06194895912	-5.70156411332	-2.35754479942	-4.46254423619	7.71571247226	
5.56983041003	8.50035039991	5.6956502567	8.87905135336	1.59081102729	6.05953169682	8.6131272658	1.91271937348	7.90913073933	1.31398493191	6.16981644148	8.99999964316	-5.98743884603	3.11791273338	-5.74323415959	6.82459661011	
1.59098442481	9.0	9.0	7.70523362495	3.75951377598	8.18182229637	7.56481773069	5.20755719422	8.97134644578	2.5908317436	8.99519039581	7.31357940086	-1.75018350053	8.82650472014	-5.61145924182	8.90624686397	
1.66549713925	8.99983293672	4.52979853873	3.29632802417	2.52659069608	6.94605510787	2.73050127473	1.03548254224	3.87602880822	-1.3366574778	5.75573581461	2.25797852187	-5.17980574003	9.0	-1.63246072816	9.0	
1.59128352329	7.79442863401	9.0	8.91226998139	4.57749894762	9.0	8.96327636706	4.92516149825	4.41813670283	-1.96525019977	9.0	9.0	8.99931985891	2.25289625695	8.91343451401	8.98534837194	
5.4528149681	8.99692424058	6.40917328026	8.97898556153	8.28105267287	8.81313850576	1.59082628609	-1.06138248114	7.88212270835	8.99989595428	5.68504247078	0.69071812746	-5.69152585785	8.62886674321	2.14626711006	-4.57850558482	
3.06326451606	8.99813442615	7.51608256913	7.69513384128	1.60665790669	6.02685725066	8.51474310171	7.14864041194	4.69148137681	-3.12608228897	6.82400790318	5.59082614478	-4.03772002472	-2.85969379556	-5.99265660736	-5.99961505591	
5.94643117707	8.98485583053	5.92446855536	8.9999651929	4.30761820903	8.56539467836	1.59164098044	1.65666056961	7.60507736125	1.32877920574	8.18833809252	4.14519018981	1.74929154693	3.08300904268	1.2962754984	6.1040801114	
1.66920500958	5.32652539633	4.64291261237	7.09951347939	7.96875376943	6.41252666951	2.50240500596	1.21105779384	7.90079514812	8.05739683011	6.6425828018	3.33690551688	8.88046064767	-2.1950372003	-3.46571844983	2.66872109317	
1.82657218777	8.57870377232	8.71286731655	8.07400308639	2.04541505694	8.99382106633	2.79497131321	-5.49932570299	8.75384303115	6.92728501704	8.80558438577	5.96714771182	7.98413895827	-5.87275200521	2.67771617822	8.60599866712	
1.80372178232	8.99987764513	4.62907194488	3.54593779299	2.02029135591	6.44052020917	6.065463359	4.41599866746	4.04312268041	-2.33034783562	6.04338686068	3.64968403413	8.99434931499	-4.56751774638	-1.6761181091	-6.0	
1.59078228508	5.26947864853	6.56488113023	8.99969452433	6.05196894481	7.42419331295	8.35126995519	1.73900146008	6.95723537973	4.2067654068	5.89677960608	7.89066489884	-5.8803462489	7.51005049968	-5.48443365166	-5.98523284398	
3.68304417272	8.99819559573	5.03413173813	5.83290152128	1.84800656684	6.26820355561	7.03801387729	8.77249546886	5.46598648103	-3.00015812784	8.99472134445	5.30953995878	-5.97441727554	-5.3606005268	5.42373014865	3.07762409137	
2.03243085847	5.592216563	4.73810534328	7.29224080479	4.01148112069	7.41810526141	1.84711228963	1.1936728858	7.47316211017	2.56937728037	8.35897698174	4.51292719713	1.02195441307	9.0	-2.48487991238	3.99517614189	
1.59085469656	5.2674422859	4.54982177924	6.98715547513	5.27728947839	7.57052145497	8.55938740354	1.28681338892	8.08330388652	4.40971445579	6.34247508219	8.99875681902	5.95149958982	-5.67906079883	-5.78357097493	7.23120863747	
3.50406577781	5.28820087261	4.73289980288	8.94755915368	7.87719895476	6.1846769577	6.04713953939	7.93741702408	8.32809613381	7.54906057435	5.69911743492	1.0433553868	-2.0933386396	9.0	6.48148939259	9.0	
5.3029473022	8.65922895633	5.18509958455	7.94273878843	1.59421975363	5.86621381227	3.70271417308	1.33784963846	7.81729563289	1.84463698765	8.90288103976	6.97176042446	8.94059061942	-2.69123849107	-4.82127141136	2.81831685608	
5.38067162582	8.9256276098	5.39018615609	7.9591513709	2.01305412978	8.91440933883	1.79722298453	-2.06696952781	7.99195253273	2.79613553618	8.04994597927	4.21194494378	0.194271625928	5.58558179253	4.81736304138	9.0	
1.60646341977	5.21972732324	4.55426402139	7.056448085	8.98709081237	8.81004380237	2.88441613571	0.929717423554	7.89722575707	6.73669539182	7.0851403538	4.3015721527	-2.75050066977	-4.98133911035	-2.25251575379	-6.0	
1.59401558727	5.26200724747	4.6777978942	7.12372737953	3.72271580134	6.67399026692	5.85053681304	1.16316130989	7.579819986	3.23959303403	8.76106627332	8.84073748187	8.90098775457	4.01368461127	0.427474115168	8.99938940349	
1.5911967312	4.98583692464	5.08263673445	7.8019173493	4.59465386634	8.83035496486	8.99945237569	2.80608352069	7.36753558991	1.46952932214	5.97236329675	7.83138821827	8.99832030195	-5.40713974172	-0.483103811114	-0.437322902898	
2.76020841594	8.99999752872	8.99996292571	8.87409336204	1.62202267017	6.04222294893	8.26395380998	5.60054310157	4.38614841186	-3.03488787885	6.24504749186	5.91264597751	4.42119635014	-5.95651648856	8.9837160591	-5.02996524779	
2.32378497305	8.99978067898	4.91892064837	4.35680837119	1.83924631438	6.25923504466	8.8707282309	8.99829989099	4.16590220842	-1.98650842822	5.6846828379	1.29279020396	7.21728862021	8.90392931793	-4.86428438495	8.28623943922	
6.82891155007	8.94757571564	4.10912301305	6.67241146263	8.99999999765	7.89294622275	1.59042199021	2.85576974796	7.97945207581	7.85329805147	5.76932689285	1.1742651528	8.06017542426	-1.94386272987	0.91562563711	-6.0	
