1.79711840268	5.27590671941	4.52806426175	7.16319726445	6.73902946611	7.2205502166	3.43914622749	3.2066307649	8.99999957223	6.94031605816	5.77139697546	1.58542480205	5.34613181348	7.06737821252	7.27738318161	8.99862958066	
1.59080095245	5.26732027085	4.51968796574	6.95708994538	5.67670537568	7.98207624778	8.24927364142	1.47547045374	8.81268227899	5.12688528872	6.04836810717	8.20594764911	7.27854374376	8.99979014281	-5.99900825222	-4.27776185317	
1.75941951358	8.09069511546	4.79391262209	4.56616114434	2.08063018264	4.80397863749	8.03798027968	-0.191916777181	4.87761367363	2.04233753629	6.56829226618	8.91558605647	3.37007291893	5.09131931798	-0.506766206747	1.2144801923	
2.29478012057	5.86513116865	4.51819288776	7.06176314909	7.57855377068	8.98065505512	1.7178461866	1.17005051832	8.91601902265	6.02732283644	7.09912481529	3.13686537722	-3.67544664078	-1.95420024173	3.66181173196	5.38305813101	
3.40351468718	6.93565342441	4.71714069294	7.29892323802	4.98093953648	6.36373464915	1.60041510467	1.20393163832	7.75918305568	4.85158084224	6.6945062895	2.61914687067	-0.472228917311	1.24901748174	-0.640238604718	1.08100779433	
3.00900557475	6.54586785304	4.52700347373	7.10406255975	6.85556725378	7.23253940593	1.61439323145	1.20213428693	8.99999973523	7.10294404292	6.70582839925	2.64152083921	3.23436267542	4.95560907447	-1.26916101016	0.452085388891	
1.59240666507	5.26842768215	4.51905617414	6.95695645716	5.65360371576	7.94942147894	4.20716934179	1.31175780576	8.87184170424	5.19509939499	6.28056144474	4.5602476592	7.27857937321	8.99982577226	3.74917839867	5.47042479772	
3.94006624556	7.24633158854	5.00658006802	7.81423562441	1.59274248123	5.90730057408	5.75810341773	1.39667393997	7.97532374037	1.91008555101	7.38054458801	7.49600439581	0.291746505102	2.01299290415	3.74811491965	5.4693613187	
2.80930462693	6.36346546581	4.69421556753	7.25397593604	8.97047801585	6.53081683519	1.62725558161	1.14964090196	7.70346557453	8.64034119031	8.53545224734	4.51920255792	7.27817572185	8.9994221209	7.27872102342	8.99996742247	
2.78006957942	7.68637009582	7.77784062539	8.98009997704	2.90764266181	8.99886823995	1.80598681419	2.44034383365	8.99999976875	6.20411380018	5.62687869847	-4.29642860628	-3.07447163575	-1.3532252367	-0.794419555955	0.926826843093	
6.04482947944	8.1301432314	4.97350179911	8.99999976875	1.93800580835	8.9999996975	3.82667638759	8.02019204544	8.99999413235	1.91546394137	5.63204973071	-4.53411050176	-5.99926699794	-4.27802059889	-5.98020578271	-4.25895938366	
2.32586155305	5.89161198082	5.02797800479	7.57614863335	8.06326543369	8.5087421265	1.70928671639	1.18314474807	7.21877004611	5.28209795177	6.88834545122	2.90903308375	-5.92564792822	-4.20440152917	3.03494999481	4.75619639386	
2.8993264667	8.99999968656	8.98603863617	8.99928655925	1.61973305697	6.03993188947	7.72017336897	7.18167549112	4.52526197985	-3.14957551005	7.385559885	5.18204694923	-5.99999978523	-4.27875338618	5.91684757492	7.63809397397	
1.59400378397	5.26974206572	4.70371968069	7.14190257881	8.58566032332	6.59394622937	8.33691369074	6.211017505	7.5310490624	8.1415565587	5.76758661223	3.27803948941	0.0159400526849	1.73718645173	0.579959208288	2.30120560734	
3.5969904581	6.68244072198	4.99215496384	8.02062587718	1.78030359016	6.05686552429	2.06519958039	1.99566327804	8.00412023274	1.75606307405	5.87029692823	1.91467860664	-2.48452052392	-0.763274124871	0.895922972599	2.61716937165	
1.71384908429	5.23327262839	4.89391283804	7.48841038377	3.73323790156	7.24983794839	3.89531038124	3.3887695893	7.35511902832	2.30099746936	5.78530313091	1.83271574659	1.40592059909	3.12716699813	-4.14677959561	-2.42553319657	
2.65867490816	6.19954700734	4.7290933015	7.30214248804	8.44616344871	6.43397047246	1.64507152834	1.21837379062	7.6751959073	8.17131520798	6.59781985209	2.54394128624	0.493222262368	2.21446866142	6.90846973582	8.62971613487	
6.89978294653	8.99999143041	4.9801574647	8.99386990539	1.59077646903	6.01097597858	8.34411331188	8.98011105303	8.70635418789	-2.96871729522	7.6295404612	8.25174946492	-5.99999985433	-4.27875345523	7.27875359789	8.99999999694	
1.59219840938	5.21870292457	4.53829431371	7.0257110747	4.08491231858	7.6950793332	5.79598792626	1.2376674297	8.28941108505	3.24880285603	7.22237058941	7.21448238147	-5.99999966336	-4.27875326432	3.25924630741	4.98049270646	
2.6786221991	6.19751059663	4.73454867338	7.3295814492	3.93341577196	7.28948505032	1.6438968973	1.19301928155	7.52502209495	2.63089522088	7.66197440779	3.65425972792	2.76043295883	4.48167935788	-1.73914510302	-0.0178987039692	
2.01039002519	8.93884189297	8.90119079321	8.08666265038	1.92005982937	6.34023479001	2.57821776952	1.60243979706	3.69749415667	-2.54283752751	7.95380383733	4.75309177534	3.14029956912	4.86154596816	0.0405342978311	1.76178069688	
1.59696126941	5.14216332256	6.2985077237	8.86722837984	8.98859245142	8.99802879376	3.44002865162	-1.65513219686	7.20789510571	8.49233972057	7.93334449115	5.73738337974	4.73230652748	6.45355292652	1.11480184962	2.83604824867	
1.8385800475	5.29330560503	4.5309576903	7.19007708421	6.3314933761	8.70203391315	2.78818354762	2.61261898381	8.54360984472	4.57114092322	5.78229585685	1.56323191126	-0.777828123614	0.943418275433	1.96274955521	3.68399595426	
6.00931451735	8.90277443048	4.5593971671	7.77985854755	4.55995237949	8.8705160361	1.59127474759	1.80061372057	8.71999974696	2.24594912452	8.97845328813	4.93595118057	-2.32287387751	-0.601627478461	4.43085132398	6.15209772302	
1.76204760654	5.37092809944	4.5881829388	7.09322373062	3.62591874071	6.63675090895	2.24579844124	1.39660859148	8.13989858579	3.68100150363	6.15394939753	2.4545542888	0.990572158773	2.71181855782	1.1544590193	2.87570541834	
1.59284372655	5.2683465928	4.71891284103	7.15733118717	3.91196355368	6.36729411911	8.47143150283	1.30700835384	7.60815347291	3.77138047945	6.29277792467	8.84199372013	6.27949457669	8.00074097573	1.30637629396	3.02762269301	
3.85176526038	7.2065332473	5.01651036373	7.77566326079	1.59346096676	5.86836920464	4.74400825707	1.35159337818	8.0035705876	2.02648459303	7.23002590162	6.32796878031	0.446981855591	2.16822825464	-0.509027541912	1.21221885713	
1.59082652334	5.26561680867	6.0621845652	8.50131409098	5.4605290693	7.9968632208	7.33533878237	1.2075880977	6.96520399101	3.04671427158	6.70885205167	8.22211009152	-1.87939284998	-0.158146450933	-5.99493886445	-4.2736924654	
1.98499710954	5.57646912444	4.70188065163	7.2243298798	6.35950895735	7.28184195942	1.88608722449	1.23426187382	7.50964179672	5.12183519595	6.51674253968	2.63739158091	-3.25933043627	-1.53808403722	1.78192585114	3.50317225019	
5.06729545025	8.33174726342	4.90946496343	7.7589340791	1.59107101695	5.93389072306	5.02306146455	1.7314126647	8.13621143533	2.00089834483	5.93380568195	5.02129816535	-3.28916478415	-1.5679183851	-5.38604515546	-3.66479875642	
4.39328938951	7.91545341338	4.5202531325	7.11201043215	5.99981706825	8.95191518663	1.59174020206	1.19270358317	8.83826642749	4.35138642145	6.964807603	2.90197609117	-5.82605717499	-4.10481077595	0.757401369904	2.47864776895	
2.12756131489	8.99833830664	5.16645616981	4.40960022527	2.92144704446	7.34163887562	4.22081658837	4.5739116881	3.86392122559	-3.0394862979	7.50447295129	3.63794856288	-3.12104107714	-1.3997946781	7.09182154998	8.81306794903	
2.30039540242	5.26949839602	4.53759595793	7.68241424412	7.36515587989	8.69765539591	5.99272645454	6.60804937799	8.90470714385	5.48436567197	5.76767801521	1.2435470852	1.13356588942	2.85481228847	-5.99999967806	-4.27875327924	
1.62285567654	5.27073592569	4.51694200685	6.98298305694	8.95554480491	8.30765922486	4.23028576981	3.10080826949	8.99999994259	8.23882090476	5.77246306833	2.31435533682	-3.92216435618	-2.20091795713	-5.99183829123	-4.27059189218	
3.75883315401	7.26011313041	6.38152498727	8.99416612205	1.59379592866	5.67390187115	5.38070997172	1.19439825654	7.82111640484	2.18534169427	8.46057352328	8.20590420326	-1.65733125364	0.0639151454041	-5.99944449484	-4.27819809579	
1.77261232569	8.99477493286	4.51343431254	3.40519233665	2.95309362304	7.37328535204	7.95011248167	7.60710587613	5.88347983765	-0.67220572989	8.949345324	5.43126904798	1.04719638604	2.76844278509	-0.627676177489	1.09357022156	
2.28458582786	5.00176539959	4.54888808654	7.94562964918	4.77187844287	8.99857944295	3.3343363302	3.91964300238	8.99984605415	2.43337946226	5.93767610962	1.69548542365	1.95098683122	3.67223323026	0.8218943731	2.54314077215	
2.99076683656	6.46918646107	4.75031331568	7.38581495036	2.95851431572	6.51949153269	1.63634785248	1.2654490743	7.65576024219	2.51625683047	6.66972575335	2.6225007675	-0.539917353264	1.18132904578	-2.78398898413	-1.06274258508	
1.64257360104	5.26985741603	4.58371679192	7.07035426395	4.02182712227	6.41586594434	4.04966717282	3.12377917346	8.99999994484	5.17629996333	5.77275487023	2.13165411694	-2.15136623229	-0.430119833238	-0.823339859236	0.897906539811	
5.66665463936	8.87302900399	4.85514311836	7.76268993308	1.59080503103	5.94678499818	8.84081281153	7.78287626097	8.3148857428	2.10833499527	5.63358594468	2.54544344521	-5.99999971839	-4.27875331934	-5.99135383172	-4.27010743267	
3.95387386045	7.28093843972	5.65946123224	8.44631765157	1.59272192365	5.88152439256	5.99786960936	4.4429071457	7.65353490791	1.6348519251	5.63504789185	2.92324104145	7.26812697399	8.98937337304	-2.62944706024	-0.908200661191	
1.67080697125	5.2318202362	6.41629985886	8.96920764743	4.95795874621	8.4363807514	8.9583748873	8.26342562393	7.07094474138	2.09659113031	5.78215040153	1.97638150711	0.721225040551	2.4424714396	7.27845414308	8.99970054213	
1.64701950777	5.28746266908	4.72749123613	7.20096925853	3.30841752645	6.61107580259	2.71783821043	1.2165901016	7.50776336637	2.78860235183	6.86783158067	3.78893258112	-5.99999978755	-4.27875338851	-5.99721647891	-4.27597007986	
1.62185378282	5.23957045308	4.74894776005	7.24515224368	2.80440272654	6.45277042795	5.61700777951	3.54249651694	7.54604460615	2.45844859769	5.78110712439	3.29819692958	2.71024450729	4.43149090634	4.06132732681	5.78257372586	
3.94166155616	7.47171853281	5.53402179903	8.11788585336	1.59600532201	8.79122152532	3.72291951244	2.2657743944	8.96828718635	3.41856992823	5.63358270358	-0.551492311816	7.13691955476	8.85816595381	-3.82522961881	-2.10398321977	
3.1225247102	5.24469682795	4.69373844111	8.68548753244	5.09739966228	8.40231350486	6.57491580569	8.09357493691	8.97163770133	2.73195090124	5.77700672393	1.19647062988	4.63610546244	6.35735186149	7.27782911432	8.99907551336	
1.59454725302	5.27224765479	4.6352424114	7.07146331873	5.66679105085	6.19496259686	3.83006168462	1.28446319514	8.92772453544	7.02030765445	6.33936506526	4.26755896839	2.64800874356	4.36925514261	3.00578825122	4.72703465027	
2.29701724764	5.84200112502	4.86835900819	7.43729694789	4.00167260934	8.97737826447	1.68800699169	-1.88384729576	8.0692739362	4.6500187774	6.73669775287	2.75544623372	0.397742913641	2.11898931269	1.4204105829	3.14165698195	
3.69312410931	6.97996801904	4.9901496701	7.81722669561	1.59482634416	5.86767728913	6.36002565262	5.6052893899	8.12214924777	2.07919713783	5.63583763226	2.16402521479	-5.99999979116	-4.27875339211	-2.98591848444	-1.26467208539	
4.78374782459	8.3286726225	6.39639601878	8.96539290205	3.42124744547	5.58006808527	1.59761431096	1.14921304893	8.99509123524	5.32424786572	8.99999990931	4.96377349446	-2.29176437203	-0.570517972985	-2.60778610241	-0.886539703368	
1.70526392528	5.26972059067	4.6468473941	7.19631202154	5.43225652933	6.2579884957	8.99999976781	8.47925851186	8.26692376507	5.94869727586	5.76757212839	1.78415756241	6.8631044446	8.58435084365	7.27875264791	8.99999904696	
1.68298872568	5.25020659459	5.5758727219	8.12257591148	2.79073389057	6.36325162176	6.24409151365	5.44418687506	7.18184881376	2.11960386982	5.77489622358	2.06787840136	7.27521190927	8.99645830831	-5.95904779145	-4.2378013924	
1.85120745096	8.79502884872	8.87993902165	8.04424387199	8.95728631188	8.99999977404	8.99999976793	8.90636529843	3.9951707964	8.99910080272	5.63331020851	-5.31435085774	7.27875310437	8.99999950342	-5.99930916338	-4.27806276433	
6.55895052733	8.74450133792	4.95823960586	8.88661010647	1.59148462647	6.13120900088	4.37456150383	2.50852563237	8.8743926152	1.46327269306	8.99999526789	7.74077662885	-5.54700991741	-3.82576351836	6.88540680062	8.60665319967	
3.30072530159	5.26975579729	4.85479809854	8.99968903551	8.96202976157	6.60545582348	6.01505286451	7.7164455722	8.99990195862	8.26855530433	5.76756579231	1.15744341823	7.27800823497	8.99925463402	7.278217766	8.99946416505	
3.11907353966	6.66083062815	4.70983709176	7.28200121924	4.48725915566	6.60833182223	1.60928876504	1.1733788902	7.64550219986	4.00924069838	7.06490837965	3.01935715781	0.272281081302	1.99352748035	-0.652855586446	1.0683908126	
5.22186658896	7.14930858566	4.81354363029	8.999999964	1.5985139037	6.01920020047	7.07521737171	8.94793792298	8.99999976875	-1.00466975894	8.35804837606	6.07269758323	0.682683238503	2.40392963755	-3.86718014365	-2.14593374461	
7.08239911582	8.30665552581	3.87645771774	6.70275360022	1.59219031906	6.36946998808	3.68449175881	4.4008073556	6.97477414005	1.7542810048	5.65320455458	2.82875517768	-5.99999993998	-4.27875336971	4.88522305777	6.60646945681	
1.59438403718	5.27237586671	6.41323451052	8.84916435829	3.6918258497	5.58104707915	5.15529250522	1.14918926624	8.77542775697	5.50725189683	8.99999705584	8.38840450906	-5.10002163075	-3.3787752317	-0.630448758055	1.09079764099	
1.86249501971	8.99805677368	8.94525426371	7.92367772457	4.24351895724	8.66370052264	8.37857969418	8.30379185429	3.49036628594	-2.91871160926	6.010098836	2.07713508378	3.90182535131	5.62307175035	6.02594218797	7.74718858702	
2.14139202593	5.53816950403	4.90390865287	7.62105230128	4.10549053403	8.06901705413	1.81528435829	1.44214726675	7.45736284778	1.83366817627	6.48476045586	2.52141590647	4.77179144666	6.49303784571	-5.98177557972	-4.26052918067	
1.74498434265	5.1415963706	4.60883596488	7.32530080425	8.99993703833	8.99570820668	8.17386200673	7.80609813465	7.94573793665	7.8697364123	5.63712394939	0.0882481409996	6.98963649764	8.71088289669	1.20122107434	2.92246747339	
3.99911380639	7.29963039664	4.95430250161	7.76770678806	1.59246739997	5.91121884435	6.82076680006	1.78826561265	8.06027987949	1.98509992218	5.85922995539	6.65150998979	7.27292474511	8.99417114415	2.38955391086	4.11080030991	
1.64703319116	8.99999999609	4.81262978677	3.57358426306	3.40627162373	7.8264615295	3.44113048586	2.409773591	3.57436868826	-2.77571019004	7.23331965558	4.19791655603	0.286792903507	2.00803930255	-5.9998692207	-4.27862282164	
7.07305014315	8.99999911459	4.81302836191	8.99999832786	1.59080842217	6.0110077681	7.50621047502	8.97096328254	8.99999333737	-2.85069719562	8.99999140915	8.96898702042	2.63857619411	4.35982259316	-5.99988655225	-4.27864015322	
1.55881513593	7.58426297867	8.99999999278	8.99999998136	3.37021702421	7.73795254467	8.9999999993	4.81089570402	8.99999998608	2.96348609	8.9999999993	8.9999999993	-5.99999999969	-4.28270369833	1.19117717621	2.91246753114	
1.74520473875	5.29024070664	5.20817035984	7.77705563865	2.11486042251	8.82645326057	5.63370439911	-2.00422040711	8.99997837457	3.9297486741	8.99999976936	8.99980875618	7.27860298599	8.99984938503	0.167403593634	1.88864999268	
1.94765131395	5.54268584759	6.40040435866	8.91929143613	2.24809695885	5.58326280782	2.14564257878	1.29157926194	8.74201700278	3.94493990573	6.29748686559	2.61681119514	-1.80972121163	-0.0884748125785	3.34521670151	5.06646310056	
1.5908967346	5.26966895089	4.51660325449	6.95175233862	7.85516334799	8.99936085438	5.246145523	1.15632641535	8.93897755267	6.41660840957	7.5520877428	7.02342683583	3.61670695474	5.33795335378	4.68537765394	6.40662405298	
1.59084156558	5.23080383773	6.5259209512	8.99987996176	5.35653107376	8.84469333476	8.30486663787	1.73767797124	6.99041048056	2.08526550621	5.93246607302	7.91998771901	7.27866475173	8.99991115078	-5.99994542061	-4.27869902156	
3.36446171522	6.74769083085	4.9023009549	7.63299322398	2.0976712679	6.06864418207	1.76848013172	1.43109091807	7.80107572525	2.15638606093	6.26544636494	2.27990227804	-1.33868559627	0.382560802781	-1.10011592721	0.62113047184	
3.58933005683	8.82777860263	4.51210878668	5.38758127557	1.59526883825	6.01547122289	8.99998659094	7.45218871978	8.99999911269	0.627659354752	8.91785379701	8.421199724	7.27875326707	8.99999966612	6.91203115116	8.6332775502	
1.80004799948	8.71204969238	4.70650840875	3.90842805103	2.24446464551	6.66465773431	5.78790017895	5.1948195656	4.15638271157	-2.35851533354	6.47081859457	3.16195627891	-0.65644293297	1.06480346608	5.51116953292	7.23241593197	
2.65644003419	6.21458605426	4.51777986372	7.07355514542	8.16867604912	8.40718852844	1.64310388863	1.14922223714	8.99634558595	7.25903214493	8.93621994742	4.93225252541	1.02656694178	2.74781334082	-0.376992912324	1.34425348672	
3.93313141923	7.26226416072	4.97273497622	7.75752313139	1.59275397189	5.88811829835	7.35743074758	5.00917658371	8.05550257373	2.03232608609	5.63483036279	3.71424691037	-5.71262775497	-3.99138135593	-2.54334052117	-0.822094122119	
1.59079297116	5.26192182362	6.55719190601	8.99998432992	5.81216453554	8.61925207354	7.75353410016	1.19715623731	6.95910568015	2.76620022118	6.85226751262	8.79781332446	-4.90519529349	-3.18394889445	-5.63111349213	-3.90986709308	
1.64215984963	5.24253810535	4.78706579632	7.3006086831	2.553830225	6.32006944631	8.2708111868	5.75810215815	7.56040764958	2.33760161888	5.77786576675	3.75049182238	-5.99936242929	-4.27811603025	-2.33718113596	-0.615934736908	
2.54385390771	5.89711926341	4.5995500033	7.36020610443	6.82650639521	8.99998242139	1.70702804802	1.75162137962	8.01206897689	4.13491317555	5.89378239584	1.55621879678	-2.70284004867	-0.981593649624	2.97741549221	4.69866189126	
1.63361905457	4.69406235494	5.94568487864	8.99916414386	2.62230782995	7.0566705281	8.99999856992	6.02793710321	7.59669657912	1.16582884317	8.97865911233	7.95057369082	-5.99832374725	-4.2770773482	7.2774731496	8.99871954865	
3.94253979861	7.37139884581	6.31212211421	8.99718458209	1.59315000953	5.63665353461	7.16310643259	6.52448410735	8.08825990108	2.41667014955	5.63447341937	1.90453181406	3.01222387814	4.73347027719	-5.99561732167	-4.27437092263	
2.01367908235	5.07251120574	4.69033612479	7.74542508191	4.68182823582	8.9824168942	2.10955020766	2.03584806259	8.04022834219	1.74152634302	6.36757871017	2.4427445503	2.39788918906	4.11913558811	7.27637584785	8.9976222469	
3.09921663266	6.33403219069	4.52301923921	7.40212509237	7.39512764554	8.94018614684	1.62989364423	1.87982943516	8.99939064338	5.63220263428	5.85714440905	1.43268813298	3.29503925064	5.01628564969	-1.32803837366	0.393208025388	
3.4752949851	7.01997425989	6.40981896525	8.9790582235	1.59769858846	8.82456304457	4.14679177605	0.960388990622	8.41599220451	2.90608481797	5.63395618204	1.10663804705	-1.58552167819	0.135724720853	3.90098064792	5.62222704696	
1.57742354782	8.51714160512	4.96105249365	4.13474996652	3.76709522664	8.99999940634	5.37243642557	-5.66973270287	8.99999998913	8.99999998897	8.99999993454	8.80038270783	1.62131840757	3.34256720167	-4.25675674745	-2.5371947024	
5.52119799857	8.41240748014	4.54444605579	7.7671578657	3.00442222797	7.32116575841	1.60798781029	1.80740685374	8.99980982592	2.51732962319	7.60331868496	3.57298631455	3.91120395002	5.63245034907	-1.56995337047	0.151293028574	
2.23565416913	8.9999975763	5.1305311399	4.48010892389	1.83267344056	6.25286870417	8.8573845654	8.79569397306	3.98115422521	-3.03758347338	8.95862833732	5.62225358384	-1.52298061184	0.198265787207	7.27645864759	8.99770504663	
2.01987756776	5.26450019971	5.32349157256	8.19279010751	5.98885396666	8.62370226602	6.8159356129	7.04277073639	7.4545521135	3.00738142152	5.76949507556	1.35833257416	6.58323610044	8.30448249948	7.26990404926	8.99115044831	
1.59330519007	5.26973815422	4.62902793809	7.06651620866	8.99963390575	8.02130114747	8.45061009555	6.21914562105	7.5826747353	7.1804893693	5.76756970253	3.38290189721	-0.534254307438	1.18699209161	-5.99868305444	-4.27743665539	
4.02963813854	7.41003657066	4.65347394069	7.38699677369	4.54521475616	8.42833495667	1.59373082511	1.34539871031	7.8035843759	2.24391679956	6.79473887815	2.72296841073	7.27853285527	8.99977925432	2.88597128762	4.60721768666	
1.59081874118	5.24325468289	4.57393513524	7.03542044827	5.50246935135	8.82947800699	8.38812890281	1.64823374565	7.85167364492	3.1201558413	5.96100186165	8.10875639998	0.164871852607	1.88611825165	7.17974372112	8.90099012017	
6.5825380639	8.76349516554	4.87074128553	8.80370532404	1.59077135522	6.11925700561	8.98883967548	8.89317359405	8.99689548884	1.59241595327	5.633580822	2.60859092006	7.20816911807	8.92941551712	7.25132399517	8.97257039422	
1.67468070743	8.76262209498	4.52723074146	3.55321056713	2.34695753404	6.76715089532	8.99448993564	3.42475851456	5.0004763685	-1.44165787483	7.36277132068	8.9577816422	-5.38659596517	-3.66534956612	-5.87393613103	-4.15268973199	
5.87892047107	8.87347405573	4.97769684311	8.09706429562	1.59080423437	5.95105362586	8.74208262872	8.61182638005	8.24590009759	1.82325936847	5.63358571663	1.82958325661	-5.99711412782	-4.27586772878	-4.5358139563	-2.81456755725	
1.68959706212	5.26974349435	6.0128817586	8.54665649416	7.41833610461	6.08742382973	7.78895834024	7.19641273222	7.22270289263	7.0768164478	5.76758254578	1.84027705083	7.13552287384	8.85676927289	-5.98526874172	-4.26402234267	
1.59125145618	8.53159841345	4.51202224818	3.68559652402	4.57838847911	8.99857968676	8.99924272701	4.95580145716	7.84163603933	1.46747115992	8.99923074086	8.99999994183	-5.99577985266	-4.27453345361	-2.57239224664	-0.851145847593	
1.90921660205	8.99999999065	5.23845604945	4.25534457952	2.35332656989	8.9999999723	8.99999999758	8.99999999758	4.01027097426	2.82276432011	5.48650155433	-5.9999999723	7.2817060248	8.99999999982	6.88823802491	8.61017836047	
1.59076567114	5.26968892065	4.70313265729	7.13813059997	8.31988697322	8.95911788868	8.36153794568	1.23884157331	7.3959886758	5.3787348479	6.49593029646	8.99999976879	7.27874960417	8.99999600322	3.35616316407	5.07740956312	
3.93141776825	7.20699579076	4.82450425271	7.66284744043	4.19257091546	8.27399796515	1.59520216403	1.42709957579	7.64185072623	1.7790556738	7.40182175797	3.35464241851	4.00827170692	5.72951810597	7.12118188622	8.84242828527	
2.59282059779	6.0889785881	4.85037390914	7.46813706028	4.96069113353	8.4837236297	1.65522453048	1.2368206502	7.39736954112	2.31354927682	6.97179728999	2.95433909538	7.27570371352	8.99695011257	7.09230423988	8.81355063893	
4.76378212257	8.17692691347	4.56683921137	7.26761588516	3.22045612476	6.55906025207	1.60159214421	1.46610748648	8.99974717846	4.01734238026	6.09305089545	1.87568616811	-0.620404762051	1.100841637	7.27873872081	8.99998511985	
