6.73267549327	8.99819279453	5.14374492494	8.9921489667	8.61870893645	-0.160961673875	1.59082490434	2.84681613855	8.99658376926	8.98358488262	5.63355768655	-4.82889627325	-5.88397830978	-4.16273191074	-5.99982891551	-4.27858251646	
1.59410567548	5.13902000439	4.64340574811	7.21241268434	3.75691286535	3.07695629565	4.7086367696	0.605066571752	7.66419481074	-4.39114998049	5.63355746091	-5.97076192987	-4.65765257929	-2.93640618024	6.98393973902	8.70518613807	
1.59080410361	5.13572445693	6.3005179304	8.86951718641	8.65284472853	8.99965192237	5.65074711992	-5.99999208417	7.08811630422	-1.91983704693	8.98300270528	8.99999959306	-1.70900001188	0.0122463871623	-0.34556519536	1.37568120369	
1.82309178617	8.99992977189	4.52618279164	3.46314338946	8.87668532721	8.13317009555	1.97446433747	-1.58917226023	4.94379318343	5.06218210125	7.43422449202	3.76803379811	1.32468052199	3.04599003852	-5.9999999331	-4.27875856241	
3.69440443747	7.23936029849	6.43103136179	8.99999547691	1.59418462824	-5.29610718953	8.99995104269	-5.99991710551	8.951606592	3.4536232637	5.63351190801	5.27254850716	-5.99963437265	-4.2783879736	7.27865199706	8.99989839611	
1.5907653712	5.13571728568	4.52225809966	7.09122747669	8.84671681073	1.93276612593	7.93447030267	0.136661648468	8.71249635916	4.84300278968	5.63355745015	-0.324748244981	1.31643742666	3.03768382571	-0.102134362245	1.6191120368	
3.45324742792	6.9982041954	6.42734202432	8.99630493816	1.59717903492	-0.816456170077	4.62120188322	-5.4967352864	7.43867303518	1.6944952362	8.99184625302	7.97930285693	-0.689122140186	1.03212425886	-4.60297525921	-2.88172886016	
5.42788186344	8.97320516554	4.88461066407	7.45367375491	4.36284565916	4.15540205726	1.58983554318	-5.22332228957	7.3129662236	-3.7681383429	5.62911446249	-5.78819374784	-1.40044822335	0.326322555932	-1.77929255611	-0.0580161256952	
1.59086442093	5.08065867761	4.51818979623	7.14231683336	5.4952438273	8.99155956932	6.41930281615	2.36956726668	8.98476623017	-5.54297859414	5.63355744885	-4.21049060506	7.27465991435	8.9959063134	-0.423813145679	1.29743325337	
5.16752968144	8.71248192861	4.8487790311	7.41774795575	3.05420819732	-4.79780098793	1.60608779592	-5.98318145797	7.37124196736	1.77565376099	5.63356428402	-3.19742777842	1.68616082358	3.40740722262	-2.59235379543	-0.871107396388	
1.59078907562	5.1357409901	4.51726082311	7.086230209	5.84964640262	-1.91243089238	8.96897500345	-5.7570083777	8.99967753418	-3.67252544025	5.63355744893	-3.04740571436	-0.908619493088	0.812626905959	0.440977105252	2.1622235043	
2.39280024066	5.93775223088	4.56384476141	7.13281404294	1.66541659958	-5.89409569306	5.33386361878	-5.96526228995	8.02978582054	-1.8179998559	5.63355744022	-3.44727851329	7.08034377275	8.8015901718	-3.49679876193	-1.77555236288	
1.59086042031	5.13572516474	4.51725796147	7.08631451746	7.48247793578	4.50535449509	6.34882466958	2.65136560852	8.99999988863	1.86365560251	5.63355744939	-3.75494239051	-5.99604068283	-4.27479428375	7.27875138482	8.99999778387	
3.4378667057	6.97297647797	4.58764084379	7.16645234887	1.59700032099	4.36746504711	6.05528011516	-5.7100189143	7.88706700588	-3.27477799503	8.37780176205	8.79874190202	-0.214164691873	1.50708170717	4.38221165306	6.10345805211	
2.77802527117	6.31321150638	4.58901440866	7.16774944383	4.04376455728	6.81158034803	1.62159631429	-1.67777829945	7.88005797685	0.753787727864	8.89855491405	4.88634610538	-5.99999809269	-4.27875169364	-0.858595533874	0.862650865173	
5.16442574772	8.69120245094	4.54300959965	7.13015420231	1.5916506644	4.50939259572	4.3434751879	2.34512733102	8.27996741232	0.247649096999	5.63356495624	-0.418976946262	-2.33875526626	-0.617508867217	0.697517395054	2.4187637941	
1.59110820384	6.59483038084	4.6193568239	5.72955593795	7.8944093323	8.38147644268	6.17387335249	3.04542336833	6.61921218568	7.96456337837	8.73809014842	7.80875753649	-5.79617679488	-4.07493039583	-0.78537985007	0.935866548977	
1.59125665262	8.99999867819	4.51203864493	3.21721780296	4.5741540513	8.99434556233	7.95086861281	3.90602294202	7.18141019529	-6.0	8.99961392896	8.99988555289	7.27874928181	8.99999568081	4.9905389486	6.71178534765	
1.59076346192	5.13571536247	4.5184279952	7.08739739319	8.61770609519	4.58956293153	8.81121363332	1.34106007759	8.91324330161	-2.76869975783	5.63354386623	-5.57903933544	7.27798963882	8.99923603787	-0.456799958308	1.26444644074	
3.39584317774	6.94001439783	4.5212948424	7.09104492763	1.59762262631	3.27560390231	7.50514202613	1.71334223137	8.99483092496	1.46383959607	5.6335629778	2.60125062921	0.424477099323	2.14572349837	6.50119960581	8.22244600486	
1.93136038781	5.46849246071	4.51735797895	7.09414738447	3.33524865653	2.31433389015	1.87707621637	0.136390227632	8.99999977323	0.289060319656	5.63355748004	-5.31463383613	1.83544948607	3.55669588511	-0.655642784918	1.06560361413	
2.12374089943	8.99999999942	8.99999999967	8.23749057181	1.74603258336	6.16582441415	8.99994177232	6.25119567014	3.7495109971	-5.6063105569	5.63534894104	2.35643594669	4.02076447757	5.74191450758	-5.99999999993	-4.27881091723	
4.71060199723	8.25555430557	4.51979443372	7.08876352108	5.92740364858	1.83404841255	1.5911148499	-5.59985056045	8.83041809503	-2.85349867461	5.63355745928	-5.92541375482	1.06637572903	2.78762212808	7.27872898498	8.99997538403	
5.63100497468	8.99999996406	4.53795471632	7.28238453061	1.58994389141	6.03003934972	8.999999306	8.99999930539	8.99996551779	1.99552898385	8.99999930693	8.99999930633	-5.85795336013	-4.13669437089	-4.57175887748	-2.85077612238	
2.35464938369	5.89959684584	6.1734546521	8.7424302959	1.6762595234	-3.8176663498	3.78083790121	-5.92491414875	7.09054658031	-5.64834127891	5.63355802207	-5.86615716125	-1.65477432142	0.066472077627	0.763945925467	2.48519232451	
1.59076704146	5.18236631723	4.51850739998	7.04082946905	8.22922782571	7.45610599228	6.99484799178	0.649815355958	8.99999486185	7.80424009798	7.67259486672	8.98279330321	7.27783821921	8.99908461825	1.88531595918	3.60656235823	
2.59163289334	6.13658459562	4.56417037901	7.1331399666	3.37263957203	1.57710629538	1.64447226705	-5.20314014466	8.04410564351	1.97444496886	8.20754460142	4.21730262643	4.96075672594	6.68200312499	-5.99976554211	-4.27851914306	
1.60366916542	5.14517710127	5.84715589948	8.41956937402	3.26854034546	-3.58742355134	4.85485514102	2.7558046854	8.95386272793	5.11125026311	5.63355755209	-5.93174337189	7.2396353223	8.96088172135	7.26552590298	8.98677230202	
3.28100042337	6.82539057954	4.56488738155	7.13441849802	8.76248499756	3.9806807488	1.5997310316	-1.2881458479	8.02206990119	1.74741229549	5.63355747221	-5.50656748257	7.27520887382	8.99645527287	2.6636161264	4.38486252544	
3.06236187	6.6061916149	4.75698009152	7.32707152948	1.60568145611	3.55290508643	7.76235799788	-1.48866532297	7.76860067395	1.6449851755	6.89307368778	8.99728329298	7.27543754546	8.9966839445	-5.99690823878	-4.27566183973	
3.81590011367	7.36449453264	4.52239066838	7.08771754791	8.95984065306	8.1628344725	1.59757384869	1.80503533068	8.99301228122	8.93688305993	8.73116169172	4.69062031695	-4.26943664222	-2.54819024318	-0.698010350998	1.02323604805	
1.7286569091	8.99908056095	4.51284854203	3.35562643896	4.57991716798	8.99735890593	7.48945685152	7.05991500685	8.07567121982	4.97983926325	8.99992442539	5.52429849409	-1.61446076429	0.106920610353	-5.99992416937	-4.27881094828	
1.59231772206	8.99101127521	4.51631035097	3.23226753296	4.55320536434	8.97303004636	8.99401612322	-4.42145314479	8.07182751443	-5.61727318105	5.63481460202	6.21282138206	6.39004432388	8.11112945023	7.27565518872	8.99689173964	
1.59076536028	5.13571736053	4.5756158273	7.14458508752	8.99999991334	4.57622342082	8.51107922902	-5.97078173868	7.94655005251	-3.7318607161	5.63355745291	1.04056702208	7.24417485491	8.96542125396	7.27786855456	8.99911495361	
1.59172903481	5.13668065064	4.543558123	7.11252790558	4.245074759	-4.79697212628	8.93247837872	0.391287339733	8.24136734165	2.40024178883	5.63355751083	-3.68108683995	-5.82960445792	-4.10835805888	1.57478839127	3.29603479031	
1.59825517968	8.87164386515	5.62768326604	4.46835478764	6.73742102749	4.794169918	8.50669773477	-5.66999687026	3.3882475828	-1.89022804235	5.63379373748	-5.61106441074	4.82314440291	6.54426128814	-1.8010507209	-0.0796750212798	
5.38606359229	8.93101562836	4.54883192329	7.1178012372	1.59083524538	-3.71866953617	7.58026554675	-3.34249291968	8.17071786466	-5.49904887946	5.63355743875	-5.39561970901	2.0810137853	3.80226018435	5.23873951929	6.95998591834	
2.80043199491	6.35471099458	4.59111901253	7.14760870046	1.60698675409	-1.71577113048	3.97773048576	-4.01132311868	7.77697933738	0.79121731514	8.95710177121	-3.88825562442	0.43874011597	2.16023215914	3.92487274148	5.64587101532	
1.59213647561	5.13674210701	4.57313522464	7.14245085865	7.46131186055	8.78294791972	4.09232345314	-4.99163275806	7.96295743195	-5.88287860645	5.63356328546	-0.778651523175	2.01973995756	3.74098635661	6.83886371268	8.56011011173	
1.59076519683	5.13570953196	4.51936134426	7.08833830707	8.57883525498	8.24097170661	8.99302101382	-1.0467891227	8.85501317467	-3.54249273662	5.63355744871	-0.0346510284127	-3.42657869897	-1.70533229993	6.43119178369	8.15243818274	
2.07962454235	5.62457633491	4.5173021295	7.08627164012	2.76123818411	0.647257949071	1.80684678802	-5.97268640555	8.99630615657	-3.76251669381	5.63355770214	-4.43237631245	5.76903981142	7.49028621047	7.27115722075	8.9924036198	
1.60891316217	5.15386445064	4.51747101557	7.08644102734	2.98055589449	1.55977507582	5.36371690461	-5.2522034586	8.98279016321	-4.93415135192	5.63355746605	-2.06091011089	-4.47919152769	-2.75794512864	5.89063781006	7.61188420911	
1.60496814942	8.99999945378	7.97593338568	6.69450841069	3.60912197379	-0.56567469472	8.99849624596	-4.68562944415	8.16160056269	8.53996071684	5.93495660558	8.99995820137	7.21943957702	8.94071585188	-2.47212946808	-0.750755810796	
1.59112615836	7.5983442173	4.50285549224	4.60951533098	6.01180681572	2.21327868161	8.99999999968	-5.13094965152	9.0	3.40169217602	5.63346059994	-5.13094965152	-2.14761506903	-0.426486453877	0.396410293576	2.11929872729	
3.76889106308	7.31384299082	4.55526620956	7.1242355962	1.59576893412	-3.93548327317	3.90773865404	-5.93952162802	8.92099620393	2.34098376743	5.63369142455	0.397022294598	4.07946643746	5.80071283651	-0.442044566624	1.27920183242	
4.43811076673	7.23912269148	4.99537770638	8.30828696496	3.67927053442	8.01066340386	1.59500296867	0.567387346767	7.99797496337	-0.0483987275327	6.21080022883	2.03865274482	-5.98517039161	-4.26392399256	-4.12442652823	-2.40318012919	
1.59114341623	4.66896329513	5.87291749836	8.90901869746	4.65131520322	8.89020960653	8.99999989513	-3.20200034853	7.56743471101	-5.86144815762	5.63531868349	6.60893054612	4.69101612232	6.41226252137	6.95412489813	8.67537129718	
2.14737808035	5.69232969422	4.51972817964	7.08869791673	8.99550773025	1.12270522489	1.7319745954	-5.4323329873	8.95898939076	8.51825065652	6.03380877844	1.9119130075	4.66940002758	6.39064642663	-4.53178085518	-2.81053445614	
1.64354491419	5.18849677587	4.56868483752	7.13765426091	4.93085174855	2.54595020355	2.53394335571	-5.9945518614	7.99327319146	0.514531893034	5.66131568535	1.35350436843	-4.40897605906	-2.68772966001	3.12817863341	4.84942503246	
1.59852195734	5.1357742227	6.42333253103	8.99999979048	8.99999976877	3.57845034109	8.99976892261	7.25547916026	7.10807733952	7.5172149057	5.63360788649	-0.591776081136	-1.96897901402	-0.247732614971	7.21606575617	8.93731215521	
4.51758080948	8.05210001467	4.5437608358	7.12316293824	1.64193445195	4.22635952669	2.54956709665	0.520760503097	8.24296626628	-4.6525503404	5.63355744435	-5.6005258111	-5.80433870663	-4.08309230759	3.18428023226	4.90552663131	
1.59076666667	5.13554979452	6.42963881427	8.99877697284	7.98419789644	8.9938772846	8.02891435169	-5.99999976765	7.08641149825	-2.67315171279	6.36721997465	8.67392470245	-5.28073338091	-3.55948698187	-5.99982517423	-4.27857877519	
1.5924691464	5.13597287515	6.40492040705	8.9753377161	7.67250063464	6.06458007575	4.82348892195	2.34724073205	7.08800220999	-0.646965346593	5.63355739916	-4.20284991642	6.41929404314	8.14054044218	1.36578676641	3.08703316546	
1.59076690114	5.13571876598	6.42598718339	8.9949568333	8.0878896437	-0.719191613576	7.8643573744	1.18930138148	7.08650698025	4.79117848621	5.63355739665	-1.7664602711	4.50138722206	6.2226336211	3.6073083353	5.32855473434	
5.45717789702	8.9999906963	6.42866524234	8.99994467139	1.582295718	-5.95550895336	8.47051213898	-5.99999990234	8.88778761231	3.38140917218	7.09963634834	3.57014765264	-2.61956511086	-0.898179439082	-5.99999975506	-4.27876788646	
1.5911080113	5.13605990911	4.51866155957	7.08763096071	8.9417768022	-0.30546029725	4.69362798888	-2.70408197759	8.89798797896	3.80983687305	5.63355744898	-4.27678760871	-2.45100416129	-0.729757762243	-5.98304237545	-4.2617959764	
1.60535213399	8.99999728725	6.69724125671	5.41661300831	6.74195397701	4.1919414051	3.60427861382	-1.62962374894	3.25237394212	5.35963078442	8.11096103601	6.07979398627	3.83325113684	5.55453809339	6.31389699579	8.03521593678	
2.44143641285	5.13909103943	4.55046444018	7.96673106114	8.3338013289	8.1552010717	3.7018091368	4.48252243888	8.99998806777	2.55213302277	5.63356595737	-3.05167172116	1.63819448769	3.35944088674	-5.9292629898	-4.20801659075	
1.69896403044	5.24391551689	5.15197533194	7.72094526734	2.24758862384	-0.607643424613	5.43670767667	-5.14674709229	8.22716427928	3.23857009226	6.73079074651	6.49775858965	5.94959799361	7.67084439266	0.566926636812	2.28817303586	
1.59076529627	5.13571710363	4.51816348983	7.08713298053	8.88139533529	0.627439121711	8.70543199918	2.10611291349	8.93144654955	1.94251607883	5.63355744855	-5.98267575161	3.47087878411	5.19212518316	-4.77320314843	-3.05195674938	
1.65988158705	5.20483356145	4.65147310318	7.22044239551	2.42204793417	-5.7596073433	8.18233269467	-3.41526029614	7.64159505506	-4.34708305625	5.63238993484	-5.91198713223	4.62901396115	6.35026036019	5.25527246986	6.97651886891	
3.80336280114	7.33455292331	6.24155714644	8.82428820231	1.62003742496	4.54579487665	2.81955323493	-1.44037868829	7.11469085112	0.0599339184626	8.96741191335	6.15320702392	-0.174581228024	1.54666517102	-1.88646442669	-0.165218027642	
1.98830738803	8.88821284531	8.99900627611	8.21225087339	1.91352064709	8.56181249896	2.5246215299	-5.3173560996	3.72515833824	-4.39085216834	5.63375966805	-1.53505870471	-6.0	-4.27887071357	-0.0968412480867	1.6244314329	
1.59076663006	5.13571861819	4.57300155324	7.14197083028	8.99994011759	4.89190665432	7.10570469395	-5.8430236406	7.96349630121	-5.99999994692	5.63355744039	-2.46190773847	-0.798427178119	0.922819220928	-0.93360146504	0.787644934007	
1.59076520302	5.13571712654	4.52337423179	7.09234359971	8.99936052047	-4.78906116632	8.63087550325	-5.63707486579	8.79321011525	8.52253468101	5.63355820005	2.86974514426	0.0164938039379	1.73774020299	-2.06424224445	-0.342995845406	
2.52101228733	6.06596381092	6.122586604	8.69155601464	1.64501398589	0.575315085623	8.67361464395	-1.35539229994	7.09179480062	-2.25294504063	5.63355757024	2.27546323109	-4.43292630221	-2.71167990316	7.27875332349	8.99999972254	
4.59583675738	8.11821131106	4.568346511	7.15989323728	1.61418528896	4.73883864868	2.87887420474	-2.22127661122	8.01826812248	-5.44150932018	5.63355913994	-2.52892296509	-5.48967800499	-3.76843160594	7.27874107554	8.99998747459	
1.58657354072	7.82922161701	4.69243197979	4.56317025137	3.72109944064	-5.93600420123	5.43743565477	-2.33683154192	4.87486278504	2.83541063804	8.81462596308	-3.97043963948	-5.99230528081	-4.2792318101	-0.116387975692	1.60513159951	
1.59077894824	5.13573084988	6.42844408939	8.99741311417	6.13196400444	3.92665862364	8.99874031769	-5.13362269291	7.08625769761	-0.09129462118	5.6449103062	7.42175379761	6.21968293687	7.94092933592	0.724194373966	2.44544077301	
1.59324291355	5.13819486324	4.54028388916	7.10925321698	3.85188160278	-1.07125916006	8.93608007027	-0.41948506471	8.28448648846	1.51531769868	5.63425673239	0.324232924291	2.06975669927	3.79100309831	-1.12900386607	0.592242532979	
1.59078698676	5.13573892115	4.52751952197	7.09648887324	8.1456276482	0.659159001608	5.89193600754	-5.77169716709	8.5353849039	-3.19647892564	5.63355744558	-4.89380810546	6.54121769713	8.26246409618	0.145535686295	1.86678208534	
1.58972798124	5.13466134693	5.25178549573	7.81988748333	3.46791404076	-3.86385399004	8.99792617058	-3.86900624163	7.16287440327	1.34257464995	8.77469325403	2.36732075133	-5.98626137889	-4.26501634668	-2.66018833853	-0.938941909738	
3.75733561068	7.30411503204	4.50384283095	7.06988587925	1.58373426605	-5.99984031713	6.48712242618	-6.0	8.99999976733	-0.205976070632	8.3576417824	-6.0	0.974447443759	2.69537115594	-5.99999999995	-4.27851374458	
1.59215825622	5.13711062178	4.89837708411	7.46734586173	8.81230963184	2.09384092898	4.08551639702	-5.51693644959	7.31068746948	-3.45553214006	5.63355744908	-5.22134219772	6.23045053936	7.95169693841	-4.07045735241	-2.34921095336	
7.05491269174	8.99994914222	4.83222712203	8.99999999879	1.58977247099	6.01051700142	8.99999999992	8.99893948943	8.95896916193	-4.67354936814	6.96529064141	8.3627573471	7.27926492675	8.99999999959	7.27743876066	8.99883185119	
1.58483446476	8.33576189689	6.75273847406	6.10350758682	5.80263879706	8.997807742	8.99915902248	5.10397762604	6.77326101723	8.72365015876	8.9999997691	8.83257522937	0.590272543723	2.31151894277	2.35950090587	4.08074730492	
1.89707466583	8.89642108532	4.50650375926	3.62069586966	1.88439809539	6.30220872417	8.07820754747	3.84493067974	8.95548491149	-2.96590333625	5.63668108453	0.648599082011	-0.165519396201	1.55618325161	-0.48047857498	1.24126701579	
1.58156577304	8.99999999525	4.50423710499	3.19955067342	6.36320028484	-5.25357896115	5.1830842328	-5.13464626384	8.85961804495	8.73344648152	8.73038384252	-2.51527487845	7.27849169347	8.99999996164	7.01514241021	8.73641503282	
1.96429279579	5.49649401092	6.33116578339	8.91516574808	1.82651054772	-4.97475850041	7.34814682901	3.83954381937	8.99907541978	3.71143154545	5.63135464566	-5.89765131616	2.54763004249	4.26439649511	0.440721254035	2.16053212218	
1.59261438414	8.02305132727	6.47258761088	6.15607176453	4.36393463852	8.99983505007	8.99999649144	5.02865918876	4.89788009075	4.96430910135	8.97053930093	8.90057811855	4.25123625802	5.97248265706	1.20295464998	2.92420104903	
1.59154709377	5.13649959588	6.23767742998	8.80664600292	4.33726085853	0.268546299638	7.08077576853	-5.9999996907	7.08920629652	-1.57827332552	5.63359391459	3.00551041479	2.21461442275	3.9358608218	4.52870488178	6.24995128083	
1.83449275988	5.13568345998	4.85348580745	7.66621623337	7.07901362327	7.41679437876	8.99366603792	8.87033029914	7.58873949443	-1.30858215436	5.63355747766	-5.28778864077	5.30431581114	7.02556221019	5.22226698844	6.94351338748	
1.59351933215	5.13837399874	4.55641296638	7.12547956701	8.99680142766	4.48990022612	3.80899496571	0.245141891116	8.10062537308	7.22891306214	5.63405220394	0.846822163328	7.27861809979	8.99986449884	-1.44481671513	0.276429683918	
1.5907653435	5.13571730187	4.55764413755	7.12661345239	8.9980372783	5.91415805435	8.31858432476	-2.80145261752	8.08191193414	-0.416219697194	5.63355777257	2.1989200592	-1.84279484474	-0.121548445693	1.11404482912	2.83529122817	
1.59076543773	5.13571750814	4.61213622888	7.18110539406	8.64192014852	5.0461446526	8.96842048602	-4.16084260509	7.76723007625	-1.13212024144	5.63355835239	3.29503175698	0.869933622838	2.59118002189	-0.0879597180623	1.63328668098	
3.5023779794	7.04732997067	4.58660786061	7.15557714354	8.99755805488	0.225340636753	1.59612112858	-5.8688453224	7.9452184199	8.18751017343	8.99988582751	4.96226862997	4.25025208646	5.97149848551	7.27775894685	8.9990053459	
2.27363701365	5.11096171886	5.70538619484	8.9819826269	4.6685564691	8.99385181424	1.69225287318	-5.34830631103	7.81734125171	-5.98710136169	6.56046587213	2.5644696469	-2.82592775749	-1.10468135845	-4.8545925797	-3.13334618066	
1.62761146786	5.17251419288	4.52459346726	7.0936120305	2.68059272152	3.15486976285	6.157641712	-1.16844612911	8.62483585936	-0.700531320851	5.63356158608	1.1359901019	2.52384802485	4.2450944239	6.50268082661	8.22392722566	
1.607101051	5.15205789054	6.22459109703	8.79355395204	4.72719336254	0.204683194325	3.03226359347	-4.42304988735	7.08945471168	-4.32184283813	5.63355739903	-5.81760738424	-5.99986331437	-4.27861691532	-1.02518282424	0.696063574805	
5.03064568876	8.57559762606	4.57139665082	7.14036599147	1.62754420024	-2.53387457084	2.68315725528	-5.85158424418	8.16801664972	1.37740697096	5.6351387844	0.245188308849	0.382938258185	2.10418465723	6.05474409278	7.77599049182	
1.5909140074	5.09769738213	4.58402020057	7.19115809456	5.0657119091	8.41073402411	7.18833069476	1.86926614312	7.93492935342	-5.48944355352	5.6335574518	-2.02305526771	0.134967116708	1.85621351576	-3.2716653161	-1.55041891705	
1.60021445563	8.99974885619	6.07018382511	4.7837087387	4.57915043719	8.99947571917	7.21852506511	4.03633120502	3.23405523316	1.76127548385	8.97368487388	8.12232690424	7.27882568817	8.99987570925	5.6487413799	7.36951085902	
2.42126889645	8.17576019872	4.49059270312	4.84683106348	4.45717110508	8.87183109235	8.23142140379	8.99551234858	7.67146226046	0.365447283426	5.63505451039	-0.706607923917	-2.90459454783	-1.18445052292	1.05214964127	2.77270984526	
1.58371169158	8.99983202949	4.54566018844	3.24356153815	4.23952191662	6.38351939303	8.15693367886	5.10637707533	8.99999976875	8.99979576643	8.28917879566	0.750445300017	-0.688785551223	1.03252511373	1.00824956208	2.72956405824	
1.59077131878	5.13572289457	4.51725916211	7.08622888643	6.44719162715	4.57799455855	8.01187935566	-5.46652114231	8.99980402012	-3.61741347593	5.63355762207	1.65287055232	-5.07726303782	-3.35601663878	-5.10730896359	-3.38606256454	
1.59169277282	7.7002136216	9.0	9.0	7.17114720775	8.79480490458	8.92165665323	-2.76011265947	4.51243775577	-2.10807314856	5.63361365859	-0.337649776079	-1.82211417683	-0.101280576098	1.4241926004	3.14520640306	
3.68517845183	7.23058147176	6.05516019782	8.62353866321	1.59262879641	4.8924058545	7.27972873147	-4.00741428999	7.12187207468	0.459639734081	5.62310614967	-1.89244993268	-5.95235572359	-4.23110932455	3.96771585007	5.68896224912	
4.77265027028	8.31537756313	4.54408511487	7.11527913829	6.21051216274	8.10873633015	1.59106202515	-1.08399277164	8.23050782203	-4.52181368397	5.63355747567	-5.51369949317	-5.93902328875	-4.21777688971	-2.53465625052	-0.813409851476	
5.45140523632	8.98392997504	5.14796819293	7.72936446082	4.35569235206	4.05589050253	1.59157468004	0.0541271277637	7.20758581599	-1.83800570161	5.63355750109	-5.12219726828	4.02788451847	5.74913091752	7.17894136456	8.90018776361	
4.00324587212	7.54813065184	6.40428621013	8.97332286003	6.42638446839	-5.30811447807	1.59245648874	-2.22117917839	8.97148408094	8.30553877346	5.63355757061	-5.92577981173	7.27875006639	8.99999646544	5.72671629065	7.44796268969	
