1.64941019777	5.45894855325	5.89809114963	8.2024740515	3.90827877669	6.04652193256	2.77148988035	1.57470991762	7.94964887456	4.98865221184	8.61159632845	5.48379139079	-2.45237436484	-0.731127965797	-4.50385790923	-2.78261151019	
1.59081743412	5.13576793252	6.43102032834	8.99999159669	5.61887434883	-1.41438855517	6.22522793966	-5.84432906834	8.99939494425	7.52670297422	8.40905396638	8.99999544449	-2.17802819544	-0.45678179639	6.89343035935	8.6146767584	
3.08287308352	6.62782532601	4.52636798237	7.09533706348	1.60498076228	-2.08661124426	8.83241780984	-0.28958102573	8.58571818369	0.21754115828	5.63355744435	-0.276878164976	0.315645179742	2.03689157879	-4.12496093666	-2.40371453761	
1.5969629455	5.14191558886	5.38970945841	7.95867779306	3.44021998769	-2.15194640141	6.22230722331	-0.0659101385955	7.14271872551	-0.945051825361	5.63355741126	-4.73082687054	-0.891522540136	0.829723858911	-5.88752961974	-4.16628322069	
1.82315048814	5.36810284794	6.1129119107	8.68188086189	1.97337547595	0.277398475902	6.72108574506	-4.10025523803	8.6351752649	3.50394928833	6.4840531055	7.50552884376	-3.71347633255	-1.9922299335	7.2783924788	8.99963887785	
2.34456235815	5.88951448712	4.55402174416	7.12299092884	1.67498597431	-3.14799009356	7.70366076297	-4.24881993652	8.11603532721	-5.96853262413	5.63355743803	-4.29416970625	2.47215999815	4.19340639719	7.27526211576	8.99650851481	
1.61613205138	5.16039699494	4.52107875887	7.09073511247	2.84296314889	4.13722882828	8.97987025844	5.9007163146	8.76556681459	-3.17040661994	5.63355744915	-4.90028659525	-5.73756261874	-4.01631621969	2.65810931499	4.37935571403	
1.59076638127	5.1357189115	5.59658070287	8.16554926564	8.99507695288	-1.85231965849	8.92405906907	-5.99075353277	7.38950814465	8.93331824354	5.74306609739	8.38162777449	-5.94179595088	-4.22054955184	-5.89689343797	-4.17564703892	
3.55342353706	7.09005086962	4.58922223736	7.16651617567	1.6083404627	4.30701895795	3.13192709736	-3.47696220217	7.87845679863	-0.974913445533	8.99989404949	6.4980799218	-0.889357171106	0.831889227941	-0.216872197475	1.50437420157	
1.77064666652	5.3174578578	4.5197533974	7.08673681095	2.59892846717	-1.74519901448	2.20699720416	-3.30371962534	8.75228485102	1.32605239658	5.63295445265	-5.99294788288	7.27792471765	8.99999999993	6.36518403424	8.08653175842	
2.0634708072	5.60842341208	5.08610868404	7.65507712886	1.76972377313	-5.05312989701	4.5941957133	-2.36093308983	7.26746590143	0.87283159375	5.63351113197	-3.60147190664	1.98460336683	3.70584976588	7.27782076427	8.99906716332	
2.43710256638	5.98205462252	4.63232494539	7.20129413198	1.65752773415	-4.0864807581	5.95904187717	-1.9296183411	7.69714752723	-3.06146584498	5.63355742866	-5.95306824465	6.37474469819	8.09599109724	0.234148339939	1.95539473899	
1.59204466902	5.13537350916	6.22522103668	8.79617776307	4.40464759331	-5.62431809125	4.63385150193	-5.58421301023	7.09303019127	-0.0481936478152	5.6342231398	-6.0	-5.99999854179	-4.27842616227	3.63490790637	5.3562655104	
3.27652406247	6.82147614553	6.22525339415	8.79422284744	8.53460474717	-5.98652640207	1.59981427382	-5.92872546049	7.08998381235	5.62612169862	5.63355741274	-5.79556030366	0.612947451343	2.33419385039	7.27873700963	8.99998340867	
5.75394410807	8.99847194753	4.84913601697	7.71756644107	1.58303179902	0.388149280475	8.99996056161	8.99984641695	8.94450518884	2.87532186646	6.53164989775	-4.01471496798	7.27779259851	8.99997256315	0.0312366043911	1.75177897489	
5.47005424994	8.99296129629	4.51843153995	7.10944600519	1.59984438451	4.68713924863	3.27782061806	0.791681505968	8.99127314336	0.739473363105	5.63380106463	0.0268600355783	4.97474815414	6.69599455319	4.0000927943	5.72133919335	
5.45166726735	8.99998036277	4.51165119097	7.07583309999	1.58999561313	-5.98807051391	3.27508174147	-5.35228791992	8.99989353268	0.0828659780265	5.63200924702	-4.52247958633	7.27991044885	8.99995571213	-5.99999139097	-4.27899911903	
1.59077648249	5.13546667393	4.51726911752	7.08650022618	6.24131801538	7.4481435517	8.38492785155	2.94395830317	8.99927733645	1.83952306929	5.63356339626	2.14946072544	4.10133571134	5.82258211039	-0.422863068785	1.29838333026	
1.59076535744	5.13571727511	4.51937689853	7.08834627533	8.99873801548	-4.22693714593	7.91554166021	-4.59125192059	8.85408596263	1.43894503018	5.63355744821	-5.47313754469	-5.84492017554	-4.12367377649	6.17876478535	7.9000111844	
5.40783945596	8.95745187674	4.50189985907	7.06462191224	5.09840615937	2.4763434501	1.57899809011	-5.94311819719	8.85644713255	-4.67997126039	8.86781715239	-5.99883910156	4.16732188396	5.88767195938	7.19756475826	8.9177689332	
1.74180177774	5.28674961831	4.51792486496	7.08689832783	2.12278808867	1.55205775543	8.99473747484	1.72962212543	8.99998859445	1.22306895944	5.6335574879	1.57836786315	0.0584790088265	1.77972540787	-3.37740606054	-1.6561596615	
1.59088288382	5.05713250796	4.51843827546	7.16610994964	5.15769665747	8.79721041325	8.9994650841	0.258602559183	8.99136180318	-5.63194807428	5.63355745073	0.575357464029	-2.38463492097	-0.663388521924	-5.93776367916	-4.21651728012	
4.7954385256	8.34037820611	6.3450648166	8.91404649562	4.20308797453	5.660996653	1.59221229777	1.20878498049	8.32215697967	5.41178380137	8.93238239831	4.89071048267	4.69533095991	6.41657735896	-1.68028614862	0.0409602504243	
2.40521494959	5.91393233513	5.20864648397	7.81385009767	1.66309063982	4.98333403731	8.9998498532	5.82379872685	7.21485502444	-1.74742711404	5.63355953411	0.26737766937	7.27875292467	8.99999932371	-5.99999973356	-4.27875333451	
5.43381734715	9.0	5.98042530421	8.52297621276	1.59146441478	1.12141830753	4.2490588473	4.78028951393	7.07259995627	-0.0183742122733	5.63516994783	-5.38633133293	-2.01169854793	-0.286592682227	-0.267475741114	1.45377326515	
1.5907653735	5.13571728822	4.51780127468	7.08677065854	7.87469275607	1.60435418805	8.99592751419	-3.07684646794	8.95753334907	2.47491936343	5.63355749073	1.9807091867	0.568129468067	2.28937586711	-2.48072290083	-0.759476501786	
2.13444743356	5.67804008676	5.09139789034	7.66172629661	6.70193405002	8.61708457903	1.73705323145	-5.09957346479	7.21508053956	-2.46415723429	8.31690999374	4.41950711678	1.83354677341	3.55479317245	-1.24830415008	0.472942248966	
7.01315357911	8.93907837837	4.81226550122	8.9999998652	8.99204231779	8.90770901491	3.55198189006	8.96958458081	8.99999976354	-1.1944603462	5.63355934812	-5.99999976365	-5.99984853326	-4.27860213421	7.27830092161	8.99954732066	
1.76331542401	5.30826744019	6.1593653679	8.72833500466	2.07511698825	-5.83856580289	5.95760426911	-5.23828491637	7.09085466387	-4.22183702786	5.63355740161	-5.36959227387	-5.77647379876	-4.05522739971	-5.22025563771	-3.49900923866	
2.03014576786	6.32435235684	7.16350383658	8.9832185787	8.0851927725	8.99903973732	2.54573542306	2.70565657406	6.3384061042	6.20841847602	8.41296587293	4.56573389059	-1.14238682113	0.578859577918	-5.90504131686	-4.18379491781	
1.59076647471	5.13572284477	6.43100209574	8.99996414787	8.99800787013	7.74640324146	8.99995805876	-2.67898236379	7.0862199246	-0.60550602494	5.63366564054	5.39660626375	7.27869907879	8.99994547785	1.99614815475	3.71739455379	
1.59505796465	5.14000823573	4.52005805624	7.08902908473	3.59777226811	2.57234261812	8.78915915909	-4.74390072803	8.81603075472	-4.2776338471	5.63354393295	2.07485830231	-2.7169169269	-0.995670527848	-2.85014517927	-1.12889878023	
3.16746643495	5.17937218369	4.74219262782	8.84420804961	6.89022704466	8.98871993779	4.41907732676	5.98344804499	8.99983362706	3.3350596133	5.67864256026	0.641419341025	-5.17515071943	-3.45390432039	3.67410193687	5.39534833591	
1.59104788294	5.13599979758	4.51887951436	7.08784889799	4.77731732516	-5.44770223457	8.98537786409	-0.21821297118	8.94665287645	3.96726093297	5.63355744881	-3.33993457583	7.24180385851	8.96305025755	7.25803431465	8.9792807137	
7.05841054805	8.99999997384	4.77412076704	8.94510996626	8.2396965854	3.09115513288	3.53847130675	8.99999989133	8.99999608746	3.8987599016	5.63715141451	-5.99985268351	5.91513605779	7.63601729009	4.53690351443	6.25822812685	
1.59083572881	5.13579279409	6.41566710694	8.98462970316	5.42955696127	-4.07868035597	6.4269003013	-2.62312407005	7.08640984939	-1.10468428831	5.63355739667	-5.98842054926	-5.92810603724	-4.20685963819	7.27802444626	8.99927084531	
1.59079820016	5.13575020013	4.58822336712	7.15719264323	8.82969046404	1.09075785967	5.70972440488	-5.9999896904	7.87995270578	6.95693599622	8.24409611788	8.31919844422	4.41233277809	6.13357917714	-1.99305794776	-0.271811548712	
1.59115178327	8.99999973928	4.53892483077	3.24335241402	4.85596361079	-2.36269950185	4.08452906251	-5.99999999991	4.4144804779	-3.14418397231	5.63328415541	-5.99999999991	3.3868186997	5.10815142009	-5.58616215883	-3.86482966803	
6.98015464527	8.91813654271	4.82342069324	8.99402964594	1.62287553804	6.10611753202	7.37228598529	8.72690203425	8.99931876585	-5.23931349148	8.99991477788	8.95595313612	-4.33698321215	-2.61573689606	7.27867159615	8.99991806121	
2.06728144575	5.61216333275	4.77110770741	7.34014703698	4.20327874752	2.64735720544	1.76878913745	-2.02521939751	7.42851660073	0.334670429244	5.63360471485	-2.19467770485	7.01694413461	8.73819053366	-3.17281583183	-1.45156943279	
1.59401039968	5.13896096652	6.2557004044	8.82467153413	3.71912334158	-3.17406526153	8.99088250831	-5.96648075887	8.99818059572	5.62304745116	5.64360030052	7.35998109535	6.83344594095	8.55469233999	-5.90491505501	-4.18366865596	
1.59079390542	5.13574454178	4.53739806757	7.10636870787	5.87819299051	4.72835853564	6.4385095895	-0.0306672078191	8.32645120677	-4.60884883085	5.63355744292	-4.95506243124	1.41945647204	3.14070287108	0.746900882295	2.46814728134	
1.59883005897	8.99999980049	4.53649676579	3.25072081812	8.99999999783	-1.30599479217	8.9980981663	-1.17921686864	4.76211742793	0.075166653351	5.63540927665	-5.99809759952	-5.43612335307	-3.71487695403	0.691765644133	2.41301204319	
5.58905865098	8.98668920179	6.22008176367	8.99999977559	1.61612895294	8.82585752631	4.53868794019	-5.99999999979	7.78243586718	-4.44726061253	8.91072810405	7.79272787802	5.56160396403	7.2828642989	2.10185667324	3.82306729928	
2.5022293499	6.0458589492	4.51727913271	7.08757084236	2.24463084938	4.14757991895	1.77419258939	-5.10377796231	8.99999957416	-0.675011354631	7.59740785822	3.73329947016	-2.34575486397	-0.624508464927	1.3774182909	3.09866468995	
3.97736331593	7.52219490246	4.50970317165	7.07875038886	3.88325203951	3.75207593419	1.58566058427	-5.999812819	9.0	0.0614511100155	8.99999999054	-5.37482190347	7.27886757878	9.0	-6.0	-4.27880042729	
1.59259213008	7.31873161243	8.61929460024	8.99992516718	7.97129871865	-4.66409282643	8.46467472731	-4.19831917329	4.89014247717	-1.17765175272	5.63410451104	-5.55243477551	-5.99871249663	-4.2774355112	6.88601695143	8.60728439254	
1.60342663406	8.10372693039	8.51325552409	8.12687605828	3.18057447458	8.98013881497	8.83374949077	4.85071153712	6.53605649719	5.58928340614	8.99328363369	8.94575828073	-0.594405367889	1.12684103116	-5.9999897475	-4.27874334845	
1.60509644049	5.13625424515	6.39459161657	8.97735386625	4.50300426395	-1.50698894874	8.52872522481	7.03767066479	8.99987336835	6.39688344015	5.63355761105	-4.43344277422	4.92755957343	6.64880597248	7.22181373292	8.94306013197	
1.60860326835	8.92071429276	8.9998055121	7.80881609485	3.85385036198	-5.9477816447	3.43727512283	-5.97990507304	4.62036175024	5.12070814533	5.636823881	-1.52493396415	-5.85856824775	-4.1353999252	7.2780447711	8.99985989752	
1.59080993352	5.13570848961	4.52015228512	7.0891750263	8.38563088223	8.43091912065	8.47755897888	4.48981264955	8.81117729845	3.04161713781	5.63356709226	0.924483482084	0.541038566063	2.26228496511	7.27590192759	8.99714832663	
5.45373606665	8.99842170045	4.5469677142	7.11620278852	7.38879088199	8.56606013764	1.59082827018	-2.80750877488	8.19264980552	-5.9290142121	5.63357930017	-5.8846298595	-5.1642656411	-3.44301924205	-4.20350580318	-2.48225940413	
5.43705085627	8.98200325386	5.24159016404	7.81055889349	1.59082877982	-5.94384995017	7.48470523778	-1.97363572913	7.75313511825	2.0417977924	5.6335575313	-1.12678156538	1.3847420179	3.10598841695	-5.99952854202	-4.27828214297	
1.59138137363	5.13126903061	6.17516362747	8.7493841017	7.17019197172	-0.0439468922078	5.72809953946	-4.47935455803	8.93358363022	8.99983082292	8.90417543893	8.99896501608	6.41525687996	8.13639859671	5.10206121208	6.82357572406	
5.05977026478	8.60346971538	4.803125556	7.37349980182	2.90558721086	-1.51588922963	1.61246494676	-2.90961681201	8.03965564306	3.44054203972	5.63509355373	-1.83601083289	-3.03839255771	-1.31685535513	-4.1894142887	-2.46860458062	
1.59076595358	5.13571826759	4.87120717753	7.44017602071	8.73104481418	-0.241718700932	8.92931489629	-2.83914412159	7.36458785404	7.64051416901	5.63383359493	5.73279130608	3.23128299107	4.95252939011	3.41810869502	5.13935509407	
5.45263211821	8.99758408337	4.54954654449	7.11851594504	2.17850506093	-1.92028838689	1.72066850213	-5.99999173871	8.2375013885	1.45219752954	5.63618469816	-0.499934329473	2.76327035785	4.4845167569	-3.45289533611	-1.73164893706	
1.77624434319	8.99999800142	4.5310139206	3.41813793565	3.35098021211	-1.82926021852	2.10472595081	0.743578956421	8.99999965727	7.83610780839	5.63609556504	-5.99999999974	-5.99999994788	-4.27918244355	-3.25630494554	-1.53602725707	
3.47732634087	7.02209267745	6.43083822943	8.99999142838	5.7223008375	6.78534137193	1.59647487325	-5.90935879475	7.08641170722	-2.54744231214	8.99999003084	4.96272488736	7.27875359773	8.99999999678	7.26071138299	8.98195778204	
5.43738152928	8.98233260288	6.11962846454	8.68859893319	1.59083079123	-5.08125627712	6.85763009105	-5.88323663315	8.83863239138	3.32979525214	5.63365780381	3.22093927159	-5.99989530532	-4.27864890627	2.89003692913	4.61128332818	
1.63794350713	5.18279967292	4.84030819434	7.4093731942	2.57818914519	3.34320136053	8.91505312294	-5.07770177056	7.35641488089	-3.27271864361	5.63682392958	6.79298553598	-2.09671681895	-0.375470419903	2.9769384058	4.69818480485	
1.59010688335	8.56114373964	4.51170479595	3.65450045034	6.15205045002	8.71428029339	6.01099297462	-5.28454208513	5.77938773769	1.99466865008	5.62874780158	1.03368404363	-2.95535149874	-1.23469855103	-1.5905435113	0.130515065023	
1.59556044127	8.99856077057	4.64828264116	3.35829057544	3.74316412318	0.952245022492	8.99999821229	1.10761032589	8.99994955063	8.9645829971	5.63287064906	3.86399196329	3.44215502606	5.16360539511	-1.84410638905	-0.122799666578	
1.59133793343	5.13569225538	4.51743386067	7.08700083908	8.93134579671	5.01996125368	8.49700989621	5.6359281668	8.98446170629	1.50821818355	5.63336474568	-5.86448718801	-1.26468074779	0.456565651254	0.70604026095	2.42728666	
1.59092517023	5.12661438732	5.05878453961	7.63701644816	5.16897976985	7.91340270909	5.57995826369	-5.98992358301	7.23526663156	-4.17871225124	8.94287240251	8.88906136362	-5.89853773919	-4.17729134014	-0.720325221671	1.00092117738	
2.39762941721	5.93925877499	4.67183052166	7.24412243158	8.92443881941	-2.6931572062	1.66504015631	-0.449600518084	7.87196056942	8.87307531611	5.63354390926	-5.83430279719	7.27873266768	8.99997906673	4.41244558991	6.13369198896	
1.59282301131	9.0	4.53632121832	3.24217165839	8.23240115004	-5.53490552772	8.61922809669	2.02328309894	4.96851543568	8.51173467528	5.63684609097	-6.0	0.97035257536	2.69214816632	1.96110733613	3.6819347766	
1.5907665874	5.13571878101	6.26281646158	8.83178547024	8.00960606158	0.484826145632	8.9739555222	-5.99137868249	7.08972517051	5.36659671348	5.76065834525	8.50542035956	7.2787472981	8.99999369715	5.78580566479	7.50705206384	
4.65442639999	8.20141154034	6.43327009369	9.0	1.58266981183	2.43681302445	7.71758339013	-2.2547248812	7.07587028281	-5.95316611215	8.52038575945	-2.27806788002	4.44303149643	6.16460129137	-1.48715028047	0.233959540363	
1.59455727064	5.13570447703	4.5284964783	7.10127055806	5.71168438732	6.15207336606	8.99781484373	6.93700850882	8.51317617106	-2.55462560806	5.63355744568	-5.89810499185	4.23151441499	5.95276081404	1.12293288144	2.84417928048	
4.16295337682	7.6974066308	6.41426322536	8.99373090461	5.71827441754	5.17243480521	1.59199200369	-0.0195925725538	7.09693301161	-2.23534370483	5.63355742285	-5.58464099999	2.84858018529	4.56982658434	-0.344881462781	1.37636493627	
1.59138295499	5.02026633657	6.22236502606	8.90740274746	4.45700742323	8.6157805987	6.04382395751	1.43199233071	7.2059182986	1.35704752825	8.61486945421	8.79607923385	-2.77210503802	-1.05085863897	3.33163759617	5.05288399522	
1.59156854855	8.9962520026	5.82604949603	4.53540835364	8.99999839496	-5.99418666918	8.58992641958	-5.99999524379	3.23430648693	-1.15276118648	8.48545323829	-5.99849645226	-5.99999985167	-4.2787405982	7.27877821626	8.99999977967	
5.37219050888	8.91686526949	5.54681195238	8.11605812825	8.1349013275	7.63641688533	1.59083834915	-1.61041037626	7.12329340599	0.220311442713	5.63387976173	-1.53844685929	4.31480762112	6.03605402016	2.4489403325	4.17018673155	
1.59081611345	5.13573943431	4.62620041924	7.19519835546	8.49004314212	5.91956970194	5.98772370234	1.87111887695	7.71695507381	4.23996357871	5.63356443187	0.730097937793	0.39803621748	2.11928261653	0.533949455722	2.25519585477	
2.1574674647	5.7027123516	5.46772254647	8.03639864781	8.69087750264	8.99999977123	1.72848705819	-0.967043257597	7.13163593119	3.19464938016	8.99998732133	5.09440856986	7.27875224749	8.99999864654	2.9689023203	4.69014871934	
1.59084100514	5.12831520006	6.41416591301	8.99061313729	5.36076390492	8.01305651458	8.52268089567	2.7761813691	7.09391320046	-5.92482934132	5.63355739646	-1.94410136278	-5.99999993211	-4.27875353306	-5.99357703612	-4.27233063707	
1.59076647792	5.13572384334	6.36477611328	8.9337383699	8.91758764761	4.38753257297	8.93168111397	-2.52380208751	7.08710277026	4.29327291013	5.63672114472	6.79564799403	7.27682878517	8.99807518421	5.29628995361	7.01753635265	
1.59077602809	5.1357226788	5.20547380874	7.77444822648	8.99262610282	7.18678910815	6.59751094491	1.70486303507	7.1792591841	-1.05287039797	5.63355739898	-2.48441427761	-5.99819999352	-4.27695359447	-5.99961208542	-4.27836568637	
2.80877737466	8.99999998963	8.98846612795	8.90669742681	1.61712157712	4.98791551566	6.45502655785	4.34431333348	4.43005362744	-5.65576723664	5.6334167974	-3.83997104102	-5.9957264895	-4.27392644731	3.43753308543	5.15861413759	
5.16175137093	8.70670326566	5.01879446804	7.58776362263	8.99816380166	7.41137662885	1.59088270739	-4.58631798579	7.242939259	-5.99985657356	5.63355743248	-5.99148809631	7.27874241516	8.99998881421	7.27875311445	8.9999995135	
1.59094168302	5.13581077207	4.55604338082	7.12509555424	5.02926502759	5.62587555681	8.88584613885	4.50781592396	8.09672430268	0.591108574518	5.63355805297	0.130084961158	-5.54290559646	-3.82165919741	-5.98087749734	-4.2596310983	
1.59076902296	5.13967625399	4.53359223642	7.098606296	6.90142440367	8.68707245039	7.00776625142	-0.344278683268	8.39130743584	3.59903443118	7.63513408754	8.99997932365	5.65527417897	7.37652057802	-3.89635235512	-2.17510595607	
1.59902238188	8.99998565865	5.63091804795	4.34257397405	8.71325990346	7.0219676387	5.33120294687	0.435859557671	3.2540853229	6.15159690126	5.84405601353	5.10206958602	4.83054344589	6.551579621	2.92384301066	4.64542751161	
1.58829700191	5.17845954396	4.89675229183	7.41234503111	8.4519683518	-0.588039031879	8.61625093598	2.67941082661	7.22957179363	2.12517206237	5.62157881027	-5.61626226346	-2.64082476993	-0.919577692415	4.20982714246	5.9310733824	
4.97998925243	8.5216124336	4.54338364172	7.11525539689	8.99999474502	8.36470510747	1.58169015204	-2.21234294603	8.51783700612	8.99999976875	8.83852507012	3.4681914209	-4.81234133531	-3.09136920306	-5.99999999763	-4.27781874433	
1.5909667264	5.13590961168	5.04452108925	7.6134992582	4.92625837253	4.6968713112	8.92817845259	-1.51998700078	7.23180093578	-4.33829618378	5.63355743621	1.30959346553	3.73618805508	5.45743445413	-3.39623301764	-1.6749866186	
1.60333522609	5.13825032783	4.5174380066	7.09644420472	3.97030463243	3.46209862505	4.37196245044	2.74057237402	8.99557468406	0.473304993205	5.63355743803	-4.71811886208	-4.93005840253	-3.20881200348	7.26614077442	8.98738717347	
3.75272276001	7.29767475149	4.74615668339	7.31512595608	1.59376721947	-4.27443664035	8.5921713132	-2.10964417893	7.8615682238	1.77413126656	5.63355752611	1.40706878597	6.01285013168	7.73409653073	4.02268765391	5.74393405296	
1.59240636323	5.12564825452	4.59236353748	7.17304292308	4.02423169394	6.86923418834	5.6559841332	-5.95666888417	7.86491944131	-3.62126371344	8.97480835695	8.99703855115	0.116634507611	1.83788090666	-5.99584701111	-4.27460061207	
1.59076734781	5.13571911693	4.51725689872	7.08622643123	6.90240376271	4.09098875541	8.15638398372	-5.48218951476	8.99999887761	1.1815706798	5.63497554865	5.67104089308	7.05169491444	8.77294131349	7.13754842792	8.85879482697	
1.59052162424	8.99999925453	4.49505227047	3.19531730537	6.39075614653	-2.25094145138	3.68296819823	-5.61042996141	7.38821056243	2.29201202289	5.62728535252	-5.6704647772	-0.663284066177	1.05806158764	-0.378167799494	1.3429181316	
2.25349626602	5.05691894182	5.35375259625	8.66425109547	4.66628137601	8.99986918728	1.69955647033	-0.113345704576	7.8899976557	-0.70310071265	8.72641527735	4.79020441286	2.30883413258	4.03008053163	-5.92205143238	-4.20080503333	
1.59113151511	8.79612298963	4.54366455016	3.45622663194	5.76278663469	-5.59071358358	7.75035448504	-2.1609786002	6.56819994101	3.46464332857	8.97828132201	-5.50920804906	-0.635650001842	1.0858021996	-1.30308639324	0.418060106559	
5.61831342494	8.99997337968	6.25639585901	8.98865678829	4.38441235825	8.03119492046	1.59151447532	0.915723380458	7.25214740888	-5.99976070324	5.63355742488	-5.94185676204	0.179058950123	1.90030534917	-5.99999938642	-4.27875298738	
1.89261416557	5.38072965481	6.35610881845	8.98191460023	2.19928892793	5.10773718245	2.2846283988	1.30470575286	7.14406824943	-2.55491156959	5.63356002782	-3.03604369895	-5.99999997952	-4.27875358047	-5.87694610585	-4.1556997068	
1.59079100057	5.13574296494	4.54703719672	7.11600650528	5.817432968	-4.33112249649	8.99799316934	-5.99546836802	8.19161894491	2.16225130645	5.63355745482	1.47643288034	6.77189161791	8.49313801696	-0.703667682813	1.01757871623	
1.59956152236	7.44581083683	6.75254316251	7.02021500867	3.43905843912	8.41601834227	7.48404522957	5.21098608976	5.49626966492	4.05995308496	8.56178729092	6.80023418665	-2.01177276988	-0.290526370834	7.27872065747	8.99996705652	
1.59869632623	5.13997908548	4.54194969403	7.11458822067	4.45965028162	6.8046710678	3.36690808281	-4.10264283849	8.26080131021	-2.6722816465	5.64022437457	1.55638777602	-0.433664676692	1.28758172236	-3.50898125354	-1.78773485449	
6.63428032522	8.63929395652	4.96605775727	8.99999976875	8.55359934117	8.99913776562	3.82061854663	8.90487280046	8.99999976878	8.99999978426	8.64556779937	4.59425712546	-5.99983846782	-4.2785920695	6.94094441373	8.66219081277	
