1.94029817027	5.27392513515	4.56818648321	7.34848078184	8.07710344299	8.99991697107	3.59873525643	3.683082123	8.20950253452	5.56337100953	5.76889109683	1.4112123164	-0.543167711149	1.1780786879	2.08364895311	3.80489535215	
1.77055956842	5.26975266855	6.24214694311	8.85687538011	8.97313393057	8.40043381254	6.12907828149	5.8390218358	7.13553870766	6.1504849054	5.76759365239	1.61875390184	7.2737160521	8.99496245115	-1.62010377975	0.101142619301	
3.61114318758	6.97210394718	5.29447458277	8.04743504751	4.30520969114	8.16972500807	1.59852974881	1.41458723041	7.34457885976	1.78407868127	6.41290243703	2.296179942	7.18348600478	8.90473240383	3.38436893001	5.10561532906	
1.59107847157	5.26648540132	4.57099106435	7.00950540849	4.73424525806	7.20130044431	7.44646109407	1.33655928589	7.93468977557	4.08609627743	6.23257186712	7.72736214207	-5.99999979015	-4.2787533911	2.06852801217	3.78977441122	
3.71554326735	7.23721616466	6.40465569928	8.99690423448	8.76420010413	6.1416226574	1.59547221915	1.23544762616	7.24709892898	8.33440364817	6.51066598819	2.40931318125	-2.32786344234	-0.606617043294	7.20514451836	8.9263909174	
1.62681601935	7.38196451012	8.05991725759	8.4132657307	2.68399805889	8.99817762358	5.7404994552	-4.18953272425	5.13520741706	2.64637940721	8.88198815426	8.99357869275	-5.99999976921	-4.27875337016	-0.559660902838	1.16158549621	
1.59104789163	5.24501432488	5.70155713502	8.16151170754	5.17110904255	8.47228488753	5.15129714631	1.19205510504	7.00154339231	2.29738821739	7.4722867451	6.83785848473	3.32860026766	5.04984666671	2.40924310098	4.13048950002	
1.99327161646	5.31870159501	6.06029386172	8.84878519747	2.45814363502	5.77325312808	3.23999713873	3.29187956376	7.76022583368	2.71360095943	5.75800288136	1.44098585795	3.2201217363	4.94136813535	3.80098699576	5.52223339481	
1.63978645682	5.26935806769	6.49951697438	8.98386684907	7.49723132807	8.9999309086	7.51422332126	6.59154002283	7.00099705371	4.07092426436	5.76772338148	2.12112999746	2.49596303949	4.21720943853	-4.77831112784	-3.05706472879	
1.59307485529	8.99913562527	4.51199463718	3.21985039045	4.58008894068	8.99999978245	6.22496949522	3.8562556846	8.52723426506	2.96527471921	5.70631945029	3.22043220386	-5.99999969347	-4.27875329448	1.21296103174	2.93420743079	
4.44993601054	7.98946665145	4.67534871291	7.24973929849	4.4888602947	6.63237817661	1.59214132678	1.16416119085	7.73020051046	4.06926725325	7.29315841174	3.24190397896	6.40032890101	8.12157530006	4.15770970351	5.87895610256	
1.64647195579	5.1789413569	4.65922492613	7.24067665023	3.15344832995	7.05379175321	3.45569514507	2.41101757732	7.68727570062	2.26245676075	5.84366420861	2.41616763831	0.891360729543	2.61260712859	5.18223162284	6.90347802189	
1.61274290024	5.25480408496	4.51286885733	6.98155086857	5.83481068203	8.47263490806	8.999999893	7.96056597417	8.43097948364	4.44532625913	5.76627954781	2.16654470209	7.27874266618	8.99998906523	1.49860115891	3.21984755794	
3.70445628999	7.04108945032	4.95733118426	7.73461891867	1.5996109066	5.88705137227	3.49755420882	1.46149491907	8.08349218651	2.07573926276	6.31349235325	4.07321438977	-1.69177467719	0.0294717218586	7.27875254589	8.99999894494	
1.59094926288	5.26961803016	4.5928101532	7.0280626724	5.03686279613	6.42987521078	5.90910710295	1.15115085604	8.44140244187	5.67011327571	8.12811790148	8.2677009643	-0.785400988907	0.93584541014	7.26397556813	8.98522196718	
1.59268369143	8.99982857647	4.49073061803	3.16068232971	2.31356029301	4.96773822001	7.33783593841	-0.787281893147	3.40370069356	1.24585402811	5.96173533678	7.61767146289	0.0427121142801	1.76390947853	4.95786429057	6.67918762036	
1.8930883746	8.90024894085	8.94937690874	8.05613727216	4.27006285427	8.69025420984	8.99910480841	8.99163974832	3.61876914871	-3.05741986849	8.99993692744	5.26674956274	-5.98926762683	-4.26802122778	-5.98857535068	-4.26732895164	
1.57917115182	8.99999942368	4.69133342775	3.373477357	8.2220513605	8.62234106723	8.99999947181	-2.54627780244	4.37139227178	8.99999995347	5.62149137038	6.14952602181	-0.717777453733	1.00269538054	2.60079001071	4.31666141286	
3.03123238511	6.54261131274	4.73553083934	7.33807330702	4.45124455841	6.49538917147	1.61513302456	1.28389229701	7.66141878428	4.07170744808	6.34553685628	2.22569425701	3.718342945	5.43958934404	-5.83315447259	-4.11190807354	
2.47442590645	8.72303360795	6.78689951613	6.65221146047	1.92283634063	6.34302083134	8.36988851373	8.85793694343	4.37962904493	-2.52357157956	5.88697168132	1.8852882711	4.15152727867	5.87277367772	-5.69165968113	-3.97041328208	
1.6508661627	7.00865757498	8.27278552143	8.99509957731	6.2374256693	6.31050882175	2.49707226496	0.295520923921	5.24066723239	4.59317191496	6.53280049081	3.32618405568	-4.24092297346	-2.51967657442	4.06095944428	5.78220584332	
4.43467831458	7.97970423201	4.70251508918	7.27141041012	5.3882674328	6.15562013267	1.591682199	1.14926912971	8.0981813982	5.81890758386	8.92995615889	4.88764032801	-0.268022482125	1.45322391692	1.36888272898	3.09012912803	
1.64675970423	5.13580906841	6.36028342014	8.9851491225	7.00726421654	8.99989055173	8.99994019168	8.138631834	8.01659830329	7.81840643677	5.63362650629	-1.29619008513	1.28744637689	3.00869277594	1.20177291822	2.92301931726	
1.90123683178	5.26925712094	4.52192103627	7.26782074153	6.69921597342	7.90177787092	3.88714016122	3.90733650046	8.98437905704	6.09396619589	5.76710195043	1.4397745014	2.30516128982	4.02640768886	5.58058201147	7.30182841051	
1.59094030772	5.2697424214	4.75496891804	7.19008796782	8.99999998936	6.41380287359	8.49575263522	5.09955893731	7.49143336607	8.69948758249	5.76763129631	4.54531806228	0.0741957069421	1.79544210599	2.27063474325	3.9918811423	
1.59076522364	5.26973880337	4.51673759232	6.95168531509	8.99086187568	8.30414002629	8.41206962856	1.25514964881	8.99142222821	8.30017247801	6.43110208548	8.96934382528	7.27875336964	8.99999976869	-5.9999997696	-4.27875337056	
1.59086427446	5.25720829133	4.5738835748	7.0214608159	5.29195688178	8.3033003813	6.30116605286	1.27945118407	7.84237294041	3.44042806082	6.41119017978	6.82685658464	0.366094516313	2.08734091536	-2.35941928072	-0.638172881668	
2.95449419732	6.41868406987	4.72892337924	7.37865482134	3.02482122013	6.520804608	1.63727979519	1.33305935108	7.71233918812	2.62360003279	6.34796065381	2.24828689373	7.00336939577	8.72461579482	-5.99646362844	-4.27521722939	
4.37549027042	7.64785840345	4.9426773042	7.78423010624	1.59153830283	5.9055566466	8.62735684508	7.54670185257	8.12730240289	2.02870732295	5.63404021234	2.50262202967	6.18545342068	7.90669981973	3.36786710467	5.08911350371	
3.17340140086	6.5001829635	4.57321143584	7.36035137377	8.19742023286	8.99928821329	1.6170899674	1.71388279491	8.18151464265	5.6494829644	5.90568731046	1.5424081059	0.397844056642	2.11909045569	0.940481731883	2.66172813093	
4.09474794484	7.59574283303	6.30146485095	8.91439097601	2.89614046953	6.35950515079	1.6148012959	1.19946363241	7.21016062495	2.19084467839	7.49225979649	3.46689896062	4.18234457057	5.90359096962	-2.82206447972	-1.10081808067	
1.59135464268	7.6680546647	8.96820493921	8.99999929313	4.5414623758	8.93871379485	8.99999999947	4.39755991315	8.999999966	8.99999996601	5.63259605039	-0.153496456504	-5.91459082888	-4.19322272967	-5.99999999824	-4.27865047495	
1.63112547427	5.08533508443	4.61147677576	7.27118817449	2.65803864988	6.81635005199	8.43077876733	5.96185491598	8.00098740599	2.23994069347	5.85978039775	3.93479007848	4.72804037778	6.44928677683	1.76907393787	3.49032033692	
2.97365085701	5.9127199848	4.72735689146	7.90220895551	1.61856081532	6.03449485354	8.08177069754	7.77821595233	8.99999955361	2.46618969558	5.66062086939	2.08540137324	-5.99990771699	-4.27866131794	-0.716221927784	1.00502447126	
1.59078494838	5.26974992424	4.56641143485	7.00136772801	8.99167647266	8.27038787257	6.19594362736	1.5033157445	7.88330558777	7.22661399671	6.02108206115	6.09504033609	-1.54393138722	0.177315011825	2.27132805371	3.99257445276	
2.04169001718	5.63463912475	6.39213859416	8.9131107417	4.8165000737	7.28577143925	1.83387631127	1.15410097229	7.04725587375	3.1139869723	8.79875067309	4.94587357003	7.27834940273	8.99959580178	-1.53739177556	0.183854623489	
1.63341427228	5.22608385784	4.63195226113	7.15320387702	5.09783946371	8.64622552334	4.10389531506	3.10153621356	7.65210090182	2.63943950766	5.79069962734	2.26068430787	-0.00289079997568	1.71835559907	2.94386081227	4.66510721131	
1.76349957179	8.93680345823	4.73064832099	3.67126584369	2.08524748012	6.50543463205	4.53723226025	1.83104049159	3.8553949498	-2.42262297896	8.99719496233	7.56456251751	0.86118307205	2.5824294711	-5.99966930297	-4.27842290404	
1.63799075909	4.71101806869	5.95471540823	8.99560931874	2.57834673671	7.00876776022	6.87850982327	3.04431832347	7.58552711639	1.17118751806	8.61555606459	8.43701626625	6.84643277952	8.56767917857	-0.632870608657	1.08837579039	
1.61952848027	8.99997081881	8.76074853167	7.49356928655	8.94842093441	8.99999999963	3.97144352558	2.53892849402	3.2454643292	3.59332626328	5.6361514566	0.673371041247	7.27707547669	8.99999968073	7.28234494283	8.99999853774	
2.60034233905	8.9921164273	4.53019019215	4.2523366991	4.57977253805	8.99996406927	5.34894039887	6.31318870768	5.62094557021	-1.76236115376	8.89717930491	4.89942862141	5.39908881872	7.12033521777	1.83971827728	3.56096467632	
1.59077733116	5.26954929916	4.52270396393	6.95785329502	6.15260807912	7.37846043112	8.99963051222	2.72044832832	8.9999074071	6.39588206744	5.77946696285	7.44017230002	-1.80283209648	-0.0815856974292	-5.99989182473	-4.27864542561	
1.5909463153	5.23615543406	4.72122827908	7.18994033298	5.34058540636	8.76801390349	5.489750739	1.53748943189	7.39899739754	2.5598328521	6.04398048687	5.41132816626	-3.34215282108	-1.62090642204	3.75615458646	5.47740098551	
3.27285388993	6.77565420888	4.70035715899	7.31147801861	3.15748386107	6.61753889944	1.61570234207	1.19488247906	7.70399422886	2.68979247019	8.93216465918	4.91048130281	-1.53972530668	0.181521092368	-5.23549099148	-3.51424459244	
2.15458401136	5.73972840997	4.65611318056	7.18488276419	7.84247484578	8.99999957765	1.7703925829	1.15185175351	7.58980176559	4.96057171707	7.7426761519	3.84893296874	0.721614825137	2.44286122418	1.02607426885	2.7473206679	
2.12793119483	5.26890067405	4.57684745573	7.54979924207	6.77995045769	8.98850219773	4.17961076326	4.56627313798	8.34400120199	4.21947396798	5.76846124274	1.30112444893	7.07477599538	8.79602239442	4.10283852751	5.82408492655	
1.590790504	5.26348346614	4.69571475795	7.13694300414	5.98457021423	8.69578145742	6.49852468626	1.17382612375	7.41641039636	3.32094656104	7.20208765168	7.91438895807	1.23895850887	2.96020490792	0.565657407415	2.28690380646	
2.7334310399	6.27732014335	4.5505407799	7.12057296436	6.18974441867	8.99832437726	1.6348509068	1.16675578878	8.15483406355	3.8331970966	7.56030206951	3.54480420031	1.82556584744	3.54681224649	-0.984866528794	0.736379870253	
3.00408012026	6.5269796921	4.57343251773	7.16445432289	6.6868415322	8.9956559579	1.61533240215	1.24300200308	7.9839377862	4.14107720324	6.49309651257	2.40282302579	4.23737373853	5.95862013758	-4.22489398824	-2.50364758919	
3.03102305977	6.40426497573	4.85236054191	7.59303992929	2.06903988247	6.10828134279	1.80075665826	1.40706427866	7.8470856027	2.12414010119	6.42665958198	2.50740599835	-0.292207433211	1.42903896584	4.89756968456	6.61881608361	
1.60441479742	5.26974475343	6.55140864079	8.99999976375	8.94726701326	6.25892899385	8.99999975666	7.50409702998	7.06479423462	8.36151533875	5.76758417648	2.65845436989	7.187190175	8.90843657405	2.91415496937	4.63540136841	
2.28433669044	5.81525733187	4.70882187216	7.29182244329	4.71790556943	8.10573586495	1.72512291112	1.2169511435	7.53686578059	2.62301044392	7.01709399263	3.05464084417	-3.99969682354	-2.2784504245	0.333138477457	2.0543848765	
1.65041385772	8.99994624071	4.60240859884	3.36679767131	3.82531853618	8.24550845035	3.69106163001	2.79482406554	4.00234072227	-2.36232272648	6.70006087123	3.54412564552	7.26101617941	8.98226257845	-3.44875520831	-1.72750880926	
1.6406911412	5.2326281262	4.70417676812	7.22616094648	3.44052300743	6.97392512684	4.88755076522	3.91041014467	7.53123998113	2.5328299044	5.782771931	2.22827073436	3.17355226309	4.89479866213	2.68572898095	4.40697538	
2.95467123026	6.44132119301	4.72272006989	7.3499914084	5.13782317813	8.53426307751	1.61900759359	1.27108304222	7.55566281307	2.58892717995	6.55837917732	2.47994948987	3.44838745956	5.16963385861	7.27610864477	8.99735504381	
7.26062816421	8.99909199065	4.66066634905	8.99999976875	7.05558029716	8.04480468263	2.82467155826	8.50579689407	8.99999976875	4.5283071723	8.95875300435	0.794120687258	-4.1375261824	-2.41627978335	-3.73688229264	-2.0156358936	
2.94219637945	7.70574421855	4.78542817091	6.13367178995	6.15330994142	8.99997997525	7.44295045005	8.77459079516	6.91128412324	6.80377052632	5.63092270411	-4.44760006908	-4.59650153219	-2.87525513314	7.27875327955	8.9999996786	
1.59102120356	5.10541781612	4.68431913201	7.28384361104	4.89813083602	8.95108577378	5.82038010506	1.39276796134	7.5968149751	2.00131140274	8.98620722502	8.9597183658	1.80870869173	3.52995509077	-0.653354245759	1.06789215329	
1.9726174781	5.38553916822	4.60571886307	7.30671847108	8.78342090354	8.95913139085	2.22140409881	2.14834839777	7.92584773325	6.10611386818	5.81341136043	1.53384057523	1.98637709151	3.70762349056	-1.91972491106	-0.198478512016	
6.50490602786	8.99579853634	4.75782578834	8.38085457224	1.59708693968	6.09800831772	3.4315167989	3.32187980133	8.99999973065	1.93302580036	5.66793070406	2.34697028207	-5.68412423199	-3.96287783294	6.62844176422	8.34968816327	
1.73109260267	5.2662650286	5.79711396938	8.37586259574	6.54345429013	8.99998260994	8.97299196669	8.55437963375	7.11404062367	3.13573972546	5.76884676322	1.71258201417	1.03179505477	2.75304145382	-3.99848146667	-2.27723506762	
2.15875852902	5.28241157915	4.87445727806	7.86472534611	1.90707296334	6.16016823792	3.08976970086	2.99058043459	8.01142386545	1.82503635804	5.78591082303	1.82174258018	-3.25855725866	-1.53731085962	3.32917498042	5.05042137947	
3.11001134834	8.9999980239	5.10381416299	5.3277479981	1.60443554364	6.02463612097	8.99562882783	6.8277095839	4.86433611148	-3.02870469622	8.99924391916	8.64335604893	1.52619802766	3.2474444267	-1.23532749872	0.485918900331	
1.59142018748	5.27005215092	4.89892410688	7.3342134496	4.48192472864	5.90129996387	5.3831016688	1.153788365	7.85210745767	5.05441823069	7.73960282552	7.35058012679	-2.19664321345	-0.475396814407	-5.42661419535	-3.7053677963	
5.45180960775	8.9966293209	6.03849917682	8.60760046978	7.09380239562	8.99999893989	1.5908278945	-1.72667708952	8.9999997652	8.99416049007	5.78263911277	1.20313554278	-5.99999770705	-4.27875130809	7.27706999608	8.99831639513	
1.64443626626	5.23534648163	4.6379999438	7.16101093733	3.00212769558	6.65105921589	3.46181197344	2.32173476371	7.80694516829	2.69197886295	5.81920171692	2.42866392664	-3.7707702268	-2.04952382776	1.65941598205	3.3806623811	
1.69149088781	8.82061060243	8.99173453376	7.97582644508	5.42507517223	8.9999673131	2.29227325586	-5.33167373403	3.63435764624	5.02272991146	8.99999652784	5.66386990343	3.73918130187	5.46068847754	3.38570857947	5.10674858885	
1.59228467993	5.1373155727	6.43111065648	8.99999977809	4.24418483751	8.99999977868	4.48766976174	-2.27127247951	8.99234258815	6.14496249446	8.99999640454	7.85385256431	7.27434846876	8.99559486781	-0.000810223664788	1.72043617538	
1.5935724722	5.24484145519	4.52846080377	6.99111310585	3.78179219706	7.12690126623	8.90859500676	3.17679701583	8.99527884879	4.24449364499	5.78140696552	6.92223097855	-5.08798022231	-3.36673382326	5.06683582373	6.78808222278	
1.59079771058	5.26974189502	4.69749593856	7.1324729423	7.90432320207	6.57600015223	8.18828165468	4.05097154931	7.5503643408	7.50068661137	5.7681274755	5.28678851351	-5.5587722858	-3.83752588675	-5.99333663821	-4.27209023916	
1.80712196611	4.76775811014	4.57289349699	7.72617863884	2.44564818956	6.86978930199	3.00195278295	2.54850496116	8.75776470471	2.2373134931	8.09227544605	4.6453833896	-0.917439909058	0.80380648999	-0.862226473585	0.859019925462	
1.6415309725	5.26147206175	4.7003369435	7.19431703586	4.98438641181	8.50320705066	2.71952051371	1.321379022	7.46101526442	2.50519005902	6.41940715624	3.25790344047	2.52656200792	4.24780840697	2.68724257832	4.40848897737	
1.59131061041	8.79995096548	4.51246190878	3.41774271571	4.50297700383	8.92316694977	7.48189347193	2.63015663758	6.38337457586	0.0487925894876	7.96924551729	8.73872300206	6.68702128621	8.40826768526	3.54588059761	5.26712699666	
1.60305785465	5.23986576202	5.80404227298	8.28115539699	4.30648546479	7.79319648254	3.32157117437	1.20279852373	7.01459808827	2.10774831438	8.81041989725	6.3526815532	5.64766690492	7.36891330397	1.63476802309	3.35601442214	
1.6199351741	5.27522728672	4.62233082613	7.08096001414	3.7579957615	6.2460167257	3.43761000856	2.10951310924	8.82440637105	4.93473239035	5.81872660713	2.551826614	2.19383776956	3.91508416861	3.5552715916	5.27651799065	
1.59076755568	5.26974169471	5.87551058637	8.31045857672	8.60101320656	5.73908360032	8.99540440307	1.56449758394	7.49856098899	8.98251868741	5.97804988065	8.79027790503	1.28361837453	3.00486477358	-3.55410618524	-1.83285978619	
1.66231060208	5.26981713187	4.8355815245	7.34199611833	7.71672826248	6.36170077519	5.35464540035	4.60720720585	7.45713101394	7.362719989	5.76773373009	1.96796067106	-1.23111889567	0.490127503375	0.220652636744	1.94189903579	
5.11847175655	8.52618342775	6.29378825395	8.99999795633	1.5947647404	8.89005447457	3.64839412891	3.21857004025	8.99999974512	3.36196303136	5.63356070518	-1.59052265831	7.27875336768	8.99999976673	-0.777160635272	0.944085763775	
1.62819365189	5.09020640255	4.81817191518	7.47008014769	2.67408415959	6.82278445593	7.4964813497	2.97577401891	7.51054129181	1.76690865999	5.86975395277	5.98874414489	-3.33505438366	-1.61380798461	5.49160390361	7.21285030266	
1.64840197614	8.91729205395	4.79054847079	3.63507859297	3.81309348033	8.05819546908	2.69342659884	1.24912689499	3.6795945238	-0.450733689959	5.64490734196	0.977805093258	1.13860844948	2.85985484853	7.27847189349	8.99971829254	
1.59272496607	7.93525514218	4.78169260042	4.55165094722	3.90013805313	8.99984965943	6.99236008814	-4.7048217685	8.9999811435	8.29669636886	6.54251212464	7.84678381123	1.1234415121	2.84468791114	-5.99947826177	-4.27823186272	
2.5552625874	6.07392323852	4.63934629959	7.23460687013	4.29205325086	7.70577247594	1.66012073027	1.1938815592	7.71479661593	2.76279101428	8.98366089063	4.99153679923	-0.811798666971	0.909447732076	7.27871806937	8.99996446842	
2.91203664431	6.37616457584	4.67607513828	7.32586860868	3.33881801488	6.52813715816	1.63303847421	1.38831013117	7.8504902232	3.06835349194	6.17851369022	2.01940960744	-5.56541967908	-3.84417328003	0.379979374264	2.10122577331	
1.60424196992	5.26972978124	4.55140014802	6.99983362648	6.33089521183	6.86862484893	5.88358311972	4.38115405692	8.39710925683	6.46792246033	5.76784984401	2.66508614823	-5.99998426782	-4.27873786881	-5.99599362931	-4.27474723027	
3.4108384636	6.54904099302	4.76401826903	7.73973700094	3.02157988064	7.13860158289	1.62248527847	1.70305627754	7.87140561371	1.83564087436	6.19603411754	2.0375562612	0.17790050804	1.89914690709	-0.928570805739	0.792675593308	
1.59075191075	5.26909776121	4.40213559257	6.83645541556	8.99548576678	8.42856217418	7.29124888932	3.18000107722	8.79035825393	8.16988803907	5.76840746748	5.79955992101	2.48996537968	4.21121177875	-5.99843421135	-4.27718781204	
1.6569031262	5.34925110449	4.63443089895	6.97761987084	5.42851643204	8.47318739688	5.81236923914	5.1209869597	7.25552896577	5.11081667136	5.60126948476	-1.18250394781	6.48542311485	8.2066695139	1.31829488253	3.03954128158	
1.5907698292	5.26974339536	6.34642746139	8.78137510115	8.83204581031	6.16177566924	7.91631916595	2.70990950859	7.08363115389	8.3759298532	5.77968290856	6.36741412715	-5.92192623189	-4.20067983285	7.27262562363	8.99387202268	
2.95380253329	6.19041176556	4.66824594151	7.5455579688	4.24990230652	8.38550672361	1.62529777426	1.47823966151	7.91124173333	1.95530043886	7.44816439288	3.41890940892	3.01050682222	4.73175322127	-2.16395035454	-0.442703955489	
1.95710056613	5.20968323934	4.5247969232	7.3861355286	5.32145349696	8.99541157071	4.13805035782	4.25780336414	8.91577558149	3.43745488059	5.79247024875	1.48042979173	-0.606893800055	1.11435259899	-5.99998128625	-4.2787348872	
2.85748626941	6.18945925396	4.9957623486	7.77771051223	2.71447906775	6.77050040137	1.6650940943	1.37868517394	7.50942337989	1.72842882165	7.85420747956	3.86893974267	3.44558737788	5.16683377693	-1.26350357034	0.457742828706	
5.0204475847	7.69587322902	5.02238522106	8.46088072422	1.59095934052	6.08992856449	8.87438550618	8.17930806156	8.3595091032	1.4790205005	5.63399002746	2.71393688876	-2.35809860066	-0.636852201612	6.37194408803	8.09319048707	
1.65869024176	5.13626950316	4.75446272274	7.39078549705	8.9999987342	8.99999889327	8.99999971806	8.22884847974	7.6591724475	8.58924227011	5.63403585738	-0.522231955043	3.47660541434	5.19785181339	-2.90821166157	-1.18696526252	
6.8542625902	8.99994058772	5.03175598099	8.99999930603	2.35559128612	6.77578415024	3.81650696699	8.99497505524	8.6364813889	-2.99688850086	8.25180513433	4.28987185187	-0.848393274027	0.87285312502	-5.99368846406	-4.27244206499	
1.59125776779	8.28281352546	4.51199573758	3.93436097852	4.57368116801	8.99387211863	8.93067334685	4.90507639224	8.99450515095	2.62035977113	8.99999869863	8.98300999989	7.23063406899	8.95188046804	-0.590496685553	1.13074971349	
2.75420609741	6.30476508482	5.70311662322	8.2664787073	4.05980402798	6.34174876967	1.63419202248	1.16166055097	7.1906363687	3.40230449868	7.40523737235	3.38750617409	7.2056283215	8.92687472055	-1.18399151702	0.537254882029	
1.61176230092	5.26993213217	4.52635643885	6.98210790268	8.99999963062	8.45858269662	4.94074044785	3.631525755	8.4729785045	7.61562038034	5.76901626948	2.48035611039	7.27872436084	8.99997075988	-4.53294653318	-2.81170013413	
2.07782353283	5.67070433044	4.74446025645	7.26550061798	7.1160041457	6.50671523	1.81061095723	1.15155006467	7.55724108583	6.70246439099	7.98383929529	4.11031591556	0.853229820914	2.57447621996	-0.344756561555	1.37648983749	
2.73257869942	6.22189221919	6.31763528112	8.9422431347	5.66599469793	8.99232093672	1.6390029487	1.29797984856	7.14361417643	2.24965606604	6.41887153133	2.33087648142	3.67440082244	5.39564722149	-4.58617407668	-2.86492767763	
3.84111564063	7.37736448967	6.23665547537	8.81432783264	4.71296965269	7.24568400305	1.59446700621	1.16949000494	7.10734849313	3.05393723038	7.23686416972	3.18588817398	6.64900500355	8.3702514026	6.2048656778	7.92611207685	
