1.64972867421	8.889073621	5.05739598698	3.92694533744	2.52823103131	8.99999976917	8.92109851108	-5.56910152501	5.62262882436	4.62101627779	5.97526884744	8.99999980761	-4.54995502628	-5.37098234041	-2.8789241089	3.60098954791	
4.44437187813	7.94787835926	4.6501359757	7.2605507137	3.42004136583	6.81852441285	1.59810880749	1.19269569747	7.78760924201	2.83568639298	7.94852529955	3.91072826967	-4.76007686509	7.48476206604	4.75834984992	3.23897170293	
3.74889930565	7.23658746075	4.7100643726	7.33629739075	5.00240191263	8.51648287978	1.59521619483	1.20984784348	7.5758027628	2.49246402044	7.88671429154	3.84469052595	-3.89537986999	-2.87383538589	-5.00092469407	7.86468835672	
6.49223444399	8.9313358415	5.15734166214	8.83216144834	1.59084247358	6.11916798454	5.37079586469	2.25496441018	8.49483759016	1.34866753991	8.99430146812	8.73132755152	8.95400921072	-5.99854284456	5.58811373235	-4.18938359041	
1.59106690448	5.25562969641	6.38428815308	8.8336465513	5.76307042228	8.8274630491	5.04297226941	1.47513294585	6.96746057568	2.5106856268	6.06832918188	5.03190112451	-4.74072626965	0.124227462171	3.62527191156	3.88989075613	
1.59125347252	7.70024156768	8.99999999999	8.99999999999	7.49802828509	8.89803998769	5.63322946211	-4.73190970958	6.0267724153	9.0	9.0	9.0	-2.4689484145	-3.61613104211	-5.95388693048	9.0	
6.85712637104	8.99998187152	5.02892326234	8.99998506166	3.94789172009	8.36807215292	2.25728204841	7.41578397789	8.64053331999	-2.67350247776	6.03364994091	1.77235327822	7.26637578494	4.88132302469	4.53739484569	8.80027255674	
1.62559075896	5.24685783858	4.60813625152	7.10079040176	5.12426671062	8.39109919161	6.88527031435	5.80522803248	7.71000075588	3.00749031531	5.77617336697	2.29524366725	0.240991108991	4.85041507736	7.32778699401	-5.69740626614	
4.87067240515	7.91475986842	4.56180579797	7.63163962866	2.4505194372	6.73367948842	1.65584613201	1.65682326323	8.98051714224	2.6844984127	7.44259614868	3.45782768522	7.65930629122	-2.44885141266	1.59849336588	-4.75324804376	
1.60104780645	5.23739079767	4.68368424899	7.16126243955	5.33187408491	8.81357672693	3.45481361623	1.44465795933	7.47638439261	2.57407938765	6.15086579658	3.58497410853	3.52343427918	-2.51903285091	6.12303035336	-1.86279260079	
5.27893131033	7.34465819377	4.95013306916	8.99832745921	1.59085444095	6.13423463525	7.70239533398	2.65246968052	8.99996647437	1.46536782603	6.91523221989	8.95972636389	2.48488508958	-1.37941311144	8.94806027726	-0.324506780174	
5.43767726504	8.98263666021	6.43077654671	8.99968818235	1.59082869062	8.99997112373	8.9841471015	4.03448872693	8.9999930619	3.49926761248	5.63355884315	2.67813043576	0.747978519189	1.98754339575	-1.84558687651	2.23105387785	
1.68005111961	5.273112597	6.47914163912	8.99999984558	4.00561028102	6.11334003528	3.72018165386	3.05140835682	7.18546271961	3.61384863947	5.77302933684	1.90903879246	-4.56570433008	6.15400366643	-3.2982240275	3.60259785524	
2.05389234317	8.70827397118	8.01975990502	7.47877394221	1.77606436981	9.0	9.0	-4.30066841975	5.77555210658	3.57581026391	5.67121839366	7.9512742339	2.61733370816	-1.26821858353	-3.13614275753	6.98028260789	
1.91543711698	9.0	4.50797791274	3.53443053183	5.8707003514	9.0	8.73446059615	8.78270807897	8.99444448777	9.0	5.63153869366	-3.54597643092	-5.63777320755	9.0	6.91350409535	-2.63018827426	
1.59081293505	5.26518101608	6.54206933037	8.98162242348	6.42346494653	8.9999998024	5.76506490416	1.15811872056	6.95577872833	2.99666638701	7.93875996591	7.93163383094	8.96206320853	-4.18857231911	4.58307065375	1.38633426215	
3.37227535315	6.89244095411	4.61515883146	7.20891461204	8.37232474929	6.56575229995	1.6012440725	1.24616019164	8.06160459719	8.33139694999	6.46515842956	2.36037237608	-1.59785822461	-2.18711019879	-4.69822380551	0.146602031967	
5.35292807416	8.82504299645	6.35546064877	8.99726724497	7.02163066311	5.5819010081	1.59088877131	1.37630898346	8.97776462641	8.83266372518	6.15731536638	1.96007554525	-4.74880505802	-2.91550343434	8.89236655492	-0.294007628531	
2.99517859709	8.92283450686	4.5156539569	4.70191875078	4.57687685836	8.99706837702	7.47034330663	8.85680117945	6.77395167595	-1.00421391278	8.80110364337	4.77603092195	6.76450013629	-5.99977495818	8.80561126247	-6.0	
1.60320164017	5.26974316848	6.38154522094	8.82892493616	8.33302505491	6.10493914193	8.31542628174	6.7785070645	7.11713373559	7.95481614043	5.76758312447	2.698255917	-0.991922489346	-5.30069074513	8.34277383387	-5.99106664747	
5.46148439473	8.99355970128	5.72574464742	8.30759063465	1.59089242545	5.60277689914	5.39325637306	1.16212664402	8.95479391948	3.41803563703	8.750871012	8.51022458411	6.78789495737	4.19304077163	1.31039429174	-5.94886774366	
4.79438304604	8.14038347146	4.91570364592	7.68362436477	1.59108378282	5.80448271276	8.98082876405	8.21198638009	8.90210034195	2.97775645691	5.63371254869	2.11684993174	1.72143468319	-4.08861497418	4.96221835538	3.53935626246	
1.65425696421	5.26647107411	4.51742379349	7.01913098229	5.90923561546	8.34125372982	8.96535582919	8.16226914387	8.98273404254	5.10598894863	5.76877156098	2.01994024998	-1.36108661153	8.99672138671	-3.43429711505	-4.81669934264	
1.59208299864	8.21781384238	4.51384502146	4.00203474785	4.57980175647	8.99999251544	7.18110974939	4.48025053312	6.37106651124	-0.00354761006025	8.99999974576	7.65863541234	7.86031440286	5.82552013111	-2.73171697436	-2.40692378856	
2.17733568719	5.73108168318	4.73687215976	7.29704751294	8.96084968873	6.49477969522	1.77496751624	1.29900953356	7.61649344681	8.5793639283	6.30185506055	2.28436255277	8.57377770395	0.0884002735931	4.19691668955	-6.0	
5.46569946486	8.00646515295	4.74054137942	8.3136968747	1.59087093459	6.11029371412	5.57837289327	4.31692634848	8.9999903725	1.96438821647	5.63675859173	3.41773448919	-0.376742244801	8.99054480283	-0.34606548388	-6.0	
2.06855290127	5.36610485365	4.82090829743	7.6372774623	1.77581262775	6.0834396862	5.86785463767	4.4937830526	8.02057826405	1.95355799082	5.73785297576	2.87466797322	-5.96014735553	0.387350323021	5.40901348968	2.7502772253	
1.9737912691	4.91764631853	4.53356570317	7.70363169207	4.70073938258	8.99975895286	8.83965754553	8.99002446791	8.99999920291	2.58788954134	6.02859857093	1.99467226994	-5.56497627113	-6.0	-5.78432888433	8.99996152746	
3.9081574554	6.62298020388	5.60100617892	8.99998445015	1.59372315388	8.8591276565	7.75670528145	7.30864652152	7.95280949177	-0.193505204189	5.63215674715	0.953071002306	-1.34691815493	1.82931375079	6.41192351746	-3.76630159601	
2.20711206383	5.5873505088	4.96161393071	7.69529651806	1.72428230649	5.93165273416	8.78883095459	7.76231414614	7.92128189121	2.03720467313	5.69293721896	2.39951104941	7.70443986381	8.7013576648	-2.49645428887	-1.90248406905	
5.00238062094	8.22939640871	4.93135733462	7.81826252039	1.5909591321	5.9185188778	8.90860072119	8.08665336524	8.16308600358	2.00559714219	5.633683498	2.28890996318	1.63912793463	2.71074784555	8.94915175586	9.0	
5.18803195091	8.62978042349	4.70074921612	7.37292193336	2.87750130909	6.65355764573	1.61397358281	1.25631623082	7.75248727587	2.36123328175	7.65403032628	3.63023541356	1.49173579972	-3.41024387627	8.72444793576	1.94121894413	
3.5376509902	7.08250783517	6.43118601186	9.0	9.0	8.95856708453	1.59615975869	-1.7875526252	7.27967501382	8.74771257599	8.97619499217	4.93719435743	-5.72639364111	-4.52358509704	-0.737757140799	8.83483458886	
3.23906258267	6.67842950926	4.72889198006	7.40344622185	2.63001181634	6.45561202898	1.64781014922	1.26250870503	7.76609286498	2.32291339061	7.7333859964	3.73961679273	-2.42572787482	-3.69262764553	-3.37368653499	8.37687365118	
1.59126945578	5.26978808513	6.56459812444	8.99999910191	4.52784390762	6.10811994951	8.44126301642	2.0402669293	7.10094849547	4.14224529608	5.82732662112	7.61010187131	0.101187711337	-6.0	-1.10013886773	5.77981832542	
1.92953220776	8.99925896702	5.06498844152	4.10918303742	1.86349248444	6.28368821302	8.98787156891	5.48794730957	3.69879864933	-3.0136830135	8.93562687085	8.73117577258	8.99887732926	-5.051629779	8.99861834249	4.53720059319	
4.12990886018	7.67524686555	6.42795325286	8.99653738607	5.77419914742	5.579591767	1.59250524266	1.14915100315	8.99997958995	7.68297361345	8.99965099161	4.95857244876	-5.99994203351	-5.32306007986	0.822664993541	3.6311850788	
1.72061662797	5.31093434194	6.43655491812	8.96015852202	5.76710260468	6.11403373585	2.63422419053	1.98909694291	7.18861331685	5.3750548599	5.83535538459	1.9504600077	-4.59307343484	0.43110071773	8.16883847783	-5.60213453991	
2.02584697694	5.26939456595	4.53867674931	7.40905045308	5.54335046741	7.05651542088	8.22607716311	8.46234002546	8.95018426819	5.62362180564	5.76770822308	1.34819286395	-5.74571374037	8.54508041071	-4.61783612446	7.84187167078	
6.3175902334	8.99999991986	5.11819650277	8.54970778099	2.76198850984	7.18218071111	4.30368871217	8.99927584657	8.06706952196	-3.03223886162	8.44837554926	4.43524098815	1.02381950312	8.62840046917	-4.94104458851	9.0	
4.40718560147	7.72630776312	6.20453621239	8.9993352112	1.62471966651	5.90849948211	2.7239801787	1.51021852354	7.58901880948	1.5674153836	6.20692777221	3.16186314334	-5.97629331339	4.91744247809	8.19218468161	-6.0	
1.71663452118	5.26985373597	6.35211700844	8.91281949261	5.04215238123	5.58053263738	8.98327938056	8.50925173413	8.99998499699	6.957878625	5.76754240671	1.74864581531	8.02355043893	8.91820217738	6.72290387939	-6.0	
6.85475083154	8.91621010093	4.94035862329	8.99282070285	2.03907177719	6.15492912494	1.78211057676	3.18589478367	8.99905189513	1.88770837686	5.77600525883	1.37105724022	1.20021092442	3.34143155385	7.40924868882	8.99980686025	
1.60121244128	5.22452609493	5.48666853737	7.97727591039	3.4083372657	7.01395422338	7.44103164215	5.38312307654	7.06906044701	2.02981216031	5.78519187583	3.28008218021	7.56878376589	3.62354573115	7.44155675945	-3.9288998468	
1.59090714023	5.23190714549	6.3397658097	8.81268695704	5.08340596521	8.56037528993	7.58705907537	1.2178769004	6.9918684221	2.09895433831	7.211503846	8.99998103304	6.00105135848	8.99954276548	4.55272000493	6.97025495727	
5.1051803259	8.6217263831	5.35773316693	7.95510716534	2.78578147287	6.14213505527	1.61960159261	1.17754241761	7.33839409575	2.44163899824	8.99999991869	4.98581067145	-2.02987424122	-4.71033857291	-2.73851852883	-4.89177567736	
5.00569531141	8.55061704983	4.70114731855	7.27014678562	8.6303604506	6.42356490371	1.59099279104	1.14923992008	7.75195221411	8.44672301342	8.87294741532	4.83007506644	2.75422266368	1.76510128305	1.68694080233	-3.43533359394	
4.8476792443	8.39103370157	5.21739614243	7.78796304984	3.6346144628	5.67355951949	1.59504030176	1.15418617595	8.85295600425	5.30041895584	7.71672786911	3.67452389806	-0.369883872907	2.16176728941	-1.75032590938	-5.99142206673	
1.6083175279	4.87769169935	4.60721606133	7.45176287433	4.61400618317	8.94435442059	3.8068393494	2.33737078495	8.06324891377	1.94532926481	6.28542788905	3.54581846958	8.24036781804	8.32050342248	5.20303078373	0.555064085435	
1.65526183096	5.06121579003	4.66354603143	7.37151340801	3.02338205705	7.22077071681	2.82974812727	1.53172209102	7.78492930644	1.9365478895	8.99873277059	5.95110145604	8.33012550934	-1.0670844624	4.53351953481	8.2223539836	
1.61158537614	5.26973806614	4.55142039905	7.00718898773	8.99999974978	7.84370592906	8.9999999968	7.69118554847	8.05669728898	7.81419286997	5.76756610638	2.47852845858	0.301957132146	3.40940296091	3.66325368659	2.34044716886	
3.17380367349	8.99983527337	5.33363964834	5.62152893414	3.39933719592	7.81952873955	3.35259271584	4.90899576489	4.8708584202	-3.0715495661	7.44473468812	3.41390351407	8.55187832371	-5.84034276048	-5.13657276062	9.0	
6.57082134621	8.9799992402	4.90493935071	8.60967919103	1.75696376195	6.17716083648	4.51918768636	8.99999972824	8.4419508458	-2.90423081227	7.47423177887	3.92275349184	-2.07923755947	-5.65718278729	-5.84848031328	0.53349957598	
1.59088489983	5.26739291911	6.30758214806	8.74499575528	6.0391054068	8.32772018232	8.99999898382	5.37992609146	6.95718164316	3.28812390169	5.76844256877	4.77230803286	1.27193673471	2.44447946374	8.82874288379	-4.69231156429	
5.45133233065	8.99191070735	6.40022668123	8.97356958433	1.5908271249	8.99835853156	8.98727037611	6.99402312138	8.88623743235	3.37905910485	5.63355735577	-0.270201490645	-5.24586767821	3.42730407178	4.82242675599	6.21644861108	
2.55173212784	8.64207473318	8.97694783305	9.0	4.59332443098	8.99984914888	1.6468462163	0.630767108673	4.53368788331	-0.86163125967	8.98816723341	4.99681441248	5.37898105604	-5.99378655947	8.98943735398	-4.26902309747	
1.67816127745	5.23160075253	4.78340925344	7.34389093235	2.3303624736	6.28411891448	5.58879480356	1.29204223212	7.63785133592	2.18058864384	7.95195339321	7.75556238181	8.20096378471	-4.05051177123	-4.6192675189	7.39364945663	
4.95946577782	8.45473560986	4.52678086029	7.14543244195	7.22686042457	7.26973922774	1.59104971919	1.31243615372	8.99835748191	7.39380294509	6.27100424981	2.11464350214	0.1290771942	-4.13582073067	-4.70924163646	2.85885945567	
1.76462259289	8.99965916669	5.88848866633	4.76737349463	4.38731030948	8.80750182008	8.4155726424	8.08513915275	3.40952099103	-3.13797672668	8.6610400629	5.12214377856	-4.53115682757	-5.88966722679	6.19587769005	3.18886898026	
1.59926395183	8.99999818962	5.18598644971	3.89917360096	4.56444032167	8.98458299867	6.32723711295	1.28331958773	3.32856473015	-2.56618512764	8.47348183702	8.99528856903	8.42444763763	3.16719562361	2.20431915604	6.06418757375	
1.97215671666	8.99995937954	4.69068542499	3.77679664623	1.85098494757	6.2711540385	8.95584560574	7.84082001108	4.07011680989	-2.09873793592	5.76378756204	2.63084958495	0.56657154642	-2.58175554341	8.990088375	-4.4324388168	
1.59107708898	5.26714674772	4.55465733232	6.99250895776	4.73494926786	7.11315792247	8.446085174	1.41603106422	8.13690035881	4.3778161337	6.11090008252	8.52517993938	-0.216033515998	-5.99629617635	7.52156511866	-3.37352747069	
2.4873322869	8.99483126155	4.68510513349	4.29152608346	4.35061979657	8.77081135764	6.35481633086	7.19109159275	4.6015490228	-2.66670594134	7.90116237686	3.91630578104	-4.93168822507	0.414451755758	8.18579740295	8.65663677811	
1.59712339243	5.27440131583	4.69327914221	7.1299205306	8.98784666248	6.60586311403	3.56031719804	1.16044996227	7.55162986529	8.55399560717	7.33461159994	5.11779197092	6.11517951147	9.0	2.16081406118	-6.0	
1.59077248865	5.26935960228	4.52672357684	6.9620577594	6.43483667136	7.94069753347	7.3731220089	1.2132191924	8.48340867175	5.59919022577	6.63226243067	8.17387299506	-0.792970085345	0.904904932547	-1.58700660103	8.02373976575	
1.94315622989	8.99999991774	5.06388865579	4.116412163	2.69551211687	8.99999982343	2.69321015688	2.74963442505	5.88514661766	5.03854488907	5.53027642992	-5.99999978014	-1.81851493767	9.0	-1.84198663775	-6.0	
2.8725575051	6.36605309631	4.78849895767	7.4089245146	2.78862164345	6.386879363	1.65357332344	1.21359704066	7.62880290373	2.46709470518	7.69115198738	3.69792885501	8.89104198691	2.95834056239	4.37639740693	6.68930309019	
1.5907731164	5.26974104907	4.62181826312	7.0567716312	6.45342386233	6.23800141765	7.31799236628	1.57647604413	8.98466341707	7.82210857295	5.9707478953	7.09359164826	8.8205931432	2.55767347652	4.74213197481	7.62703120884	
3.1485262859	6.52046741345	4.95273894536	7.69471878483	1.60659008422	5.86372908621	3.68893560164	1.32862172578	8.13908951791	2.19694527129	8.99995276929	7.04862207869	8.97758815126	6.40680194916	-2.2253062762	5.00005791064	
1.68271045563	8.99999806264	4.82350058304	3.61611241741	2.30688189139	6.71560209244	8.12800586382	4.41910423985	3.56327096222	-1.22397113826	5.63318367016	3.72786694385	-4.04123151379	-1.96231285367	8.1338975887	-3.24779164484	
1.66230612234	5.26976209157	4.53926558205	7.04573088217	7.88592702264	6.86625650603	5.89507177931	5.14796004516	8.99995389849	8.57013445134	5.76762685801	1.96757745184	2.31658616704	-0.761841020818	-5.5353464487	7.54765308664	
4.10401778957	7.61875183767	6.40081336078	8.99999885363	5.32936153997	8.54999440357	1.59270372739	1.185892433	7.11728321727	2.35443768949	7.47865799692	3.43103367311	8.54903090743	5.44708049896	3.37359047483	4.886556093	
4.88992834433	8.40595520043	4.51793205358	7.11582656749	8.99245543479	8.86813222738	1.59108238557	1.24934015181	8.99322852268	7.5766329897	6.452765987	2.33877694181	2.87400901235	8.60066282766	-1.0155536598	-1.29664856803	
5.34267627043	8.67167423851	4.52122409898	7.30614757047	5.82465473518	8.4827706712	1.59096047708	1.67380428216	8.99999845061	4.61393530123	5.92690015326	1.57535356203	3.17174195034	6.30269467773	5.82267808461	5.36454185471	
1.59076845405	5.26974192196	4.69058543134	7.12553317566	6.99882922573	6.20428303098	8.60423961906	2.97122109309	7.92331173739	7.33988638548	5.77417091225	6.78851109107	4.38669995635	-2.3097474701	2.2144525275	4.51520964315	
1.59910493247	9.0	5.57655199449	4.28953250785	6.56488591872	9.0	7.33129512143	-6.0	3.96403205358	7.17327967852	7.22780012126	8.91742591306	6.00312895666	-0.300742868153	1.3703749787	-1.80100931427	
2.38092140521	4.6997017509	4.96618293544	8.76132384085	1.66759010887	6.20230610752	8.84380761305	4.67557063784	8.68807373454	1.41519187382	7.71056973165	8.62032259899	-1.06888618835	9.0	-1.35838463229	5.17130738388	
6.59440471215	8.58970517755	4.75445968453	8.87308041303	4.63309679066	8.99980393673	1.59123188497	2.79306608706	8.99972716578	1.57137495012	6.34252477938	2.20568580623	0.631962602059	8.84600305737	6.30434196573	-0.068811122108	
1.64083103788	4.96456858803	4.77300567105	7.56318912027	4.68348940414	8.95620529991	3.03033003029	1.93610913269	7.64768099848	1.64175698645	6.34979327412	3.18057279677	8.78567479589	-5.98988857139	-5.85382868679	9.0	
5.98214413383	8.99653316567	4.99698995647	8.09651913077	5.97907694199	8.98918314422	1.59084376399	1.9699391519	8.40192610176	6.47758107131	5.63372507675	-1.8278259749	-5.52310079524	-1.8138457049	8.61971416575	8.53796776342	
6.79294782263	8.9999997686	5.0931134441	8.99998300599	1.59082541646	8.99216733876	7.42268450539	8.74003826233	8.99999973222	1.84893956017	5.6335570008	-1.93073643119	1.44327564978	2.72516018828	-2.52868446732	8.13484401309	
1.75128880819	8.99999826386	4.93570231852	3.80091441465	2.11536340943	6.53553895656	8.75148277349	1.99294181064	3.58269413707	-2.54431120653	6.04867902519	8.51739215076	3.9443721143	-0.52772564876	8.97224113151	1.85076516132	
1.59664993319	8.72578774205	5.48759804383	4.47163281198	9.0	8.81448502478	8.49433195201	5.01741123421	3.84875464618	9.0	5.63547388589	-1.84881107288	7.17737587884	3.29915784023	8.99378224779	8.48399985786	
1.59107230842	5.25767556804	4.63246132578	7.07977928274	4.76903247122	7.77101506208	7.72341005311	3.34771937989	7.58646938942	3.19414514136	5.77489471511	5.54427721027	8.50843500654	-5.74561681899	0.104294742784	-5.99766451047	
1.73861894525	5.13594574765	4.55891292323	7.27568303773	7.68448537114	8.99999421011	8.99999976875	8.61420773671	8.30284220209	7.77767258691	5.63395057098	-0.780255643481	1.32666087555	0.267744885141	-4.52465754302	9.0	
2.01452265482	5.56858518263	4.62498759796	7.18484630717	4.22156552871	7.69636610424	1.86078824483	1.20749332199	7.72621849696	2.74853427818	7.59541965145	3.75494826852	7.70516840539	3.53670569426	0.967458485609	0.742549811315	
1.60833228894	8.59165303764	8.79446438721	7.91974545725	3.10010708324	3.84576848254	6.62240343604	-0.572514568842	8.86720134082	8.50483595258	8.01557176116	8.9999997686	-5.3148389356	9.0	8.19074073398	-6.0	
1.82559350606	4.93427709041	4.87625045097	7.88148780494	2.83313032181	7.13892357235	8.93599865801	8.7276539771	7.78417245538	1.53011753064	6.0050455536	2.16500250835	-3.84783632144	3.88426357697	-3.95681262856	-6.0	
2.22302236405	8.99977712575	5.43667624394	4.77384270438	1.70884868433	6.1290464571	8.9994334228	3.48579015462	3.90415900783	-3.0551268292	6.90415219091	8.96024069793	-5.92210864133	9.0	1.52904055435	7.07345140749	
2.85114176449	5.13585658555	5.01352349697	8.84273059744	8.6100399886	8.99861739672	7.74348459165	8.97933499011	8.99999773085	8.93674638455	5.63368453585	-1.92424035344	-5.75811262196	-3.16260642209	-4.22665039946	7.35171840975	
1.59095015082	5.26987722124	4.65205828693	7.08705245214	8.99437780572	6.6212540301	5.09601113587	1.14915601749	7.67510259911	8.67020749224	8.99736980586	8.32559389205	6.09533489295	-6.0	0.0727814613548	-0.143943222929	
1.59076691374	5.26974331678	6.50004256797	8.93498725602	8.3607286118	6.00209847281	8.54923098561	1.28057836852	7.15394657305	8.13460701633	6.35002717593	8.99999976907	-1.02023794231	4.31282156205	-4.42377592279	9.0	
3.27532563422	6.73818016716	4.75549261394	7.40655937734	2.85699167507	6.46396188491	1.62902978968	1.29089196914	7.68329950864	2.48223803759	6.55511525279	2.49069435012	2.68476057573	0.713780224878	-3.96275620343	2.01347404434	
1.71740245371	5.26934894398	6.37030032843	8.93227502334	7.03052707516	8.54451287699	7.36941267875	6.89903196702	7.08049337643	4.06150918706	5.7677258878	1.74645513377	-3.64618311916	-1.42053152488	-3.6010385233	-6.0	
6.35231737368	8.93238468889	5.45742008478	8.99127320147	1.59081238652	6.01102084473	5.95045021662	6.39008391988	8.09813273754	-2.7547413117	8.99942756226	8.99579162937	8.97055940201	-5.96285545244	5.37317310354	-6.0	
1.79091573105	8.99999977763	5.68539097458	4.5880504881	2.03012018924	6.42643962901	8.58187812873	3.9579075678	3.43243147143	-1.27479482195	5.63304800718	4.5724403874	-3.91004696141	-4.38595790285	-5.7901731691	2.5224990008	
1.94512503178	5.49008382733	6.43103590068	8.99999868781	7.07101768165	8.99997179633	1.84436220101	-1.96537678131	8.99999969294	8.9794674685	5.92959118886	1.83425626915	0.617459913178	-6.0	-5.56846852172	9.0	
2.21686480224	5.73965298831	4.69831377577	7.28944697436	5.69840915541	8.877772704	1.76126232111	1.3322113708	7.56109443588	2.84757355355	6.29112694412	2.2576852047	4.64111729514	-0.451136649991	8.64595283289	-5.78802406871	
3.96345706205	7.23683253545	6.0423423616	8.88288802651	1.59262314437	5.9298940887	6.13652446174	1.46744271737	7.62424229556	1.50340117579	6.63513104079	7.09113303701	8.92166887654	8.95478874637	2.31933843978	-0.416228028889	
3.9367254014	7.19856575945	4.90867905528	7.76075957898	1.59272804002	5.93731347738	8.09851291713	2.01040514361	8.13199235991	1.99230236236	5.76853000547	7.65509265982	8.91119206133	-5.96922980067	3.83422387194	-6.0	
