1.59073906773	8.99975171911	4.51200616258	3.21691762668	8.40510099639	8.77745135746	7.23151810612	-0.749632892112	8.86096186728	8.90945631081	6.77502367461	8.33865250652	1.87358592259	3.59483232164	5.05271933978	6.77396573883	
5.0957022542	8.99999987715	5.85948988775	8.06910840607	2.68053296396	8.94386702999	2.29517563089	5.65795408229	7.44699779037	3.29066731352	5.6335577982	-5.83286939487	-5.97019204251	-4.24894564346	5.12897533397	6.85022173302	
2.92340462247	8.99259025746	4.51703582665	4.56174871732	5.85938674103	8.94521356407	7.68807561992	8.99999210353	8.99999948919	8.3638592575	5.63355762596	-4.1247494311	-5.99989911727	-4.27865271766	-5.99994809901	-4.27870169929	
1.59426338989	8.17135007035	8.12538701601	7.66222145333	3.93367403171	8.34113708045	8.21278762882	0.901371935308	4.04893691175	-1.11005128352	5.83366545996	7.89995659885	-2.79713338199	-1.07588698295	-0.494478005867	1.22676839318	
2.18572075152	8.95482779012	4.51199672343	3.85681101976	3.12462482819	7.54481663176	8.52261998891	8.97286831639	8.84957560299	1.88100018942	8.63366324798	4.73514845933	-2.53275690804	-0.811510508992	3.64893056125	5.3701769603	
1.59843558897	8.83044566026	5.56190754216	4.44381873727	4.08939840439	4.05157961903	7.18275759607	-0.661033116251	3.75274426338	4.1232603827	6.77722593667	8.29166934279	-1.39535150078	0.325894898268	5.75225559003	7.47350198908	
1.60091997409	8.99997062097	8.21950875471	6.93437923631	8.99156351405	8.79298140641	8.2853895902	0.04116851004	3.22695138258	3.84155331845	5.70692026461	7.53847173746	7.16594596998	8.88719236903	-3.37206160192	-1.65081520288	
1.6173108771	8.94622276418	4.82716426118	3.61217362437	8.72160828576	6.04621023757	8.99999962991	7.71801625563	3.58786452327	6.63321541389	5.63550010074	0.550880662434	-3.68191761785	-1.9606712188	-0.933824503934	0.787421895113	
2.97840540858	8.84622739647	8.74791777033	8.9940170042	1.61220511433	4.37578590573	8.99253429448	8.19496034409	8.80202761497	5.65607549619	5.63403508646	0.817330508304	7.27857878616	8.99982518521	7.27875336954	8.99999976859	
4.33313756194	8.99996027327	7.49892813522	8.94602187107	1.61038887849	8.85209575254	2.96415062097	-1.22966847056	6.13292729806	1.30121036523	5.6461657691	1.43333109702	4.20288602683	5.92413242587	4.07394549834	5.79519189739	
1.59770125041	8.84769741745	5.90943749952	4.77336267693	5.58706569564	8.93586435027	8.93059015307	-5.56866717586	6.67686652824	8.86998765318	5.90185825353	8.86253413402	-2.02300022863	-0.301753829586	-0.345243976827	1.37600242222	
1.73466835637	8.99999994513	4.63067313501	3.47926274913	2.25010478671	6.63850618223	2.84030510504	0.395942011881	3.98254691463	-0.630022058041	5.79170402153	2.46358484616	-3.34902649491	-1.62778009586	0.091406940204	1.81265333925	
1.59296741073	8.98122373573	4.62184806207	3.34751299607	7.65787157539	8.96590926007	6.3454929905	-0.245463197722	3.88839880469	2.9908333516	5.78890268072	5.97273675467	-3.6019912311	-1.88074483205	7.26635158548	8.98759798453	
1.6284248226	8.96408723229	6.79867102887	5.57692998573	2.79072953605	8.91855406363	5.64605441651	-5.98890617266	7.67406555465	7.17227765795	8.92199959496	8.93428490683	7.26540526122	8.98665166026	5.81127730839	7.53252370744	
3.50156459203	8.99999895667	4.99250154042	5.60798829446	1.60703655017	8.99994223921	3.20568480655	0.510959447637	5.33598785583	0.519111072794	5.63371439753	-0.244244508438	0.199529218894	1.92077561794	-5.64912289845	-3.92787649941	
1.60237046023	8.9997517452	4.56724153347	3.28378148153	3.21752446388	7.63480617326	8.97316551188	0.613896326037	4.15135183101	-0.928227409692	5.96542340965	8.99034021328	0.281679834777	2.00292623382	-5.69752822043	-3.97628182138	
1.59079309537	8.99346392916	4.51318722977	3.22443475541	8.99999973735	6.89901461324	8.95593210857	3.58424154368	5.88089371569	8.39970489621	5.63541185967	4.59262636155	-1.50101730317	0.220229095874	2.71033360622	4.43158000527	
1.68906815627	8.73567338119	5.67774278775	4.74505884741	2.30660068838	4.0322241608	8.54635981501	5.43239739503	4.07453304159	2.58857821451	5.63578150325	2.51342527695	7.25405248408	8.97529888313	-4.54983667272	-2.82859027367	
1.88401798255	8.36337263455	4.62712448876	4.26168847656	4.75107807117	8.99999910131	2.12091118389	1.70332963464	7.73913365846	7.71052168562	5.63355772349	-4.16581313879	1.75128306537	3.47252946442	3.78847266073	5.50971905978	
2.0208493947	8.99997495252	5.01901399702	4.15380961617	4.28743676677	4.25619704809	1.79977691802	-0.376986476637	4.17758106931	4.4140151224	6.08491908998	2.05983827051	1.92537076229	3.64661716134	1.58019192417	3.30143832321	
1.72233863256	7.74904906074	4.52894351474	4.61615437136	2.17377960977	6.57241329289	5.52208084989	0.616792954769	6.0314001059	0.724709083367	6.69920686059	6.5159021208	-1.96533696759	-0.244090568542	0.501723175633	2.22296957468	
1.5172593016	3.06197695531	4.57602851344	8.99987494475	8.99999977181	8.67362542086	8.99993871297	6.22325776341	8.99999976875	7.90825912908	8.7082935216	7.12395142169	-1.27012704678	0.451119352267	-5.71909557725	-3.9978491782	
1.60081654989	8.99992464429	4.66345477518	3.37826796251	3.38616677817	4.57481169149	6.20757852371	1.69429241706	3.97758698353	3.20486202503	5.63684130118	3.73755747322	2.36785620824	4.08910260729	-1.81867635868	-0.0974299596315	
1.71872425597	6.30242453779	7.46977924139	8.99999976854	8.94105442305	5.37231208528	8.99999974307	8.53477581333	6.28746579773	8.8201537789	5.6745159879	1.17914485045	7.16448498953	8.88573138857	7.27875337102	8.99999977007	
1.63361317768	8.49537798318	5.16616961607	4.41832607055	2.78308043881	4.40573809205	4.76064429504	3.18063802611	4.09987258995	2.61939709525	5.63681331436	1.07798744539	-4.86220024821	-3.14095384916	4.78249875929	6.50374515834	
1.59172844167	8.99999988025	4.80250460286	3.50800596185	3.51114595342	8.99999996562	8.83490751995	1.08739453782	8.99999420992	8.9999935988	8.9998681996	5.26210253773	-3.62693780812	-1.90570199173	-2.36354909642	-0.64229124566	
1.77778344176	8.99997373605	5.06557758357	3.95730855158	3.74179657308	4.00429784604	3.49165220939	3.18271764549	3.95089177463	3.92924473199	5.63543559672	-0.293134075896	1.94183527215	3.6630816712	-5.97640491428	-4.25515851523	
2.10273686854	8.69239489715	4.57884123285	4.10310452871	1.82966052892	6.24970331708	2.5956258065	1.31353487193	4.88239503093	-1.14867332312	8.92962762464	5.8260940598	0.0677523210882	1.78899872014	2.61954252349	4.34078892253	
1.88027280646	6.21517497956	4.5170342479	6.29605328932	6.34624602194	7.07091423169	8.98178859214	8.95841440424	8.99634359407	7.03256342832	5.67884504086	0.944681416968	1.05387848643	2.77512488548	1.65790756984	3.37915396889	
1.63952947415	8.99926079871	4.70489746618	3.45908742694	4.55411723416	8.97430812862	3.76046834375	2.76724304314	3.71150975113	-2.67829302493	8.01765009995	4.98383726198	1.46261819041	3.18386458946	-1.34492183792	0.376324561129	
1.58553816215	7.72461643227	8.37968491174	8.35786057086	8.99999976376	7.96424660896	8.40003992741	2.11441364404	8.98459407913	8.20641916323	6.89512524503	8.99999859541	-5.60780604453	-3.88655964548	7.17867582225	8.8999222213	
1.7726099028	8.99721940753	6.17511209874	5.06442378284	8.90898830011	4.5369310935	2.23090796137	1.40381359369	3.48082820687	8.15168354	5.63892047534	0.170566815172	7.278471804	8.99971820305	-3.5226467184	-1.80140031935	
1.61372185118	8.71982639449	4.58761046872	3.59542717725	2.94076497989	4.58467791884	7.79988989596	5.51626147034	8.79476130885	7.4192856467	5.63603380649	1.65457483551	5.22612078393	6.94736718297	-5.7990261271	-4.07777972805	
2.92797235439	8.96600925903	4.5215741235	4.59745849449	4.01442351969	8.41852660027	6.27538202795	7.59039680859	6.24905405963	0.197151225906	5.64354632037	-0.0203186741486	-2.37179817164	-0.650551772592	3.54330246142	5.26454886047	
1.59156113409	8.99977315718	4.52004426253	3.22575348858	4.44893113966	5.51491026709	6.69330357568	1.22946184674	5.51123978655	4.86576030026	5.63964500963	4.68633714316	2.23517219821	3.95641859726	2.2110453322	3.93229173125	
1.73031544251	8.99952034594	7.49493805418	6.33965403938	6.66604489724	8.46430082933	2.17967556405	-5.24050194544	4.23652235309	7.48392212207	6.12676879453	2.50463779299	2.74132313765	4.4625695367	-1.24535035923	0.475896039819	
1.70102094643	8.37065414838	5.82826278865	5.27254904379	2.28340795562	8.36866532986	5.72647039213	4.07001383664	4.19813109771	2.10368324691	5.63355771737	-2.69744579434	1.16627473916	2.8875211382	3.10806029457	4.82930669362	
1.59153774804	6.83710173832	4.56437996415	5.43273727507	4.36356782817	8.78375958876	8.85518127697	4.71559462787	6.32484812409	-0.0493908228005	8.8549656908	8.95194929408	7.15051668067	8.87176307972	-5.31306747254	-3.59182107349	
1.61235998026	8.99999264665	4.5636086438	3.289897211	6.91802515449	5.07436379072	3.69366086078	2.29606407074	4.36164387329	6.60709287036	5.63576241215	0.634921600911	-3.8734575466	-2.15221114755	-1.02166587821	0.699580520838	
1.59297908638	8.81249094852	4.51202358045	3.40643316865	6.96107812189	7.86814369406	3.88807791066	-0.514131393684	8.96293119845	8.38225987438	6.1190018836	4.19816649284	1.13475947037	2.85600586942	-5.98611570349	-4.26486930444	
1.51162542723	8.99912221575	4.30436839171	2.87065561996	3.63881867308	8.10992226857	7.61964821065	5.63615503033	3.2834556576	-3.1434559373	7.52845537281	5.5123936279	0.544265752399	2.26551218548	1.10301134885	2.82425772807	
2.35241829178	8.99999936433	8.28488762633	7.75080734804	1.79059789481	8.93811545369	5.31412255856	5.38553759865	3.95636428597	-5.92802850641	8.68022688391	5.34465052871	-4.49792820786	-2.77692655448	-5.99913868133	-4.27768905776	
1.60390048082	8.99640593591	4.44127837699	3.12141116	3.66090713319	5.12544573412	3.21360850616	2.19278021944	3.83148947812	2.84636133752	5.58126124741	0.149085831688	2.58012685238	4.30137325143	4.11188471582	5.83313111487	
1.85131864368	8.99999965752	4.68220686816	3.64744710666	2.21093616726	5.30849645975	2.78282738524	2.19841185951	4.00128059697	1.13393679291	5.63582492257	-0.00662601115749	-0.796240995164	0.925005403883	-4.35825468153	-2.63700828248	
6.7844473938	8.9999963957	4.79730985777	8.69568195015	8.98361968577	8.99999999999	2.23667068227	7.31909433396	8.99999999747	8.92413386036	5.63355759045	-5.38603425177	-5.9999998496	-4.27875345052	6.69983103539	8.42107743443	
1.59929113998	8.89786062992	8.98973509311	7.80508679227	4.54984830041	4.1351495353	8.99988124786	3.12786186013	3.52219705383	4.30279294779	5.63566239517	5.14513488709	-3.17114067497	-1.44989427592	5.48492708273	7.20617348177	
2.14463696948	5.30307274435	4.53499556897	7.49048103952	8.40477068932	7.43510080791	1.81614679162	1.46874846079	8.99999976926	8.28459470375	6.49895961306	2.53478298722	4.08320180336	5.80444820241	4.0998059421	5.82105234115	
1.70667063233	8.99999967661	4.5119923227	3.33258431486	3.50751675441	7.927705735	8.93539985217	8.39790309633	8.99999976624	2.59502682664	6.38381939812	2.90945050759	0.028264438619	1.74951083767	3.67520355956	5.39644995861	
1.86906067907	8.99985065559	4.5136921587	3.4968234607	2.29096935451	6.52339009947	2.36848542093	1.67541742592	6.02741339992	1.81048918476	5.63989402508	0.320815549187	3.69726742429	5.41851382334	0.69858780623	2.41983420528	
1.76173733489	8.99973004011	4.74606440416	3.62199292348	3.12135475186	7.54145628985	8.89671222523	8.52904804951	3.76814991809	-2.17336682293	5.75804553863	1.65047506903	1.33398816227	3.05523456132	4.76965026453	6.49089666358	
1.59342466361	4.64197528347	4.53261968568	7.59799018169	7.01096371409	8.02049742083	4.28775783161	1.90237657397	8.99946840699	6.36506241029	6.14888926975	4.16249330777	3.60226221343	5.32350861248	7.24902100024	8.97026739929	
1.593571948	7.94362071156	4.60322351734	4.36709605072	4.40536747466	8.82424604206	4.04780254198	1.06265338447	4.99832363884	-0.734015287484	8.99941999825	7.30137949979	-0.738714608502	0.982531790545	2.23727253162	3.95851893066	
1.77555515541	8.99996486486	4.58149187031	3.47100356536	2.34179971891	5.86120194641	2.36999255433	-0.660944243629	4.25239845249	1.03262381448	8.98704729027	5.7217063889	4.57448352176	6.29572992081	-3.53249020659	-1.81124380754	
2.39825305468	4.71517752585	4.83603012649	8.63302698584	1.83205570718	6.34902401766	2.6748207045	2.75666184446	8.83475880793	1.71536017861	8.22118915956	4.74512823165	-5.99969732936	-4.27845093031	-3.80110391027	-2.07985751122	
1.59581028472	8.85544826659	4.82612200345	3.68040525795	4.56166231221	8.9818005891	4.79636127513	1.88936415418	3.6545901116	-2.28118265274	5.97426968502	4.4002514473	-0.476941644406	1.24430475464	-1.96560453576	-0.244358136715	
3.63380783731	8.40806374987	4.51274878451	5.85241412536	4.5771145487	8.98300480011	1.60432929316	1.96253952619	8.61355114225	2.36586312043	5.81087753964	1.2978150993	1.21628310711	2.93752950616	4.24001784841	5.96126424746	
3.16677239859	8.96509379658	8.59914424737	8.91474417746	1.6027082777	4.6148754383	8.58643032516	0.166866531621	5.30658956608	1.90649612467	6.18915944091	8.9999995173	-5.9934613702	-4.27221497116	5.14246912899	6.86371552804	
1.69635614524	8.99999986751	4.73976229454	3.55003982187	2.33670217025	6.3267031365	3.4144981676	1.65850456063	3.7134154529	-0.0124780191174	5.63789010182	1.13312625459	2.50074588817	4.22199228721	-3.23218902024	-1.51094262119	
1.66434335948	8.99999548395	4.5297394342	3.30800859375	3.78440256415	6.13891850089	2.53676640382	1.15939530302	4.72568956696	2.74475985776	5.64086048595	0.647995460075	1.29160742451	3.01285382356	7.27872339609	8.99996979513	
1.68736601424	8.75489443986	4.53249520283	3.57888806443	6.73796240762	8.50224650719	2.2943308901	-0.595233888104	4.89474673294	3.3804047052	7.08755100747	3.73052372844	2.11823561004	3.83948200909	6.66398372439	8.38523012344	
7.02630281848	8.99987997484	4.78317279503	8.92351663086	1.59081843439	6.01101951307	7.46395469924	8.97266479715	8.98543841523	-2.72301414906	6.33514151909	6.11803328728	7.08589303201	8.80713943106	0.565236958471	2.28648335752	
1.61318467397	8.99989803404	7.15610434623	5.88331253625	3.14521688915	8.98610771013	8.94608970855	-5.81128584822	5.28025571288	5.18131195914	5.9419421196	8.96077147399	-5.76717188972	-4.04592549067	7.27541564438	8.99666204343	
1.73050660558	8.90542088918	4.64614499762	3.58515203701	3.60847012675	4.58041944002	2.291909935	1.23006016959	4.36350760286	3.67760789849	5.64117126766	0.420321420519	2.80847280552	4.52971920457	7.26215419472	8.98340059377	
1.59318286588	8.20907949121	4.7122802647	4.21030494472	8.97373961942	8.99781600631	4.01792373546	0.627407443589	4.48328952569	7.96762037689	5.63357270795	-0.480970548703	5.89811418487	7.61936058391	-4.69442206258	-2.97317566354	
1.61084751345	8.39287600384	4.86779689059	4.199689671	3.0031042982	6.5433371812	4.16941354739	1.05412712952	4.09814123458	0.635664609664	5.65167932467	2.69255952092	3.25534561266	4.9765920117	3.65759534581	5.37884174486	
1.62987181785	8.94562166757	4.61174676125	3.40991824593	6.15216128192	8.87865844029	2.67794634261	-0.730875816503	3.9979506187	1.64140603573	8.81720622684	5.85942577023	-2.26086494326	-0.539618544217	5.78986475103	7.51111115007	
1.59244498304	7.8011160117	8.99999075123	8.9052409884	4.32115402033	8.74132488636	5.77302986908	2.42215512745	4.41725661474	-1.89832185228	8.99999771146	8.24963011247	-2.01337039933	-0.292124000278	-1.96374239726	-0.242495998211	
2.41423382497	8.44174453198	8.91201885839	8.99832349225	3.04046231841	8.98320607482	1.69350474666	0.897667841451	8.46520219487	6.90719684336	5.63355840521	-3.95198569503	-5.86592102994	-4.14467463089	-4.97371273316	-3.25246633412	
1.77820538768	8.57923633953	5.66878109674	4.98167137226	5.77745240442	7.60646629134	2.58260158794	2.15589841834	3.8563444353	2.07539950349	5.63756088595	0.0195451783038	-5.99679182732	-4.27554542828	-5.95087296208	-4.22962656303	
7.00955710724	8.97674912839	4.78026870936	8.92699787587	3.82667796044	8.24685627357	1.59355986716	3.79230725579	8.99534782537	0.42021593947	8.9991989557	4.95875499847	-0.646758347584	1.07448805146	2.97909179471	4.70033819375	
1.61670605062	8.99653709612	4.5767800677	3.31087029745	2.85295917917	5.89942240787	5.2110845454	-0.718026263328	4.12208943424	1.47269834114	6.68772784488	6.22311655652	7.27356627835	8.9948126774	3.68260811018	5.40385450923	
3.33703053236	8.3915856236	4.84801100761	5.90737713893	8.99156792324	6.54478478924	1.60016168512	0.879359759156	5.85439400546	7.51888728578	5.81918703554	1.32562895448	3.59789527676	5.31914167581	-1.27078421628	0.450462182766	
2.24603491387	6.82362636586	4.51282550121	6.04915531271	3.28882869826	7.69273611395	1.7725352384	1.4311835279	8.88488170802	2.78909054768	6.68393892014	2.72052442339	7.04702710016	8.76827349921	7.17541558246	8.89666198151	
5.37199292943	8.99996422414	4.51970278506	7.00565282945	7.91896576403	5.856239426	5.21878826946	8.99983767928	8.93539944917	7.63805933352	5.63539323424	-0.782243589975	-1.45240076704	0.268845632009	1.30866740438	3.02991380343	
2.83218825184	8.9999998417	8.98521976287	8.93136744031	8.99928097066	8.99999625012	7.07708741678	8.2922265225	4.74419906023	8.96875960059	5.63356129226	-5.80360030146	-2.28486873848	-0.563622339432	7.27866594627	8.99991234533	
2.19314675177	8.99893463794	4.53587736372	3.84401054051	8.91648562001	8.87626779759	1.95496879864	2.059174513	5.09173063457	5.07351538431	5.63682918278	-0.405593208406	1.49494238595	3.21618878499	-5.99045590898	-4.26920950993	
1.5917110481	7.96574930341	6.53908318619	6.27896613201	8.99999733422	8.9999998654	8.82247507339	3.97109815571	4.45698599091	8.76988369114	5.63355763835	0.175456001003	-5.99999955129	-4.27875314189	7.27853822208	8.99978462126	
1.62822620615	7.53429810712	4.53613956018	4.74398892084	2.6737762431	5.65669148196	8.46299071407	0.199414900736	8.01393007246	4.69683311466	6.04600298142	8.64711064354	-2.54960696289	-0.828360563847	-1.85446112845	-0.133214729401	
1.60992658425	8.73075271576	5.34032595693	4.33342107975	5.01958431444	5.45140016277	3.08252429497	-0.62221081225	3.58595867057	3.43134588519	7.08738353555	4.51826564181	-5.95023548837	-4.22898908932	-1.52056328036	0.200683118688	
1.61191937532	8.99999901254	5.03557482151	3.76141651866	7.75610662576	8.99999262293	3.08897300342	-5.71284057226	3.75475440524	7.87110098023	7.25606533132	4.70099723726	-5.99177522833	-4.27052882929	1.46455452016	3.18580091921	
1.59587601144	8.99961363948	4.75855201003	3.4687356431	4.58983808446	8.88992688026	4.83413111887	-0.469906642575	3.58550309928	-0.603741128073	8.771698707	7.96824191672	7.09329307652	8.81453947556	-2.79309173163	-1.07184533258	
1.59121097901	8.99988379991	4.51199257976	3.21724103311	4.57980908329	8.99999971812	8.9584812129	3.06441181354	8.99997876478	2.65550286719	7.08455506611	8.90625978433	-5.9999993558	-4.27875295676	1.95302757658	3.67427397562	
1.61173607369	7.68754354975	4.51205339629	4.55016723756	4.17483026019	8.59499475304	3.8141960326	2.42126644117	8.40305465336	2.07084587818	8.9999903027	6.30831416206	-5.99125880952	-4.27001241047	7.03539199794	8.75663839698	
1.59940534231	8.99996988996	4.5119939084	3.22535059153	4.46821215769	8.83343970979	3.34553414339	0.248246274848	8.99178793952	4.58243630201	5.77800985094	2.92277185638	1.10627509984	2.82752149888	-5.65823640949	-3.93699001044	
2.03794199283	4.3072260748	4.87710632633	8.7217435174	4.22582896167	8.45415825673	2.18132741437	2.21266500916	8.60589883601	2.19991405233	8.27842587466	4.42809377154	-5.98582393242	-4.26457753337	-0.741725724582	0.979520674465	
2.59126829282	8.99713127317	4.58409047565	4.29214879037	3.96353071159	8.3683245975	1.86862947395	2.43512609589	5.03547442563	-0.507982742009	5.65001518199	0.225531858514	-0.825544551189	0.895701847858	-2.76593914906	-1.04469275001	
1.59273281376	4.27339804422	5.56287058292	8.99612804846	5.07684764284	8.99532589672	3.96888910924	-1.14681431383	8.39124628902	5.26553019257	7.35819447611	5.68447619012	7.27695355883	8.99819995788	-5.8486278731	-4.12738147405	
1.84667230077	4.67985213889	5.08248268022	8.36322420036	1.94579706113	6.4321225493	8.99355787188	6.81970836651	8.0222072682	1.32630372513	8.99999409006	7.38677160841	-0.776599654849	0.944646744198	7.27842143678	8.99966783582	
2.41692688523	8.7894164356	6.01162033671	5.75305226862	2.96192940342	8.98508530275	3.69937419324	4.42772318033	5.90930228416	4.59382977865	5.63355795065	-5.7991240906	2.19455709372	3.91580349277	2.13468308741	3.85592948646	
6.60106569648	8.54990717511	4.79880627727	8.96388605686	3.53298372182	7.91819783322	1.59579287389	2.49839763305	8.99999634611	1.75601256127	7.84321408319	3.80272902561	4.40412658554	6.12537298459	5.04045512331	6.76170152236	
1.60992310762	6.31791406625	4.96160145987	6.3675316997	2.95705171575	7.37680854277	6.47388174363	2.43347510589	6.10873864577	-0.223079886009	8.94667195205	8.90249043004	0.335210624152	2.0564570232	6.43603425529	8.15728065433	
5.97978272926	8.99564648111	5.72762593948	8.82568332766	1.59099335848	6.01247563757	7.92666370571	8.9998157382	7.65190900133	0.124505657147	5.63380948943	1.6699286724	3.35513263439	5.07637903344	2.17483413615	3.89608053519	
1.59155181425	7.88935859007	6.4269530384	6.24306745438	8.47032583206	4.54515143779	7.4443978316	-0.202438741498	4.59540128675	8.3883640968	6.94921864388	8.73161692198	3.07381418484	4.79506058388	2.93287095129	4.65411735034	
1.59300540787	8.93718496479	4.51459277295	3.28433478816	3.8944999691	5.89453451554	8.64717281558	4.38604161799	8.15490387285	6.54268438193	5.63553241139	3.51219837827	2.28309572096	4.00434212	0.058961403068	1.78020780212	
1.75214079209	8.99999970228	4.76124630474	3.62730969848	8.09782438915	7.80761241292	2.19080034975	1.06882338106	4.64972023242	8.95291777547	5.633559288	-3.25423800678	3.85054393324	5.57179033228	1.21734237228	2.93858877133	
1.59572798208	8.28512948067	4.82202457186	4.24654429109	5.84961573633	8.86132874122	3.64342329918	-0.182520127903	4.22873421254	1.27076847539	6.02367435231	3.79922067228	7.27875129501	8.99999769406	3.02505825328	4.74630465233	
6.68673598083	8.63646701822	4.79209644377	8.95628651823	8.99995006704	8.21669715407	3.87405561361	8.96775485645	8.99923418268	4.92749098862	5.63635410739	-0.598999012147	-5.88431545935	-4.1630690603	7.23972347871	8.96096987776	
1.60604418692	6.8913596598	5.22847402648	6.05707966967	4.63857436453	8.96263301671	3.21852587737	1.23235600403	5.43325230673	0.137779405528	5.81282530808	2.77375973677	-5.99999553624	-4.2787491372	-3.75292640008	-2.03168000103	
1.83031990688	4.30996016448	4.79266319785	8.42694423494	4.58029642226	8.99995807955	8.99999977215	8.86583942998	8.4694831893	1.85662616321	8.92785466168	5.25856030146	-2.59028768062	-0.869041281575	7.27872919052	8.99997558957	
1.98479743117	5.19486414973	4.82991215984	7.73376663601	4.59513166047	8.99994363784	5.48106182208	5.64980517172	7.70074075106	1.04354749544	6.33855538027	2.42554346488	1.01587221243	2.73711861147	-5.06264613002	-3.34139973097	
