5.34906979423	8.84206377463	6.37701025068	8.99793786389	3.36439835184	5.58102976831	1.59826025984	1.32047916574	8.99484763631	5.21426452884	6.25210136126	2.09718391978	-0.233777859506	-6.0	8.01148361261	0.860879828857	
1.99322335892	5.80641828293	6.74629314888	8.99250444731	3.9602825568	8.99999976774	8.18788154078	8.36039111323	8.99999976347	6.24789448968	5.59187320539	-2.84271264718	-2.60471753765	-3.78360797684	1.6722988876	-5.77981089919	
1.72919287133	5.15887630532	4.76059803624	7.44483571169	3.11123048162	7.0859092812	3.3122102056	2.80045387548	7.58830608817	1.98636562685	5.83548610363	1.97785442239	1.57479072978	-5.9992940792	-1.10722979427	-5.72711208906	
1.62348239539	5.03997600959	6.21239720658	8.90982448047	4.60885339724	8.77740777383	5.10037704151	3.98615897059	7.21843872329	1.40943285512	5.89528930652	2.65330945828	3.57345913425	7.47524683731	-5.91936909138	-2.77790936626	
1.64117622484	5.24700106114	4.66483788244	7.17293423997	3.33125466541	6.73978616858	4.05519221662	3.05000037318	7.65988009446	2.80022845751	5.78273876012	2.24240093547	-5.22493924582	1.02967768298	8.68247343112	2.44881419952	
2.11924121615	5.26974062416	4.52821582122	7.49163775913	8.98359556408	7.86599484126	8.6240475229	8.99999976137	8.97544632497	8.18660110935	5.76758307569	1.30142732098	-5.99974481188	5.63957911222	8.42584952496	8.99915234854	
1.59082319719	5.26438342291	4.65111943864	7.09148043281	5.48417937341	8.13140160527	7.05383992795	1.26778438521	7.5187946663	3.48818706606	6.41455490429	7.58734600625	-3.54724584449	-5.94893835796	2.84852455733	-6.0	
1.64416066332	5.26967527614	4.64453988592	7.13294647972	8.26017115878	8.99999155399	8.9999999352	8.11668776118	7.5810129881	5.40976232353	5.76760686732	2.08569950752	8.34196740807	1.53900293394	-5.86846251539	-5.73780221969	
1.64222568508	5.27618084003	4.55338030384	7.03334644028	6.46495238075	6.6659835321	3.42202618131	2.46016690892	8.95380945697	7.32978848798	5.78933342841	2.17753262431	0.74312659873	6.76911767585	8.64360065028	1.35241163437	
1.59348044862	9.0	4.53532163973	3.24307472434	4.41852310165	9.0	7.84560298961	4.71083920374	8.8802270317	8.73783201539	5.63371208787	-1.66764692638	2.68700862754	9.0	3.54647837416	-4.77571879559	
2.9011999977	8.48217733828	8.46639341498	8.99994090109	8.14732030903	8.99999821354	1.71371412079	2.3245989557	5.94803031853	8.99999999883	5.63010195075	-4.88447231689	-4.21930460869	1.98106023779	4.67117247091	-5.91680639831	
2.89893002086	6.44663401875	4.73194469538	7.29816190903	8.84950200846	6.47958196126	1.62067135666	1.16834839554	7.63963052786	8.50030867134	7.12616029464	3.09107522582	5.47998799648	8.97245673924	-3.17847129455	7.10819639399	
1.61585678919	8.43713873169	4.51201299171	3.80465219421	2.85426357035	7.27445622952	7.48099008362	4.71663833153	8.15494280934	1.7563491223	8.96427215599	7.71038444413	0.344512211769	2.95292317756	5.18478730334	3.2773308687	
1.6104909978	5.2247160905	4.70329281806	7.20298887731	2.94428643201	6.63959996487	8.6097596112	4.60961524597	7.57826005544	2.44022664359	5.78526419958	5.23147868208	-3.27428830094	4.17789245174	-4.75530140615	8.83999538811	
5.78529257157	8.99980664928	4.95280727573	7.85221420946	1.59082066628	5.96233987678	5.78315146256	1.4797785381	8.0433393918	1.82938809949	8.6474503988	8.79660555545	8.29964412899	8.0244248866	4.61374552284	9.0	
2.21207104965	8.99781564556	4.51245434625	3.84063122567	1.84933420624	6.26953002022	5.59760825829	5.53983847293	6.81758081728	-0.172771067922	7.59251007263	4.22379115757	4.57415221712	3.60983632947	4.26645162307	-0.083321113969	
1.59076815733	5.26848543197	4.89334766801	7.32955146975	6.98412169063	8.99993539325	7.98002787446	1.19395833431	7.18173904703	3.78669768576	6.79040211401	8.95904957463	6.65186883086	5.55994974021	5.62268568006	5.31813410342	
1.88832870599	5.13594269868	4.70938677109	7.57569528611	8.50222565395	8.99973086368	8.99999903582	8.99303585154	8.42495926582	8.98884845259	5.6337695368	-1.41731703269	-0.268449698618	0.407448451302	4.15672723478	7.22345043826	
1.69366012668	5.26848249232	5.47475112747	8.01384982439	6.27579286252	8.29601540397	6.82821881908	6.25523111925	7.10210519407	3.59976001627	5.76804341662	1.82650408983	-5.6060843579	9.0	4.11225814861	0.778582666323	
6.18085914811	8.3680985667	5.06721239482	8.99389094976	1.59079694144	6.01102116287	8.72620659898	8.99998591057	8.58045774157	-2.38270504344	8.72460275942	8.99711018853	6.61977673549	9.0	3.93096019096	-5.99966096161	
1.60060066137	9.0	9.0	7.71436150751	9.0	9.0	8.50356458758	-5.71612418985	3.52336264078	8.99521992315	6.24901561274	9.0	8.98576304329	-5.99916345833	8.22025710238	-6.0	
4.39497647099	7.94009990757	4.5177089218	7.08650678587	8.96790879044	8.55479288655	1.59169356481	1.14916184906	8.99999948717	7.90129187153	8.99649295945	4.95419847755	-5.77673094412	-5.99910148213	8.8056591448	9.0	
2.89112568651	9.0	9.0	9.0	9.0	6.17774300477	1.61360693468	-0.134091396753	4.51644312051	7.114090965	9.0	4.9806093394	7.49482969054	-6.0	8.80317651702	1.74176241583	
1.59088313163	5.13699892116	6.35063932418	8.91847012342	8.99999976875	8.83376895164	6.9970785046	3.29911039232	7.11385931116	7.81690839523	5.63504503387	2.79655455929	-4.71719476107	0.0455989270064	5.37819371707	9.0	
1.64447214621	8.99999709871	8.99963073791	7.75797466686	3.17240843361	7.59269271481	7.73123122705	6.62580112683	3.2701588864	-3.14115082726	7.05753739257	4.15734133176	-4.34662476091	-0.486231599739	0.435967935969	-4.97618276292	
6.26394396507	8.36461404839	4.98567851332	8.99892950352	1.6244276568	6.05194851079	2.71931012791	3.65251121766	8.99999885787	1.61620302876	5.67329800484	1.69972189609	-2.02364207122	3.89334144312	-5.41138709595	8.2410943113	
6.84204806358	8.99597446158	5.04069594566	8.99999976795	8.9716627398	8.99999976736	3.70990589346	8.95787872978	8.93341672513	8.99015700895	5.63339832901	-5.69620374324	4.41418137307	7.50205256754	-5.25230915104	-4.78547779504	
4.81756333324	8.36166135604	4.55138661273	7.12120987699	8.50554236115	8.89010095601	1.591116509	1.15234672433	8.14610623511	6.24869954549	7.8747087786	3.82967666135	-1.72645714762	4.89440004538	5.1675806475	-5.80673414673	
3.679024897	7.17493195871	6.38087953251	8.99889425257	5.84843409984	5.59173516956	1.59622685597	1.31577970043	8.55545087864	7.25111133761	6.26373323045	2.10856846967	-1.68921841764	3.86492794284	6.11532465554	-5.52315315042	
1.60028240373	5.14580411601	4.67308924351	7.14390602132	2.99333168842	6.54746659512	8.38534333281	5.3231333439	7.35482376442	2.45098962964	5.73292184778	4.25158037815	0.954972293291	-3.52716564494	1.36694428379	2.1971142356	
1.65933652064	8.97276077148	4.61703919144	3.41753608977	2.47709096885	6.89725248969	3.71042128735	1.42919908602	3.98036791334	-2.03005428936	8.27233038564	6.14716479202	-4.63236390916	8.20812809526	6.25885273769	0.651665760009	
2.76386795484	8.45820958057	8.58151616624	8.99997298705	8.98807156131	8.99965826511	7.77890716982	8.92680732611	8.9546751349	6.17001035464	5.88314588865	1.51275770532	-4.47537342689	9.0	-1.26302988851	-6.0	
3.62574249538	6.96801172421	4.91772953569	7.68938166286	2.39724879217	6.22565709397	1.67294805951	1.55541245323	7.69630844933	2.15322381065	6.06622261419	1.90178458853	8.78103106345	0.348591417724	-5.94143817072	3.80400297469	
6.90114842195	8.98070646447	4.74537866387	8.77974156297	1.59076928422	6.01096898136	8.99194200011	8.99999976885	8.92756282296	-2.75007829153	7.74726539139	8.99999957773	-4.24204926472	8.68828705567	8.0626470299	8.94830963673	
2.3582661111	8.9996971458	5.31315195317	4.78563817913	1.77603680481	6.19467712349	8.99416660321	8.99995637352	4.05931170196	-1.6722172497	5.6508239764	0.961271759225	-2.17328662234	2.34745177955	-3.10257413262	8.99835063347	
4.12557483972	7.67021183508	6.4307108573	8.99999349363	4.56237461071	6.28853446997	1.59295983569	1.14986142726	7.17970242467	3.94123159327	8.99999993652	4.95876116514	8.98679324969	0.0241148367614	-4.1972615276	8.94880613786	
5.13415853538	8.42282843533	4.54731500378	7.37256639691	4.90064325057	8.95474526033	1.59118654468	1.42345840998	8.44680306575	2.62442505474	7.02051728757	2.95987143226	0.428462751457	-2.0571234614	7.21376844996	9.0	
1.59206211846	8.99999978287	4.57392967085	3.27974621164	4.58602156812	8.99999770639	5.93933770303	0.698693890228	4.08738657643	-1.33565253044	8.74458719167	8.9982976369	-1.35644740948	9.0	5.99600333837	1.5076270937	
1.65458705046	8.92013183535	5.11673236329	3.96401790712	2.49374512679	8.36236532259	5.88368599348	-4.43073190853	3.54371232682	1.74753987159	7.7797713491	8.0250422085	4.34738472389	2.4243021476	8.50357135184	3.55079427018	
3.23512582955	6.66603502862	4.6201789195	7.30319096012	4.18763690662	7.98535635345	1.60652842998	1.26942276999	7.85919998376	2.43544341205	8.01540973355	3.98190256527	1.06943001409	-3.47566094981	6.58814041372	-0.939158767273	
3.19749330718	6.55229778765	5.01343079419	7.77254718599	1.60205826731	5.87688722925	4.6260633186	1.34529535423	7.98624531074	2.00927562303	8.99998645747	7.98624456907	-0.448528901566	-5.97176422889	3.19167817561	7.87827587716	
2.95740899499	8.99864960198	8.93305867303	8.99999968381	1.61036600691	8.99999998679	5.18898853428	-0.839439206903	8.9950210814	6.02692949901	5.63458265915	1.25046096953	-0.435260819185	-6.0	-4.56821954871	9.0	
5.65252010278	8.76103204429	4.57753783852	7.58294716964	2.26946428034	6.54051554314	1.69297880293	1.58563833143	8.99472378937	2.77523775856	8.85227354688	4.91139876616	-4.20292338694	-6.0	-2.90062481685	0.53594159544	
1.60037639925	5.27654721666	5.78393614751	8.22168671447	3.25721455446	5.59701312323	8.65366556974	5.17916636431	8.99220124253	5.27162794693	5.76518940038	4.62381332825	1.71145415554	8.95462571492	7.42409620374	7.8874868211	
1.69838657661	8.99999976427	5.1040740638	3.91651058719	3.9491069849	8.99999993602	2.16385878639	-5.9691186445	5.46166680785	6.07010585471	6.11128068155	2.57020416647	4.84693986321	6.16115724896	8.31906646294	-5.51584552294	
1.70151584732	5.26961005981	6.45055397522	8.99638128134	7.95987778182	8.99999859651	8.2515321015	7.714638531	7.06301390948	4.53404243989	5.76763049421	1.79672483642	1.0741343812	-1.31058228775	1.39113348645	3.943331513	
6.96665105088	8.99994448701	4.91937209032	8.99999976877	1.5908983913	6.01109794046	7.10775388965	8.96077709259	8.8082950155	-2.9368221182	8.62587360851	8.10111684223	8.69028207082	9.0	-4.2613971437	9.0	
1.5907679386	5.26974352901	4.75877413179	7.19371971269	8.2086117179	6.43724666656	7.0478432285	1.1841869891	7.47265562216	7.86605067669	6.8752833687	8.12025979604	8.66661045644	9.0	7.60756323978	-6.0	
1.59077571387	5.2697430725	6.56469676894	8.99965075704	8.99999976862	7.09213256669	8.99999976947	4.3027831845	6.96414915464	7.49403830738	5.76788738517	5.84643182212	1.89557993127	8.40237284423	-4.80342151162	5.75701456655	
1.88852415044	5.48064689336	4.67079733987	7.19259587006	8.45422610272	8.23466979376	2.00564367292	1.35075526518	7.550768859	6.30550255047	6.19737263405	2.32043377154	-1.87423186013	1.27223843122	8.38688186776	-5.9928575933	
4.6989540929	7.4069956696	4.64886010283	8.05504787443	1.59108773683	6.01242827149	9.0	8.06496137307	8.48792382207	-0.995623193916	9.0	9.0	4.59671057269	9.0	-2.03521766675	1.62031870063	
1.59145396031	5.27007702019	4.68171647813	7.1170036036	7.78206098753	8.99755806315	4.22477217387	1.14954050378	7.43720586589	4.84354131479	8.99663133494	7.44663254516	-3.9473189844	9.0	2.07154444172	-3.16900959767	
2.80555004386	5.13582715356	5.21633787527	8.99998301503	8.50628759978	8.99981229429	7.81102838407	8.99848336884	8.99999862112	8.99234502249	5.63365575597	-2.03637238483	-1.74607291344	-0.76912176534	-0.780651287463	-6.0	
4.92834890172	8.45775357963	4.6454505975	7.22996715108	5.85289455079	8.81834340745	1.59106339062	1.16481581993	7.67489220921	3.18190169999	8.80219647712	4.75933574364	4.03467196914	-5.98892243262	-0.955907800334	8.99863316791	
1.61177901825	5.28187247392	4.56091861753	7.00474644904	5.60867968051	8.03435909387	3.05060471737	1.16685996249	7.94248064022	4.1299487129	7.28124960021	4.55519689906	1.15150138097	6.23455392674	7.5174738613	3.65504633748	
4.05577561466	8.19006768196	7.08015571056	8.99621060346	4.32171158698	8.98774568996	1.56932339267	-2.90230398214	8.99999976875	6.98902242957	6.06389789806	1.91410037925	7.77422564134	8.99996852473	-5.96778221899	7.8704243922	
2.4663402973	8.99846858279	4.5439376712	4.12573939158	2.2309177848	6.61860141111	1.78820328544	0.22469332415	5.2253810746	0.252952098659	9.0	5.15161815675	7.83777801277	7.13327169447	-5.80053593942	-2.06836312098	
1.75207861379	8.55427610729	6.51711235132	5.82883622472	3.10457831008	7.52476954199	3.7611466521	3.3491002999	3.82802873966	-2.68917389554	7.41104977044	3.923461352	-5.3617733411	7.24510578748	-5.96792125263	-5.04161785038	
2.29759299648	5.79010197753	6.32223478762	8.94364706804	4.97281721818	8.65519181065	1.72248382561	1.2407997902	7.14054077469	1.8937292015	7.8056459979	3.85511704513	-5.99951296987	-5.04657841427	-5.98343414489	5.79484375071	
3.39454465817	8.49978526162	5.61753636228	6.62525905075	8.69836009938	8.99762250442	3.76456422846	5.55841969728	5.91182055872	8.80522326038	5.63308773562	-5.35284958766	6.46916393802	9.0	-5.97414602746	-5.59353573337	
1.61495636042	5.39762850125	4.63756192467	6.84267360869	8.99999976875	8.80639062845	2.62198606109	0.14072375893	7.06948221111	8.29122488817	5.62257827305	0.792802338171	1.85469970825	3.53940652793	5.5834568173	1.63428783819	
1.60308077458	8.63322211728	5.34251853506	4.4259735994	4.89789742632	8.9999178883	3.30836057806	-5.60345917236	4.36678175343	5.50489722423	8.99979828842	6.67489346669	8.21989392509	8.98968806967	-4.69737794222	-5.19802448321	
6.69637966411	8.99999971866	5.16749006133	8.977791149	1.59076856408	6.12616528851	8.61366746923	2.5420076516	8.62181587164	1.33309384352	6.16389245062	8.99222744804	5.68887316684	6.36022929685	-1.36769892725	9.0	
5.41893929429	8.95501675364	6.21153807231	8.78933063811	1.59190277405	5.58473486806	4.19923043177	2.10232188008	8.89413226453	3.38052578792	5.68596326477	3.30708725358	7.10945776954	-6.0	-2.76985649418	4.6335807317	
5.46989634515	8.93910829632	4.5542589622	7.19896829478	3.0702676482	6.72528151039	1.60549031723	1.22503532785	8.79563110678	3.55288246258	8.7010497143	4.67258947981	0.575325751853	8.67733319807	3.88406184508	6.26693253793	
1.59428138851	8.43001249481	4.94776584537	4.2252216072	3.99539075688	8.99987078251	6.38874502933	1.66812241146	8.75589803489	8.76489188331	5.63333176753	-0.656176126609	-3.8602377469	8.99996953574	6.61479341002	1.20842492422	
1.64706190018	5.26974118665	4.5421433153	7.03338531244	8.97805358988	7.33070204336	8.99999985647	8.14115033167	8.30634398873	8.51943024243	5.76758308665	2.06404818442	-5.1648345139	8.24545176682	4.14553842385	2.99633831348	
2.23795782787	5.06919180126	4.57154838663	7.85423564009	4.42789014673	8.78177893641	1.97540175966	2.17983608768	8.68905271661	2.10945218097	6.64710792352	2.67173546438	8.40709457667	9.0	-4.54741394371	4.01755677667	
3.19818700044	5.61514163923	5.30021203558	8.99717808921	1.60183269693	6.13104905094	6.11075213721	4.36000880768	8.45841440424	1.28920752871	5.69310498266	4.08718887621	7.39174992739	-6.0	-3.76178612531	1.01359624171	
2.11318395649	8.08435163576	4.52081422566	4.66281428553	1.98806988	6.40723077457	9.0	9.0	6.20771269677	-0.687702082386	9.0	5.48085883544	0.710807706706	-6.0	-5.99738779576	-5.99942784546	
3.4316225542	8.9990889531	4.61386663397	5.16026294733	4.39517331996	8.81534210065	3.47411164104	5.3021223325	5.73801519025	-2.11538266391	5.88598175956	1.49455208528	3.13957522104	-0.478106181579	2.44584791655	9.0	
2.67795376622	8.9988635248	7.0510640743	6.84407533569	2.37514429383	6.79533700317	8.00093306205	8.96431577182	4.30625897135	-3.1544275351	8.52863444849	4.60909394055	-3.0327786301	-5.99509844796	-5.92818949368	-1.61053571468	
1.59929034565	5.27572285831	6.55335958125	8.99084885564	3.32625924095	5.5769647462	5.30172413404	2.24098118973	8.98812562596	5.35690727667	5.80211075166	4.24671609496	-5.20271700534	-6.0	-5.76880615724	3.42456986464	
3.68884094629	8.97949580982	4.73563422567	5.55890074133	1.59427671295	6.01448065601	7.94070382473	4.11920389277	5.73055181323	-2.54358065456	6.51681099136	8.19558313852	6.17556972112	-1.45590554339	7.09388604968	-4.36186494988	
2.75273446789	5.76901051495	4.70353633314	7.80118147543	1.62175530775	6.06937600898	8.00904000724	2.64384535677	8.99996401584	2.51167427216	5.72624577756	7.13545961369	-5.16891784735	-0.276046092987	7.47683073984	-2.69964630001	
1.69752218506	5.30055064184	4.60549177747	7.11638460641	5.24614337905	8.20680944917	2.62689759762	1.83297628711	7.74096667245	3.32638400893	5.87647755449	2.12766562924	-1.4038779542	8.99998649312	-3.93135187762	8.15403248697	
1.64287110601	8.99999946025	5.48726791024	4.24350147391	2.54180484866	8.99999892506	8.99999943466	-5.79910548773	8.99999999684	8.2529830509	5.91340640932	8.99999949078	-5.98977672809	-4.94718704156	-4.93571539306	0.0273111567287	
1.59079694402	5.26973989085	4.68501772767	7.11999598741	8.58911292931	8.90430830099	5.86701590141	1.14926823729	7.43089938122	5.73770160493	8.88282246699	8.98192267788	1.3128497784	-6.0	1.69544117436	9.0	
1.60058280446	9.0	9.0	7.71425460804	9.0	8.79316156932	7.66661202989	-2.92623013793	3.5262185903	9.0	5.63339833027	4.96276481357	1.74742125977	-6.0	3.77553256105	1.69948584932	
1.59111685706	5.26939955968	5.73023494699	8.16587315992	6.71528700849	8.17251348518	8.57634768629	5.47869903761	6.9758870013	4.13999820944	5.76772733454	4.24738882428	8.68713243725	1.83837193369	7.37844943389	3.92435755304	
1.68799718795	8.80214545536	8.98568877384	7.98444800581	8.96085976186	4.01891681399	8.92777422246	8.30466376524	3.82960040234	9.0	5.6339159164	0.0325525789542	-3.28265088914	9.0	8.03704837563	7.2662797517	
2.26141323165	7.05257604738	5.80278491581	7.09866220858	1.67920399123	8.9898486203	5.60052405435	-3.35987783711	6.084482388	1.739794393	8.98969236074	8.99008833785	-4.2622680615	8.99997096127	5.23088107528	-5.99881529303	
2.81175949501	6.38778586714	4.60523498404	7.13334704476	3.82849561642	6.23804703822	1.62168452652	1.0302714895	8.99999993137	5.11628367507	6.60602258313	2.6878874314	8.45682499176	-4.55132854652	3.71345197876	6.36557943009	
1.59078002401	5.2673191767	4.51677768514	6.95415983238	6.05765139753	8.35958882934	8.51476878643	1.2752315256	8.97910588657	5.29676251475	6.37634925078	8.99964273709	8.48344879794	1.04796277931	8.28105158402	9.0	
4.09642715974	7.57908232179	4.72537518403	7.35664131682	2.24589897879	5.9960105344	1.70167440837	1.21319293609	8.99351764189	3.66911481687	8.11704603203	4.18316871456	4.45960588838	0.121492110051	8.17678597557	-6.0	
1.59099597056	5.26979450387	4.90426240197	7.33938496454	8.04763352404	6.21388370726	5.51534190706	2.12797673007	7.38098937153	7.83659260352	5.8157285341	4.58459059467	2.36115924739	5.14329681387	6.63851854022	-5.98694162757	
3.35858178768	6.2910471102	4.91707280728	8.09852859414	1.6844841033	6.01581031681	2.39793506106	2.49080769315	8.29703674618	1.84123067406	5.73688724458	1.77184459944	-4.63767073733	-0.252372888155	-4.44738467881	8.5362443682	
1.72119810038	4.70066124638	4.57477663329	7.70923475777	2.17679501339	6.63410857064	8.42632483471	4.01776939178	8.96042017684	2.42562344486	7.60884096008	8.09822961584	-5.82099138911	-5.26049807251	-4.24651261329	9.0	
2.89102909602	9.0	9.0	9.0	1.61357462693	8.99902905836	5.63349812019	-4.84607515493	9.0	6.10240306382	9.0	9.0	1.76465538138	9.0	3.7758982088	2.57752666551	
3.99937782282	7.33795295955	6.05678510356	8.83213090267	1.59246475806	5.88151923423	8.64619383335	5.1073303675	7.60198321576	1.59455875345	5.63462080493	4.89520447556	-4.09636777546	-5.08407631226	8.9678398034	5.47257821135	
2.75868040641	8.87289664651	9.0	9.0	1.62226989527	6.04024931071	9.0	2.63111966061	4.51167104227	-1.16397527142	5.64786581007	7.27721341048	-2.73448541667	8.03759512712	-5.67031932595	-1.49035841355	
2.63331019921	5.26974265792	5.50351855453	8.98100756151	7.65150940036	5.75665619875	7.36284648188	8.36411255329	8.5934082534	8.0677485611	5.76758272092	1.19017946256	-5.80492622085	-5.69432748879	7.17791552704	8.80555621612	
1.7121649985	5.27334872201	5.42432269344	7.97706030566	5.75673548477	5.72084659383	3.67558172164	3.16909507247	7.82733789511	6.3674651112	5.77174144803	1.77733979983	4.82998264793	9.0	4.9719119143	-6.0	
5.37218186397	8.73436627972	5.7150115463	8.46674854483	1.59087418319	5.60589910514	6.90126319178	6.57750786953	8.98818168539	3.2783954957	5.63359962295	1.65546607712	-4.36111928255	8.45126747953	6.43188986544	1.91561906131	
1.74718889527	8.72276316334	8.85282610515	7.99063970988	2.12289114828	8.9999405418	7.39828072084	-5.69432648098	5.33886262886	3.80388810555	7.24394713224	8.99829885923	7.28203581945	9.0	-0.737285281767	-1.109538926	
1.60464200541	8.39422493642	7.72149760998	7.04604249827	4.64907399525	3.97621999126	4.45538604125	2.84317266369	4.95067937315	5.72921198269	5.63521309093	1.14433346664	2.06928071151	-1.14902731118	8.07573081101	-5.96449214117	
4.12351507331	7.42029695606	5.74982626038	8.56696538659	1.59223376631	5.86463922166	8.20318260012	7.38097836593	7.68968203043	1.65711331578	5.63437357749	2.2200912217	8.9970961531	-6.0	-5.99325991922	3.27469499047	
1.64329910848	5.26965958818	4.65578575321	7.14334647909	8.15457890241	8.98658000148	8.99999980379	8.10918288478	7.55010209518	5.28751646502	5.76761253784	2.09236402589	-4.1802293878	9.0	-1.8692818421	-2.85413019341	
2.87097645998	6.38901817879	4.5208802195	7.11675992456	8.99999974951	7.69757369367	1.62508547029	1.27689638615	8.99999999883	8.76352215101	6.36060284325	2.25104578421	4.079387387	-3.20749459443	-4.3528918854	9.0	
3.10783733182	8.98722255894	4.61768949267	4.85222347574	1.65120529374	6.07135346649	8.47804315108	8.9923366647	5.41237956508	-1.42134042075	5.6733852542	1.57600462711	8.75052744284	3.09593325597	8.92599400458	1.40570803783	
