2.5803619311	8.99065691502	8.99647924621	8.70010296301	4.57866528269	8.99885671391	8.99999967258	8.99491878322	4.90232918824	-1.77012495395	8.99395419108	5.25464657855	0.0433176328544	1.7645640319	-5.99982140218	-4.27857500291	
-2.23073864781	6.82372164154	-1.89842597153	-4.83897105742	-4.46879207575	5.54152123513	7.76080139642	-4.98775103329	3.33522822313	4.76106973425	8.9904564583	4.30621981715	-0.40352697864	1.31771942041	1.1955630821	2.91680948115	
-5.99998417817	1.62818607241	6.76605353059	5.25180606859	2.05904364974	6.07628693123	5.02824402336	1.60410774842	4.52991291451	-1.43841215436	2.34762420832	1.72623657304	-1.70035482994	0.0208915691156	6.86555020094	8.58679660001	
-4.21851450011	-0.574999379229	-1.29584906151	1.17455710537	5.8445432849	8.48229659951	6.29725755634	5.15642263577	2.27735021837	-1.7720238805	-0.0675451252517	-3.51173941306	-4.32873219161	-2.60748579256	7.23066576243	8.95191216148	
-5.30915994624	-2.17779793666	6.01743120134	8.99999047475	4.38286565879	8.788882509	1.35225134465	-0.33138201967	0.584485650638	-5.74530512882	-0.180432054522	-2.56967472341	1.02813609227	2.74938249131	6.68508205253	8.40632845158	
-5.99998910732	3.03381645388	-0.137141798828	-3.05703828184	-5.99645336824	-1.12620934408	8.9999999593	-5.95397024432	-5.99993196175	-1.95260656908	-5.99872824498	-5.95897987685	-5.51661277795	-3.79536637891	-4.00798893616	-2.28674253711	
-5.99998914874	8.99998923967	2.88607026182	-5.99999994981	-5.99999826932	8.99999826972	8.99999826857	0.540905326412	-5.99999819517	-3.60429475429	8.9999982691	-5.93326965132	7.27875578086	8.99999699329	-1.8307992673	-0.109552726743	
4.63578190536	8.11785086452	-0.00390572367101	2.62794662658	-3.67444051283	0.389269491032	3.32228384097	2.13804044134	6.49770281089	0.860925840345	0.370735407696	-2.86860424002	-4.54830125886	-2.82705485981	4.7833852506	6.50463164965	
-5.99998623827	4.93580513952	8.51135861082	3.68948157591	2.70014816522	7.12033892354	1.29792228191	0.833161644032	1.08556393906	-5.41363934615	6.8048875472	3.35201110742	2.66863725463	4.38988365368	7.27808814754	8.99933454646	
-1.97095121488	5.51673037798	-0.564739326147	-1.93850379778	-0.709572728181	3.71061909073	-2.39297930298	-0.931363559957	8.73176487951	0.885154370522	3.21583955124	-0.816032894088	0.695420382786	2.41666678183	6.9148429367	8.63608933575	
1.85074015805	-1.87155585615	-2.5427304071	7.29348690858	1.28341070161	-0.793076195188	-2.27373900617	5.12768646724	8.96326903791	2.26232398108	-1.37156051904	-5.99220405166	3.3264121134	5.04765851245	7.20462103487	8.92586743392	
-5.56140164449	-1.88646041887	-1.97683547718	0.462144599103	0.474323188149	3.01068213902	1.25335228705	-5.9969791372	-0.0964645640691	-4.01301822737	5.78060659391	8.41448270629	1.58916496572	3.31041136476	7.25012353765	8.97136993669	
-5.35358205236	-2.92887328593	-3.00324474406	0.685967785139	-5.93045490285	-1.40108801427	4.46606678341	0.728820433201	7.44459423037	0.284800175943	3.67105475907	4.04207828051	-0.912269798636	0.808976600411	7.27481814618	8.99606454523	
-1.88257302662	8.99732002945	1.03741105295	-3.7285674066	6.84577358347	8.87495556473	2.81266784699	-5.98931763129	7.15533891731	7.28145349593	8.33768243028	8.98772118073	4.02228316787	5.74352956691	5.85182129213	7.57306769118	
-4.56909932488	-0.890343286986	-1.65050928801	0.784655986616	8.76272345501	7.4147499068	-1.94530946315	-5.01179004755	8.99999961831	8.97159322223	6.0690833893	4.51529390963	1.97246854904	3.69371494808	6.47091635969	8.19216275873	
-0.0329799021963	8.99999935922	8.60734154902	5.68820401512	4.57998650924	8.999999484	8.99999339593	8.66964980023	-5.99999341225	-5.89816660068	7.64818342979	-2.53998892519	-5.99998567666	-4.27860098382	-3.5514576067	-1.83044026382	
3.74460751906	8.5425668258	-3.05414639572	-1.73818599663	0.0820143167929	3.1475022974	-5.97417602961	-1.09188494548	8.99937258616	6.07366841892	5.0197799324	-5.99875642526	-1.8890199017	-0.167773502566	-0.0996104935933	1.62163590524	
-5.73017769105	5.38043775776	8.38522002502	3.3885258435	2.27690556634	-0.0455768514803	3.65005818181	-5.98959939667	-0.0549476557129	0.766418161814	3.0913906899	8.23551460336	3.69825090507	5.41949730412	6.24199930703	7.96324570607	
-1.47371409878	7.56085799271	-0.672045990668	-3.59264888806	-1.89534188491	-5.12774917833	1.22238251642	-4.17366495985	-5.03960965186	-0.572495695984	-2.33746931959	-4.17276767202	5.13750342442	6.85874982347	-5.32104589455	-3.59979949548	
-2.14356335397	4.93194209398	4.25718646917	3.2959360454	-0.0497752740489	8.36020966434	8.97105569714	8.06958586555	-0.243513081152	-4.38117136979	8.99994748107	-0.367933890634	-5.9999965613	-4.27872942134	1.05709861514	2.77812187456	
-5.99992894018	2.57399788316	3.60393544239	1.14083018258	-1.55981808777	-4.75193543172	5.60299118243	-5.93998541891	-1.51227495387	2.68683185726	-2.16785827604	2.37274757243	6.76607953355	8.48729815873	-5.90246271546	-4.18130148399	
5.41305630647	8.830954409	1.46473487373	4.16075807759	-1.84035229061	2.36903598798	2.5942830925	-2.15141729256	8.67105161888	2.82442553459	4.34078766119	4.72707584042	6.52716284973	8.24840924877	-2.37392448564	-0.652678086589	
-3.01671671302	4.32340685266	2.46771855262	1.24037741443	-1.82061268306	-0.968060137547	0.937047303007	-5.38410769637	8.90812534408	8.44199339914	8.99999976875	8.94088672848	0.607473185764	2.32871958481	-3.95899201176	-2.23774561271	
0.458689315712	8.51250206844	8.74328916106	6.80339748763	2.53498534369	-1.57148352108	3.3900978208	5.85968905889	3.1229398609	6.73820911976	1.98480979448	-5.9902314264	6.79002568247	8.51127208152	-3.05444307542	-1.33319667637	
8.00366548967	5.60643628186	-2.96358519738	5.5475646371	4.48013959004	8.89742427941	-5.88389900058	2.64534830305	8.73066502638	-0.110675785697	8.99998703075	-1.1018468857	-5.93631576662	-4.21506936764	6.93295845833	8.65420485734	
-2.92181132994	0.568352309814	6.10122200665	8.72497932617	2.45951420427	7.19132753731	-5.07169116484	-5.89268133967	0.740792221007	2.39996980147	5.57898264314	-5.98743471396	6.7829267353	8.50417313434	7.2783628989	8.99960929602	
-0.64758361188	8.54412495857	1.88396154645	-1.19382565244	1.23340357663	5.65359504836	8.84382303376	8.99999846875	8.99295407922	2.2878144975	3.93397566877	0.0660882477781	-5.96163540623	-4.24038900719	-5.94256299352	-4.22131659446	
1.7386718153	5.17225678328	-3.07923590454	-0.39889948824	2.18057460698	4.44176847454	-5.999500412	-3.18382783286	3.59662379611	2.85926391652	7.70233740763	-2.63383496592	-1.04539556898	0.67585083007	3.90650068579	5.62774708484	
4.00982184028	7.55477342709	6.39833308733	8.96730287478	8.99218647072	-0.0959719824584	-5.40746495957	-5.8487551829	0.102167490357	7.6801416458	4.81318276112	0.768007199078	-5.99770811046	-4.27646171142	0.413375477611	2.13462187666	
2.06274587015	5.60583792862	6.42916739022	8.99999669533	5.45007241989	7.64397311158	-1.7228218037	-4.08562973583	3.88639052062	4.9464302283	2.32290716537	-4.56487215941	-5.562492048	-3.84124564895	-5.75174388219	-4.03049748314	
5.28268216084	8.84316503396	6.45244297659	8.99997496727	8.99999928664	-5.33024317262	3.47792974867	-2.36948124674	-5.29281922123	8.99999928663	-4.09862602025	-4.20436735235	7.27899944283	8.99999287434	7.27509333127	8.99683772425	
-3.31369529588	0.229662951647	6.39821563518	8.96877582264	0.966206721712	4.61271872217	-3.5735378355	-5.99959040717	1.96862219776	0.839893667934	0.283339892104	-5.80498113003	-4.45947940382	-2.73823300477	-5.99712302351	-4.27587662434	
-4.39152736919	-2.32369315563	-2.50726602836	1.53882104704	-2.60393476421	1.81636416543	-1.89567719185	-0.902506241784	6.97164006639	-0.435960548578	8.98333032263	4.98081106499	0.949349525483	2.67059592453	-0.487465436414	1.23378096263	
-3.92832658369	-0.38335830974	6.40831368911	8.97726600417	5.86519042352	8.08794136028	6.58955401982	-0.865516816807	3.68536662274	7.98666665728	0.11684878962	-4.94878127118	6.66829619312	8.38954259217	-4.95852612431	-3.23727972527	
-4.78055596649	-1.20925982821	-1.24059430099	1.30203084667	-5.33832149069	-1.4419134801	-0.185120809149	-5.87876932953	2.92121874092	-2.45902904152	5.58463793552	6.76547623695	-1.58583650927	0.135409889775	-3.41412409864	-1.69287769959	
-5.80658290166	3.22300614438	-3.05868146902	-5.97434506922	-5.4903144207	7.6994714191	8.99988602775	6.56090668443	8.42365071887	6.33657435844	8.66080557815	-5.99936245935	-5.99995941882	-4.27871299158	-1.6714938666	0.0497525325895	
8.99999949221	6.64209738997	0.489424466627	8.9612478847	-5.54657940469	-0.992335932677	8.38089726729	8.95571073054	5.97986851295	-5.98741303334	-1.50140274758	-0.659828163583	-1.21280744286	0.508438956187	5.51319585094	7.23444224999	
-4.25598576357	-0.57983161343	-1.33597951617	1.10178762327	1.84544417604	4.23389368379	5.18996170534	-4.67847163938	7.39910731362	3.63167605346	1.40090265272	6.65166775328	1.22973147202	2.95097787107	-3.33600346672	-1.61475706767	
-4.8386812947	8.99999946995	7.1555505501	-0.569244659501	3.59925555821	0.501634843317	6.72386654023	-5.99999644233	-3.52480753297	0.141184274991	-0.793619476633	5.36527756805	-0.976026428882	0.745184795662	7.27887903023	8.99992174028	
-5.84010350245	3.90332364952	5.10987293732	1.48034769865	2.91283320088	7.33301682725	-3.98656959773	-0.225238924974	6.56121362371	-3.57125543108	4.43327482538	0.387666984339	2.85692442997	4.57817082903	4.14811290189	5.86935930094	
-1.72648984945	7.33955295723	-1.97304299972	-4.9249658528	0.23404574579	5.97642924259	8.99999393333	-4.44447948726	2.71019331529	8.98786654828	8.29077725595	3.7182862113	-5.99989882911	-4.27837426787	3.97673266174	5.69792213376	
-1.04124181754	7.98731777278	8.59552515107	5.68086721969	-5.99999996257	-3.74511951489	8.99999716376	-5.99999716361	-5.9999999626	-1.94875338358	-5.99999673974	-3.30508236316	7.27774603061	8.99999937624	7.27841289202	8.99999991248	
4.19272452419	7.73767641468	3.8065465341	6.37551595073	0.818201658548	-1.57597304274	-5.55475049267	-5.99604134094	5.86103971068	6.74503037934	5.30275902734	1.25758388842	4.03841726471	5.75966366375	2.08255054349	3.80379694253	
-4.81231419576	1.32648638742	-5.97501899438	-5.99991295668	1.5269501216	5.71940898873	-5.89391129609	-1.60584402062	-5.78278088747	-5.8399615748	8.99963633302	-5.42030356641	7.27859773137	8.99984413523	-5.95730568459	-4.23605929552	
-5.97967238355	-2.30055098257	-3.05967931475	-0.624879418423	8.99678207287	8.79832038702	4.70909337373	-5.91295015483	7.18206694167	6.00451408301	-1.63887723013	4.36253084024	-1.72572219758	-0.00447579853152	-1.96914770446	-0.247901305411	
-5.99999991409	8.99999993249	4.72938629627	-4.1568000183	8.99999844383	8.99999844383	8.99999809584	8.99997405381	6.72715195981	8.99999844378	2.2692788501	-5.99999993771	7.27871657502	8.99999951227	7.27915277967	8.99994331045	
-2.03089396254	7.68430779499	4.22929056836	0.628009718603	1.98077164103	1.45586425781	3.69263231335	8.94458555324	0.802978360569	1.35144860718	7.24238830422	-4.02994253736	-3.29476358037	-1.57351718132	0.855071906945	2.57631830599	
-5.99999896092	3.03388715357	8.84701252213	5.92703693234	4.3957427931	-1.86486621123	-5.79876144783	-5.56266924789	-5.99925767577	8.9992578542	8.97565915834	-5.99497624461	6.6856785927	8.40692499174	3.67951750933	5.40076390838	
-5.86665555949	-0.98414035033	7.07249995816	8.30156553433	-4.44385912012	-0.130520039684	3.36702493722	-4.54968249045	7.55949722695	1.30160055935	4.72673977028	8.59213139293	3.17022129263	4.89146769167	-5.83911246941	-4.11786607037	
-5.35594289992	-1.80518111139	6.43644476546	8.9996043766	5.29011139579	8.76043116958	8.99999995029	8.36758980963	0.0362009589516	-4.93849289977	-1.25323987958	-5.11310576933	6.93130320926	8.65254960831	-5.99999982492	-4.27875342587	
-5.99999934346	2.77696627073	2.92822983918	0.263836308499	2.76809752103	-0.802441575387	8.08110830495	-2.17553941206	-5.94270186629	2.42905698735	5.07144404361	4.53142474416	-2.94647591983	-1.22503749471	7.12907462194	8.85089804648	
-5.9343124315	2.81281374218	0.368358785474	-2.2648588262	8.99908652428	8.98871221259	0.805404292208	-5.99988623376	-5.96309758604	-1.58425899526	5.82213106004	2.26234538369	0.759565468664	2.48081186777	-5.99987270538	-4.27862630555	
-0.281763179724	8.7628412399	1.45438313865	-1.47628897673	2.79158264361	-1.80503452629	1.00287689586	-3.86302513446	2.64526141795	8.48158862474	1.00146716067	-1.36897365134	0.315810053706	2.03705645275	2.82616152155	4.5474079206	
1.42288565193	4.60504200317	5.07076915966	8.00253412519	-0.410761686331	3.97686013562	2.7179839944	-0.482948718739	5.64679114404	-0.613810278069	5.38899822556	4.46626051638	1.93234933937	3.65359573842	-5.6965458244	-3.97529942535	
-5.99999985459	-0.866575939993	8.01705637604	8.99755375207	6.15291002671	0.00791526952	-5.11808864794	-3.52245588114	6.17744567905	8.76520949638	-0.307469010704	-4.34257664245	-5.93879613157	-4.21754973252	2.1290149867	3.85026138575	
-4.23832675718	8.51346468795	0.940456413175	-5.69698929359	-5.99999922465	-1.58408562971	-3.58048138327	1.52100433288	8.36524507588	5.45302222698	6.96019859043	-5.6421462731	-3.76051551721	-2.03932668461	-3.89167756786	-2.17047203299	
4.06231957544	7.60728217849	6.42968993381	8.998648337	4.51577749962	7.18361579338	-1.78295811855	-5.95591599998	3.73673922571	3.38123882685	2.98632376185	-1.14969724303	7.27844007491	8.99968647396	-4.99397964518	-3.27273324614	
-5.99999965082	-2.45334379466	2.58611778359	5.15338321166	6.59548276969	7.44490765076	4.60973295753	8.43019179859	-4.33322772411	-2.42771822775	6.57386444351	-5.99817886786	-5.99986407608	-4.27861767587	-5.09372796996	-3.3724815709	
-0.463877964747	2.92135036986	6.21070611092	8.93939906936	-5.76805365061	-2.0879975469	-5.76342020572	-5.91548661452	8.67074827334	3.32078458424	-1.8215583372	-5.99623434382	7.21184929482	8.93309569387	7.27873109575	8.99997749479	
-1.49180074479	8.61544645878	-2.00540541443	-5.99875565743	6.25873493146	6.04264772192	2.09884565567	5.53231884518	3.92419700363	8.48937545367	8.53054362208	-5.24867587265	5.49936749035	7.2206138894	1.63064701759	3.35189341664	
-5.99277405109	-2.44780738557	2.50015130192	5.06910418415	6.96136645332	8.98167127352	8.99971012648	2.99590659541	-0.503828624955	1.53514218459	-1.94760045763	-5.9997145931	1.34095779996	3.06220419901	7.27809305287	8.99933945193	
0.092571296607	8.99999834993	6.91676139667	4.12049890499	-1.42148996382	-0.929278780596	1.50400765472	1.45780658017	8.41223658316	8.96022819496	1.96392465187	-5.02405285101	5.70503219125	7.42586811784	-4.33088836077	-2.6101973759	
-3.48390043344	7.10064200283	-1.52927955804	-5.99999731918	-1.19972775955	3.21989513148	0.477320834923	1.39290049494	1.33423590149	-5.99997800038	7.05330104202	3.05612401178	4.36701998272	6.08830243025	7.27530574394	8.99690428866	
0.937712970328	7.63706888972	-0.0852893769635	-0.670723957782	-3.00523417628	8.83305608017	3.77294759213	-5.84220281994	5.2877318482	-5.6650911615	4.85653391049	7.5895213306	-5.21564664626	-3.49440024721	4.57814566859	6.29939206764	
-5.08885723631	-1.40975147765	-0.0292190868495	2.40559644668	-1.39087619332	-1.10700826538	8.98420041063	1.39965896548	8.99997359552	7.34007551324	-0.909615390884	2.0543062097	2.9285909318	4.64983733085	7.20357640846	8.92482280751	
-4.07121875591	1.93134276455	8.88901207205	8.9998563806	2.92298559519	7.34287232113	-5.79228845984	1.58995846694	8.49830052765	-5.25415703403	7.3429728954	3.29696944059	-5.99988580803	-4.27863940899	-5.83742879963	-4.11618240059	
-2.93923440728	0.606153193009	-0.0192525202419	2.54927821994	5.16896375288	8.99257988871	3.56897791969	-5.98488224376	8.99999884256	6.2788181333	2.85128663802	5.30606848752	-4.82330566958	-3.10205927053	1.78504213531	3.50628853436	
4.08224729623	7.62713684076	6.3563194015	8.92535094187	-4.94975169392	-0.970802864083	5.19926137584	-5.3909113441	3.94250591406	-1.54668933463	2.89620520401	8.9999742769	7.2786249214	8.99987132044	-5.99999973705	-4.278753338	
-5.96216470024	-2.32995539068	-0.0594501148388	2.42226188918	-2.57686710088	0.987690240565	8.93654364295	3.37970428325	-0.559724682924	-5.54720864656	-1.76475088474	-0.781634922346	-1.95272086737	-0.231474468321	3.91064883457	5.63189523362	
1.56571869196	5.04352609187	2.63116272099	5.26727664219	-4.4710384078	-0.492232651096	5.37771702814	4.60087536355	7.07724668449	1.52111240304	-0.425863220193	-4.06834305619	2.43970703226	4.16095343131	-2.19962061738	-0.478374218328	
1.18088303447	-0.0715280328686	-3.79535378026	3.57097856861	-2.64452747541	1.67424126501	0.975992334036	8.97821347904	4.55182305498	-2.42843589089	8.22292943793	-3.11445534532	3.96729937488	5.68854577393	-5.5635198857	-3.84227348665	
-3.30604957015	0.372910226792	4.03479873685	6.4697602462	7.02317270074	6.33452927915	8.93810897166	5.52244613473	2.0487536892	1.36122100385	0.873136496086	-0.331674574621	2.80485868347	4.52610508252	-0.516138677738	1.20510772131	
-4.06107709329	-0.516120562593	-1.14955110044	1.41938765966	-2.78927836511	6.80045922717	8.36373137157	2.20552744442	8.43187170168	2.74378099654	-0.0385212740209	-3.77861583672	-1.96454106166	-0.243294662609	2.06458834165	3.7858347407	
6.51414411462	8.99999976873	-1.07042148734	2.55632440519	-5.99978546773	0.445772667197	8.30185745404	8.97184744327	8.99639604712	2.46000543821	5.82109640649	-0.755633071126	-5.98521109834	-4.26396469929	-5.99999874189	-4.27875234285	
-4.50852548838	4.51359704065	5.89239688589	2.98449762014	4.58536979677	8.99992719498	6.8807763583	1.48061508588	-5.99894578662	-4.57519865035	8.99999895288	2.56488975694	6.05858153969	7.77979370349	-0.734579800449	0.986698372644	
-5.99999976861	-0.970931935152	7.91512180379	8.99999978908	-3.20347496855	1.23724502743	-1.76509703832	5.05782717163	8.99946899337	-4.21511795316	6.39832252807	2.35262300256	1.8535891166	3.57483551565	-5.99997568097	-4.27872916776	
-0.0339246861608	8.99996415977	8.99937771074	6.07940681811	8.99959976386	-4.74070794577	8.73095002693	-5.9997864391	-5.97468520589	8.99998465946	-2.23058124183	5.26914951316	-2.26660774975	-0.5453613507	-5.99796179177	-4.27671539271	
-5.99958020478	-2.32464168698	-3.07347744063	-0.634494654329	5.67079733559	8.20743712148	8.48868229516	-1.90965928166	1.21421225153	-2.70262497756	-1.81868569568	3.96320331888	-3.66447084804	-1.94322444899	-2.25540080167	-0.534154402623	
-5.99999989653	-2.4550313919	6.41057104355	8.9795177269	-5.9864087405	2.17075659612	8.99951293477	3.77754658079	8.96880568876	3.78774505923	-2.24911112785	-5.99989237655	-2.11443049754	-0.393184098492	4.8955607838	6.61680718284	
-5.99715387129	-1.49818156487	-3.35662847018	-1.74171724959	-5.94651426157	8.99996518435	-3.79869574069	-5.97056127459	8.99879895073	-5.99879850992	-2.22583569829	-5.99922557408	-5.99963215435	-4.27838575737	4.79830495288	6.51955135188	
-4.75037398421	8.02748116658	8.81749965166	2.15357165968	5.33832842192	3.25924439123	4.88917555163	4.77347110159	0.854029256518	1.2162241405	-0.777566006394	-4.94162087704	6.27895667764	8.00020307667	0.940942563658	2.66218896271	
-1.84980455653	1.6951776921	1.10156350412	3.67050253766	1.24931281561	8.67827273167	7.74548675971	-5.96499911298	4.80208857994	-0.337436905562	2.79406700634	8.21854453235	4.38767114642	6.10891754547	4.16705125711	5.88829765616	
-0.0355518257248	8.999998302	-3.07872920415	-5.999998302	-5.99999473991	8.9999997536	8.9999997534	3.25259382948	8.9999997536	-5.9999997536	8.9999997534	8.75034160926	7.27944676487	8.99996435427	-5.9999995208	-4.27883397084	
-3.11708405311	0.434512809754	-0.151306096612	2.41101832982	0.0711940448148	2.03276512372	8.04253290521	7.57131242115	2.79567442297	-0.669435694514	0.935964403511	-3.08592606895	-3.08484679635	-1.3636003973	6.70615134828	8.42739774732	
-0.125014128713	8.90904474748	-3.06423292578	-5.98437571231	-2.1970304776	-2.79132397544	-1.51098301794	-2.66742164136	1.66124862147	8.97974121326	5.56502500256	-5.99924982202	-5.92984406226	-4.20859766322	2.30749287578	4.02873927482	
8.99844298563	4.97028191214	-1.14208337799	8.99999899235	-5.04588418999	-0.859553410829	-1.43058471726	6.03362121286	8.57470951633	-4.69491825439	-1.00076388823	-5.37832282875	0.85199685926	2.57324325831	3.34416610528	5.06541250432	
7.75878461839	8.99999182924	-5.99999671299	-1.12716290834	3.93711261295	8.3559273533	4.05806699607	-2.59243156712	6.69260947362	2.92692959259	8.99997697758	8.99997697725	7.18028446315	8.90171395553	-5.99999875662	-4.27888729576	
6.11118810578	7.75147943065	0.125780140597	4.59941012209	-3.28502306916	1.26518496699	0.310066335683	-1.61510274158	4.49688233741	-3.46817030796	1.1818124004	0.525176074343	-2.37368667632	-0.652440277271	-2.55926513051	-0.83801873146	
-5.64573849098	0.746563976142	-1.35280966698	-1.63121936722	4.09001338591	6.55390987119	5.44437001933	3.85133315489	-2.99773468087	-0.824486206267	7.88148236468	-1.15921090168	-1.75215596089	-0.0309095618459	2.40789532874	4.12914172779	
6.89756521339	8.99986655473	-4.30218398826	-0.290567414949	2.88849373246	7.30866886323	-5.12722657275	8.98905118952	7.81288101643	-2.20754976011	8.62490079806	-5.88777118241	-2.76494596539	-1.04369956634	1.36284556856	3.0840919676	
-1.25519120249	7.77862651582	5.56250143808	2.64259887203	-2.17653435877	8.99997216969	8.99990297069	-5.9639625609	-5.99875481818	-4.16615249441	-1.95809605469	-5.99992164126	7.27803371823	8.99928011783	7.17555746186	8.8968038609	
2.89651761939	8.53187534815	1.64224583445	2.1208094912	-0.0725010320146	4.34769049931	4.05803422044	8.20431194746	8.58740898424	-1.89676911716	3.64508371222	-0.43385895391	2.26279216071	3.98403855975	7.03424426388	8.75549066293	
3.94014717343	6.78499471675	1.71827979393	4.98735355724	1.15997129452	-0.729775237143	-4.95916512539	-4.1936593048	1.58815335169	1.2676115045	-0.751960622807	-5.3038280828	-4.49766093675	-2.7764145377	3.84983607096	5.57108247001	
1.70512820997	5.25008025417	-0.411551003583	2.15741824132	5.58152776583	3.08689866726	-3.88360250347	-4.32489375561	1.74894438398	2.73338961503	6.27887097166	2.23369609285	-0.166637817895	1.55460858115	3.37208197086	5.09332836991	
-4.99814735129	-2.08313452131	-0.350532845301	2.84859649521	-5.99999976861	7.70450862158	-5.859520641	-4.87913577433	2.5830587829	-3.094340829	8.99999976875	-5.99854047975	-5.99800346632	-4.27675706728	-0.931534284395	0.789712114652	
4.97269646167	7.50199502832	-4.08876936473	-0.505272193527	4.58367977302	8.99999999999	-2.9782072086	8.99999997823	8.99569521546	-5.99999857676	8.99999984216	1.60693575234	2.50184136648	4.22302655669	-0.468046636447	1.25304930006	
0.110269990743	6.68989764475	0.722421626992	0.256714686596	-1.788085918	2.63210524179	-0.422966228624	1.65481661695	6.93510965664	-1.15486744455	1.98111121606	-2.42353835652	-0.99816761406	0.723078784988	5.57673950787	7.29798590692	
-0.0330407874487	8.9982640214	3.56808475902	0.650701205505	-1.50246285648	-1.57802014125	-5.66660628976	-2.97004268214	0.310598997125	6.68871617683	8.9988351452	-5.99693041833	-5.99987818245	-4.27863178616	4.07903990286	5.80028630191	
-5.94926918149	3.07704534807	-3.08570166901	-5.99805441538	-4.68447030884	-0.264278890611	0.551947429929	-0.521753169953	5.37593201624	-1.05215637607	5.23875370969	2.32370129822	1.0585870056	2.77983340465	4.62496483815	6.34621123719	
-2.40070310941	5.53319540454	0.507559443136	-1.31241931505	4.57635421151	8.99653682765	3.62820995445	2.06700712862	2.73113190806	-3.62463780486	2.84251069202	0.342641997003	-5.99993649665	-4.27869010002	-5.99718010524	-4.27593370784	
