2.84077646454	6.38571024547	4.71614671127	7.2851340781	8.99119060221	8.77482063715	1.61596838538	-0.968455831225	7.62487460021	8.485559365	6.70078521139	2.64424831734	6.57103051215	8.2922769112	5.19503352265	6.9162799217	
2.61033006346	6.07508714013	4.80202187655	7.4511858836	1.63456427568	6.85500215469	5.4286638545	2.72969087457	7.81868228621	1.71884477751	5.63975584596	3.22147860776	-5.99999048958	-4.27874409053	-1.62687676345	0.0943696355966	
1.65686600971	8.99993945158	5.15789329532	3.92541095092	3.30272805862	3.24222728332	2.69081163962	1.31602547915	3.39021496675	1.9477922455	7.05690913809	3.94041041093	7.27875398882	8.99999976875	-3.39684352087	-1.67559711979	
2.21845839349	5.76290610144	4.62752289452	7.19699644045	8.07033947798	8.82098141953	1.70817238113	-0.581898974663	7.82139073476	7.52270273397	6.01604889885	1.85751636174	1.99739572022	3.71864211926	0.481617995387	2.20286439443	
5.93984320635	8.99999998955	4.97679839187	8.03056273743	1.59082134721	5.6822016786	5.78286965703	5.43168061061	8.39636618078	2.12847082849	5.63369412357	2.16474823561	4.85134948159	6.57259588064	7.27874799689	8.99999439594	
3.03756082411	6.54778484215	4.74370553064	7.34740268757	3.4626505217	5.84362313656	1.63741367494	1.80576551292	7.67039835468	3.14665566318	8.14432210127	4.12209042168	4.96501328156	6.68625968061	-1.60566395062	0.115582448432	
1.99121872514	6.37442928002	7.24666990766	8.97738070099	8.94428658909	4.34565298211	2.74211111308	2.86824075121	6.46481073063	8.76684058549	7.71893286657	3.89275684819	3.71055531482	5.43180171387	2.67352430054	4.39477069959	
6.94592857491	8.87248519336	4.8127972663	8.99999970096	8.97311416132	8.93065015216	3.54022661464	8.89049571212	8.99999976875	1.73894996074	8.99999938401	4.95679755824	6.86890910629	8.59015550534	-5.99356038215	-4.27231398311	
1.62031491191	6.17611194146	4.51251996347	6.07064428347	8.99998544761	8.53236801537	3.80268280214	2.60776613772	8.99999896068	7.52694123635	8.99999868728	6.13894045068	-3.30877167219	-1.58752527314	-3.10963552029	-1.38838912124	
2.35807537693	8.99994901026	7.05304181461	6.52508944942	1.67434659031	8.75219009334	6.18932912695	3.07280113827	3.98529191584	-5.73391953577	7.76735684623	7.52860217216	2.2564380873	3.97768448635	6.99406227731	8.71530867636	
4.29624847212	7.32683780499	5.21437207384	8.29770390339	1.62442109533	4.87040989838	2.7365801422	2.49072450279	8.97304350995	2.88275936741	7.8285806578	4.92208165743	-1.81843158968	-0.0971851906345	-5.94308498721	-4.22183858817	
1.93415423152	5.39898325265	4.66007033994	7.3091625074	1.91853287765	8.36834371446	3.67198661161	2.84804129458	7.82521271631	1.4412527318	5.63567430585	0.397118834077	7.20396116277	8.92520756182	6.93728802855	8.65853442759	
2.02886231171	5.00663447767	4.54578008007	7.68192913269	2.26048790756	8.83991327173	2.01785476468	1.13138043488	8.8203774452	1.3129511382	5.7920152114	1.6098405751	1.85716686692	3.57841326597	-2.15214888822	-0.430902489169	
4.41447389862	7.83770187494	4.65451271518	7.34520595474	1.59159117237	8.80158715218	7.13929229028	6.56091936274	7.87318719906	1.08300209374	5.63356009956	-0.204527803007	4.36793358094	6.08917997998	-1.85690378994	-0.135657390891	
1.67015045274	6.59796768339	4.85141433287	6.03751842618	3.88797330949	4.27004023982	4.25895763284	3.54198824975	6.23471602434	3.82538437162	8.99999980214	5.74758385096	-0.751548767688	0.96969763136	-0.415664467634	1.30558193141	
3.28462444266	8.99971354437	4.96126255817	5.36009470848	1.59978078277	8.99812412206	8.99999976875	3.99946424708	5.10154069309	-5.7988231782	6.4658005384	8.97169965668	3.95528050836	5.67652690741	5.31606393096	7.03731033	
2.81754209404	6.3403271815	6.40109159853	8.99222797793	1.61749689694	8.99999983176	5.4003559573	2.9600433264	7.13167669736	0.351163601111	5.63368063822	1.47535344374	-1.79103896357	-0.0697925645192	-1.69337107767	0.027875321381	
2.28267731355	5.80828280281	6.39548215406	8.98379761405	4.00147681627	8.99999647042	1.69552558819	0.242832171264	7.10741285068	1.50710564087	8.97749007318	5.03532122037	4.51974434723	6.24099074628	-5.99250205744	-4.2712556584	
3.16401292049	5.97695636577	5.57370171382	8.87467962615	8.99987475227	7.62538217993	2.23598365429	3.682514104	7.8527280766	5.90053432854	6.38159850377	2.26510435127	-0.194706020954	1.52654037809	1.54845422141	3.26970062046	
1.62338050454	6.05465844228	4.65973618074	6.34237975302	8.03009497392	8.99999843822	3.77168039354	2.62218329958	6.7347191854	3.82760199576	7.38535851445	4.47541909216	-2.55696368233	-0.835717283287	-5.15324368546	-3.43199728641	
2.1518614182	8.16855982689	6.51330358117	6.60822253436	5.96236257394	8.99482944304	8.48621580882	8.90700086096	7.42589159939	8.77720634057	5.63259034894	-5.17353278512	3.85359876794	5.57484516699	3.49009584502	5.21134224406	
1.59466306155	6.3644531133	4.8643868469	6.2085182731	3.90691992953	4.77023332897	6.9509633037	4.56469067613	6.23493861627	3.42486774057	7.25394023901	5.59032010876	1.85362869701	3.57487509606	1.15295324748	2.87419964652	
2.98120925659	6.47806407429	6.28726063401	8.9043270679	3.12601286247	5.68369275311	1.64960833338	1.79484053855	7.23977761214	2.55534020837	7.69518066601	3.68005596837	-1.41630466056	0.304941738489	-1.78101456202	-0.0597681629698	
3.60553359603	6.52635295635	5.76746945781	8.96057175765	3.48466349496	4.50479735699	1.71067727897	3.06556344827	8.99743236974	4.72807477612	6.46437016502	2.36205753146	7.27466353883	8.99590993788	7.20652058741	8.92776698646	
3.15983176036	6.571437479	4.81276800517	7.51508320917	1.60264305789	6.68588445144	6.8734631005	1.12115392834	7.85469650148	1.67572651594	5.86455789224	6.7159460216	-2.3367776278	-0.615531228749	3.2919637014	5.01321010045	
1.58184548312	5.0960677991	4.50569347853	7.10236223083	8.53257536513	8.97170566665	8.87714607926	5.25485897162	8.99992022449	8.95403842853	5.62777833712	2.86015579087	-5.99999990267	-4.27875350363	6.54948880108	8.27073520013	
2.12216273193	7.79624343716	8.56668428259	8.99999285798	1.74100598617	8.99999976876	5.09203376154	-4.42974119043	6.99917114764	3.80481049355	8.66177284157	8.12732650929	-5.99999997836	-4.27875357932	-5.62033768455	-3.89909128551	
2.33430961299	7.39544058464	4.71027693307	5.72336629622	1.66003315251	8.99999810368	8.83790979597	7.27043535525	5.87090635168	0.0891823906907	5.62574057942	-0.338549842163	7.22070435434	8.94195075339	7.2761685984	8.99741499745	
1.68394059678	8.93200527193	4.52906472737	3.39337035187	4.13071512526	8.99999991169	2.31294600276	-3.2454428644	4.79439674481	2.83006518769	6.93118391117	3.58817083132	2.60929263777	4.33053903681	7.27684623547	8.99809263452	
1.59080397766	5.96144230372	4.61617984237	6.35946326066	8.99996808826	5.87356361885	7.375814917	3.29488032581	6.99553832288	8.23758162222	6.51592041491	6.48456574605	2.73317200523	4.45441840428	-0.774001225797	0.94724517325	
2.7392117697	6.20911713204	4.70564145322	7.34965724267	1.63672015335	8.00059339071	3.2014280962	2.03566984131	7.74583611427	1.23773051453	5.63646219369	0.949802910771	2.57328348451	4.29452988356	-0.843733942272	0.877512456775	
1.97937608157	5.5244327595	4.65495055918	7.22381520526	4.59887343063	8.99977131537	1.81975695453	-1.70977630425	8.98762837729	5.93392258232	8.64534663985	4.83103772469	-1.51679025301	0.204456146033	-3.11762264069	-1.39637624164	
1.74834725467	7.78131627134	4.51201264637	4.59296484999	3.20649682703	8.99898640065	8.98008586467	8.58495529161	8.91621202511	1.01365387628	8.12914620615	4.63768303768	2.38307795417	4.10432435322	6.97231414892	8.69356054797	
2.6936032766	8.9999653224	8.92445524501	8.73201451338	1.66610415902	8.96616828927	8.99998398181	8.99757132996	4.31956829028	-5.99183311347	6.63715446799	3.65424850148	-3.12514155377	-1.40389515473	1.26312449248	2.98437089152	
1.71808538899	6.50452055356	4.74765988528	6.0751460858	3.89278833049	4.52321384088	4.0112064821	3.52820969593	6.45206461673	3.74786047169	8.40864329938	4.96876860846	2.77423717284	4.49548357188	4.77277033469	6.49401673374	
1.59094379336	5.13613466174	6.34233444594	8.91106323353	8.99999967565	8.99999722311	4.97931074367	-1.70944809547	7.22482381851	8.5715852233	8.99994662592	8.34529811017	-5.99999631347	-4.27874991442	4.37130459015	6.0925509892	
4.14357724985	7.5274600365	5.0090926531	7.73913090886	1.59320453694	6.19739970655	4.17312106089	2.98994574825	7.83613288775	1.81776819811	5.63894070832	2.23963569917	3.82421277064	5.54545916969	5.05966806067	6.78091445972	
1.75116609406	5.15688899533	4.56116201379	7.26935926498	4.94306618354	8.79250396886	6.00871899845	5.6587855756	8.20217153282	3.49211564441	5.65726667084	0.870504207515	7.27875340709	8.99999980639	-1.78778108239	-0.066534683346	
1.59359667853	5.1421405106	4.66976662019	7.23514399789	8.99999976877	8.39838989929	3.78154931323	-0.486762055024	7.69667936055	8.42786647121	7.90783606554	6.04992025877	-5.62955557612	-3.90830917707	7.12215941685	8.84340581589	
2.73336131508	6.20370064755	4.60462886254	7.24821076333	2.12312471979	8.99996409812	1.79589719709	0.976747160181	7.95653403313	1.45493157241	5.64215824111	0.0894213437416	7.27875334042	8.99999973947	-1.73518830066	-0.0139419016136	
1.59470017538	5.15324864504	4.55235767646	7.10773048021	3.64514372886	8.06211903984	8.61167787407	4.90893545763	8.23789203176	3.14262512141	5.65700874247	4.04139282513	-0.390331885099	1.33091451395	1.25227604564	2.97352244469	
6.72367345755	8.66200965548	4.8125676403	8.98815258614	1.60780900506	8.92792723384	3.00556605429	2.00435801718	8.99999990012	0.0144554407597	5.72970934552	2.39969367682	7.27874503106	8.99999143011	-5.98177595996	-4.26052956091	
1.66653864264	8.99999974707	4.55741657073	3.32468184342	2.71892065215	8.76013085075	2.45536258268	0.0851170159251	3.83054855845	-1.79575338266	5.66801971829	1.63828994595	-0.109664549917	1.61407549667	0.47377332759	2.19669001029	
4.28633547336	7.73583857759	4.836829788	7.50124798854	4.37796292026	7.06413116406	1.5929814007	1.44732007045	7.47943309727	3.14279364269	6.14631250641	1.94579505665	-3.30241896954	-1.5811725705	3.77671844357	5.49796484262	
1.62682309816	5.17197406321	6.32904591238	8.89781623814	2.69621121515	8.99957862797	4.50317416236	-0.891362747381	7.1700920472	2.01771120721	5.75223578934	3.99913616725	4.78746629964	6.50871269869	7.20832115443	8.92956755348	
1.65214818288	6.85660343049	4.62961815529	5.5390843383	8.03106754951	4.10478229386	5.99141395459	5.17248581349	6.86127420742	8.77395295422	8.09423895284	4.93012335159	7.21349805553	8.93474445458	-5.48127720752	-3.76003080848	
4.14062767985	7.68523073477	6.43060593915	8.99992229437	1.59479222769	8.99996300085	3.78410214585	-0.211135741559	7.2700790275	1.31562168738	5.64453772301	2.19241389183	-5.99966758031	-4.27842118127	7.27875337302	8.99999977207	
1.80745609835	7.14851487958	4.74581016018	5.50242967822	3.29581720246	8.84705589075	8.92785313709	8.72122997223	8.68027015654	6.36911533066	5.62714318479	-3.59522550315	-0.707626911598	1.01361948745	-0.488368042996	1.23287835605	
1.67094926695	5.23966907597	6.45479777634	8.99999930297	7.16439085606	8.9972032723	2.44048515181	0.955851013987	7.0628277878	4.34094432971	5.88790688088	2.26496208657	-5.84353302394	-4.12228662489	4.32625704561	6.04750344466	
1.61258347546	5.17972813213	4.7090834992	7.25586003473	2.90383240864	7.11851311481	5.07308382224	0.633575515719	7.63107666957	2.46325758702	8.99624663323	8.39224336628	-5.99877795589	-4.27753155684	-2.30961226719	-0.58836586814	
3.64263182772	7.16966151133	4.52400994919	7.110901541	8.924968851	8.99991777834	1.59484195019	0.317954198716	8.94584506271	8.8881444146	5.73068779355	0.993677197242	-5.99999997601	-4.27875357696	6.50910568211	8.23035208115	
3.61281512256	8.98941413916	5.20525140208	5.94257371935	1.59498975447	8.98017956127	8.99684704429	3.92386144596	5.34766366763	-5.39017578623	5.82359871019	8.25268587783	-1.92563164538	-0.20438524633	-5.8653426028	-4.14409620375	
4.10938045367	7.65359390305	4.63908077332	7.20878857716	1.59244073507	8.99998181394	4.67679903103	-0.592780252685	8.9998967589	2.89378969128	5.67202913845	3.64352445898	-0.704637447774	1.01660895127	7.26007174726	8.9813181463	
1.82705784912	8.99999488369	6.36975878833	5.31074281754	7.0191755746	8.99863988672	8.99999976877	8.84490221802	3.45904739089	-0.578996040466	6.21631277708	2.43333704093	-0.353456433402	1.36778996565	7.27871595007	8.99996234912	
3.06774432141	6.53511699191	4.61139420485	7.25794277009	1.60770627839	8.70521135598	8.51165599686	7.67994811865	8.0497227772	1.380290682	5.63361747098	0.0406023602876	6.2762480059	7.99749440495	0.886729992701	2.60797639175	
1.85303742787	5.15373518431	4.52676529852	7.33998882679	6.94304208006	8.99907698965	8.99999993069	8.91867954537	8.84412118795	5.96283175738	5.65158311267	0.561508212648	7.14584596368	8.86709236273	6.30039921032	8.02164560937	
2.51429720685	5.94826502627	6.30902465299	8.98897810035	8.73552216417	8.99997941547	1.6634366176	1.12888047652	7.3037896084	8.17182438351	5.63463214618	-0.959953904075	1.09345451317	2.81470091222	-3.68504312567	-1.96379672662	
3.88784767038	7.4226344043	6.42076500162	8.99989778459	1.59296342028	8.29335862117	8.01916067825	-0.717095642356	7.17169620182	0.869415731748	6.64877365172	8.99026709014	6.44620315471	8.16744955375	7.27745667767	8.99870307671	
1.72638713589	8.99999929002	4.48517143947	3.31904115234	2.13430876167	7.57215974987	6.19479774918	2.81365561798	5.13591150138	-2.09039655942	5.97189564992	5.1511075463	-5.99999952238	-4.2772512164	-5.96370802788	-4.24055757237	
1.59078946127	6.36666833171	5.79865634234	7.13669865039	8.09459846064	8.96523548909	8.9497494253	3.58992756868	5.87308404636	3.05671371057	7.6910883799	8.9999936714	7.27875223611	8.99999863515	-3.23232403227	-1.51107763322	
1.64775260815	6.89433333988	4.51246378058	5.37980432124	8.95418722569	6.61713417664	8.99999599643	8.14679860192	8.66172674532	8.98816074981	8.91001180694	5.77717824037	3.57318981887	5.29443621792	-4.00536943171	-2.28412303266	
1.59257851298	8.99978509595	4.59323454823	3.29992923243	5.61255773342	8.99999976875	8.97155073522	4.68852442705	3.9866619035	-0.587899517587	5.71475858967	5.1882549439	-0.664934019079	1.05631237997	2.78620327515	4.5074496742	
5.23542828264	8.74233045116	4.91489090624	7.52191004879	3.87308546141	6.042638495	1.5931859792	1.28245842349	7.67779279368	3.94819623883	6.3816054078	2.25572646988	-0.932194347058	0.789052051989	3.86145177245	5.5826981715	
1.63608303967	5.14899628523	4.62850640691	7.22951437354	8.34185827984	8.88819415584	3.16628925167	2.07202156795	7.84049343312	7.75080587939	5.63563996792	0.276609434943	-2.66240946868	-0.941163069637	3.62468267623	5.34592907528	
4.10083707477	7.62735953693	4.78853489363	7.37593364155	8.26611638054	7.32368047701	1.5922400356	0.578654364199	7.55899657483	7.81895695736	5.9809508905	1.68036216752	-1.15336118465	0.567885214399	5.76096189007	7.48220828912	
1.59159838306	6.19562497308	4.57525838747	6.08515323593	4.35481581997	5.42209450895	6.6094653717	2.86835227387	7.07231724335	4.07293306597	8.94715800503	8.62372639243	2.5195964471	4.24084284615	7.27304921047	8.99429560952	
1.60345840112	5.14883469998	4.60558480986	7.17412847352	3.13326043991	8.99468248366	5.54240904524	0.836312267448	7.89259319756	2.5456930799	5.64348720361	3.83843666542	2.67380048672	4.39504688577	3.65646930664	5.37771570568	
4.7808708331	8.73780353096	4.5140242096	6.67101221568	3.81619735337	8.97245016167	1.62051939729	3.58603294682	8.99948731776	-0.074025046041	7.57619890587	3.53129676681	3.76408224801	5.48532864705	-1.94119046872	-0.219944069674	
1.59353381698	6.78040438106	7.19388745994	8.12093827111	5.72200966723	3.74353636347	8.99999999893	6.79094057882	5.79142005062	5.81764108199	7.63257307516	5.79723460704	1.41143349109	3.13267989014	-3.07144690877	-1.35020050972	
3.37137076006	6.31309310723	5.79482555456	8.96702457084	5.66010473314	8.9934644408	1.620682912	2.09947708256	8.69881878657	6.60474901586	5.6336483944	-2.08108581595	-5.99999906293	-4.27875266388	-2.37566912654	-0.65442272749	
1.60205885899	6.88613781869	4.68591928112	5.51576155737	7.59532825344	4.26563441991	8.99945814124	7.41917521257	6.03928914177	7.40439766438	8.51594701636	6.06416531788	-5.41212745118	-3.69088105213	6.51162532244	8.23287172149	
2.48279985495	4.96162085765	4.61372154664	8.24882179361	2.02243856005	8.10719646309	1.93375029548	1.5044357544	8.8718788781	1.05626222264	6.34741374461	2.51093708133	-5.19701092601	-3.47576452696	2.97012154494	4.69136794398	
1.78743808174	5.30500099679	4.60795423393	7.20431255005	2.05654676724	8.94574694587	5.8908621072	4.42972892191	7.90897394067	1.45912626052	5.63467799811	0.659808726275	0.0542476469103	1.77549404596	1.80784200286	3.52908840191	
3.71041224299	7.16029893265	5.92982654618	8.5938610546	1.9950261506	6.1777450547	1.81503549881	1.11723676515	7.3868501308	1.74538428511	6.97025582219	3.13015152995	7.2765796346	8.99782603365	3.68208128384	5.40332768289	
5.23110247852	8.76566522893	4.68827860895	7.26763710423	8.8194499121	7.61551133024	1.59087034589	0.338793059492	7.73198373273	8.48077671388	5.99665245463	1.70722539922	7.27875300367	8.99999940271	7.27874891544	8.99999531449	
6.93474481966	8.9999889947	4.93725890874	8.98593570816	1.6622487078	8.99999984701	2.40998576874	3.87452703908	8.99321280888	1.50137980237	5.63359320607	-1.67351628017	-5.99999961851	-4.27875321946	-5.99873469184	-4.27748829279	
5.31411047289	8.74819403142	4.57645495317	7.25629269208	1.74191669118	8.9957835071	2.12284998115	1.35168272984	8.16328389935	1.2067879727	5.63780170584	0.114948024219	5.25994599357	6.98119239262	-0.124816253872	1.59643014518	
1.59246838193	6.71655600102	4.98704524088	5.97687872145	4.01705320965	4.22221180469	8.79996620194	4.73789749848	5.84482675273	3.68461734405	8.96641114816	8.98688087565	3.14429918585	4.8655455849	-5.99998635864	-4.2787399596	
2.76415263163	6.24574485231	4.69456101112	7.32688995589	1.66177186477	8.99978136344	2.71809522141	1.85341474923	7.71807309469	1.11842334909	5.63409869281	-0.236230525313	-1.08772256308	0.633523835969	3.49319528042	5.21444167947	
1.59487113281	5.13741962128	4.55389995118	7.12527273886	8.64900826097	8.99559506383	8.99954488197	6.97740461543	8.32578072831	8.43257854496	5.63523141753	1.20733817007	7.27861017888	8.9998565779	7.2787317274	8.99997812645	
1.59552258162	6.38967532317	4.70371484087	6.02348154414	3.85655353918	4.88194223699	7.54975944101	5.29144849778	6.41867748134	3.43494227106	8.99999858412	7.22000753279	5.02773765866	6.7489840577	-0.145533560706	1.57571283834	
2.67295888801	8.99979919567	4.51201398575	4.29909246682	1.64002170748	8.99943468514	3.64429195615	2.9202869235	8.60388298277	-0.292003024538	5.65563431577	1.9194616501	1.36665651057	3.08790290962	-1.81781568111	-0.0965692820628	
1.88004280655	8.99999091823	4.73635939897	3.71255231039	8.45165363241	8.99999965296	2.4562451107	2.47807874931	4.04590990239	8.92636362291	5.46111955263	-5.99784153093	-2.27853143141	-0.568333790483	-5.99990844313	-4.27740542404	
1.63597769487	5.17528912443	4.74457893201	7.31918862785	2.64464059086	7.16343891488	3.65877585781	1.00182184416	7.56292761859	2.02789199914	5.98235354263	3.65889505744	4.43292106767	6.15416746672	0.175708873903	1.89695527295	
4.8015574355	8.25139703163	4.57314408338	7.23722578255	1.59106152532	8.99998700373	7.89151141414	6.92206949061	8.18868592074	1.13777627161	5.63355871252	0.248334723232	4.33343139646	6.05467779551	-2.34019155758	-0.618945158536	
2.22772914968	6.41610989417	4.84623579943	6.7717762599	3.747893737	4.56801730987	2.71064191964	3.18421861138	6.92503772065	3.56041434068	8.37301772259	4.44729089967	-4.02244761808	-2.30120121903	-4.08736432493	-2.36611792589	
1.85552673623	6.63058262927	7.65085453297	8.97381566224	8.91490215728	8.8020223985	3.00191743268	2.89028253008	6.0714347542	8.84949545522	5.62283696588	-3.26909060374	-5.99499518011	-4.27374878106	1.22595016755	2.9471965666	
1.66804590749	5.8647674964	6.11524247282	7.92300792629	3.96274680124	8.99999977362	8.94184750459	8.31082979416	6.39074728071	3.76515927929	5.62506088323	-1.97326645289	1.55371460688	3.27496100593	6.85528165285	8.5765280519	
1.59083203238	6.78335209069	8.0705219501	8.99192333138	8.86477075685	3.88126604779	8.81655290497	3.86065826916	5.65573322798	8.68960683241	7.97802545211	8.88690091387	-5.94897243821	-4.22772603917	-3.7518242037	-2.03057780465	
4.27449641212	7.77190452279	5.72504850078	8.34156146411	2.76450515113	8.96881604026	1.62197569972	0.687672308871	7.21830484204	1.95318582809	5.63802590856	-0.363512381223	-1.49125993994	0.229986459103	6.50092887835	8.2221752774	
1.59250444335	6.7833414338	4.87542674567	5.79851090418	4.04012424074	4.01950045783	8.49776185335	5.05985921745	5.99055559872	4.05592888287	8.97078666617	8.36728997165	-1.77207486993	-0.0508284708833	-1.06141714667	0.659829252374	
2.01370496918	6.0238727912	4.7152358572	6.81898952898	3.74201931998	5.00223402996	2.51161754334	2.6294456703	7.44112491623	3.91811804002	6.9845544735	3.13286829833	-5.44637043945	-3.72512404041	-0.10422429309	1.61702210596	
3.48570868815	6.98605092228	4.67114503684	7.28472397947	1.59656464962	8.23055695588	5.49817177818	4.00374892146	7.81159250436	1.28591747712	5.63360623716	1.02306190242	-0.544685968439	1.17656043061	2.77131110794	4.49255750698	
1.59183798865	5.14274117201	4.56305319226	7.12607129416	5.32495202744	7.95371374437	4.57406658346	1.66975569176	8.99999595312	6.24574212579	5.6455285192	2.67868149509	7.21130630121	8.93255270026	-2.07602984034	-0.354783441291	
1.77389243696	5.15821959275	4.57025154611	7.29984565533	2.76594263028	8.99971822243	8.9999960578	8.62597888148	8.21507860418	2.02375982284	5.63644000215	-0.0286495195996	-0.582158600688	1.13908779836	4.53368437333	6.25493077237	
5.30911644487	8.84846122478	5.41667645045	7.991252639	8.24939232757	8.99997492589	1.59106149115	1.99848757213	7.14435855389	4.03259080854	8.99999990718	4.95710928885	-4.82240593396	-3.10115953491	7.23316381365	8.95441021269	
1.71299069147	6.5795307013	5.22270888228	6.47009009298	3.27440790251	3.97151308089	5.99914485367	5.47256467881	6.30371781577	3.53459279524	7.67230900254	4.27425906428	7.10776934123	8.82901574028	0.446373337856	2.1676197369	
1.67293194659	8.74579428553	4.66714093993	3.70185768974	8.99999977889	6.9991899793	4.5988551118	3.90702274928	4.35716886418	8.98094223028	5.63341252201	-2.29466750394	-1.60383108268	0.117415316371	1.76771963888	3.48896603793	
1.6998660163	3.63097288951	4.81480926138	8.99762368364	2.24565369679	8.80151849802	6.90614390828	3.90391304924	8.9999975686	0.384740716538	8.33596822888	7.40094113453	0.634897396465	2.35614379551	-5.99558169396	-4.27433529492	
5.31290945838	8.82004842552	4.62813364041	7.23491595157	6.03681656153	4.5888784591	1.59232814326	2.84173869829	8.76724427115	7.01200599477	8.9832019799	4.94031771985	-2.17636312115	-0.455116722099	1.80209352634	3.52333992539	
