1.81994486485	8.8721591994	4.51999510422	3.58170188781	1.97816637726	6.39836210115	8.99180835428	4.66935522024	5.31246335607	-1.28953634811	8.48151483389	8.98913957671	5.02819332851	1.96611197181	-4.39705728665	-5.76205644296	
6.02256569958	8.98653205363	4.70562221466	7.85557721208	3.43253075482	7.85272261939	2.1232125133	6.39518520894	8.1059823826	-2.546171172	8.99998369885	4.9633512933	-0.0627032363039	7.35174769122	3.51330202758	-0.933078031433	
1.78991881233	5.24016366669	4.72137079189	7.38504712098	4.93396358886	8.56885280249	2.82731552729	2.51692546763	7.59414954723	2.35256017191	5.81239653458	1.7328370094	-5.94222912848	4.65937173423	-3.73786789876	5.31049269656	
1.62016217052	5.25681888277	6.4590866224	8.93635117188	3.0949659564	6.54618097667	3.29481200253	1.48134584526	7.04314001383	2.17163648448	6.08964086801	3.32674573753	-1.28692513044	0.291115731813	8.83618860954	9.0	
1.68771864904	5.1358381146	6.33379166997	8.99959218221	5.6639474831	8.99999909029	7.02295775155	6.42094529513	8.99999943951	7.47286711967	5.63361770638	-1.56994367175	2.81948003393	9.0	-4.61759040882	6.30425368903	
5.44071088869	8.98541105192	6.11204653231	8.68126765552	7.69423931814	8.58682451834	1.59085000727	1.14957401576	7.09268722068	4.68785607703	8.66826510165	4.62513703635	6.02054768028	-1.58704014681	-4.53658427071	1.50052851675	
3.69414543747	7.23199771684	4.69426845725	7.27033747056	3.18864392025	6.04978607587	1.60665605126	1.15797872293	8.99978076598	4.61954428932	8.41545621072	4.38657781553	-5.99261335226	-3.1977579851	5.82537059117	8.92428214755	
1.59108949106	5.14762151638	4.63387384339	7.19126305851	4.76803405839	8.71245675275	5.86595757183	1.32604895618	7.68201873212	2.2371817452	8.78297556822	8.82664849909	7.43067279536	1.31717724175	2.74728158743	-3.96639777336	
2.12143064396	5.6797279437	4.70649344004	7.26211746712	5.65313248157	8.03662221433	1.80296288628	1.29628751841	7.51422336002	3.6320854044	6.31962657614	2.32830019677	-3.5567824253	-0.947700111634	8.35100588866	8.99991697867	
1.59528424733	8.74725953543	9.0	7.96056173996	9.0	8.62520262921	9.0	-0.354573114017	3.46861718623	4.13901113866	5.9361065987	9.0	-0.804508497376	5.71001895711	0.897364425746	8.55714271256	
5.45295235415	8.99792024478	6.43097508296	8.99992565285	7.52304359813	8.91969386124	1.59082638591	-2.18153880083	8.56022094996	8.98222134317	8.93729168334	4.89435080374	0.772717253145	-6.0	2.47939104213	6.32817716539	
1.59083402309	5.26979241492	6.42278336249	8.8577462015	7.25746422447	5.58692127574	5.54135535187	1.14915458499	8.49644864614	8.78900389017	8.99977164539	8.77331022286	8.2159212881	9.0	-5.94124124522	8.98941238279	
1.69003364262	5.19658181466	4.70694066828	7.31431361656	2.60096131431	6.53084354779	8.99999971191	8.12723875717	7.71712793572	2.23684888997	5.7973901889	2.22389826953	-5.75798308928	-4.41647154844	8.71441592425	6.67535696331	
3.13061418962	6.35381601003	4.91233426804	7.80305350398	1.60502557645	5.97133318628	4.0622468996	1.48044724245	8.08828436526	1.88823253271	8.99997333207	7.41886734213	-4.67946987473	3.82624804555	8.99935047862	5.0344593495	
1.59289855086	5.26841328856	4.51605224162	6.95445880513	6.95990765063	8.99999983037	6.95133565878	4.64292943591	8.99936625506	5.57784382284	5.7682048163	3.46139136392	8.93411533203	-5.98887313825	-0.965357781917	9.0	
1.67059076627	4.91670477005	4.60692457836	7.47473131623	2.90605923498	7.22199700809	8.71098611505	7.86824551349	8.13895277475	2.01218420783	6.02999972384	2.68692208412	8.89792923246	6.47817480992	-4.10627765705	4.79404142422	
6.85941215791	8.99993642438	5.02163353527	8.99503031188	1.59078287338	6.03830044252	8.12771656638	8.94185779022	8.93964957146	1.57571113011	5.63357890011	1.73920860903	-4.15714992946	4.20127636762	-0.0919931580871	1.77416937485	
1.59093087385	5.2695260259	4.63809435103	7.07342041747	5.97343115397	7.25872866478	8.5892725501	5.11971142609	7.58262161865	4.9189743211	5.76770748897	4.61896852343	7.8737136021	8.3674596142	8.41927236906	-5.45002660452	
1.59076528274	5.26974067913	4.52452850238	6.95947440317	8.97037259189	7.74223274387	8.35430446663	1.23790345338	8.60963017049	8.45980033656	6.49971575287	8.99743671395	-5.96451041684	8.63518830967	3.18738453809	9.0	
3.86653661207	7.41224137799	6.43178469915	8.99999944038	8.99391269478	8.99793274873	1.59390556414	1.14916667722	7.08562547117	5.57036236675	8.99953829517	4.95887195527	-5.80840610949	3.70168039135	-4.07750787143	7.04911283961	
2.46677027423	6.02933612166	4.51937914452	7.07073460775	8.49477172382	8.60061759205	1.67375112741	1.16139672271	8.86096220979	7.26073615533	7.31552937144	3.3256139486	7.83261286302	-4.99796604076	8.6656083636	9.0	
1.64437274626	6.56762583641	7.83331559408	8.9977096207	4.91946391496	4.86693967347	2.56123929304	0.450407446525	8.99999976875	8.26857279068	8.99999976875	5.91601945475	0.0664043895606	6.87732964814	6.38948898772	9.0	
2.35519895946	5.3273920143	4.84389683377	7.98562492232	1.83094139398	6.09676047074	8.3387353365	8.50590856443	8.2777141523	1.92714279028	5.74849074942	1.66941996921	-1.57072954023	0.729652955584	2.31827087203	-4.4456546802	
1.62764867332	5.25104041876	4.89153200825	7.38206136495	5.01865762002	8.56008848182	2.8347066035	1.25220180697	7.23784554332	2.26286068417	6.82238775369	3.84179680798	-5.80799772477	0.674708528218	-1.6391047984	5.24211586698	
6.86766111585	8.99941973405	4.79632771916	8.77849056949	8.90185369396	6.50626094423	1.59084608351	3.12556726521	8.93201510784	8.40242121528	5.77218984388	1.16600522616	8.97018867758	5.40959550938	2.24254728177	3.26283627392	
5.43276871353	8.96745675011	6.40372164328	8.98295538184	1.6196248192	5.58008704669	2.78364068694	1.3716618071	8.99633201675	3.51361186541	6.04597293862	2.98355938876	-3.43625703936	1.02857498044	-2.84385745255	8.35875746749	
1.59112297914	7.69976351219	9.0	9.0	9.0	8.9986551066	9.0	-3.7864912949	4.72076271404	8.79086387816	5.74604107035	8.47230230162	3.89262704825	-5.93174063591	3.85137606454	6.9022815748	
4.58750921322	7.55060616741	4.83947814092	7.9903022602	1.59829323153	6.05525347377	3.38299760477	2.00448448903	8.35493931038	1.80413080664	5.96501295558	3.44072454662	0.51022955945	-5.51553245701	-4.09568392072	-2.93184912148	
1.59080615681	5.26721487997	4.52219080814	6.95970330973	5.61487278153	7.9393561575	7.86471697829	1.18307839363	8.671926631	4.96690530383	6.9344703665	8.9999970399	7.40539965495	1.42145136859	-1.75914921763	-6.0	
1.59845567543	5.14349694824	5.32032331632	7.88920312111	7.13187891556	8.97817573681	3.3466214861	-2.18051650829	8.99991367084	8.97129096221	8.99999163126	6.71279948569	-5.96712560188	8.99944086999	-5.41660237503	8.79848949207	
5.57846874175	8.99949255321	5.44841053445	8.14130765197	1.59081019672	5.78126773237	8.55016124637	6.98369824297	7.77206500596	1.94567997571	5.6335658508	2.83930661118	2.62878934129	9.0	-3.53423651109	9.0	
7.07304979059	8.99999850856	4.81302758864	8.99999933944	1.59080511153	6.01100446717	7.46950329375	8.89985499034	8.99999875602	-2.84973056624	8.99329326177	8.99582723747	-0.0683624728988	8.99995187854	-5.94162286801	2.44983064941	
2.41426937593	5.66933640884	4.84345990621	7.70231393952	1.66756432295	5.99489233285	8.9937648555	7.89437662267	8.16997800251	2.04077205421	5.68212636148	2.58674270883	8.38325879182	1.08442442341	-5.93383137493	4.32930560976	
2.11199282545	5.700185194	4.70221231896	7.22794113921	7.84840510403	8.99816927716	1.79212164987	1.15762058426	7.48834702666	4.86982929544	7.48085515853	3.58745988739	8.98270246158	-1.75385551261	-1.88243501733	-5.98584476529	
4.40120220932	7.14337349207	4.72399180415	8.09532519087	1.59161034227	6.07746660924	7.24488401204	6.66227117528	8.99999976885	2.19928848213	5.63511075461	2.5361977531	-4.26903798504	2.82359049125	6.0197467395	9.0	
1.60545290981	5.26984767456	6.54939551868	8.99892017079	5.62211082317	6.57015327903	5.00425024019	3.53443388518	7.011591906	4.67099855642	5.76939855172	2.63511780296	1.89601496766	7.96122961517	0.371005073328	4.51556578411	
3.48018069783	6.97714197746	4.6767134532	7.29367337186	5.08377023918	8.54222676221	1.5988142483	1.19934497738	7.63121097092	2.61276867113	8.99919960186	4.96200525408	-1.81312321862	-4.4694434077	-1.65280519633	5.45811817541	
3.12543333444	6.67259711769	4.51862152862	7.08537905691	5.95597253193	8.1013314658	1.60823969465	1.15146038117	8.99188450669	5.33674216277	8.99944793537	4.96936046033	-4.30464162011	7.55990485118	6.18350932134	9.0	
2.17759457499	8.99985519632	9.0	8.29074457073	8.64540149871	3.80574108624	6.37227728701	6.82331107408	4.31317772895	8.99300833613	5.64492297995	-0.641131736881	2.45330327262	2.40279934279	-3.52105315648	9.0	
1.60049175334	8.99999332685	8.99995894464	7.71408437313	8.99999702732	8.99994318752	5.62359699502	-1.10550876917	3.52570977111	8.99999788286	5.63253149438	0.890828023175	-2.2585572507	1.16203116012	5.04784151991	2.31146294059	
5.6338568302	9.0	6.25195370726	9.0	9.0	5.62059733756	4.94844740162	9.0	7.56252320479	9.0	9.0	0.89371900141	7.19260717324	9.0	-4.5926870996	-3.44661665207	
1.6442604699	5.2697306245	4.67464872019	7.16309976541	8.30850207179	8.30389190227	7.53263627596	6.65018097835	7.50831613447	6.08145152436	5.76758845638	2.08486873088	2.11410680978	4.16422843767	-0.0441996251247	7.0212677301	
4.89128361263	8.29736597653	4.73719865873	7.44503761446	5.04491110206	8.70438403465	1.59127382444	1.39446048157	7.61356971132	2.30323351352	6.29596542882	2.1469920746	-5.4573124644	8.76605797663	-2.69930407484	4.42736561897	
6.66865404706	8.96871626657	5.07718634796	8.89104479375	1.59081063767	6.0110512941	5.68783294357	5.97907758829	8.46387492846	-2.21758664001	8.99822323646	8.97154361822	3.88454918083	-6.0	-2.57617943941	-6.0	
1.66898114127	5.20113668751	4.60312923862	7.18489490013	4.68249969373	8.40499808932	4.77870651617	4.07005153273	7.81997950687	2.57269169851	5.79609790768	2.03289253416	8.89527876609	-5.85283115345	7.90449466186	1.40187660244	
2.57637342319	5.91007975748	4.94093030889	7.72114489698	1.63815219762	5.93136192098	8.28865079585	2.532417396	8.0056556881	1.98920736733	5.69305917446	7.17588146088	-3.75378037235	-0.683826208567	1.98179781594	-1.85562701514	
5.45503227057	8.99999998975	6.42737945945	8.99633058644	6.93343681033	8.72110680188	1.59082768602	-1.99239607303	8.99686981094	8.83868328485	8.99999964001	4.95713762048	8.30679482107	9.0	-5.05699518552	9.0	
3.80376447704	7.26900166669	4.72426438989	7.37294856212	5.25972106919	8.67407855827	1.59491315483	1.3086174297	7.57427243129	2.5682064588	6.41454492345	2.29589911995	8.14131813769	8.32518385269	8.88146010646	-1.01898629921	
1.59238689687	8.5870264002	4.75933170147	3.87622727135	8.09384209951	8.87735239227	8.74600702938	-5.00464251657	4.4158565991	8.31828153912	6.0794591609	8.99999976887	0.388840835302	-5.68952412099	1.64074641083	3.69127641088	
1.60062059833	5.27021604516	4.63506220305	7.07938805742	3.33407407357	6.19362385183	4.08336633277	1.15836284076	8.98125431632	4.73435346797	8.99999941713	7.31570394666	-1.57697147522	9.0	5.17310909556	7.06294676601	
1.66907549596	5.21946851516	4.94246023628	7.50598828288	4.96885153509	8.56308912147	8.99999977576	8.29466959817	7.27766329631	2.1768737222	5.78729228573	2.00252478551	7.85362716467	-6.0	8.47560228564	8.88527620617	
5.30656056316	8.82232377367	4.70644885878	7.30460685627	2.72570960245	6.10665858457	1.62394482575	1.17835250978	8.25889364292	3.336759898	8.90244876533	4.89257570817	5.93321009366	2.95795089737	8.99969328868	-2.29751560059	
4.25382272246	7.60585920447	6.22291877485	8.9848034543	1.59172006132	5.86528965782	8.9075826594	6.91413227701	7.59709688834	1.61861861737	5.63409045947	3.33579954451	-5.80850817952	8.40364497262	-4.47182376561	-6.0	
1.59257722095	5.26912361803	4.61065439909	7.04802923023	7.10674557067	8.81477915451	8.9999997519	6.62089566541	7.64261411637	4.5541817923	5.76780814877	3.53066099228	-1.53689553788	-3.8009136458	1.58395414007	-2.79461915948	
2.68254346033	6.23996166827	4.67614478819	7.23264778126	8.08475998805	6.76845299974	1.63996133588	1.14915341542	7.66781288986	7.48459091956	8.99999791856	4.99368484823	2.74140487183	8.99966991333	-5.30986272357	-5.92688821607	
2.78404421039	8.7912247843	8.89393312924	8.99872834445	7.30979650342	7.10629917423	7.8113439324	8.97532018617	4.618397814	3.94620692758	5.63584267211	-0.648944815131	-4.11267385628	-5.98283678545	-2.20605360909	9.0	
1.59397407651	5.25578998257	4.53717428672	6.98927966916	3.7597880957	6.89569256836	7.25248253848	4.02153108145	8.99999787133	4.46896432296	5.77335275261	4.40278338882	-3.54851152514	-3.43415287158	7.99800749585	-3.47513743295	
2.74223189554	6.24919261156	6.39595198137	8.99992517559	2.83332421546	6.36678346885	1.66239534656	1.19931431474	7.20103249019	2.11761496893	8.99999983499	5.01638992282	-2.2026413452	-6.0	2.26034164954	7.61564697363	
1.84232203254	8.52287164739	8.98545771782	8.41834796052	2.0497608483	8.99966766639	2.69270573145	0.833935738523	3.99130160038	1.10877687524	5.6338894272	-2.57145323643	4.76366337184	-5.6000667338	-1.43918627221	3.17788006775	
1.67626490523	5.31233954919	4.71795248061	7.19579907142	5.14122766764	6.47739473725	2.61904902154	1.63256111388	7.58471658004	4.82767902642	5.94064597933	2.35135458246	8.52399931834	8.19622509613	8.67422253435	-2.70739845736	
1.59180009367	5.26240976163	4.72594179213	7.16925328711	4.21434125306	7.04900782918	8.06352113495	1.22068292082	7.40400188234	3.18299850902	6.65461227346	8.88713745899	-2.68324202033	3.01252263456	-3.95001163127	-2.52184101414	
3.11840016493	6.14896567943	4.73829243085	7.82164815593	1.91507931526	6.16675121666	1.92814025941	2.01888283169	8.40883118464	2.13077925093	5.91425187211	1.85323944523	6.47210130784	3.13938941961	8.79140691317	2.72082745358	
2.2843235083	5.26974609305	4.64038860892	7.76888724553	6.91711127258	6.24214231054	6.53845652514	7.13373265919	8.9999300974	7.60337670745	5.76758327437	1.24717960518	2.32567533319	-5.88342820903	0.107330940185	9.0	
1.69660160605	5.24157991288	5.59580477285	8.16474788226	2.2697312147	8.99227782794	3.76032917048	-0.249547243153	8.06045935665	3.15919571735	5.63869159621	1.83062058912	4.60850056723	0.609951271134	0.0879545454988	2.57264575693	
6.91732261426	8.90577172862	4.73976546681	7.77095249044	8.3597200623	7.68386934374	1.59084647883	3.25304090013	8.9999632932	6.62543518035	5.77048711619	1.16108730076	-4.04678907	9.0	-4.37797860974	9.0	
1.62162506613	4.71087711965	4.91044394459	7.93511294142	2.75652141286	7.18143379509	6.55306728788	3.07398326318	7.77619033872	1.38358397001	7.97926309295	7.42939145802	8.69520370252	9.0	6.79755828391	9.0	
3.50266135545	8.38313302498	7.83376050082	8.99939191385	2.89328640029	5.50637559678	1.60618120166	0.549892947861	5.74620862306	2.33480857847	6.23001207659	2.11497462137	-5.85522221311	-0.677006511702	0.369352400029	8.62829577437	
1.60211556492	5.25720019513	4.57708514729	7.03592180033	3.17920973405	6.46187081085	8.71882709035	1.36023651032	8.9207163373	4.23619469016	6.23617896687	8.99998029893	-5.55635855307	7.32284847278	3.07314045715	-0.554368699148	
1.77693112062	5.2697226425	4.5305798238	7.15170959552	7.73648136303	8.99996986501	4.9201134546	4.64804822468	8.51480771461	5.6871656521	5.76780084686	1.60736973188	6.61982794422	-2.18675483031	2.68411575452	8.14721442614	
1.73161074171	5.26864604898	4.81565295926	7.3925388086	2.20839343908	6.19125992029	3.18680069323	1.34577129174	7.66661590459	2.16383873971	6.69608189915	4.06037215271	6.22155338428	9.0	6.43194720464	-6.0	
1.83714821738	7.85570020581	5.43425283648	5.52047619577	3.95776964796	8.99999976863	8.99999976876	8.87764913817	8.94708483567	8.32147396429	5.63191614013	-4.58584634801	0.878205293675	4.02123348658	-0.289064442201	8.3397421623	
4.46109437626	7.83261602343	6.25453711865	8.99693643134	7.08869363564	8.82704870934	1.59195541364	1.60340046456	7.26256483981	3.83878643261	5.95617268707	1.63350113761	-5.99713883867	4.92692567818	0.0295555126728	-6.0	
4.3329538402	7.87704708495	4.53500500458	7.10483305231	6.08229538035	7.89718534887	1.59185098765	1.15023246595	8.41052016596	5.08277631389	8.99175456916	4.94957682289	8.95279804096	8.13274498459	-0.919588858786	9.0	
3.4180636166	6.86677497503	4.83342509303	7.49863499853	2.55260650502	6.2599823787	1.65168334301	1.31200681779	7.67307141122	2.35746109831	6.5000720648	2.451333068	-1.43483598469	-5.09378102098	-2.67700469402	-1.74553327764	
1.59078760184	5.25541914559	6.5507095276	8.99999754563	5.90929529436	8.97525409184	8.45495930237	1.29394229602	6.96544341055	2.50716956255	6.37356773875	8.93025186155	4.20592725119	-3.28908670625	-1.30995162197	4.48445552727	
3.64024712287	6.93468278279	4.82213524556	7.6416206914	1.59631658997	5.88025014314	4.16225438499	3.25121881724	8.98807970965	2.94163668722	5.64224691314	2.31914202586	6.73029069644	-6.0	2.16111537121	3.31121028804	
1.74105158913	5.26974497623	6.33957351539	8.92480162492	6.61112120177	5.69449799905	8.99999901031	8.616423818	7.72404212969	7.11241348092	5.76758150229	1.68275838634	-1.71760149046	9.0	8.08924491745	-6.0	
1.60642555326	5.26974212045	4.71854409707	7.16914870961	8.11203253933	6.49388941602	8.06987568908	6.63472407463	7.5482610657	7.77277582728	5.76758411735	2.59971426512	-2.00448097041	-3.84380115341	-4.37166038743	7.4564852512	
1.65203741261	5.22517726583	4.64359685494	7.18437820167	2.98541843	6.66831375283	4.74885284365	3.76717993329	7.7930098793	2.6263094364	5.78628105358	2.2551092729	4.25908993755	-6.0	8.93107468694	-1.66762251686	
6.01121577683	8.68688985971	4.57224732127	8.0104937003	4.57980985338	8.99999941835	2.62320750742	7.00085098025	8.83779941518	-1.87213499381	6.66674038577	2.58219303815	8.99720851673	0.147386318452	5.27358619082	-0.774372557249	
2.27712743423	5.82765354254	4.58106701062	7.14446229034	8.8509483193	8.55578988814	1.73147417814	1.26820548559	7.91098814764	6.69972711087	6.38702549169	2.36006361059	-1.14077267706	-5.94975000445	2.83997355777	1.32149999601	
1.68108957549	7.38837994373	4.70402679539	5.10533574362	8.91880047295	8.99358387241	8.10818002571	7.48244538525	5.63719440296	8.98267068225	5.62815282959	-3.18169182723	8.62443765935	-6.0	8.33549847181	8.99999999629	
1.68695957415	8.99995920951	4.88704200554	3.68579435073	7.48196743777	8.00008389889	2.39705978907	1.08423644621	3.52902070749	3.37824768387	5.63568700919	0.586074795776	8.99326868786	0.434146321275	-1.31560265997	-4.64647965951	
1.92699373121	8.99996166978	4.59213966207	3.63308341774	2.20855809022	6.62799044059	2.14881193399	0.770944378846	4.3264605574	-1.19751257474	8.99531451153	5.48107596268	8.95716690549	-0.183390666057	-3.90466937621	4.19667214505	
1.59076951086	5.26974516284	6.01799064237	8.45293613346	8.87300169199	6.18772227109	6.93129524314	1.170416478	7.08466344814	8.39197304067	7.08331315094	8.22551195097	-0.858153292503	9.0	-5.40194515288	-4.86118784953	
1.60477414721	8.99385503589	8.99999997614	7.72526410591	3.30377539494	8.99999935066	8.99999924617	-5.85795270239	8.91901121874	8.99999999678	5.91948487873	8.99979300104	8.98688584833	7.9214222084	4.25195853041	3.8318459227	
1.59076700119	5.26974301967	6.56505455384	8.99999983351	8.99999977058	6.82407828394	8.99819268194	1.45357911141	6.97585932888	7.77381198758	6.06499498323	8.99092774297	3.59155582822	-4.24031968795	-2.5689982993	8.97346925613	
1.92477769151	8.89415759085	9.0	8.14471851671	1.86788012271	6.21225242207	7.49321362185	3.80464505263	3.65617861882	-0.883209032176	5.63646978466	3.5230546634	5.10464988548	4.57188452581	6.30068138044	-1.43873570549	
1.54498123135	7.47015643143	8.99999999971	8.99999999935	5.12687962263	9.0	9.0	7.46320522549	8.99999999964	4.04624555895	8.34656638326	5.25455716264	7.98340711667	-5.68604208104	1.71241029539	-5.99999511736	
1.5936639113	5.26981197652	6.51868727095	8.95646094675	5.26046018966	5.57724372826	6.96545750518	4.77654243584	8.99437273296	7.29679188931	5.76766043023	3.34072239716	-2.3575189312	9.0	8.14158166932	9.0	
2.11246536314	9.0	4.69986845377	3.9257515022	2.17493499635	8.8967911222	6.54815763176	6.71364696524	4.91691144168	2.83542485072	5.62929320324	-5.17220564177	6.41710806392	-5.37036133602	4.37848291826	-2.95381692687	
3.49783408314	6.82453437115	4.90404460483	7.69126527682	1.59624397483	5.89094307163	7.87272734968	5.95280313919	8.22701632114	2.20207260232	5.63679463729	3.2903136416	3.96293346806	9.0	-4.7454352411	-3.20186456316	
1.59078571987	5.26970834677	4.63740593715	7.07240453316	6.4619126559	6.97339491526	8.503262503	4.02054585934	7.62185960611	5.73235509435	5.7681791016	5.63226810957	-3.8221669491	-5.92774889661	-0.882079725326	8.84624527852	
1.59623069229	8.16788054328	8.54988291916	8.0913905275	3.62308896339	8.99997254896	8.78624354272	-5.10513565368	8.99999976874	8.57136020663	6.05312208776	8.99999977161	8.97042335723	8.69293321731	4.02803762376	9.0	
2.99579554336	6.31864459488	4.89939166389	7.69046365424	1.61038766868	5.86827620763	8.99999976757	8.08842473614	8.35764747831	2.3656628401	5.64398494561	2.29300622116	-5.62675519138	-0.28421560185	-0.602323322288	9.0	
2.81964380591	6.16179494169	5.02567813363	7.79744819777	1.73993366865	5.92941779554	2.25259313083	1.62143137271	7.87295410595	1.96867534838	6.00151613235	2.3508226565	-5.96486861139	6.12827594104	8.92333339479	9.0	
3.36800625986	8.99278287946	5.34350562429	5.8326344942	1.60576521275	6.02596429897	8.99345786672	8.99887016639	5.07037619607	-3.08073484922	8.9999966428	6.72899980252	-5.39885671024	9.0	-4.82480235489	8.92725587784	
1.69576245335	5.27256168097	4.72800853309	7.26513050395	3.09951577052	6.62899881897	2.74966346101	1.91311510821	7.56510321341	2.55547432494	5.87294199274	2.19298643128	-0.891589699165	-6.0	-5.87152741786	-0.000869858410306	
1.6265051282	5.29544105311	4.51674390438	6.96172928415	8.66356154028	8.32558044692	2.83131025158	1.20004908103	8.99649850251	7.94646967763	6.72192019636	3.74454133934	5.82630260559	4.19164438949	1.32410879452	8.90506316912	
5.39752841657	8.94240821782	4.51878669962	7.08782819911	8.99999797922	8.23378642591	1.59085712223	1.14925344738	8.95521684229	8.20936164232	8.85998114915	4.81700154141	-4.26439633189	8.99914659747	1.08640645453	9.0	
