1.59076518387	5.26974158247	5.01953121703	8.99210462686	8.27611490344	6.22351951461	8.5303715026	1.27577188974	8.81462120809	7.95161815996	6.36389443704	8.99981404466	-2.4596855758	-0.738439176751	2.41505545234	4.13630185139	
3.87948672191	5.47496616959	8.81215040349	8.60574621164	4.50680252239	8.92142274809	1.67381799028	3.18206634333	4.30580313519	1.15456200083	7.64465072407	3.60121931845	1.50946244123	3.23070884028	6.78173281312	8.50297921216	
1.59157612917	4.80433463495	4.60865878843	8.27860927169	4.32246064817	8.69490292499	8.93730720298	3.98814959828	8.88352027139	1.89810222896	6.2881747995	7.08487058123	0.81578381037	2.53703020942	2.86584922307	4.58709562212	
2.35070673	5.68067096141	5.67067966781	6.04526851001	2.49074531779	6.6031778534	1.79427113884	1.42311469269	4.96324267919	1.53319628407	7.24609638484	3.34758490497	1.90541408098	3.62666048003	6.68214148022	8.40338787927	
2.27092012802	5.3222663732	5.64342546418	3.36970132766	2.44282239983	8.98292327072	8.6517754553	8.9773863376	6.37602487445	6.54721800623	5.63360096901	-2.06367355799	-5.93624204207	-4.21499564302	6.14998280475	7.8712292038	
1.71846930323	4.98114490173	5.14044604359	6.85661369548	4.61156616231	8.89633643375	2.58701211983	1.89918704353	6.34491332579	1.40095045621	6.4766094063	2.96205519135	2.13692415095	3.85817055	5.24830241256	6.96954881161	
1.59164040132	4.9354673995	4.51243911134	1.93920138654	4.39980404657	8.57571712167	8.93875553404	1.9914142436	6.30176077967	5.75606073755	6.33614585013	8.99995622499	0.0438402964038	1.76508669545	-5.99927691782	-4.27803051877	
1.65106135194	5.15430439455	5.96156299441	5.00155590116	3.10232413024	8.99917845278	8.91635115981	7.92257795118	3.67231861854	2.5375336804	5.63382801643	-0.560479405103	4.32579399681	6.04704039586	0.787086683031	2.50833308208	
1.84580572771	8.99999987989	8.99999999988	7.84082105311	8.99999996324	8.99999987902	8.99999996401	8.99966048685	3.47730075458	8.99999996495	5.44771035583	-5.99999985317	-5.99999999992	-4.2797145296	7.27602820686	8.99999999937	
2.1556678754	5.42201178072	4.90808606338	6.26687923932	2.57343184548	6.77070444227	1.89064123213	1.54274400672	6.14206436169	1.64297367347	6.97025921523	3.11210871139	-2.092493291	-0.371246891948	4.31415718334	6.03540358239	
8.59067891871	4.84262150447	8.996142144	6.07552324254	4.44757875785	8.86785942391	6.46634113596	8.98077992355	1.59160779883	1.14892070469	8.68501906462	8.97893447247	3.68636579856	5.40761219761	-5.96536361775	-4.24411721871	
8.54059682469	5.01598004144	5.2571574885	3.90082189326	1.79358359977	6.27588644296	2.6343060606	8.99965741609	3.36060590432	1.29161379061	6.07942725973	2.29898891219	-4.67741037745	-2.95616397841	-1.66025499311	0.0609914059347	
1.89255476694	5.50934604096	8.93929268368	6.42928831611	2.53805588068	5.57412283344	8.17436949172	4.01068021957	3.93163824815	4.46255113198	5.70623889181	5.31343270777	-5.44069557488	-3.71944917583	-5.95503547305	-4.233789074	
6.86333519847	8.80869222918	4.5171183958	4.31867585755	3.08649937119	7.50025367885	1.60490596231	2.74872574605	8.9994258152	5.8410884959	8.97280343851	4.94392341562	4.84466294169	6.56590934074	0.259341848058	1.9805882471	
5.08920600429	8.99999865875	4.50733309414	-0.433734338781	1.63402640646	6.05411022422	7.99692332405	8.83867712287	2.6223086853	-0.0651902745459	6.64718365966	5.21945196068	-5.99999735558	-4.28007035997	0.0339108027314	1.75598754117	
8.99998979648	8.9999934505	4.51129655506	-2.68036422319	8.98086135798	8.99999096016	8.99998746208	8.99997815092	1.59112125292	5.99183467515	6.11113905846	8.99998746212	-3.94590583284	-2.22473682588	-5.99202528692	-4.27087225096	
2.44826268977	5.52760125061	6.85244999326	8.44880199636	1.82148031634	8.99999936914	3.78167050457	4.06537996628	7.14173003916	2.81046322359	5.63358541608	-2.05581252429	1.44328940916	3.16453580821	-5.99853821912	-4.27729182007	
2.24309986107	4.83428686199	4.67832746776	6.74954097492	3.60798207634	7.96595946572	8.45972836792	8.99726271615	7.08602799333	1.71381261154	6.19219356784	2.12376803905	-3.64766390587	-1.92641750682	3.27960247097	5.00084887001	
1.61892213654	8.97826896206	5.84482015235	4.44408657625	3.26817789152	7.68836936746	5.06994878409	3.20068711663	3.1319241102	-3.10355864023	8.99999261193	6.8432104376	-5.38938954439	-3.66814314534	2.02041503402	3.74166143307	
2.12466356676	5.27078142863	8.99755787358	8.93201399216	4.32157341668	5.56899523553	8.59587194456	8.97750563077	8.99939882117	8.87449684939	5.76720763671	1.29975130378	-5.99945234336	-4.27820594432	-5.79060157409	-4.06935517504	
8.99990601269	8.69625176577	4.64601509955	1.14897335259	8.99919498024	8.86865181722	5.33130485658	4.99821760902	1.59166501067	6.27622544639	8.446542864	8.14358009131	-5.92539497922	-4.20414858017	1.51000694981	3.23125334886	
2.13486323075	5.24134269017	4.51336188662	3.64578176709	4.69306870002	8.07151247563	3.86198233014	4.25619497473	8.99450042147	7.54061299575	5.77962587714	1.33922893288	-2.39911433232	-0.677867933277	5.1003397985	6.82158619755	
6.17855589836	4.94050356756	4.59388634538	5.56923887546	2.14759787769	6.5233554367	4.00239879925	8.44669992323	6.70356900899	2.40943448831	5.99983698243	1.85388397289	-1.87277217619	-0.151525777145	0.372534594333	2.09378099338	
2.79786953253	6.34393658499	5.34977769698	3.41368201374	2.63243435315	5.64385984735	1.72086622747	1.17079044178	4.45817862016	4.43982368132	7.1680049715	3.23231010757	-4.90732567565	-3.18607927661	-3.334391002	-1.61314460295	
5.8289843543	7.33506963901	8.88568067364	8.8603600513	1.63923577918	8.99924963757	2.59947458273	4.63437102611	5.66756943882	2.79048884398	5.63356513462	-2.2477720616	0.917576670379	2.63882306943	-1.1900404308	0.531205968242	
3.57474359922	5.29867211163	4.51700569833	5.29701973787	7.16642938629	8.34930615756	2.77861635083	4.72861138468	7.29998335373	6.39406873293	5.76777202862	1.15414372012	6.70357083128	8.42481723033	-5.61480449284	-3.89355809379	
2.81166341747	8.99920585575	5.2817077703	4.83300608262	2.02367064362	6.44386410586	3.22128439376	4.17826106492	4.14417790739	-3.03730379799	6.97801311695	3.16075736586	-5.30532167009	-3.58407527104	5.38464738129	7.10589378034	
6.46970441404	7.95170401607	4.69641018452	1.4962896104	2.05746327568	6.02989978967	4.90570149177	6.45861760473	8.71531933319	8.99997950249	5.63404346135	1.65942282881	-1.8012080258	-0.0799616267536	-0.394687776979	1.32655862207	
2.53458521648	5.80621360048	4.73415439653	1.4727867812	3.61012663414	6.60189099319	5.16391492575	1.46082877545	1.76244868532	3.08902732492	7.73854747899	7.23030111212	6.98179013846	8.70303653751	0.351115489634	2.07236188868	
2.20847883186	5.75346009315	8.99971133639	8.705762848	1.71196143935	8.99994498676	8.95962097593	-2.00055619595	7.62735301034	5.12110686455	5.95519428607	8.9999987367	7.27736396749	8.99861036654	-5.66084202703	-3.93959562798	
1.6064449944	8.99985118162	4.79691186931	8.35508621888	3.04646293975	7.46665139677	7.26916289716	3.92741024079	8.38792597282	-2.71514071356	6.24373439295	5.4340466191	-1.03071114042	0.690535258622	2.08242623471	3.80367263376	
2.75761447822	4.69433992215	4.99603679948	1.96329236326	2.79040618023	7.14973302497	8.764744091	5.92046587907	1.66922874346	1.39962132678	8.99182531287	8.95967435114	4.11613464524	5.83738104429	-0.27463034191	1.44661605714	
5.86483887463	8.99999555366	4.51265834383	4.41788370252	4.18952670085	8.39564117341	1.59190584235	1.55890180954	8.78468856289	5.73032283914	8.99998813888	4.95813245115	-1.137485053	0.58376134605	5.57693805737	7.29818445642	
1.70176080332	5.18320907813	5.14538315991	8.95518421908	3.75902695173	7.79403630988	2.43821004787	1.43375070588	8.44015476776	1.652319739	6.75714204839	3.34044907837	-3.33346375249	-1.61221735344	-0.944566207528	0.776680191519	
5.4533007987	8.54301086883	4.73897751464	1.48445533985	2.5062994439	6.29113639478	4.41571528758	1.60529060681	1.92009295382	2.44675345897	8.23534526949	7.01635583236	-5.12419278716	-3.40294638811	-5.58974012031	-3.86849372126	
6.80257008522	8.99929501076	8.81048350309	8.46701155939	2.81562247218	8.99879288157	1.61873214458	2.94710456795	8.14789866792	6.79493276794	5.6336150583	-2.26094854505	4.04838589424	5.76963229329	-1.76639950679	-0.0451531077476	
2.14275418024	5.05591981651	4.55374704738	1.4076302326	4.35765347339	7.49413219954	8.69052038221	8.99370302118	2.46395109832	3.53056509296	5.88108168704	1.72502894998	-4.46551206902	-2.74426566998	-1.44839486987	0.272851529178	
1.89455381192	8.99999953822	4.51199225411	-2.84256395379	4.84863278148	8.97890206785	8.9999997691	8.99515600585	3.55883797966	3.53633099137	7.89684436348	4.16031044256	1.61166579506	3.3329121941	-5.81211915453	-4.09087275548	
4.45455530085	7.53251451449	6.94939639669	4.34850748319	3.51579023003	7.74222100276	1.88370026661	1.66698450318	1.91562797957	1.34706115892	6.59399750929	2.79305034487	2.27253225394	3.99377865298	-0.785946833735	0.935299565312	
1.64071637158	8.99996206702	8.99999606002	7.04737047352	4.57674320428	8.99693472679	8.83202568695	4.97391185496	2.55937864136	-3.15693235213	8.99999828974	8.86494111049	7.27794765536	8.99919405441	-5.99990630193	-4.27865990299	
5.31337146717	4.69414746273	5.1618097618	8.92541324936	1.59094558675	6.14498994051	8.90393232895	8.98161842099	8.56752506097	1.30685242522	8.96385062624	8.56568459439	7.22291958158	8.94416598062	7.27705361384	8.99830001289	
5.63253720927	8.99673845902	8.99627343057	8.68394007235	3.45290576536	8.96912207555	1.59791770993	1.31094357632	6.1100319149	5.35789596145	5.63374034585	-1.77800666676	0.370676647202	2.09192304625	5.11993903133	6.84118543038	
1.59740090743	5.14967249214	5.41907218093	4.41444095513	7.74876678309	8.99999859068	3.51060803123	-2.22288025206	4.64082105995	8.80028781694	8.99999998097	6.88881412974	-5.99999993435	-4.27953158486	7.27834739824	8.9999999821	
8.99626150694	6.34179179204	8.9970052602	8.99992737104	1.64880807607	8.9744722395	2.80055614088	8.99999973252	5.92700082308	3.04373242428	5.63356549167	-2.23945496611	-0.359061531508	1.36218486754	-5.99977632934	-4.27852993027	
2.32243623538	5.21146586647	5.89202748177	6.4535934838	2.38771097464	8.99779588466	8.45123515832	8.9988703412	7.39478978262	4.68829842766	5.6336104175	-2.15093986218	0.566517812266	2.28776421131	-5.35316989627	-3.63192349722	
3.74703687727	8.98733629649	4.51199022204	-3.13734865045	5.72461279254	7.94066224885	5.37245255544	7.52042950238	6.40969208749	8.61111141894	7.61433979822	3.57520828214	3.62098082405	5.3422272231	1.16680950381	2.88805590286	
1.59097002138	5.26989226535	8.46842059688	8.87506120301	7.41237597814	5.58034372748	8.5866047187	1.29074575141	6.50800742346	8.9903750894	6.32249461373	8.99972666765	3.49729650747	5.21854290652	-5.99983301517	-4.27858661612	
7.27022022544	4.75668500412	4.53338971161	1.14898878133	8.71770677261	8.99998913121	2.5279392516	8.07941251872	2.44902174587	6.60811457962	8.99531569996	5.01767459205	0.969799741456	2.6910461405	-5.4980774662	-3.77683106716	
1.75099526169	4.73059594009	4.51221103619	1.63272829404	4.6341504271	8.86619521851	3.26276335789	2.87919504931	8.93503147102	8.63944454457	7.52881678845	3.99308060133	3.57648119857	5.29772759761	0.107966324584	1.82921272363	
5.54819545947	6.93408371111	4.66533725799	1.40574919186	2.04763715654	6.09550120284	6.80967133823	8.12170510911	8.72895252631	8.99765256439	5.63606905408	1.99844215444	1.4354015367	3.15664793575	2.70040023772	4.42164663677	
2.87115296421	5.73601568824	5.58459101838	3.23019020622	2.2752309771	8.97795216561	2.1224653358	2.70086099056	8.88718537275	8.96647113303	5.63360014487	-2.1200672378	-2.14803376582	-0.426787366772	2.84253074073	4.56377713977	
1.69436493932	4.7212021695	4.54466348848	3.37019455697	2.26687430029	6.70883028874	6.80759420359	2.97272886352	8.90971166604	6.69919982073	7.57016024323	7.43848444495	2.87585047042	4.59709686946	-4.71224120307	-2.99099480402	
5.10525585765	8.57013106288	7.38069561816	4.45908900933	5.5364571443	5.57321373957	8.09196477884	7.39741828643	3.6674759787	7.60930186945	5.63361567938	1.92358238994	-3.80584966572	-2.08460326668	7.27464042719	8.99588682623	
2.01430325142	4.69418090582	8.56971508915	8.62027256456	1.82159133944	6.32529189592	7.24981372688	6.20613092247	4.64627754385	1.14899396549	8.79153941325	6.2156414148	-2.07552005696	-0.354273657917	3.30517669143	5.02642309048	
4.96668170542	8.36640267639	8.60456248119	5.98659458389	5.12605079283	8.99980347857	1.89024993195	1.29479803267	1.89422117786	1.69541087336	8.51196225111	4.76798999038	-5.11493736338	-3.39369096433	-4.51215042895	-2.7909040299	
4.85614559173	5.25243571398	4.51595052501	1.29386459448	5.06935160726	8.92215632203	1.74546538067	4.45902695278	3.35388069874	3.78013730894	7.09981536316	3.05025957654	1.94443070272	3.66567710177	0.355655053971	2.07690145302	
5.78482609797	8.13645730076	8.99995053063	8.51287253128	1.60003042941	8.96533407768	3.37514080815	4.53972030451	5.8470274734	3.41553527972	5.6335595834	-2.21212010353	-5.99999780997	-4.27875141007	7.25625733548	8.97750373453	
1.63985562521	5.2995085256	5.31143175805	3.30592701227	3.91574073454	6.52219301201	8.19332660337	1.27762947073	2.64320504615	3.09923279872	6.37552895956	8.69186934258	-3.31217564679	-1.59092924774	4.14961609984	5.87086249889	
2.21781481863	5.47028863981	4.68185915181	1.42592797271	7.06659697984	8.92367936005	3.07070509538	2.19251954152	1.74649981961	4.20232443719	5.81710967895	2.5031169698	-1.54428388574	0.176962513303	1.33135297913	3.05259937818	
1.6747075074	5.18474911731	8.9935441059	8.99645779366	3.38884020362	8.999961323	2.63894386813	1.56262972234	8.99997525713	7.87387424554	5.63367703606	-1.17073759391	-1.77679016597	-0.0555437669243	2.27000361809	3.99125001714	
2.52117029938	4.78798531033	4.51293190065	2.28535204296	3.88319495785	8.23432335857	3.18499376462	4.04564883323	8.39704951608	7.33047651913	6.40105993659	2.33388565621	-2.37748733853	-0.656240939485	1.65939619231	3.38064259136	
1.60460484421	4.7075098177	8.99999975466	8.82250091345	3.12012464207	7.53997369925	8.47302118422	3.21313931946	4.3391760042	1.15380004941	7.78272445454	8.99999837401	6.64498525916	8.36623165821	-3.4503516311	-1.72910523206	
1.71601629144	4.99223000849	4.55878596883	1.28418440354	8.99951925588	8.17311435746	3.59188675315	1.72171008283	2.23887857698	7.39685988039	8.99999628167	6.65425566751	-1.81012923116	-0.0888828321082	-3.95197323724	-2.2307268382	
3.61930351444	8.84138269109	4.8118976206	8.99696117152	1.59489611366	6.01509879673	8.99876680276	7.04288740315	8.99924415715	-2.69623692859	8.99999970606	8.94132112644	-5.99918328468	-4.27793688564	-5.46927986695	-3.7480334679	
6.9006186849	5.70787894336	4.81336065865	1.59466962533	3.72172996129	7.95093348986	7.1828295599	6.11464404815	1.59760948678	1.64407264314	6.13983699535	7.46105788296	0.425390206167	2.14663660521	6.17642004297	7.89766644202	
5.97767129857	4.69482301016	8.82316029476	5.90254527844	4.45461946358	8.87489422115	8.73123526104	8.82000350806	1.5916139635	1.14892839604	8.73032205752	8.98469921727	-3.77361805294	-2.0523716539	7.0617187867	8.78296518575	
4.58400055636	4.69428500473	5.47059179034	3.2710578846	1.67240594557	6.20374213337	8.85050379678	8.99969395264	2.49414107361	1.21931345794	8.65123851455	7.45206049224	5.92228091093	7.64352730997	4.7958339066	6.51708030565	
5.4427681856	8.21935670038	7.06222892199	4.15774348903	7.13995526314	8.97389074892	2.99208095215	3.68504025351	1.60890399766	3.7364298443	5.64116661872	1.23191421052	-1.79222417613	-0.0709777770814	7.25765035721	8.97889675625	
8.9981810941	5.95417424624	8.48905802133	8.9130171852	1.66117706127	6.06848482675	2.63685673451	8.81722796382	5.10133050382	1.3270397371	5.6981564147	1.62208729241	7.27874681316	8.9999932122	-3.64289582475	-1.9216494257	
1.63570950692	5.26974170771	5.10699441	8.8855740586	8.99982902501	7.17224401019	8.99999111943	8.03754739252	8.4326527457	7.53863418795	5.76758289983	2.15628961905	-5.99999979838	-4.27875339934	7.27822921066	8.9994756097	
3.97474377989	6.72521087267	4.73940805042	1.4335767948	6.08571009515	8.99998869851	8.71140048599	8.97323995664	1.59627633857	3.04480511301	5.63761663562	1.68560518002	-5.79706337301	-4.07581697397	1.20977655837	2.93102295742	
2.18192699874	5.26293080896	4.51449700905	3.58860190975	5.13590744336	7.81121333481	6.83259052806	7.29491576361	8.17448489331	7.48205040931	5.77007267665	1.2870387203	7.25021466646	8.9714610655	-5.99598073679	-4.27473433774	
5.93668007218	6.04920218075	4.64602897036	1.90558737183	1.6745070488	6.14482194559	5.31357237071	4.60121370958	8.99998569064	8.32708730655	8.83208206983	8.49221496609	-5.8793437739	-4.15809737486	6.57455013269	8.29579653174	
4.12067356791	7.56342647819	4.86599852878	2.18812336239	2.08056670653	5.82726312817	2.04121920726	1.32705258901	4.0769904444	4.06514427584	6.43188569595	2.76359559379	-4.74886816016	-3.02762176111	0.631535648364	2.35278204741	
3.75892325647	7.30389202995	8.9986867362	6.08041096757	8.26277637057	8.729798198	8.99571641293	-1.63998454598	2.40398286407	8.9999997684	5.93671541394	8.99998911645	-3.31616318358	-1.59491678453	6.38620435494	8.10745075399	
2.82887720883	4.90296966588	4.84492019375	1.74174275598	4.46740954247	8.75205847106	2.90639476536	3.03942833197	1.68066198072	1.55616548829	8.40987943912	5.2630496719	1.20013593566	2.92138233471	1.63523325184	3.35647965089	
1.61746426639	5.28259534825	4.81397521859	3.31386885426	2.99671434064	5.87196476245	4.58833854679	1.1584680668	5.48594343805	5.16777419221	8.95671111755	7.78174695194	-5.89852702452	-4.17728062547	-3.24492745164	-1.52368105259	
2.59645889969	8.89814194714	4.53971450737	3.24759685802	4.26898192265	8.68889176065	1.80888404708	2.28081694208	4.42862769624	-0.8509464888	5.79471507307	1.29013982975	-5.2102097902	-3.48896339116	1.36758683713	3.08883323614	
3.54608497213	6.53658082427	4.74252660179	1.76884275972	3.11808192214	7.23133899887	1.90300343351	1.71570562412	1.9471067603	1.86450854449	7.49767195767	3.75477013433	-0.533684208386	1.18756219066	-0.367616597489	1.35362980156	
1.89486337539	5.13811214543	8.99996269647	8.65362348999	4.16468818273	8.99863778727	8.99850422247	8.9999985075	8.99999562363	8.99900962395	5.63361547469	-1.98048095739	-5.72463020959	-4.00338381054	-5.99999969754	-4.27875330456	
5.29866393282	4.81271117656	4.69738515672	1.91131487324	2.04961916669	6.44868168514	2.61271713136	5.80140523683	2.39237695947	1.83635943552	8.99999727519	5.35755850017	7.26233984948	8.98358624853	7.27871850723	8.99996490628	
3.23432770118	8.99999555758	4.51199983079	-3.15492349746	3.93121510184	6.06352333748	8.99998514526	7.76582257242	2.63681166967	4.92245892605	8.99985295281	7.83461331137	6.56148944133	8.28273584037	-3.71530321258	-1.99405681353	
8.68779785362	8.98425316836	4.51284249575	1.26856656583	1.59260338715	6.0127815367	6.03939268784	8.9999997687	3.98248875039	-0.254251601537	8.9999999647	8.92103922748	-5.99999979659	-4.27875340908	1.73914301682	3.46038941587	
1.88518205837	4.84165259868	4.52596005858	1.88319922428	4.18845802486	8.43644397614	5.51339779391	5.4826895247	3.38787840585	2.83962880985	6.17374286087	2.30827644655	0.61583081536	2.33707721441	-2.86481148522	-1.14356508618	
1.62693670239	5.29588803464	5.66933421623	3.81424913419	8.0093031776	5.92579454367	7.66286993462	2.92948281223	2.96611494529	7.96168456046	5.76577910313	5.89051037023	-5.99087344356	-4.26962704451	6.54563321944	8.26687961848	
2.7965632243	5.46801176085	5.35131983902	8.83320619968	1.62429536207	6.13191380607	3.59014737488	2.10306704346	8.22919987528	1.29667024073	8.51868121288	6.39460908879	-0.682215346749	1.0390310523	-5.423017269	-3.70177086995	
6.58943137502	5.28459961196	8.99999971745	8.95976820292	4.2610351145	5.72393392957	3.0951966544	8.07849660908	4.99453927346	4.62884797073	5.76722267621	1.14904985104	5.85065665531	7.57190305436	7.27800058568	8.99924698473	
1.79081522721	5.01238370191	6.75688253887	5.4037809952	4.78762584916	8.99996778584	5.29460264572	5.0279215898	3.16153197173	1.35926706178	5.91799835601	2.02340693707	-3.27070211238	-1.54945571333	1.52006907012	3.24131546917	
2.85665050317	5.43230076897	5.60282405754	3.60902430406	8.37975670406	8.9999823062	2.00400109575	2.9240926892	3.25858318997	8.98768479936	5.63363317675	-2.10034985575	-0.190632688799	1.53061371025	-0.793160816811	0.928085582236	
2.60054720708	5.9359717367	4.71394684338	1.61541331197	5.33520030318	8.59194079873	2.0831878197	1.41262523853	1.84416896711	2.74293718658	6.85497513532	3.2504092785	-1.83839473539	-0.117148336346	3.3429034824	5.06414988144	
6.92002765829	8.82143893246	4.95616352247	1.86859726671	3.76189218007	7.89023042146	2.85892353997	3.97629335526	1.62122832174	1.63743240313	5.66300616534	1.70452023448	7.27671362886	8.99796002791	-1.80596610165	-0.0847197026006	
2.49662570592	5.74776914698	4.90957589155	2.84062701257	1.69365599393	6.01759169936	4.23796287487	1.48847457832	3.05612796014	1.85811621189	7.56557913823	6.12422012802	-4.50633037186	-2.78508397282	-1.32526363381	0.395982765237	
4.81307509739	8.35537355011	8.80793146254	6.13348478618	1.95437551643	5.5689969898	8.99998704144	6.80121342003	6.72102262205	6.83782311093	5.63365318884	3.35042436643	-5.83939222167	-4.11814582262	-5.33618504196	-3.61493864292	
4.3621795707	7.38348545772	4.65368178705	1.65859757792	5.29562848061	8.93027369776	1.7676335749	1.96301798549	2.0729556313	2.4903704309	5.94723298501	1.79083828994	4.29885898537	6.02010538442	7.27788549215	8.9991318912	
7.69414309932	7.85515968819	4.51295855774	1.17485005828	5.64951183338	8.82901138129	1.59363202483	4.53332140854	3.95016647948	5.16574962657	8.99748141612	4.95707318901	7.27573746161	8.99698386066	1.4048927724	3.12613917145	
5.46594834235	8.9999995404	8.84463368456	5.97141534451	2.71348949255	5.56906571076	3.12573963566	1.68519427005	5.39472609321	6.46934386163	5.78741762741	2.75420754267	5.49327820232	7.21452460137	7.13981830464	8.86106470369	
3.83120267497	6.87962878216	6.33132222232	5.15581778802	1.60106432874	6.03660177059	7.81774029285	1.69324274194	3.52750445931	1.32444715202	6.64350049869	8.77986753108	1.84939949903	3.57064589808	-1.84324129236	-0.121994893311	
8.99999957904	8.27564772832	4.7924011566	2.43712606314	1.65204667459	5.89164692214	4.30434188383	8.35415751519	8.96140822302	8.13405902382	5.63417466479	1.36900606755	7.27875339294	8.99999979199	7.27723224953	8.99847864858	
8.26647064148	8.99999974436	5.51517448493	3.57512671449	2.34031239989	8.99999974809	2.44197753834	8.93127410567	2.85154433811	2.39147279911	5.55645237677	-5.82872901398	7.26323324535	8.98846287662	7.27668715779	8.99999998622	
1.6957192506	5.24190571929	4.94008698329	8.80589229135	8.76052778612	8.42441019623	2.25916605089	-1.21855291967	8.99998722503	8.97484708423	6.39921601691	2.9433978744	-3.47093070189	-1.74967532391	-5.99998957167	-4.27862601974	
