1.61001752841	5.23401881881	4.73136278019	7.22128280188	4.35631694221	6.63685512171	8.38923223029	3.7486306352	7.51230758012	3.55779919368	5.251369223	5.5692910096	-3.84410451987	-2.12285812083	-4.38025145628	-2.65900505723	
1.60987739622	4.47011741964	5.43235320472	8.68603450612	4.53174445564	8.95189006161	8.9998534652	5.47246625339	7.84091978913	0.983042171119	8.88647318478	8.85494237244	2.88223927278	4.60348567182	-5.98166859593	-4.26042219689	
5.40191579202	7.45174247746	4.93272417992	8.99681879639	1.62867530723	6.07373572179	2.97530148522	3.53376235381	8.97167207188	1.27846709121	5.20393468283	1.89696837771	-0.265037849816	1.45620854923	3.69986565696	5.42111205601	
1.62669961148	8.78894367253	5.10032214739	4.04991177592	3.15866655276	8.99893530132	8.96308808694	-5.65204252723	3.93044933862	3.18857430037	5.47632846826	8.99843715797	5.54328031077	7.26452670981	1.32590080855	3.0471472076	
1.66680968958	7.74530819704	8.97014674247	8.99999869622	3.23065534207	8.39770155707	4.00375086797	2.9158353166	8.99999771581	7.664495434	5.04286786314	-3.69163267958	-1.43444715361	0.288362996791	0.888794357361	2.61070387661	
1.58119990114	5.95053683196	5.97631734458	7.72090048725	5.89587304248	6.77085208617	8.97625163955	3.38522023597	8.97562893274	8.60813258726	8.87964041436	7.96666730443	7.22263385202	8.94388025107	-5.93888544229	-4.21763904324	
1.89503932948	5.33568057603	4.8675293852	7.54080945465	1.99035648588	5.92359592697	3.98813285983	3.06772430959	7.75950537203	1.96893594648	5.23688666828	2.01797518719	-5.99999994247	-4.27875354342	-5.99676221022	-4.27551581117	
1.66331262488	5.2151249924	4.79912158677	7.36123053278	5.18558569962	8.39807891728	3.93493991466	3.03863017869	7.4265528458	2.4679004846	5.2587782687	1.90459713201	7.2784849394	8.99973133844	0.759369688198	2.48061608725	
1.66119336368	5.25225536816	4.85494983541	7.37780914609	5.29678461238	8.4463496088	2.7080735689	1.27750039394	7.33024188854	2.47376735782	5.52965939223	2.67049208251	0.316206602716	2.03745300176	0.111930182455	1.8331765815	
4.68827194832	8.05160272548	5.23408758269	7.98467812972	1.60966124977	5.65780962614	7.09025468691	6.36524706891	7.78003033659	1.7972417717	5.16877088198	1.83176866835	-2.52236808702	-0.801121687972	2.97038142764	4.69162782668	
2.02744456069	5.23358182842	4.70090543711	7.6086894785	6.58554714166	8.80640365588	8.4527687218	8.66213771183	7.92329176027	3.61060102069	5.25080311455	1.13661834095	-5.39170223262	-3.67045583357	5.79266779723	7.51391419628	
1.61604870678	5.18914789374	5.22333514065	7.76415727539	3.67298559207	7.21504602101	8.28199513491	6.13038559534	7.17548256194	1.908549765	5.26065954411	3.140491426	2.13807266225	3.8593190613	6.22797463062	7.94922102967	
5.63686337856	8.9329600443	4.64595346925	7.46377810909	8.98224836603	8.13104136739	1.6093161295	1.66643968584	7.97738435178	6.82671664452	5.3372483561	1.28534949761	5.52865375374	7.24990015279	-0.930597596754	0.790648802293	
8.99816212009	8.9999999247	3.54456702385	8.9999999999	4.97443044299	4.79568282464	1.60473680084	9.0	8.99999999973	3.42572287611	5.54301566238	-1.46208582084	6.379098494	8.1026108664	-6.0	-4.29197908355	
5.45507213387	8.9999593243	6.27731530609	8.84634942391	8.30659703534	8.89655036615	1.60930493319	0.925164871658	7.10612512048	4.76308745905	8.99954013255	5.44011451199	-5.9405488658	-4.21930246675	2.01115194669	3.73239834573	
1.60113568942	8.9999997688	4.52076386101	3.23517977406	4.58147664595	8.99999972342	8.8887043186	4.56968107791	8.99999961703	2.31202189507	7.39115361338	7.98420176104	-4.11899430006	-2.39774790102	0.951317099312	2.67256349836	
1.72387968447	5.25679927756	5.05686855689	7.63787027653	2.82652434784	5.85380307734	3.34439863291	2.64370288997	7.51532704899	2.72299665458	5.25644321971	1.72554061494	-2.78880188114	-1.0675554821	1.25094181873	2.97218821778	
3.77579354519	6.92011202353	5.05114459827	8.02074742723	6.91379319864	5.58062568934	1.61831076232	1.92710049828	8.42683379168	7.60634840562	5.29585800244	1.14407115142	4.76124574662	6.48249214567	-0.525248303819	1.19599809523	
1.75338231794	8.99999974398	4.70715478657	3.5528422077	3.17412550184	8.97277331212	2.87438031475	2.33622586741	3.70763021686	2.34550030023	4.93531443029	-4.94334453949	-1.55124893069	0.171390419605	-1.76830073077	-0.046080752886	
1.66437576607	4.47129858559	5.69284982925	8.99984831006	2.53293456277	6.96334855421	8.9999997686	4.69827856792	7.87837897396	0.956916447209	7.84227756	8.63839729099	7.27052271621	8.99176911526	6.98648430931	8.70773070836	
1.62415651735	5.23732117987	4.98910823198	7.48986488664	5.77021424715	6.64061246437	4.06192501623	2.55672821488	7.24986970916	4.69466463398	5.26060943613	2.45396307458	3.20851718202	4.92976358107	1.53462705527	3.25587345431	
2.11817935365	8.98118840258	4.52914455545	3.78004704834	3.94631686713	8.3665086489	8.60547727462	8.95050229155	8.93394753252	1.56841919754	7.8832737709	4.48692656242	1.61678625928	3.33803265833	7.27772791607	8.99897431493	
6.0307989016	8.98902350916	5.84430308937	8.99999976615	1.64891581664	5.39248329335	2.66878489587	3.12316358026	8.94461474422	2.8613005219	5.17942550352	1.0681435762	-5.94462274356	-4.22337634451	3.10226317843	4.82350957747	
1.61034822748	5.23280032169	4.64239002323	7.13385923688	4.30166035137	6.75916792868	8.99997752785	5.73608139954	7.73958352734	3.60655659241	5.25097302249	4.19373849783	-3.23669791857	-1.51545151952	-5.7297272248	-4.00848082575	
1.83391616414	5.42485451923	4.84135576874	7.3643387315	6.36107334633	8.76004815426	2.0554169255	0.942372790603	7.3425763176	3.23656829673	6.77502914757	3.59845647567	-1.47067984493	0.250566554112	2.34871132646	4.0699577255	
2.56970972719	5.62308509658	4.54692496536	7.60747090653	8.99999976875	8.25070281308	1.83836721774	2.27663578424	8.99997311692	7.50467399847	5.27010206522	1.07977959254	2.90529534163	4.62654174068	-5.99999976865	-4.2787533696	
1.64106994812	5.90204359037	4.68111021316	6.53405517107	7.75179437986	8.94014602461	3.42591858937	2.54464764502	6.83665255833	5.98231679812	8.98384947897	3.53459149006	5.13236028435	6.8536066834	-5.2293307004	-3.50808430135	
1.7985353171	8.91838748577	4.52914272847	3.52320610811	4.39206329442	8.81225509532	8.87532970064	8.61076679546	8.98005336107	1.93649666261	7.30722099131	4.19849886977	7.07501910512	8.79626550418	6.0937653408	7.81501173985	
1.59034310237	8.67725336238	6.98925625005	6.01708275055	5.52016660988	4.22977834307	8.9999993419	-0.0135861098497	4.14479754668	5.99995604646	6.54811392257	8.9999993419	7.28013190646	8.99999632545	2.016282618	3.73794322149	
2.908854568	8.99928378375	8.55392941103	8.57740537181	2.64082129266	7.06101015215	2.388810199	3.52703090849	4.55265981865	-3.29910951935	5.58253690895	1.87924664722	2.79766877159	4.51891517064	-5.99999851048	-4.27875211141	
1.62655417773	8.9983238909	6.11361607759	4.85570435908	3.36223515137	7.78242659006	6.20656698218	2.5408954658	3.28264355688	-3.48666925564	6.08939634461	6.10753952072	1.13889334636	2.8601397454	-5.99687695155	-4.27563055234	
4.80007265197	8.29619824676	4.8349158041	7.45271152372	8.87335300887	6.12917222949	1.60960745954	1.1543285768	7.61414908162	8.55648417176	5.63732156235	1.89779611892	-2.01188242709	-0.290636028047	0.313952168838	2.03519856789	
1.60929343694	5.22860021518	4.84348688229	7.33810141884	6.24544518444	8.96719563068	8.28486816874	4.37749962398	7.31206744922	2.91165222815	5.25200390576	4.84138720327	-5.99859940104	-4.27735300199	4.1866009276	5.90784732665	
2.55005086307	6.03157984701	5.83023925328	8.46263158891	5.28356930304	8.77445836627	1.67709079532	1.09284551348	7.18397645637	1.87664489646	5.89858813968	2.30262589507	-4.64355792002	-2.92231152097	-3.2705614378	-1.54931503875	
2.73794543243	6.28859991514	4.42345689159	6.98360766023	8.9999999045	7.78692908484	1.64848360127	1.51820058001	8.51415960343	7.5256331962	8.99999986849	5.47823297772	6.84991255344	8.57115895248	7.2783111382	8.99955753725	
1.6092589288	5.23588047116	4.84692024391	7.33422001596	8.77400371828	6.06262167812	5.90129622701	1.11825985017	7.50151702164	8.54154921323	5.69506817063	6.15280438011	2.00297482552	3.72422122456	5.43849232491	7.15973872396	
3.32279846547	6.21309914797	4.56310200814	7.78672263028	5.32204845321	8.72815590857	1.65359804038	2.25695172595	8.87883385599	3.06505559617	5.28121091592	1.08887802616	-1.33971867173	0.381527727317	-3.5439978215	-1.82275142246	
5.87675752215	8.25940871537	5.26968819953	8.99980081502	8.00982318356	8.9571237043	4.49009467776	8.75491657612	8.99999976875	8.55396913882	5.13880979826	-5.62336648768	7.27831940232	8.99956580137	7.27875359711	8.99999999616	
2.31446661218	5.97977762178	6.55137719158	8.99998442089	8.97752545876	8.44356676356	2.2296927971	2.73421656624	6.96286686379	7.20295173115	8.72987585533	2.52281266428	7.27875332971	8.99999972875	4.13531008964	5.85655648869	
4.0793519465	7.51210622756	4.97454000518	7.6557070448	1.61070453227	5.66884791883	7.06388971022	1.07253462912	7.98785309091	2.06449299154	6.28111403724	8.14103581398	0.856608003647	2.57785440269	5.85938693885	7.5806333379	
6.1839769054	8.70118382326	4.91564334283	8.51235772599	1.60924299505	6.07361993614	6.94914620892	5.73222747278	8.521105959	1.27596467189	5.16875177661	3.16978485682	-1.06659144298	0.654654956066	3.95736990572	5.67861630477	
1.62294585617	5.18016543467	5.10329538365	7.65999712809	3.1168479165	6.78794120438	8.64520750388	3.86134478595	7.24239929456	1.83055404266	5.26341090294	5.79137555817	1.03652133777	2.75776773682	1.27887820858	3.00012460762	
5.39624724343	8.67855142841	6.09358538049	8.92515593561	1.60942189918	6.02961927048	6.42421066069	6.63319583063	7.37276416165	-3.24714723959	8.9965162477	8.99059580552	-5.99993644829	-4.27869004998	0.0312365591536	1.7524829582	
1.61231924637	5.22885359333	4.70193640613	7.19932337046	3.75870599462	6.62170275682	7.45309964715	0.949840369119	7.58662302862	3.0421891214	6.77368303847	8.96172944709	7.21730448187	8.93855088092	-5.99986932706	-4.27862292801	
1.63071446321	5.17574405645	6.43110674761	8.99999915536	8.99983653326	8.99919605977	2.92560747117	-2.18592695228	7.25617040658	8.62439460222	6.8216044884	4.56867719901	7.27278226906	8.9940286681	4.27427797676	5.9955243758	
3.09026939175	6.5358266786	6.29513469997	8.96349871865	8.99344335818	8.15842705503	1.63156207488	1.34529893121	7.20569313477	6.18829520363	5.45790448309	1.59993185172	2.24722311571	3.96846951476	-0.694110906244	1.0271354928	
1.59122101152	8.99997536593	6.09986770241	4.80482134622	8.9997765169	8.99992787805	8.99992745909	0.65818104084	3.51951132454	8.99977651911	8.11337793877	4.97823178961	6.3070455966	8.02831950367	5.21766479332	6.93899571724	
3.06460149079	6.60521921298	6.42664043331	8.99994386478	6.83362452006	8.88837054915	1.62488496	-0.369459812812	8.46377771193	8.16984700136	5.17129379685	-0.591833053237	7.27875334979	8.99999974883	7.25958724459	8.98083364364	
1.79836670001	5.23334195773	4.56168307984	7.24062912654	6.53424536035	8.79847686161	8.536014624	8.27298986285	8.35172049398	4.22449275693	5.25085307303	1.38022405886	2.19465724689	3.91590364593	3.92347377122	5.64472017026	
1.76929714155	5.16061045217	6.09479358145	8.81740165657	2.61274401558	6.4995187939	5.28049638086	4.76043864039	7.29618780937	1.50275513664	5.26778660171	1.6978521516	-1.28335923499	0.437887164057	7.27787163835	8.9991180374	
1.60935823147	5.21388446146	4.67848376196	7.18779293911	5.15144933137	8.28236050849	6.54082424632	1.15331999785	7.4791419862	2.65254404821	5.61832028921	6.71945018209	3.46279258349	5.18403898254	-3.24252141944	-1.52127502039	
3.9838840381	7.38191473344	4.95117572504	7.66706635497	1.63135522551	5.71680628025	2.95345509809	1.59375261901	7.95125179065	1.96586046827	5.32477785456	2.58777057999	-0.904848216376	0.816398182672	1.43866059196	3.15990699101	
1.62693799301	5.22289924365	6.48203973491	8.99999978783	4.8231693217	7.80193807822	8.79227965318	7.40484808835	7.05350551216	2.372726487	5.25306124879	2.34585307532	-2.10617057405	-0.384924175003	-4.20596153707	-2.48471513803	
3.71713965895	7.25026599752	4.61384664451	7.19464161128	4.29196172511	6.2013954494	1.61435118013	0.989208861541	8.5303639198	4.85608513097	6.11974413145	2.51308150654	2.69951259379	4.42075899284	-2.32280316763	-0.601556768587	
1.73088177723	5.97546405842	7.06294729332	8.93227919144	2.11679618336	6.78986955788	8.99999542088	5.56124829017	7.64314036175	3.36232470077	8.77998145477	5.83002356201	2.59348665492	4.31473305397	-1.10956635762	0.611680041426	
1.62590677372	5.22588244072	4.73578741631	7.24973308119	5.3335150012	8.19495057518	8.72521304514	7.31574256209	7.46650113461	2.90706974406	5.25242392708	2.36324025432	-2.6971841331	-0.975937734052	-3.68234555517	-1.96109915612	
2.93460956781	8.84172482271	8.79350975734	8.99998444474	4.24269791473	4.35857704806	2.2148737973	3.42284731325	5.09694709797	4.39781241131	6.3553373018	-0.265736408952	5.20897664405	6.9302230431	4.57117100855	6.2924174076	
3.52545741008	6.99357864613	4.63757582816	7.28337590175	5.42639005452	8.99892898336	1.61604215635	1.04889849995	7.83108366087	2.42869448239	6.17009674156	2.57044063425	5.12324319586	6.8444895949	1.15820252935	2.87944892839	
1.68357593166	4.47167316712	5.67394177793	8.99976584638	4.50798677692	8.92781630158	8.48794194596	7.75562556235	7.88737449004	0.957670835195	7.57748090291	4.82302141267	-1.87650181033	-0.155255411281	1.5986357729	3.31988217194	
2.68195973634	8.9132251191	8.31776332434	8.2003375593	1.64837826591	6.06857342869	6.5469722756	3.19380447365	4.41183662072	-3.38932527154	6.71636376214	7.4538517231	1.69136158709	3.41260798614	-5.50166957711	-3.78042317806	
1.77582869798	5.23589938098	6.22465989377	8.87851059968	5.54846585481	5.36131256808	8.99990579444	8.66959572594	8.96542669474	7.31467918765	5.25032186468	1.42188263231	-0.168873731639	1.55237266741	-2.0982929175	-0.377046518454	
3.30494849543	6.84992166817	6.02699775255	8.59558751697	6.23297676631	8.99999882695	1.61808263037	-2.6907059909	8.81835429082	7.9312291731	6.59593193542	3.02882273718	6.90635883154	8.6276052306	4.92786999244	6.64911639149	
5.44932725484	8.99431030547	6.43106203234	8.99999976605	1.60936326484	8.99999879275	8.99594929395	-2.36644767283	8.33157246805	2.81084406337	5.43899427827	8.9348298503	7.27852616372	8.99977256277	-2.44805013491	-0.726803735864	
1.64713464835	5.23684711763	5.95570069064	8.4799095354	4.18729965035	6.9592096654	3.34876088013	2.18406607144	7.08103811373	2.60086901108	5.2769675	2.15327137501	5.11634128893	6.83758768798	-0.101561782335	1.61968461671	
6.8701939612	8.99943442068	5.01531882448	8.9999996585	1.61068913239	5.94339813325	4.09051154918	5.05119711445	8.8891521131	1.38771230534	5.16951364117	1.3809088877	0.0221507407555	1.7433971398	1.54533512691	3.26658152596	
2.00914713902	5.55767075293	5.06855864795	7.63395631836	1.97164324643	5.50117532626	2.46285549696	1.30432909868	8.97684087253	3.69786115637	5.4660788845	2.37740293335	-5.99783264015	-4.2765862411	-1.84312615217	-0.121879753119	
2.64333244191	6.02061192083	4.73313916486	7.46978099883	1.65137580783	5.79318664261	8.40338361704	5.02070047711	8.99975020138	2.9372476869	5.18110449742	4.48782930515	2.52384990199	4.24509630104	7.27875247544	8.99999887449	
1.71370362525	5.2506707238	6.0081539257	8.58510813355	3.89516280272	5.75415839555	3.12416072009	2.47925220857	7.34497228955	3.72497254226	5.26238457376	1.67164723023	3.18068923604	4.90193563509	0.565193457833	2.28643985688	
2.26091823102	5.79188475757	4.78282249168	7.36577727841	2.89448026415	6.26155113648	1.77001513781	0.960360204562	7.60532743188	2.47125177879	8.66138222309	5.24139192139	2.13635509959	3.85760149864	-5.99578699953	-4.27454060048	
3.43063537625	6.97552021518	4.6750428652	7.24408126469	7.57555911262	8.90693776658	1.61587302724	-1.56607487527	7.87681882037	7.4296504675	5.70786045281	2.00782223357	7.27312113977	8.99436753881	0.135009891123	1.85625629017	
5.15209004827	8.69689838324	4.53667241074	7.10578538068	8.79978382963	7.67734754497	1.60937899925	0.926002679803	8.9999998004	8.3692729319	7.89831986365	4.33820932816	-1.92881459021	-0.207568191166	3.66135594433	5.38260234338	
6.77284149856	8.97969239936	4.7100404304	8.61711083073	6.4155066218	8.44703731573	1.60931356619	3.01071771721	8.90488275495	3.7822315659	5.25422975322	0.947296092951	3.38623861523	5.10748501428	-5.99938917882	-4.27814277977	
3.06082554235	6.48989764829	4.9875856586	7.67243487565	1.6248604358	5.68947218455	7.74212700198	1.1182033641	7.9140077184	1.9804970949	5.982554353	8.47872684639	-1.17203960174	0.54920679731	5.35224082216	7.07348722121	
2.85263226489	8.99999976875	8.99999975618	8.99966540418	1.66694811679	8.99999453774	7.95665440522	-5.99925229419	8.84490778456	6.06748474589	5.61120645926	8.94241248079	-5.99999986591	-4.27962402217	7.16028890452	8.88447271528	
1.93025601729	5.5142409927	4.60163760453	7.13157393619	7.26921991435	8.99999999917	1.93333547809	0.938962429884	7.872915003	4.42814836022	6.77916472255	3.49087431779	-5.99846471087	-4.27721831182	-5.90400395826	-4.18275755922	
3.01080397002	6.40459485438	4.65183500442	7.37178353201	6.61346973721	8.99751112123	1.63430469353	1.29194992068	7.82389767948	6.0086198678	5.16927935667	-1.05690270116	7.27875074001	8.99999713906	-0.458481445493	1.26276495355	
1.63148786567	4.78185270967	5.9981734737	8.96172993777	2.91059894988	7.23582315937	8.84268046329	1.99904344965	7.51352309384	1.04069219753	5.68702252228	8.68161621054	0.581855380722	2.30310177977	6.3880099687	8.10925636775	
1.62725848038	5.24633014134	5.20079652262	7.69564618013	3.43018218954	6.00396307211	3.30294465783	1.04658353156	7.26989336132	3.01721273615	5.8777791746	3.81639002325	-4.0655066706	-2.34426027155	-1.20868218769	0.512564211361	
1.61082877276	8.91170814956	4.5948484173	3.40788969227	4.57640359309	8.99659338153	8.99934957871	3.35407191598	4.19479033565	-2.64509435673	6.75683343369	8.82515457294	-0.398059144218	1.32318725483	-5.99964073058	-4.27839433374	
3.40926211341	6.8231548415	5.03587582513	7.7359044255	1.61616753519	5.70589737439	8.26722573265	3.99939026835	7.8261667573	1.85235867527	5.17108208669	5.32634576997	-2.31069697192	-0.589450572877	1.25986683525	2.98111323429	
2.88934426715	8.99999892433	8.99999940744	8.99999940742	6.66391187967	8.99999992527	4.7514634347	6.03508073312	5.34825906729	7.44284562333	6.28994711495	-5.41818806293	7.27953280871	8.99999978206	-1.35977777913	0.360938752424	
1.92627111123	5.35592119603	4.96633348699	7.65060472212	1.95798996462	5.89456569051	8.99999996019	8.16299725265	7.66639195169	1.86149512348	5.2291516241	1.93782541536	7.27860671458	8.99985311363	1.36787314865	3.0891195477	
1.73509922521	4.60533470279	4.91302198346	8.15670779167	2.20850588056	6.62658411783	8.99999883238	2.6408105457	8.04484765775	1.19903478548	5.9211662257	8.71143917257	0.33166385721	2.05291025626	7.27579608283	8.99704248187	
4.65687699009	8.14342402167	5.12670347951	7.75407775524	1.60962064453	5.54683941736	8.63458298455	6.27061815957	8.08106003333	2.33241710517	5.16874857229	3.34748754458	7.27716564242	8.99841204147	1.41253569851	3.13378209756	
1.79355962135	5.35378875267	4.82863591406	7.38232809596	8.2429308115	8.91705956549	2.23281258767	1.45036081986	7.38563767841	4.97376657104	5.40422975396	1.92777385905	7.27864090672	8.99988730577	1.58134406061	3.30259045966	
1.63744644159	5.15436955545	6.35025246614	8.94725066277	5.18206819367	8.55700132015	8.99999976874	7.82512919978	8.99999977007	7.04338699265	5.16873419074	-1.07148185715	1.52572765198	3.24697405103	0.707981084184	2.42922748323	
1.61048647854	5.20417583578	4.80874881483	7.32898077265	5.10145744612	8.45554857566	4.8574303992	2.16049887397	7.37364726382	2.31527393814	5.28578219983	3.69034590201	-1.42963824952	0.291608149528	7.27522514125	8.99647154029	
1.92105271375	8.99223752343	5.33532655161	4.3779644541	3.11359841206	7.53379023632	8.96214517789	8.94769358936	3.64556272121	-3.52360149409	8.91349259636	5.68026140372	2.73958558897	4.46083198801	3.39238160342	5.11362800246	
1.58154227487	5.86754715848	4.69053912329	6.51844081503	7.94586627215	8.99949518152	8.63387977465	5.53941328052	6.79192926184	6.06311267242	8.55748014131	5.33098968369	6.06018416814	7.78143056719	-5.86188320344	-4.14063680439	
1.68794565653	5.23144579322	4.85740393278	7.42782511509	2.38972642473	6.13252358859	8.8723309622	3.64568639041	7.53460360452	2.03733519832	5.25225344326	6.23671923708	-1.04554740249	0.675698996557	2.07766287684	3.79890927589	
1.61010053631	5.23646189519	6.1103500738	8.59791001902	7.84236371413	5.44649167836	4.46728412733	1.25671050837	7.75663029115	8.48089237115	5.52272587851	4.40825944744	2.4828282656	4.20407466465	-1.61958566754	0.101660731505	
1.6092289114	5.23585441786	4.53704961816	7.02434541561	8.37711735567	7.74711977265	8.34480581397	1.20190306599	8.86775423731	7.82640584898	5.57693890893	8.39453761971	0.230748088685	1.95199448773	7.02335788599	8.74460428503	
2.27312799664	5.23381076589	5.79531482159	8.94855343479	6.46415225317	8.7054027612	4.71892967819	5.27625108771	7.70677077069	3.12823163326	5.25084519305	1.03416232273	-2.65452435887	-0.933277959825	-5.6109250371	-3.88967863805	
1.64308503124	5.14596189731	6.38890537367	8.99994980864	2.76631212246	6.66057075163	4.00175937604	1.1474029527	7.16806387807	1.47871060784	6.0583989022	4.71119995849	1.4651454897	3.18639188875	7.27707917505	8.9983255741	
1.77192599705	5.17982416701	4.61663911889	7.32266018569	5.75463654449	8.99998529668	2.85329900961	2.42376491345	8.99999976835	6.74370969214	5.1688379214	-1.38739152144	7.27753042582	8.99877682487	7.27875336691	8.99999976596	
3.83502296883	7.9584204663	7.08298887091	8.99859557553	1.58099937416	8.91337242105	8.99999976875	8.10299469335	8.99999961216	4.2361743805	7.85008979318	0.234383344004	0.478878302221	2.20012470127	-0.0798231042931	1.64142329475	
2.03456996083	5.15042430215	5.9930605627	8.99112757754	4.3515107198	8.60151127108	1.94398611767	1.57346633861	7.54264312014	1.11052477748	5.894912041	2.45089953983	-4.31700533706	-2.59575893802	-3.19761153507	-1.47636513602	
1.80225511047	5.34716842437	6.43096999375	8.99997795476	5.84433874127	8.98752002739	2.05454986673	-1.70231576563	8.99967712257	7.73483521285	5.21398464781	1.09583544943	6.54943615511	8.27068255416	7.27797116554	8.99921756458	
2.11785211998	5.59317830916	4.77497694376	7.41357206733	5.01732147828	8.37186148605	1.83713742311	1.33659434493	7.53295632334	2.35577104452	5.49687542649	1.82341375988	2.22409873297	3.94534513202	0.753466729088	2.47471312814	
1.6642900496	5.2195005995	4.84717937564	7.40589014132	3.6224510104	6.79057515651	5.69338427322	4.78703133032	7.40358957242	2.49270447699	5.25386459931	1.90632847278	-0.732888881448	0.988357517599	2.24712730198	3.96837370102	
