1.59705179306	5.85881552836	6.97230909083	8.82446382983	4.04272369909	7.78400654433	4.06012387429	2.36577632709	8.96130980965	3.32856367714	7.60601026821	5.19517502788	0.399097330207	2.12034372925	-5.85101943953	-4.12977304048	
1.6252860324	5.93635085284	7.15188669055	8.95467177867	5.25769505799	8.60456724984	8.99999976875	7.98246671328	8.99999421691	3.72766432799	6.47303357692	3.4193496075	2.27786888756	3.99911528661	-3.59398543957	-1.87273904052	
2.94602480442	6.5055541252	6.29384634876	8.84764602114	4.61278913083	7.48448774127	1.64543756818	1.93378704062	8.97703135379	3.85132812317	7.45804797546	3.42774131318	-1.32762590315	0.393620495897	1.53051125784	3.25175765688	
1.58555507543	5.89822734496	7.16657338087	8.96780471296	4.96044802067	8.95419235451	8.51386595339	2.64033435051	8.8977259987	3.00035176368	7.17558181779	8.95609090747	7.27617805533	8.99742445438	7.08077691155	8.8020233106	
1.58640805102	5.85482142935	6.97677765015	8.82227552649	4.22612443393	7.86639179303	6.53469541594	2.3355121274	8.90391579911	3.38543695821	7.63744505904	7.71817632286	2.4289426503	4.15018904935	0.354682494162	2.07592889321	
1.73721668976	5.68061449105	6.82868386189	8.99924827069	6.46218296875	8.98636954791	4.8698657445	4.49092515435	8.49577097989	4.00947829298	6.18627027401	2.53149784131	3.39026151887	5.11150791792	-1.52785862132	0.193387777726	
1.89958445461	5.21701173081	4.37564876277	7.12542146202	1.81404515575	5.97381845539	3.84046590899	3.05385818889	7.48232876531	1.84491410379	5.66180864973	1.98704202872	3.28014405114	5.00139045018	3.27261034842	4.99385674747	
3.91479681129	7.23009769708	6.20107275261	8.99966119982	1.65603784896	6.17876747499	2.42841275484	1.86165474989	8.99999976881	2.28830503596	6.73091135822	3.49013212093	7.0468461763	8.76809257535	-2.30335302324	-0.582106624194	
1.58957166573	8.9999997686	7.08719640864	5.79069324234	3.60387099965	8.01070717153	7.46265063247	1.25465848898	6.07440540782	0.219392206162	7.2594610869	8.91905255353	-3.73869030146	-2.01744390241	0.232617402774	1.95386380182	
1.58805928886	5.92078971263	7.09631139637	8.87749968477	5.26485417226	8.05450459058	5.09668707117	2.85159056553	8.97339440148	4.30342424336	6.57672363634	4.705493756	7.27180588627	8.99305228532	1.2838651419	3.00511154095	
5.68394489569	8.99999976916	6.2021607754	8.99999976878	1.58628943538	6.14600787716	4.98885213275	2.99205556518	8.99999977089	2.26927868578	5.65902744329	3.83020517894	2.91970909048	4.64095548953	5.84869357303	7.56993997208	
1.60904249482	5.77591613103	6.71740676897	8.66399699824	4.7426544671	7.81542707766	5.60694082795	4.34939766137	8.83137612807	3.88883655544	6.29612743007	3.42745809167	6.64751521973	8.36876161877	0.420876548104	2.14212294715	
1.58701912565	5.88438286415	6.95151119892	8.76806615662	8.18763577227	8.96038025161	4.79707891601	2.29815442401	8.94650288777	6.30388285752	7.407880827	5.78003458689	1.11077061378	2.83201701283	7.12614219389	8.84738859294	
1.68508762238	5.73765097602	6.52507531503	8.58619322551	5.39515459345	8.65984841574	2.92482829586	2.22791934816	8.82393804539	3.64713829738	6.79686703221	3.40978731785	2.91569826462	4.63694466367	-5.99999718004	-4.278750781	
1.63342253995	5.37573998789	5.31031392969	7.68130023655	8.94316960848	8.5156722401	8.99997876154	8.05740445704	8.02990067375	6.86124934177	5.87435014482	2.4551835467	5.17102331765	6.8922697167	-1.84369094932	-0.122444550277	
1.60829005862	8.97731438003	6.84296209908	5.58619736748	2.88474579078	6.39056265005	8.85304270981	5.58590797565	5.16492583021	1.15543855461	5.6443673903	3.41848232493	-2.78096950596	-1.05972310692	7.27708493279	8.99833133184	
4.19274383632	7.71255813141	6.40590044968	8.99999976411	5.1430258705	8.18488298579	1.5892803154	1.97169618265	8.99999976875	3.62576708609	7.67167618992	3.62500535598	1.0244553334	2.74570173245	-5.39001310045	-3.66876670141	
5.82086068514	8.20269991196	5.26896110713	8.99999734618	1.58917087886	8.99958729965	3.88166875763	5.0127388841	8.99999976876	1.50523560872	5.63004258373	-1.40804358308	-1.49587134166	0.225375057386	1.00920856036	2.73045495941	
1.95711545182	8.99990938441	3.64612607976	2.7077614434	2.37859269779	6.80013679623	8.99999976868	8.81168516686	2.95485852176	-1.76262099466	5.65722770094	0.151162248957	-0.817441547853	0.903804919364	-1.8992984899	-0.17805216687	
1.58706784887	5.85402568267	6.91870908557	8.76563839649	8.99999976886	7.70786083249	4.71908683239	2.21871537642	8.93088036529	8.35999953511	8.99999976874	7.36663948101	5.76493760683	7.48618400588	2.81996692064	4.54121331969	
1.6908797422	8.31044908272	4.83172226031	4.31872658126	5.02145803431	8.52774051693	3.0161932232	2.35261869994	4.91154015914	1.25425730829	5.63837294151	0.456027730914	-5.0781389166	-3.35689251755	-5.99665729026	-4.27541089122	
1.73027026362	7.93898917585	4.61959545775	4.5181049022	8.70280346601	8.99757786832	8.99999976875	8.56382865594	4.94739025507	8.98717015291	5.63567081664	-4.26204690496	-5.91889119672	-4.19764479767	7.27854909296	8.99979549201	
1.58546761713	5.87284411149	6.89037706746	8.71691920352	8.20125084976	8.43779126676	6.03247583915	2.25390453913	8.99980490858	6.89716053893	7.91296255688	7.56099164616	-4.31090193093	-2.58965553189	7.26169817226	8.98294457131	
1.60130517429	8.79280009496	4.9688002615	3.8893572172	7.93885995289	8.35522534997	3.19740235845	1.07131199114	8.99999483923	8.66659118985	5.64814735965	1.69481655193	-0.182228562308	1.53901783674	7.27875335974	8.99999975879	
1.94923173525	8.54488327083	6.30162806398	5.81545798519	8.46864445121	8.99999976888	2.578671403	2.60431790167	4.41855320756	3.55944677311	5.63655897997	-0.0577085278911	-5.99921921814	-4.27797281909	7.27833377943	8.99958017848	
5.59676129159	8.91076365021	6.20007512163	8.99995322634	1.58612534336	6.14829476949	7.16570780805	4.80606656077	8.99999976875	2.26402512308	5.63034288207	4.16715691336	-5.97536231758	-4.25411591853	3.88704971556	5.60829611461	
2.99801899042	6.55806454705	5.87503683326	8.43621898438	1.60123041344	6.04666261751	5.29279592697	1.53446964527	8.74311820663	2.4308329769	7.01868271255	6.64929899362	7.2787026242	8.99994902325	4.30897810144	6.03022450049	
2.98474365381	6.40414686059	6.24270114163	8.93716532143	2.67598781979	6.45874840329	1.6653545634	1.71982014464	8.13334290195	2.3546482373	6.47496304227	2.42053802618	6.05170654564	7.77295294468	-0.105053517933	1.61619288111	
5.2183598122	8.72577810948	6.39350491143	8.99999976875	4.09686009354	7.39634609536	1.58717630914	1.95788226475	8.99990429492	3.37842887217	7.80877665251	3.76350394772	-0.988550820857	0.73269557819	-3.35913227196	-1.63788587292	
1.59775610744	8.99999486567	6.1158222164	4.82745699742	3.3040883209	7.72426069948	5.73143900652	3.66195026082	5.15034405711	-1.18573583516	6.63359945406	4.62237838617	4.03122442499	5.75247082404	5.95326609671	7.67451249576	
1.65844974153	8.30707237592	4.56348989165	4.0211590774	2.83577719272	5.85823949335	2.65212001122	-0.071239814981	5.93310742394	2.92745228998	5.93367254029	2.6440513867	1.73788621497	3.45913261402	-2.87293320845	-1.15168680941	
5.68655527211	8.99999976875	6.19955545246	8.99999999985	1.58611379094	6.14981057586	8.99999976876	3.32053583652	8.99999936421	2.26123754256	5.64345536656	7.50135633801	-5.97032167913	-4.24907528009	3.299531912	5.02077831105	
2.20982649473	5.92067550665	6.31883959371	8.72188691595	4.69383833227	7.46631958932	1.90952387207	1.9934717335	8.9999802314	4.08555243117	7.16751371039	3.22886857102	3.42694202368	5.14818842272	-2.95813762065	-1.2368912216	
1.69112931011	5.13195867234	4.95742923847	7.6176829666	5.80206537604	8.99999972674	8.99999977205	8.44036247847	8.99999589396	6.47999864159	5.6299240664	-0.483892356246	-5.96514030934	-4.2438939103	3.95415931264	5.67540571169	
5.37268032319	8.68611934573	6.19565559103	8.99608225044	1.58650351275	6.14950903475	4.67945159324	1.83885408866	8.99999949875	2.26254479754	6.79073677448	5.80914479887	-5.43508096693	-3.71383456789	6.64978930929	8.37103570834	
1.61145658544	5.73499709472	6.58646898739	8.57583300232	8.99999976888	7.55148790087	4.1299989126	2.9014160648	8.80836320739	8.40447791026	6.30077334944	3.38625762785	4.13647345307	5.85771985212	1.10106995826	2.82231635731	
1.61552820864	5.79730362211	7.06785662841	8.99999971746	2.95997690449	7.34310132192	6.79276721887	5.2185147286	8.99999976875	2.66077311624	6.85457405334	4.3882987859	-1.67499319389	0.0462532051526	3.41178219332	5.13302859237	
1.58651647105	5.58706906318	6.73305048821	8.84645754309	5.17462965647	8.21905631539	4.78465079878	1.93567417994	8.14392560744	3.32432276566	7.06007236487	5.69049540433	6.91697529385	8.63822169289	7.27875336747	8.99999976652	
1.58536610486	5.97553435112	7.22566231347	8.94938064565	7.47516021839	8.90527816335	8.66757820378	2.53004395093	8.99999228052	5.68411361293	6.97326495816	8.99999926196	1.33057286227	3.05181926132	3.85562744244	5.57687384149	
1.64296467693	5.65735223045	6.22957463764	8.32897521125	8.9912432486	8.0765332335	8.02687919994	7.17790770836	8.9999902899	8.05758149484	6.15631517793	2.86577163754	7.23118862729	8.95243502634	-5.99685705726	-4.27561065821	
1.6094513842	5.75038430338	6.59748604294	8.57002447767	6.41224594473	8.17025898575	5.16150657075	3.91529960386	8.81244995985	5.19728712924	6.25670876986	3.36426791008	5.69444988228	7.41569628133	7.27875233272	8.99999873177	
1.58637343123	5.87963393495	6.92430886888	8.74483848794	7.90217727975	8.13505446102	5.51161480627	2.84930478307	8.99999976875	6.89867873457	6.50428984318	5.0383836803	-0.105391152509	1.61585524654	5.60071596093	7.32196235998	
1.89353077532	8.94261093195	4.65456396077	3.71899849701	3.68325524846	7.91836674026	8.99998501855	8.99998501851	7.39666068572	2.95134244305	5.63588362415	-0.150020648664	7.27374424585	8.9949680912	-5.99998030878	-4.27899044574	
1.60694587724	5.76357865708	6.99227514997	8.94956042997	3.05778900844	7.53523145347	6.82720144576	5.01711267084	8.99594858969	2.54460292543	8.97717895861	6.76452551443	7.10185284011	8.82309923916	-2.37851048407	-0.657264085023	
1.68004489402	5.64194162593	6.28909383733	8.44066192743	6.17329362427	7.08340437734	8.98902564361	8.37541643229	8.99999992759	6.2017615895	6.14098392001	2.64566456799	-0.902759943959	0.818486455088	-5.99861913875	-4.27737273968	
3.58576899818	7.1171919197	6.41025238582	8.99272851025	4.56168437215	7.64973825913	1.60050344584	1.96139351035	8.99999976862	3.59525877728	8.02551614543	3.98475873341	0.881263979983	2.60251037903	-3.73023916826	-2.00899276921	
1.59490618044	5.7055526213	6.46774168116	8.47082668303	8.33698427321	8.99999842921	6.77588087983	5.11901643282	8.71622565139	6.22558503644	6.20494411072	3.69317478803	0.566156552543	2.28740295159	-3.68025038637	-1.95900398732	
1.58539649473	5.80416435223	6.78062575918	8.67551482265	8.74441290252	7.58613602303	8.57576560719	2.38608898431	8.89226504732	8.2014414226	6.68873049249	8.73101404375	2.60135549132	4.32260189036	-1.54687997654	0.174366422509	
1.65746102531	7.24306719379	8.47715489159	8.99999189227	2.56243712628	4.2867538353	8.87987965323	2.34610688934	8.99142680277	7.0858543884	5.65117782971	6.40376931229	7.07403240699	8.79527880603	-5.99938662163	-4.27814022259	
1.98489650178	5.84139070082	6.46099682153	8.71842359307	7.06531402837	8.96614206769	2.11940610183	2.00938151421	8.88277927597	4.91882999517	8.99987856912	5.17639179443	-4.92095325206	-3.19970685301	-2.12104605195	-0.399799652907	
1.58539397175	5.84384437933	6.85614145767	8.71159847881	6.71621045609	8.99999977157	8.07248730155	3.09865228865	8.88403181267	4.74015355689	6.40598701935	7.24331393065	1.86991150187	3.59115790092	0.603586614542	2.32483301359	
1.59718478387	8.96236597661	6.90909687254	5.65559718098	4.71964139868	8.81307699031	8.99999976875	7.42447150709	5.57926975182	0.725315239475	5.65731821474	1.99645186311	4.06182837737	5.78307477641	-1.23849867302	0.482747726029	
1.64437266764	5.78064200049	6.66552043336	8.64306599803	5.98096016663	8.99999999734	3.18501849769	2.25226902082	8.84266494026	3.93128456666	6.90829005712	3.73696770539	6.53064250803	8.25188890708	5.50000741341	7.22125381245	
1.59504289794	5.97549054289	7.26247878782	8.99595038751	8.53392887011	8.983337649	4.9310135918	3.27486085836	8.96934467692	6.62471532194	6.53114603092	4.08587272076	-0.733127899678	0.988118499369	-4.59466597169	-2.87341957264	
1.6289766678	5.83614568034	7.09275778999	8.9995095616	3.2611125709	7.50733075117	5.62309910823	4.53844432019	8.99829025449	2.79487575392	6.69975529846	3.74498613023	1.59286265892	3.31410905797	1.41953891742	3.14078531646	
1.6106130116	5.23005575804	3.94771294966	6.43563520814	7.53674737337	6.05300646218	8.29391329433	4.91707970269	6.83333809228	7.26947592313	5.70393381289	4.13899017958	2.42320588951	4.14445228855	-4.24960620615	-2.5283598071	
1.88554125597	5.27253292588	6.2276328745	8.973974986	8.99999976886	8.44432007425	8.87183280586	8.96413123364	8.1688371608	6.45125700753	5.77007554774	1.85143201137	0.724116800926	2.44536319997	7.27651624383	8.99776264288	
4.0020115623	7.31779822179	6.17825031992	8.97580887697	1.58776209345	6.14783953164	7.70176570114	1.82628411407	8.9957946717	2.26696983976	6.95215102116	8.99999976875	-5.93299531192	-4.21174891287	-2.09837635036	-0.37712995131	
5.5085033239	8.99999976869	6.37758271946	8.99999976875	4.1822416678	7.48775301068	1.58678035566	1.97371900801	8.99039483848	3.35324202025	7.31168734157	3.25988998226	6.05526661233	7.77651301138	7.27784211704	8.99908851609	
1.61973881887	5.88114526016	7.08468456383	8.93718418057	3.96279421486	7.98481683886	8.98447600638	7.87548949316	8.99653358218	3.03840551578	6.5850578573	3.63350616197	7.20187425674	8.92312065578	5.22157148082	6.94281787987	
1.66286577636	5.68206805187	6.41351451834	8.50797630693	5.46985220268	8.03960960528	8.97559127363	8.26580466326	8.76306121868	4.30426061019	6.1869962865	2.78952572012	-2.90855699119	-1.18731059215	4.16880605517	5.89005245421	
1.60875850441	5.8751370058	6.99313954797	8.84067988779	4.11881104117	7.73962313658	3.71260996805	2.35948861254	8.99999945986	3.47974794398	7.51613643796	4.77205068428	-5.99673035916	-4.27548396011	5.37312250465	7.0943689037	
1.657476376	5.33736982738	5.33569004875	7.76901041584	4.4435719105	8.33210746898	2.69153034064	1.6166614827	8.07057107009	2.48062542832	8.93892699683	5.71942892186	-1.18273708997	0.538509309073	1.66666264764	3.38790904669	
5.6580112927	8.9432532132	6.13319857088	8.96115442202	1.58618754498	6.1347235348	8.88308258859	7.75778375215	8.99453828334	2.26273901068	5.62994679027	2.94200150522	7.27814450326	8.9993909023	-5.89202008417	-4.17077368513	
1.68042394757	8.97092312338	4.99477081656	3.81618508916	4.80797308151	8.44754481699	2.32077308019	0.319953187154	7.59632858852	4.03643973373	5.71633749045	1.64093396652	5.08534432703	6.80659072608	1.58208009966	3.30332649871	
1.64695302557	5.72158906803	6.52678259463	8.56545220851	5.3344961526	8.89190485676	8.99997094588	8.18269408491	8.88323160216	3.42101743483	6.28429496637	3.01047376131	7.27875336468	8.99999976373	-5.99999993215	-4.27875353312	
1.60013699201	5.82968233267	6.80693638759	8.6913057429	6.70272072491	7.65569970698	4.41811390172	2.93682497766	8.99999972082	6.17715741278	6.41329641931	3.76780221754	6.29366504227	8.01491144132	5.92664062548	7.64788702453	
1.60978150583	5.80329252248	6.94071562635	8.86110678313	3.49666861031	7.70180390647	8.87126465552	7.52266650059	8.96185581062	2.82306285615	6.65075803935	3.9364154835	-2.44539381612	-0.724147417073	0.726671966312	2.44791836536	
1.60277012041	5.85359049365	7.02481538808	8.88791365515	3.62330206914	7.69201724125	4.11204780405	2.56271126137	8.9891086133	3.00435841693	7.32360448572	4.79232980932	-0.926742189112	0.794504209935	0.19991348174	1.92115988079	
1.63924553961	8.99999998268	7.65858304044	6.41177722163	2.62145667033	7.03303818446	6.93363534057	5.38644058126	6.79770005103	0.637369945897	5.9690571015	3.2686842509	7.26883633808	8.99008273713	0.596406426171	2.31765282522	
2.77757613713	6.3219113895	6.25490950793	8.82445680576	3.22706473896	8.99999976875	1.62616180931	-0.944831767057	8.998848018	4.4163221174	5.75207677931	1.13781491647	7.27875335397	8.99999975302	7.27875337789	8.99999977693	
1.64323443375	8.99999087177	3.51668719466	2.26421962457	8.99998921599	8.99972301858	3.2377106526	-0.266223310896	3.94169252068	8.99883264759	5.65995374234	-1.87996614177	3.96231436397	5.68369104381	-2.77352244977	-1.0517163679	
1.59641484745	5.7638496426	6.6740276957	8.62036242885	4.29195118308	7.64435032574	7.39894168413	5.77366697764	8.8734605995	3.66243590408	6.29778404012	3.78538788091	5.3112177663	7.03246416535	0.574519786578	2.29576618563	
1.59750139479	8.99999925789	4.68623004874	3.39736197374	3.76247088176	8.18284724276	4.98490663071	2.23175844089	3.71800879212	-2.56546501133	7.41462904315	6.03437400269	3.36012931247	5.08137571151	-0.315309135269	1.40593726378	
1.59978101944	5.87464694737	6.9886397236	8.82767637952	4.56830414876	7.76751109247	3.88973308812	2.32967470934	8.95391516032	3.87135648898	7.2916241177	4.73840762637	3.08083599146	4.80208239051	-1.9868386981	-0.265592299049	
1.62061805506	5.90908734304	7.0693780685	8.89477388709	5.27919117457	7.93767123134	8.95531905907	7.88139516747	8.99971071839	4.4309374683	6.41512615767	3.40282193645	-3.84208874318	-2.12084234414	-5.99999969371	-4.27875329644	
3.71150217223	7.02560094239	6.20021107514	8.9999974846	1.58938466797	6.15108069586	7.39954563939	5.50345818997	8.99999976886	2.26304537013	5.63538517504	3.71009892788	0.471261568892	2.19250796794	4.08011335778	5.80135975683	
5.51612650475	8.82060032907	6.19058455777	8.99999976879	1.58614408713	6.15031577062	6.36250044081	4.4214505913	8.99999976884	2.25357155179	5.63100075222	3.75762591895	7.27835426243	8.99960066147	-5.74366278343	-4.02241638439	
1.59116667222	5.88121849577	6.96614292756	8.78998334311	5.89630013531	8.99999976875	4.27643448667	2.3301016643	8.93144880829	3.95074534361	7.33319067962	5.15990720311	-5.95026101095	-4.22901461191	4.05494556422	5.77619196327	
4.26284209792	7.79640429164	6.39699687899	8.97733658204	4.91615904135	7.74442306603	1.58871139323	1.95004232736	8.99999962776	3.85775134995	8.19424808541	4.1503207037	7.23679607981	8.95804247886	1.62638736106	3.3476337601	
7.99561431568	8.99999976875	3.9034177179	8.99999976875	8.99999976871	6.85022229979	1.62981752047	4.64376596641	8.99963991017	8.91659407126	8.67187386773	1.90993112829	7.2787533696	8.99999976845	3.83574089679	5.55698729584	
1.9577892154	5.73041318385	6.08293633453	8.42420611825	7.00469501692	7.24929493123	2.12152172951	1.94889070553	8.90613432023	6.67543496343	6.75848358957	2.92061404838	-1.01733411445	0.703912284597	0.41700950818	2.13825590723	
1.6752763446	8.99987774924	3.9192515107	2.70108740142	8.92553876625	8.01692652809	5.79636833182	-4.5280364613	2.65563869916	8.2465404888	5.81405605942	5.46457077782	5.28160503166	7.00285142463	2.20011411238	3.92136047524	
5.37829313115	8.82231124709	6.25128374515	8.92040152657	3.15653918319	6.90667232466	1.59742536151	1.9343700164	8.96091621891	2.9202482247	7.2566250571	3.21431346887	2.44254514529	4.16379154434	6.52390019991	8.24514659896	
1.64346194851	5.3571687444	5.28355600301	7.68143696078	4.70000241436	8.22296919445	2.86470808588	1.76808974808	8.00362346226	2.83928289822	6.23518875116	2.98135602634	0.974440505548	2.6956869046	6.77901536195	8.500261761	
1.60291979488	5.88630202071	6.97143796654	8.80193235875	8.9930263332	8.99999367399	5.04198782962	3.65363078869	8.94310935063	7.04989942958	6.40295844946	3.68097661101	-0.859050853707	0.86219554534	-5.99582205614	-4.27457565709	
4.33285060593	7.87628463237	6.36196186305	8.93239177729	7.99837922497	7.71196233444	1.58798595158	1.93034164682	8.98977439065	6.98182889865	8.09799238791	4.05345283053	6.68793666271	8.40918306176	2.60437263095	4.32561903	
2.14072163374	5.89993760292	6.50745045377	8.86215257801	4.26822774412	7.50773433047	1.98464854647	2.04641813099	8.9617761328	3.57022489605	7.54555451111	3.63919059808	4.11026087332	5.83150727236	-2.97458579248	-1.25333939344	
1.71440976129	5.83265577826	7.00429068282	8.9999708016	7.81308664197	7.28658507653	3.86481519667	3.39549889623	8.9900385993	7.53372479099	6.3571825968	2.81265852307	-5.99993518712	-4.27868878805	2.13941890866	3.8606653077	
1.61727862577	5.88156375952	7.03260165142	8.88223551195	4.07681442168	7.76489046762	3.57899611711	2.37019405292	8.98496048337	3.38687828216	7.67171896908	4.79388029865	3.82713025083	5.54837664987	-0.104403988313	1.61684241073	
4.38771450166	7.70201288908	6.20041049342	8.99999979049	1.58685766354	6.15039655629	5.26554046008	1.84372548497	8.9984908889	2.2607264196	6.74325327912	6.3428321095	0.0381393858826	1.75938578493	5.14919040751	6.87043680656	
1.63968019929	8.99999976874	7.22506189627	5.97869003155	4.56634626819	8.98653369073	5.92776391496	5.04849579709	6.40206128285	-0.0246830407935	8.87923454798	5.76852167023	4.61867811618	6.33992451522	-5.86149266948	-4.14024627044	
1.60980268044	8.47472001402	5.53061334995	4.7781227074	5.38902540719	8.96109565676	8.32761466095	7.00996630334	4.14822793412	0.534433340279	5.63641985911	0.99923867548	-4.18524650623	-2.46400010718	6.26079682438	7.98204322343	
2.73486888605	6.35471382595	5.8880006787	8.2644670718	8.9987789326	8.99997820435	1.61365839833	1.28305807021	8.7306765837	7.52221278644	6.34164687183	2.85558917472	1.06411273471	2.78535913376	2.36443326089	4.08567965994	
2.78910573504	6.33814467852	5.0917563213	7.65582301619	1.62652037528	8.99838616124	5.91630474451	-2.2548478648	6.9814521549	1.50051957268	8.02480927771	8.30211607716	1.36613397633	3.08738037538	4.15905246565	5.8802988647	
1.58553545248	5.64901679173	6.75669493684	8.80697488456	8.89565847561	7.37361102016	5.95473314313	1.94828905899	8.33422000947	8.06051774521	8.99999976847	8.80604200484	-3.10312685096	-1.38188045191	5.13866622682	6.85991262586	
3.64469945274	7.17540222648	6.24879280979	8.83049606212	4.96545775179	8.079626197	1.59721223333	1.89745724462	8.8890859178	3.51966008127	8.99999976204	4.95989901267	-5.99984108162	-4.27859468256	-4.69612940114	-2.97488300209	
4.79026809027	8.08050382105	6.17625116232	8.99981027357	1.58736321311	5.98554092516	5.64604071669	4.80312849521	8.22316073756	1.85904540363	5.63098461604	2.45925250445	-2.34945832252	-0.628211923477	-5.36016371862	-3.63891731957	
4.94666480959	8.48001264113	6.41131805273	8.99186734062	6.82272033203	8.99999998612	1.58612163651	1.96363331884	8.9999997512	4.49638396147	7.657878947	3.61012934917	-0.15490461068	1.56634178837	2.02913378088	3.75038017993	
1.7148549954	8.99993585074	4.88322722863	3.71197701724	2.18425917446	6.57100762629	8.9999991395	3.09224479819	4.7179359495	-0.0273805230403	5.63977810319	5.9095633421	-5.99879907335	-4.2775526743	6.70685948663	8.42810588568	
