1.66973792829	5.29070464548	4.96019007766	7.45238204889	2.34004578537	6.25594311485	5.02052871541	2.0027372384	8.99999976869	3.50096971035	5.94245120383	4.54647746455	-5.99999978277	-4.27875338371	2.47726560238	4.19851200143	
1.63375114557	5.31520343465	5.20910578671	7.63555133114	3.96328367711	7.45711511349	6.09974096356	5.14666615596	7.95997791579	2.83917781659	5.86543376566	2.46081722847	-5.99913162885	-4.2778852298	1.43139864886	3.15264504791	
4.81297398681	8.29611523569	6.36922760175	8.99999976602	5.62240605183	8.92841196235	1.58645148444	1.99411928125	8.98374772801	3.32829067772	7.21698863554	3.16201478717	7.25730187834	8.97854827739	7.27804220487	8.99928860392	
5.68572465703	8.99999976873	6.20042287536	8.99732109446	1.58611383867	6.14946513782	8.99999976875	3.30292265126	8.99999977018	2.26240556977	5.64399868379	7.51868944776	4.91584685027	6.63709324931	3.60333965138	5.32458605042	
1.63809042336	5.87730225406	7.08657985166	8.96125133022	7.62966332744	8.16503417814	6.04460408478	5.15538994228	8.84878012659	6.39378033917	6.37686514296	3.18914706788	-3.48082526071	-1.75957886166	2.3333766034	4.05462300245	
1.59262079925	5.87419902094	7.01222374871	8.84456386421	4.09311160677	7.87565873135	4.513656807	2.60925924059	8.97500184949	3.29957349277	6.84671517822	4.64734833936	-2.06191823298	-0.340671833933	1.36288383677	3.08413023582	
1.62509760807	5.83180986312	7.08573338499	8.99293926211	4.50022877416	8.90747144368	4.79768226796	3.76981866527	8.99999844698	2.60365338101	8.92779126269	5.94811404823	4.04031687409	5.76156327314	2.47518001765	4.1964264167	
1.60918190217	5.82323690003	6.82465806944	8.72446079026	8.99999976874	7.81952344301	8.88334310655	7.63409503281	8.90626772923	8.20874642372	6.32222323165	3.45305474133	5.67406147327	7.39530787232	0.246106714452	1.9673531135	
1.63505645061	5.76335657752	7.01437959081	8.99999976875	2.81833496099	7.20799461499	8.19674664639	6.94255646573	8.998856907	2.64025569985	6.75905595469	3.98564707671	-5.87620469957	-4.15495830053	-1.13564923205	0.585597166996	
1.69018148624	5.64021045673	6.75791866626	8.92181986201	2.45258679753	6.87988502391	5.28949259746	4.29081445354	8.99452081925	2.57042387654	6.52067319163	3.5194744523	-0.833104763798	0.888141635249	-4.57960466142	-2.85835826237	
1.58588330531	5.80260271062	7.00061124549	8.89777504427	4.57184048738	8.99210723915	8.75871136262	4.88174525113	8.97179484687	2.59874931441	8.99992060597	8.83313987587	-5.6617916926	-3.94054529355	-1.279767188	0.441479211052	
5.47800203618	8.98812550389	6.39620991978	8.99999995518	4.13137164767	7.40827520887	1.5869198821	1.95638102351	8.99999849705	3.40196053645	7.89842501145	3.85350521425	-0.902179266967	0.81906713208	-5.61455240969	-3.89330601064	
5.45538044017	8.99994968908	6.43065510156	8.99999977059	8.57666777839	8.71230717243	1.58566965116	1.95534457352	8.99983040154	6.54195434153	8.92096645337	4.87688551243	7.27172231428	8.99296871333	3.75798729461	5.47923369366	
3.67518703467	7.21942148194	6.13875339912	8.70819809692	4.737739318	7.35341336801	1.59599765705	1.85974923167	8.99999976875	4.16450910057	8.51863158036	4.47815904673	0.891523815316	2.61277021436	3.41587245558	5.13711885463	
1.5907619592	5.86335517157	7.04636264456	8.88768835082	4.47364102698	8.66058956007	4.6486398805	2.66144857761	8.97900116559	2.86968531976	8.78632986763	6.69924195253	-5.97341367287	-4.25216727382	-5.92147443855	-4.2002280395	
5.43315278422	8.95363400383	6.4065659478	8.99999853206	5.63389030219	8.57199499473	1.58573167661	1.97114035444	8.99999976851	3.72792155767	7.63997864364	3.59190512803	-0.570810612142	1.15043578691	0.490774810559	2.21202120961	
1.59977840753	5.87177620999	7.06228089634	8.90420147373	3.81239131925	7.83709210048	6.06559885478	4.50585284558	8.98334191306	3.04427487157	6.57528190945	4.05274852782	5.48307242818	7.20431882723	1.81648021138	3.53772661043	
1.67331557941	5.76616817671	6.94200102391	8.96303654394	4.40578805673	8.3858078519	6.06134462466	5.40864152879	8.75852883281	2.80883436774	6.45698985827	3.08369442021	1.01504760633	2.73629400538	-4.27423255364	-2.55298615459	
5.47616002695	8.99992543624	6.40951228552	8.9996590309	4.68820387945	7.67979240084	1.58601705849	1.95836863063	8.99996906702	3.68532538691	7.885197436	3.83933261634	3.46559907852	5.18684547756	5.83416686549	7.55541326454	
8.85541368382	8.9979671684	3.12959935565	8.99999976875	1.73902858403	6.18676300786	6.45633417472	4.25249547584	8.99880333341	0.612692091413	5.92353656771	6.17151772085	-0.842949773358	0.878319249114	3.13690121864	4.8581644252	
2.75235310868	6.29194619796	5.84105541947	8.41536375525	1.61656992252	8.98779666085	5.369025802	-0.678895963163	8.79563410156	1.73594060867	8.7379279199	8.47681038059	-2.55390171986	-0.832655320814	-1.84720040801	-0.125954008966	
1.6935252102	5.78747774239	6.9789389846	8.99865768378	4.49139404063	7.27478667485	8.33163965766	7.78199063805	8.82672638248	4.08891881393	6.29410222219	2.80219408366	4.18932732299	5.91057372203	3.4714058246	5.19265222365	
1.59150301026	8.9999710824	7.07109353966	5.77656190513	3.94710848925	8.36730576791	8.91740053736	6.90967125032	6.67090341821	0.292059658605	8.99989679495	6.96974708879	0.983066004067	2.70431240311	1.00721044787	2.72845684692	
2.71102062283	6.2925341104	6.29719751723	8.82946989137	4.94454057099	7.95695361834	1.68857324839	1.94827810359	8.93617863938	3.68444311995	7.4276158518	3.41077808106	0.879028030356	2.6002744294	2.52545327163	4.24669967068	
1.76236234433	8.9997193607	8.9929576879	7.86772352841	4.27142132729	8.99999658966	8.83384023794	8.47402380824	3.51936000565	4.32470147992	5.63413737626	-5.53648507017	7.2705537855	8.99180018455	6.99246203687	8.71370843592	
4.55362456623	7.99946367793	6.33186824608	8.99999976697	1.58609187848	8.99999849903	7.19845978182	0.384116132874	8.99999977395	0.959649711507	6.23389860798	7.67945590851	7.27875336741	8.99999976646	-5.99940120188	-4.27815480284	
4.7274856286	8.24711114571	6.36555552418	8.95980529762	4.48138866625	7.59851121495	1.58708360309	1.94834463956	8.99763252673	3.56792315798	7.91416658369	3.86894842019	3.6662663374	5.38751273645	-2.17230849378	-0.451062094734	
5.65844688407	8.6975284408	6.01067307539	8.9639410928	1.62561614472	6.05042574766	2.71006053499	1.98662895408	8.6396992595	1.73315762853	7.77905369459	4.88541501697	-5.996154457	-4.27490805795	5.12757424254	6.84882064159	
1.62566536573	5.90124968561	7.04550026177	8.88383497833	4.82052739705	7.74892264807	3.40491717676	2.30772175068	8.99989061931	4.16454714732	7.66701185764	4.67450856219	3.54793818843	5.26918458748	3.89698171397	5.61822811302	
2.75855773383	8.99994926407	5.04188497103	4.91412584474	2.91530227033	7.2288189414	6.37354389033	7.48883853425	4.63495366099	-0.778133065857	5.6366126143	-0.375670148155	1.87376869184	3.59501509089	7.27846321994	8.99970961898	
1.89460492313	5.51678663231	6.36509373741	8.85685269246	1.8847450092	6.41297284052	4.15016238201	2.18775715382	8.96777470961	2.39075910931	6.74284351323	4.75738344395	-5.99999988444	-4.27875348535	-1.57100622895	0.150240170092	
1.58565876492	5.752008955	6.88916643956	8.83671603908	4.82183812919	8.5790611624	8.25828374482	2.33900127842	8.60332632542	2.98346682181	6.98331290375	8.76872929677	7.27874408843	8.99999048748	-5.99847827212	-4.27723187307	
1.86323669042	8.92856778899	8.96334096269	8.01179283294	1.92461693438	8.99765539912	8.46092901151	-5.15126773296	3.98764877873	1.80800178125	6.28101848869	8.99999372332	-5.99982138266	-4.27857498361	-5.99763040409	-4.27638400505	
1.62880728492	5.89338869367	7.07130150698	8.92063919638	4.05154299898	7.72362658228	3.46584164876	2.4045946166	8.99999976716	3.40663245011	7.39195600478	4.37783987626	4.05673239118	5.77797879022	1.84335217455	3.5645985736	
1.59604921144	5.14242876728	5.07132399086	7.62272542087	5.75267702291	8.99999989406	3.19872682874	-0.85156069252	8.99615615423	6.27719282539	6.70273104354	4.23327709181	1.02823965454	2.74948605359	7.27718370877	8.99843010782	
1.59799715178	5.85112051803	6.90553827012	8.7662123042	5.18559549104	7.75359542195	3.8734414593	2.25483634905	8.93012513383	4.49001677318	7.44927637551	4.94353166046	1.3064056675	3.02765206655	-0.631147688353	1.09009871069	
1.66855070708	5.88812417685	6.99915505352	8.89349363733	4.97921532071	7.80383224261	3.04797701719	2.27567734862	8.977348089	4.21654900416	7.69113431073	4.40300378032	2.86286856267	4.58411496172	1.46210951346	3.18335591251	
3.76398729044	7.59369769026	6.75963929347	8.99999976621	1.65987666203	4.84218489199	8.19166047447	0.486444323416	8.9996128325	5.08673265803	6.52306456092	8.9999876825	-0.862704316532	0.858542082515	-1.05801316057	0.663233238473	
1.84675408772	8.99964589459	6.61284031744	5.57300203052	4.27883451283	8.69916746879	2.14784159178	1.62762327734	3.81718189711	-2.28096613636	6.2795166547	2.480950557	-1.86670751597	-0.145461116918	5.87187440887	7.59312080791	
1.58881067595	8.99999984503	5.21043342912	3.91310124949	4.53650879011	8.95675081139	8.99465014688	5.9673563906	4.21428605484	-2.16071736227	8.96921942551	7.95465829771	-5.99998332112	-4.27873692206	-5.99999977669	-4.27875337764	
1.79228446987	8.19909352283	4.7690805944	4.46858356308	8.93035866531	8.99765491051	5.65877615889	5.42657458288	4.75302403343	8.99963485006	5.63391593532	-4.44326943185	-2.70755292145	-0.986306522406	-4.49070058399	-2.76945418494	
1.76138150014	5.82792904473	6.95260129512	8.99999955686	7.86362629039	8.99998826813	3.46272670165	3.14434547616	8.86198698848	5.70148607339	6.37100459133	2.71699394674	6.58764228163	8.30888868067	7.27851931839	8.99976571744	
1.60713012331	5.83180759378	6.84799546548	8.73718487721	8.95501622142	7.82910962262	4.42579466048	3.12353826124	8.9104478282	8.15904612201	6.38382297307	3.56685944569	-5.99998925873	-4.27874285965	0.258435674445	1.97968207349	
3.09164522182	6.63753380509	6.24755472724	8.81529983604	5.49086831473	8.38633804306	1.62809870611	1.92788955111	8.94895359089	3.79434491797	7.42991752124	3.39304213645	-2.31890987835	-0.597663479301	5.03024733621	6.75149373526	
5.35526759505	8.89221515143	6.42303363589	8.99999976875	6.02047163142	7.66420576497	1.58574349043	1.95220593103	8.99999677799	5.04025264762	7.75456818146	3.70747384397	-5.81660116443	-4.09535476538	-5.71623012544	-3.99498372639	
2.99893308763	8.89102506242	8.78500468474	8.99935931495	4.78546103173	8.72196828898	1.61737600483	-4.7721492692	8.43862765795	8.91979079251	8.04576340733	4.02493244817	7.2291897719	8.95043617094	1.1584691843	2.87971558335	
1.61969344338	5.93340729494	7.18467404331	8.98486360697	5.60136044677	8.99811638911	4.74351262572	3.65458545756	8.94530108162	3.62874499517	6.49790204983	3.51006512402	5.48001511158	7.20126151063	-5.96882485013	-4.24757845109	
1.59099117857	5.85378839191	7.10932620472	8.96044743881	3.47646705938	7.77696123722	8.93547773879	3.13610640943	8.98855516668	2.75585028722	7.13093605486	8.86587230037	-0.306754052265	1.41449234678	0.538105806467	2.25935220551	
2.93819176706	6.50468470303	6.43270445435	8.98005311671	4.5491052859	7.62752590176	1.65033685419	1.97376268832	8.99885817922	3.62578248394	8.04732073908	4.0220764087	-2.94193330032	-1.22068690127	1.29073825491	3.01198465395	
1.58544362581	5.69603951236	6.99536260717	8.99868723552	6.95460104482	6.62365386682	8.72877566327	2.20942517494	8.99992598032	7.51602200608	6.63461506881	8.97226291066	1.10344546348	2.82469186253	-1.40149360963	0.319752789414	
1.63986610458	8.5211599145	6.28280089256	5.50803947407	2.6535417194	6.45695382494	6.89349901594	5.44025927023	5.00163608135	0.7248881768	5.64250642307	1.57246222742	-3.12014865663	-1.39890225758	5.66679228784	7.38803868689	
1.58793003002	5.87749029938	7.08028197347	8.90464005846	3.84410266973	7.85213061523	8.11280614715	4.66686818978	8.96605244436	3.05592121878	6.57067725666	5.92207295143	1.02098467339	2.74223107244	1.12102060072	2.84226699976	
2.37792395251	6.06362878252	6.48519438952	8.91338948247	8.73980829999	7.63472080449	1.81562907986	2.00714045813	8.99436144035	7.88405233575	7.56284214151	3.59009666724	2.57085553962	4.29210193867	-5.99999293204	-4.278746533	
1.72453622883	8.00227949074	4.6966387495	4.52223319826	3.62003765319	4.50675608453	8.99589057891	8.53283466938	5.74245983604	4.68411498012	5.63918174408	0.277885861592	-2.62176797137	-0.900521572326	3.86077674724	5.58202314629	
5.83251878859	8.99999976144	6.05334359876	8.99999976875	1.5862055057	6.16447724864	8.99999979405	8.15338199353	8.99999976873	2.12916229727	5.62994972928	2.77215681355	7.27837356382	8.99961996287	-0.380052568588	1.34119383046	
7.47028913032	8.99988368583	4.35543906652	8.93874312201	4.03280508186	8.4535692491	2.10465728996	7.81165083161	8.99999976875	-3.08475343099	8.99999976875	4.96102283321	1.15626100507	2.87750740412	4.04002434665	5.7612707457	
5.33814000247	8.86221420422	6.40947387426	8.99929765429	4.75850859019	7.51560219875	1.58603854149	1.95625154569	8.99999976876	3.92489153804	7.54380321084	3.49506957656	4.3826400685	6.10388646754	-0.350839917101	1.37040648195	
1.61447411286	5.85449806603	6.92597970076	8.79970496663	8.97235289845	7.72625134579	7.73080677488	6.57189044432	8.94806195356	8.30329716582	6.35350407787	3.40690445456	-0.0642523667401	1.65699403231	-4.64574927915	-2.92450288011	
1.60550608633	8.30593777769	6.73196622848	6.12796940128	4.92155080325	8.59233219306	8.99989305287	7.66004775856	5.23511579959	0.955814529986	5.64864894157	1.59832929744	-5.99999973941	-4.27875334017	-4.36062294079	-2.63937654174	
2.02592918786	5.8877882722	6.69853504516	8.95059899826	4.70603669146	7.8906084511	2.13829882498	2.13138708948	8.97755676038	3.65557235113	7.62704002412	3.77472526372	-0.33947009134	1.38177630771	6.92780232017	8.64904871922	
5.55584776266	8.86894833	6.19921145317	8.99999966791	1.58630827657	6.14997345757	4.96298517084	1.90204502977	8.99969609664	2.26064562658	6.3433105982	5.58300712314	-1.73876935122	-0.0175229521778	6.97491650698	8.69616290603	
1.58542017919	5.73428509066	6.5509222889	8.51487273771	8.1359359434	8.86164702106	8.30294277923	2.14534262796	8.74773338699	6.19502570295	7.00993385813	8.99999975681	7.160541224	8.88178762305	7.27874972275	8.9999961218	
5.68884411787	8.99999976836	6.19726647187	8.99999976875	1.58613686653	6.15077635847	5.85220469124	1.81095747178	8.99999976875	2.25800726511	8.73287034895	8.95484148711	-5.97758678803	-4.25634038898	0.0270992403006	1.74834563935	
1.69448308247	5.59471153684	6.51731312208	8.73099920477	2.55034098436	6.84933922572	3.31679657614	2.40663375722	8.88492438673	2.62656145872	6.87357731679	3.74644852759	1.85814625652	3.57939265557	-5.81126751567	-4.09002111663	
1.64592594296	5.83951619661	7.06575968839	8.98607974802	3.51599770728	7.72149104714	8.99999976876	8.1339174769	8.99361248687	2.8148270988	6.68529799889	3.52802358935	-5.99742415212	-4.27617775307	-4.88755329053	-3.16630689148	
3.93252578308	7.41958115506	6.33078544522	8.95733836974	3.62966099954	7.16266988562	1.59591628529	1.95107050702	8.99999381042	3.15807446001	7.57833959813	3.53568386474	-5.30686504584	-3.58561864679	2.89827580029	4.61952219933	
5.43263600951	8.93077988604	6.2046182512	8.82021108387	4.45583919063	7.50344471324	1.58631920527	1.93018400355	8.99999989376	3.6691018595	7.12868451545	3.07152193599	4.5267340533	6.24798045234	7.27873285644	8.99997925549	
1.58895134119	8.53184069162	6.15703113695	5.32805938747	4.47033660189	8.89052360211	8.99999976875	6.8289524808	7.46954966736	1.09334282442	8.99999953548	7.13043461493	-5.99692275303	-4.27567635398	7.27790460515	8.9991510042	
5.29311548054	8.81991931545	6.40557252497	8.99267295741	4.83950512961	7.78280120813	1.58601254885	1.95678452244	8.99999976543	3.73468563347	8.01247626252	3.96714342616	-0.403163220081	1.31808317897	1.36563344753	3.08687984658	
1.69045381879	8.83391952382	4.86779493702	3.83430141509	2.27717926186	8.99999976875	5.63173571107	-4.85190744968	4.27641712347	2.04142800394	8.99641388369	8.99584983637	7.27311942875	8.9943658278	2.1529833236	3.87422972265	
1.65362358953	8.99990551696	4.39485969096	3.16190408479	2.56138443486	5.87426588705	3.55934407322	0.506555554255	3.63209138702	0.815520981214	5.65639802453	2.21690063004	-3.5608742728	-1.83962787376	2.731968583	4.45321498204	
1.61699298096	5.89574280232	7.08999165858	8.92514771797	5.29984748142	8.99999976861	3.66869716648	2.49132604147	8.91470404405	3.29949596226	7.10424210511	4.20004452414	1.82334329006	3.5445896891	0.590262058465	2.31150845751	
1.58616356381	5.71662519453	6.75189453381	8.73534555474	4.49656514025	8.91781666276	8.8926172636	5.6306603045	8.9999995517	2.62551394962	8.99969561051	8.21827713257	-5.93922440777	-4.21797800872	-5.99999932391	-4.27875292494	
1.59260913053	5.80888962847	7.06257637667	8.96017577126	3.37001064442	7.81843106593	8.32919710255	4.32476790075	8.99236114161	2.58500510856	8.99999848516	8.96679791488	7.27126202385	8.9925084229	7.25195187183	8.97319827087	
1.61800718899	5.59415070228	6.16504921281	8.30157746941	8.88935821749	7.37899264824	5.40262227197	4.29247318994	8.60291870776	8.31174021448	6.09462208612	3.01169645875	5.52275638944	7.24400278849	3.46501219888	5.18625859792	
1.59579719537	5.86611367029	7.0178384318	8.86141137923	3.94517797865	7.82276482627	6.62548830816	4.92247315119	8.96741667038	3.1899524239	6.49891761888	4.10527322743	3.48158568146	5.20283208051	-2.80862636167	-1.08737996262	
1.7235297422	8.99876561399	8.47220332513	7.30880171919	2.33826419354	6.75640915721	2.68374701842	0.85923767268	4.08272475062	-1.47627031929	6.81363678202	3.78240388363	7.18514969075	8.9063960898	-0.709016717833	1.01222968121	
1.60492255314	5.87000262946	7.08300131644	8.93183571168	3.76341614689	7.68388351067	3.91661167688	2.4509364787	8.94254245471	3.11321013564	7.53005833955	4.90795720044	-5.92596642298	-4.20472002393	2.4900191706	4.21126556964	
2.88957957566	8.99999830691	8.99989169891	8.99998774617	7.14723396615	8.83540995441	1.62434367473	1.18995315511	6.23040609329	8.99998911137	5.63583957793	-4.38043865306	-2.82735971279	-1.10654510063	-5.97614166343	-4.25558180926	
1.59062527234	8.96821014367	7.01034006529	5.74491726597	5.08326032444	8.4618746132	3.55493714722	0.320561001827	5.59773511369	1.55423174348	8.91265637576	6.8152318573	-5.75076408363	-4.02951768458	1.81071908696	3.531965486	
2.15654203042	5.84326979922	6.14320313625	8.57022019276	3.91372447813	7.33267190073	1.90825305075	1.88326292339	8.78285266962	3.29924739832	8.40974847572	4.5030595661	3.05982535562	4.78107175467	-5.85964495552	-4.13839855647	
8.99999999716	8.99999999717	3.07819011364	8.99999999935	1.74246000097	8.59829163276	5.74595737476	7.51546448964	8.99999999776	-5.41022818904	8.99718300908	8.97692625625	6.89304371436	8.61413352557	1.2471197964	2.96971419005	
3.18327264171	6.73504830906	6.4273340478	8.98945876699	4.66321775093	7.65726594577	1.62246753892	1.96515549885	8.99999976875	3.70031592088	8.17210207425	4.13846708682	0.48985172021	2.21109811926	-1.24542908608	0.475817312968	
1.60302286185	5.75361075128	7.03666923856	8.99999977251	4.55661471628	8.97656865573	6.45729117405	5.06285804641	8.82041145585	2.43067842524	8.72914302772	6.0968095166	1.81421692185	3.5354633209	7.27875150768	8.99999790673	
1.58574194552	5.59369494764	6.07180335979	8.17740754926	6.14297489957	7.16560128127	5.39288175027	1.86726532274	8.99903780332	6.2079037277	8.6473685622	7.9465278382	-3.37919370678	-1.65794730774	-5.99894621071	-4.27769981166	
1.60484252495	8.37177262113	4.760183669	4.10070102541	4.65138850689	4.45738648209	5.09608822295	3.60195272777	8.07323878619	8.32933871982	5.63689236488	1.07253273603	-0.0603220399033	1.66092435914	3.66794736903	5.38919376808	
1.98890737412	5.68159847117	6.50362849835	8.92507041165	7.50453063079	7.53727549405	4.72027400062	4.90637509116	8.99999976876	6.75452754778	6.18082289476	2.21075823709	-2.49364419943	-0.772397800379	-4.06493958197	-2.34369318293	
1.5854228502	5.8994194594	7.08354946152	8.88318019078	6.31295551922	8.16589550639	6.39889346856	2.27594883042	8.879149839	5.15485061641	8.99347110533	8.99428828264	-5.91402593863	-4.19277953958	7.27820594487	8.99945234392	
1.58543198987	5.78470881492	6.95682108934	8.87140525902	8.69669737883	7.62555944077	6.76243918164	2.54504563203	8.62816439828	7.85669025268	6.49499129097	6.55979906852	6.52049675458	8.24174315363	-0.248260746047	1.472985653	
1.9277223244	5.23282386877	4.6642979408	7.47242581194	2.31028051049	8.99999964461	7.14645938278	7.0310934639	7.51942976579	2.20616305156	5.63384683592	-1.61158195469	7.2787533701	8.99999976915	-5.80202977456	-4.08078337551	
1.7891668878	5.61787094805	6.76064439293	8.97505189899	5.82895634778	8.99906012569	4.04254481721	3.5816537883	5.61581436044	1.64150104873	5.68696096087	0.991054249694	-5.65152354095	-3.9302771419	7.27825368619	8.99950008524	
1.61245891015	5.87633613604	7.06510955022	8.91515055072	3.8976320742	7.91958613757	8.5081414926	7.28020449602	8.99998755727	3.05012176639	6.57785534898	3.73705876825	2.77525790332	4.49650430236	2.18672550961	3.90797190865	
3.17255999634	8.99999992861	8.71843977429	8.99999850119	1.60993996394	8.99999969614	8.99999589393	8.99999589393	8.80195636233	3.66606689101	5.6369993963	-2.60799308128	7.27835912566	8.99999994215	-0.637568817921	1.08329420914	
1.61670187191	5.88912691046	6.99985210791	8.84134341874	5.37152042429	8.941088937	3.56300311195	2.36450026501	8.96759080296	3.48991541058	7.616481854	4.72645455083	1.79718047057	3.51842686961	5.19279956924	6.91404596829	
1.58540223274	5.87193969705	6.90343178481	8.73078138993	8.29683543879	8.05464279614	7.41110186232	3.09032169008	8.99999976875	7.37635887375	6.43705006085	6.62703978094	7.27436893077	8.99561532981	7.18356623325	8.90481263229	
1.60587880702	8.1759012004	4.94482092652	4.48206561439	4.47572213123	7.98176128068	3.10294357062	-0.326219479506	4.26441869335	0.73182702536	7.55249359629	5.01196652649	0.257354827111	1.97860122616	2.77377886315	4.4950252622	
1.60861041835	5.87681636357	7.04269344011	8.88840634939	3.88392022403	7.75058675199	3.80844989999	2.44533219591	8.99151537255	3.21448910933	7.45539457378	4.73222542066	-5.86924571921	-4.14799932016	0.508727232823	2.22997363187	
1.58600606089	5.78013309542	6.64495947296	8.56411834787	6.24601038975	7.7237634543	5.20693669468	2.25914310504	8.9600235545	5.63962649374	6.85440281603	5.64875978487	1.84832307952	3.56956947856	6.34834853907	8.06959493812	
1.58552244512	5.76778348567	6.67402591072	8.60556438612	5.72053813588	8.50744210342	7.68316012389	3.96336504536	8.76903805341	4.14027902882	6.28315430278	5.84838434572	7.0805416012	8.80178800025	-5.99957280676	-4.27832640771	
1.64242712425	8.9999997702	6.74709273559	5.50358646073	3.99265780135	8.41275154043	8.98909222614	8.12240257475	5.87526265187	-0.513636567878	6.67574979202	3.51504936475	7.27875181318	8.99999821222	-0.0557741640019	1.66547223505	
