1.98750606204	5.53264099381	5.49023052418	8.05901660519	8.99027177088	8.5303012963	1.81363302985	-1.31456577257	7.34511716392	8.79965182102	6.66038830006	2.79737316515	7.25997192163	8.98121832068	0.558722962563	2.27996936161	
1.59076774052	5.14125177321	6.30256961514	8.86600680486	7.07838792235	8.75128440603	7.70714200353	-0.281014943533	7.09080291373	5.36292465946	6.95348911866	8.99997792969	5.39536122166	7.11660762071	3.06778414362	4.78903054267	
1.59097611659	5.13618756791	4.63756838384	7.20627824221	5.10531401046	8.99999976875	5.33688564696	-1.66036457681	8.99868065535	6.40173030771	8.92679390236	8.62965880994	-0.223228151205	1.49801824784	3.97264315931	5.69388955835	
2.83369527034	6.30151023575	4.79432440999	7.44043053577	1.61655815611	7.09805039634	7.70305614468	5.6471488845	7.75075292522	1.55660487539	5.63498623735	2.4068994558	-4.43558576904	-2.71433936999	0.173107071014	1.89435347006	
1.59076803865	5.14117404122	4.5273308134	7.09084610001	8.80107857915	8.80020920743	8.73471910858	3.54813311295	8.82353510489	8.7754120075	5.63905829393	4.87798715321	-4.17402901667	-2.45278261763	7.27720661657	8.99845301562	
1.73343777211	6.44648879157	4.74729666132	6.14816709202	4.61786565042	5.05488890495	3.64627047171	3.22070779426	6.35863342428	3.84192196572	7.80624816577	4.31484884356	-5.52077745244	-3.79953105339	6.94136267223	8.66260907127	
4.22558288805	7.52262743765	5.0041832605	7.82105986207	1.59202720448	5.58568207911	8.99999476111	8.3999055844	8.82078999722	2.89405922122	5.63451809319	2.17103321958	-0.239789135177	1.48145726387	-4.07283895349	-2.35159255444	
1.59076981778	6.02273995417	4.61167700786	6.29362864988	8.25660747652	7.63434994521	8.55245810382	3.26360597821	6.88297715528	5.61064852674	6.59591311049	7.78270091176	1.78589783722	3.50714423626	-0.25608328029	1.46516311876	
1.59483149675	6.82566273151	4.64732705061	5.5304171023	4.38135198354	4.01059586752	6.60433318567	4.49199755315	8.9836157074	7.39718156912	8.99952303812	7.07239893266	3.20411598623	4.92536238528	2.68559564167	4.40684204072	
1.77398822409	5.90513745232	6.24625962021	8.22903165313	8.94723511806	7.80329774687	4.65826121304	4.37718854966	6.5030380318	5.59063347139	6.40933299709	2.75009769507	-0.561742276627	1.15950412242	-0.738814620103	0.982431778944	
1.8419984637	5.38557940137	4.64902034986	7.21936068292	2.03362310716	7.88669544493	2.69723489689	-0.576909698506	8.99991563968	3.36366809137	8.13912507377	5.19979487297	-2.92292988876	-1.20168348972	-5.9823695125	-4.26112311345	
4.4519946567	7.99684033298	4.70392989269	7.2730055454	5.85570816066	8.99970192012	1.59138766643	-1.58194646269	8.99999358923	7.31266341074	6.00860345352	1.72862396888	-5.99999799333	-4.27875159429	4.38637906671	6.10762546576	
1.60963321023	6.25769893789	7.19956361049	8.6654192537	2.96268955667	4.34866493991	8.73073394167	3.49561464027	6.2512927029	2.90373552529	7.53089763525	8.73094859336	1.08726027395	2.808506673	-0.751725022747	0.9695213763	
1.62890001251	6.75415874662	4.71759542512	5.7062583878	7.91959913414	5.81481596088	8.5260745481	7.48857842225	5.92996332606	6.04804572416	7.55016724386	4.57771354275	0.11271702681	1.83396342586	-4.51296882181	-2.79172242276	
2.30577701938	7.23558629575	7.82190745121	8.99983951187	8.06157266469	8.99999976875	3.9001220353	4.51856441228	6.04119310548	8.17956915666	5.62696342614	-4.06131827297	-5.97896456417	-4.25771816513	-5.99673518416	-4.27548878511	
3.22081669818	5.25655016287	4.73827834529	8.81646626826	8.99990900836	7.39321384873	7.32698545616	8.9467354211	8.99999973758	7.63741267963	5.75438702537	1.1072693613	7.27875322325	8.9999996223	-5.99961319879	-4.27836679974	
1.59080767207	5.13735792185	4.62191329092	7.18928414545	5.58602860673	8.23952813973	8.63732257168	-0.548485273826	8.99999951675	6.83221056284	5.93845089823	8.64189810717	-2.00978114203	-0.28853474298	-5.98975729868	-4.26851089963	
5.04423844517	8.58920299669	6.05153817301	8.62049520947	1.59091953349	8.99947244806	8.68478795034	2.59201861893	8.99889985616	3.49070988619	5.63356363777	3.82931971904	1.4101400863	3.13138648535	0.0651486835087	1.78639508256	
2.37925885479	8.98903562606	5.85439980623	5.35854400269	1.67470541827	8.9662463638	4.23097067825	2.87256587189	4.03633960001	-5.79116887152	6.38169189704	4.27941615222	6.73722278834	8.45846918739	2.52674040494	4.24798680399	
1.75457661669	5.13651541813	4.55997845919	7.29196093357	6.51301405701	8.99999758532	7.51516089596	7.17617940824	8.77135008181	6.91496575163	5.63433348216	-0.653934251314	-0.432226069214	1.28902032983	-3.70498344232	-1.98373704327	
7.0770221934	8.99999975807	4.80198309276	8.99033211595	8.99880262601	4.2699884268	3.51551122594	8.99999994028	8.98629162715	6.72888377633	5.81911937106	1.32557846006	7.2830326513	8.99999932361	7.2693498972	8.99231047591	
1.59469311135	5.13952274199	4.53571366827	7.1048053185	8.85788101918	8.99999642741	6.79360360176	4.75164506701	8.50297335159	8.46452276445	5.63734646585	1.57898960141	-5.979986413	-4.25874001396	7.27873240602	8.99997880507	
4.45030140174	6.77830806713	5.21323198153	8.99914661921	8.90340993446	8.69765171675	5.66631354628	8.52521320006	8.39425375054	3.78758274139	8.30290202713	4.25978157856	-0.290902708697	1.43034369035	1.28393173234	3.00517813138	
4.2268285377	6.17190726853	4.79631922959	8.96516177553	5.05966824473	7.93478790849	1.6859608503	3.61024060447	8.99990939501	2.2510949638	7.52615158041	3.47891661488	2.2624209471	3.98366734615	7.24411293456	8.9653593336	
1.59553374457	6.69101157539	4.94916895364	5.96761234835	3.79572816129	4.03024364668	6.1811259953	3.84718729713	6.07642160975	3.88590578177	8.96425737061	7.2575464468	-5.05712689659	-3.33588049754	6.41756892458	8.13881532363	
3.14030871169	6.58669622211	4.59109834496	7.25863212849	3.54935048592	8.62375141834	1.61143354487	1.02201993286	8.82301621933	4.35059271294	5.63808896283	-0.37112487961	-0.520242564261	1.20100383479	1.92759054857	3.64883694761	
2.56815472706	6.76729639461	5.76103905089	7.67581854413	4.54050906208	3.75551866428	2.55555813376	3.42785925242	6.92445282613	4.83457129007	8.99994681335	5.00586776476	-5.4571688501	-3.73592245105	-4.08274922248	-2.36150282343	
3.57869842064	7.1235225934	4.58728286517	7.1563799875	2.79119862528	8.9962916895	1.62383674343	-1.4429236075	8.99999350017	3.87776215178	7.79152185298	3.7787704558	2.23206248312	3.95330888217	7.22566734245	8.9469137415	
4.89968021803	8.33564418481	4.64821043207	7.32616768425	1.59098946487	7.69667483571	8.35010103985	7.05228688819	7.99961593162	1.45843040433	5.63356383713	1.37022816235	-0.530306814915	1.19093958413	4.51721055988	6.23845695893	
1.64105831208	6.59875424385	4.5699672047	5.72619293267	7.10352941851	6.83173908514	8.9999917546	8.08905373394	6.57385279793	4.85113441978	7.2918587992	4.20065500195	1.27055878831	2.99180518736	7.27875334538	8.99999974442	
1.91156302601	6.84351921342	4.74958262088	5.93154722264	2.24537667017	8.99999282276	8.99999304265	8.79906333872	6.06930667069	-2.95978284178	8.99999975599	5.47887764242	-0.378523831426	1.34272256762	7.18439283144	8.90563923049	
1.59094239803	6.40759580985	7.70272307286	8.99999148731	8.99552970365	8.90241853437	6.79871921979	3.33253967257	5.80954477285	3.96839255191	7.19922266972	6.60301503715	7.13718926851	8.85843566756	1.29434109738	3.01558749642	
1.66573119021	5.15003632361	4.62047378834	7.25008989483	3.9584612502	8.10815125042	3.46076894493	2.68421617915	7.9471313255	3.57386804473	5.64107415167	0.644550203406	1.48510413676	3.20635053581	1.50191618392	3.22316258297	
4.1072733949	7.63712358375	6.44157125389	8.97884837375	1.58929309289	5.33443703424	8.99999976875	8.12053767167	8.99999729512	3.54174065685	5.6222073218	2.22181705983	-5.99999973585	-4.2787533368	-4.64576492388	-2.92451852483	
1.59076555696	5.13603882546	6.24028955294	8.80893588916	8.60057563424	8.83161449218	8.19654224556	-1.49749470262	7.23861420924	8.21529256114	6.44418358614	8.93385490646	1.96460642094	3.68585281999	-2.90527056096	-1.18402416191	
1.84075641765	8.99984418805	4.59523414515	3.55006764216	4.79372921674	8.99991650234	8.99812990385	8.88631213633	4.22522247951	-2.18410478794	8.4214043685	4.73972301655	1.76903984385	3.4902862429	-0.552792978827	1.16845342022	
1.59122939687	5.13627570023	5.81137747392	8.38025258723	4.56311271172	8.99999976846	8.15962776694	-2.09335444959	7.76101953524	5.11305544101	6.53259057293	8.9999997579	-5.99738371513	-4.27613731608	-5.77570154599	-4.05445514694	
1.75248856735	6.69091631175	4.9224782938	6.09797180097	3.83280996483	4.03377998775	8.99999999377	8.64621354724	6.26628102184	3.95272680963	7.79573464032	4.26545528074	7.27049275213	8.99173915118	-1.7084625347	0.0127838643425	
1.72760333245	8.99917286336	4.51511830959	3.35743794199	2.19101750651	4.83671155625	7.61441239501	6.03235391239	5.52025029132	0.895751719982	6.2773673278	3.84158049981	7.27611550605	8.9973619051	4.48107988897	6.20232628802	
6.7177123594	8.99254787129	4.9896205966	8.82870630438	5.06446228538	8.88815516435	1.59095637037	2.70691713672	8.52707731787	1.63599226233	7.86147504198	3.81625651814	-0.997249195623	0.723997203424	-5.97496198859	-4.25371558955	
1.6797658545	8.66917665681	4.51199574342	3.63650624008	2.32486282132	8.99579034226	5.41695259094	2.34372730959	8.69976834873	0.0713844449528	8.9992566013	8.0332972113	-2.90775285722	-1.18650645817	2.79592369084	4.51717008989	
3.46595057702	8.99998045183	5.75841445545	6.33830486512	1.85423709798	8.76985036825	2.45374152502	3.81199455499	5.11722995312	-5.23198022148	6.01405187293	2.09274692829	2.10720165865	3.8284480577	-4.48168337327	-2.76043697422	
4.24350562574	7.76755742269	4.64765888051	7.23752830186	1.60400891413	8.47224404756	3.1465689778	-0.693725756697	7.85553723411	1.32133900136	7.74142794111	5.2510358306	1.19727853049	2.91852492953	-2.3559320422	-0.634685643153	
1.61612229875	5.16218172712	4.70692239448	7.27478414101	8.99999977406	8.80173169956	2.83815816008	-0.983321915684	7.62918822522	8.44896379634	8.99174235313	6.19506501932	7.27814614679	8.99939254584	-3.98719727875	-2.2659508797	
3.47786675403	6.99677643002	4.58216027379	7.17717199597	4.48155080532	5.86587122719	1.60547283009	1.77233966967	8.99999271911	5.50934487462	6.96702765098	2.90983812086	-5.99999954032	-4.27875314127	5.07499738415	6.79624378319	
2.52153830312	8.95303988736	4.51201787574	4.19443752776	1.64678308771	5.78435548785	8.99999967319	7.50289575843	8.76699355357	1.74578440332	8.27695056569	6.66105971698	1.25816627887	2.97941267791	7.21761340419	8.93885980324	
5.51963010847	8.81253927595	4.65140872782	7.47242080467	1.59151516942	7.07252065691	4.38507024839	2.50834514634	8.234521425	1.66661902383	5.64075615797	2.60772817541	-2.80666593053	-1.08541953148	0.333401218003	2.05464761705	
2.76491991795	5.84038549145	5.03279990527	8.07125548348	1.69366459948	8.99992017783	3.25162985137	3.51270623188	7.73758603015	0.567829111245	5.63383582814	-0.760389128166	-5.99942431139	-4.27817791235	7.27868284773	8.99992924677	
3.73568794611	7.26492510197	6.41531748379	8.99999985898	1.59388872101	7.47505942137	8.23132300715	4.22372283825	7.25730870479	1.22682095505	5.63362188146	3.79389083491	7.253592362	8.97483876105	0.713187263426	2.43443366247	
1.72896538086	5.16700440557	4.54228395168	7.21816617943	4.62665044791	8.6548866287	8.85652345607	8.42870939925	8.37648802666	3.23039387355	5.68227859345	1.23130070717	0.347004413173	2.06825081222	4.93103238309	6.65227878214	
6.4145723804	8.99980746066	4.5698480123	8.09853416508	1.59077163108	8.89459360728	8.88892568369	0.894085238541	8.99546968886	0.684034321665	5.99298340373	8.99878717506	2.14567147543	3.86691787448	7.2787531499	8.99999954895	
2.23267529414	5.49902427048	4.54716174106	7.39473407908	1.79094051992	8.99616837267	8.80580492087	8.59759864023	8.62552768453	1.42952422446	5.63463721125	-0.163030806483	0.740143740266	2.46139013931	1.00060161953	2.72184801858	
2.88087468406	8.99999997111	8.99999999726	8.99999999725	8.99999996929	8.99999987272	2.08451061077	3.24330372962	4.6790358741	8.99999997049	5.51123523681	-5.99999984367	7.27943901781	8.99999999989	-1.90676440321	-0.187580682567	
1.59090665973	5.13634890539	4.67171438052	7.24019340566	5.07912900262	8.97634217139	8.13002394261	-1.24205598795	7.82907824832	4.93942666675	6.22667312162	8.59454149503	7.27875213119	8.99999853024	4.71058512031	6.43183151935	
2.3222233762	5.31724049889	4.59451478794	7.71341898198	4.83367617114	7.92485874755	7.07731223781	7.71931005721	8.39856712471	2.96607683747	5.89548256944	1.59814244504	0.263096727171	1.98434312622	0.730211416118	2.45145781517	
1.63090742425	5.57967544652	4.62447406153	6.78962731328	3.02601364598	5.71520110217	6.54199290831	5.29451956382	7.54659526033	2.8644600387	8.28912849014	5.53289960747	0.516270273117	2.23751667216	7.2762321622	8.99747856125	
1.83418895864	5.29876429293	4.62779801274	7.27714390761	1.9776426989	8.55770515152	3.46695963401	1.44757507717	7.85075836816	1.13857835336	5.64659297168	1.80144514479	4.79414584912	6.51539224816	-5.99999907426	-4.27875267519	
1.81774402433	6.34816390168	4.70184622577	6.28534796525	6.41146341638	6.42376377128	3.24584959869	3.05816878371	6.55046144575	4.39127873851	7.29025469473	3.6281675108	-2.9841122263	-1.26286582726	4.04859457037	5.76984096942	
1.59092509006	5.25813745748	4.67835455104	7.12506346349	7.64647317498	8.9854671219	5.1493700538	1.10538234031	7.45653927901	4.77282946328	8.311836665	7.70389027421	6.22500115475	7.94624755379	7.27178790455	8.9930343036	
3.01794893273	6.4786588191	4.66108667969	7.31429797386	1.87717563078	8.2122343355	1.94612996313	1.00544013672	7.81613231087	1.35536853614	5.65938017242	0.729125151384	0.399132166007	2.12037856505	1.02710410664	2.74835050569	
1.59080523629	5.13594564875	6.43121576124	8.99999672815	8.99999976876	8.99999870845	5.63801300767	-1.81107371969	7.26799245568	8.71633575456	8.99104477132	8.99513930756	1.90110261561	3.62234901466	-5.99722992479	-4.27598352574	
1.78837031455	8.99997504041	4.51199456927	3.41431126912	2.02937682549	8.99999943141	7.44600148845	4.76153597758	8.65287144893	-0.468563253283	8.99999997565	7.83863014904	0.897648273136	2.61889467218	-5.96891676255	-4.2476703635	
4.81680934094	8.27033696127	4.56076754489	7.22116121711	3.619447174	6.11382731166	1.59557267806	1.84453243347	8.63606966055	3.93957262671	7.57075466535	3.52726179175	6.52339922263	8.24464562168	-1.50027176656	0.220974632487	
1.81706326606	6.65224126902	4.74039287899	6.01913640217	8.58372244896	4.48502277493	3.61042007843	3.43499717245	6.35746251529	8.28967698266	7.75056690031	4.09582470518	-1.69652691811	0.0247194809375	-5.99916872798	-4.27792232893	
3.15508297685	6.00752520507	5.73193016124	8.99340879255	1.60440312269	4.31106487745	8.78489847442	7.91090929086	8.99675408818	2.77213802475	8.93632815441	7.33162199485	-4.15027683993	-2.42903044088	3.23907051142	4.96031691046	
1.64378101508	5.17470684452	4.70031517347	7.28331051178	2.53906882037	8.15950358298	7.68092469272	5.09074061664	7.6093967521	1.71567563502	5.6416557129	2.50847625294	-5.99238811685	-4.27114171781	0.266371106855	1.9876175059	
1.98841041777	5.96130030532	4.60314344874	6.74417491312	3.07781405865	5.04065470731	5.56027662611	5.71153574447	8.83561941477	4.52227721191	8.30677684049	4.5093691863	-2.50746896105	-0.786222562001	2.27679723873	3.99804363777	
1.68933737725	6.05254976231	4.75443034836	6.50513943992	3.63970405346	5.16378800311	4.91285888087	4.29841918377	6.77167862838	3.22064572862	6.89581363857	3.54055206268	5.24673470508	6.96798110413	7.25111649159	8.97236289063	
5.32234169339	8.84773798232	4.68509621681	7.27362116727	1.59084610942	7.31811539718	8.72371708185	0.132958521277	8.99999950983	2.99019031714	6.0443135086	8.92096206537	4.94104953972	6.66229593877	1.28978356767	3.01102996672	
3.91913813738	7.46404869467	4.69759356298	7.26660420335	3.69469306483	8.99397741993	1.59626062661	-1.2122581686	7.66480091731	3.21820202593	7.72665617029	3.6858395672	1.06992718585	2.79117358489	-1.16878911811	0.552457280942	
1.59912447335	6.61821605035	7.93908149465	8.99807985981	3.43281757602	8.75839768944	5.38576160902	0.984323656156	5.72771332069	3.14558373085	5.62802337408	1.31403540072	-4.69522827655	-2.9739818775	-4.52104385224	-2.79979745319	
2.63193214179	6.15927132758	6.41143773335	8.99801982973	1.659810514	8.99986674636	2.84244531829	-0.980468610916	7.12759910199	0.40520841023	8.99999986243	6.20859827242	-3.0762945567	-1.35504815765	4.04954668978	5.77079308882	
1.59145187805	5.13589270657	6.43051881425	8.99999798975	5.27530349814	8.97621503628	7.2598726769	4.39652500885	8.99999976869	7.18322402214	5.63362065797	0.616183821307	-5.99708072491	-4.27583432586	7.27875334894	8.99999974799	
4.11353319823	7.65850109321	6.43104718003	8.99999977514	1.592108937	8.99999976878	5.66626496782	-2.27133635141	8.99999789573	3.50055935401	8.93226487768	8.99597742215	7.27874960757	8.99999600663	-0.152084032956	1.56916236609	
2.80066819776	6.34530216426	4.7128537155	7.28214099389	5.13183459091	8.99709195929	1.61860565262	-1.05041517117	7.64639543293	4.68860303695	6.03416030626	1.7990662155	-1.07490640269	0.646339996354	2.8514967109	4.57274310994	
1.59225833746	6.70131627058	4.76810289036	5.77296634379	7.23830037064	4.41391272331	5.84729808797	3.37025961091	6.03593006057	6.9123345859	8.99306516492	7.42143661985	4.61099241364	6.33223881269	-5.84984897775	-4.1286025787	
2.06489874495	5.61530416737	4.68907011507	7.25258592431	7.78378674187	7.48402769893	1.7743139281	0.205014278597	7.72397632572	7.47437587516	7.17072001914	3.29272919808	-1.41367999554	0.307566403503	-1.70620241785	0.0150439812018	
2.05851067549	5.51866259936	4.6858149803	7.33958424194	8.76264550028	8.999976448	1.82349534463	1.16186758623	7.75324505083	8.20327801144	5.63656921665	-0.385816925743	2.37609128396	4.09733768301	5.62999900966	7.3512454087	
1.59123112131	5.15265567111	4.5450344394	7.09753117427	7.85956018266	7.90821129999	7.67388691672	4.70408894407	8.564799377	7.97959252041	5.65049268853	3.16019627159	-3.94279224438	-2.22154584533	6.99843529578	8.71968169483	
1.60757985978	6.66937015153	7.582757471	8.61869977435	3.00549444953	8.99848944654	8.53747188038	-3.71419111613	6.95892015206	4.43118933491	6.20289531225	8.99999976851	2.62972162406	4.35096802311	7.27875090471	8.99999730376	
1.77065685938	5.33980791128	4.79481984383	7.33959011835	2.83874986323	6.3769257515	2.3583035791	1.58685268494	7.53473978269	2.48084551513	6.0412781733	2.33179744238	-0.709580847274	1.01166555177	2.84843563074	4.56968202979	
1.78151907596	6.48884391358	4.74182672395	6.14842325303	4.02160549758	4.54767626112	3.63352926664	3.35916761711	6.54328527984	3.8859241425	7.97385899602	4.38286090165	3.08930868268	4.81055508173	0.356480907252	2.0777273063	
1.59027150628	7.77483308467	4.7309669165	4.65530907677	6.11774109088	8.99888356507	7.43665634746	-4.33928133145	5.3518456254	6.49912027524	6.57213148453	8.32481148519	1.85239150009	3.57363789914	6.45176158518	8.17300798422	
1.60784130763	5.17332274075	6.45061059169	8.99904875502	6.33139152862	8.84494878047	8.82855672162	7.43148917364	7.06638528216	3.6596547356	5.67147571293	1.96506829136	1.58204175058	3.30328814963	4.43988728436	6.16113368341	
2.34207426385	8.67741119245	8.80025225631	8.57883419281	1.78716838573	8.95692504011	8.98259859275	8.99999983385	4.2905982093	-5.11473567594	5.81344703968	2.03502138977	5.37784982109	7.09909622014	0.910123972241	2.63137037129	
1.6169355106	5.13607501204	6.40521096601	8.99999101723	8.99999976876	8.94190809479	8.99525494317	7.78844035905	7.20936260814	8.39840653229	5.63388007049	-0.286905894094	7.27874983983	8.99999623888	-5.93038047882	-4.20913407977	
3.76496445386	7.23071250443	4.60201298204	7.25018620995	7.09968751809	8.9997991129	1.5942733182	0.897556020558	8.99821793149	8.17500622962	5.63556100373	-0.74127176784	-3.56887313522	-1.84762673617	7.27875340698	8.99999980603	
3.20674292809	6.74938598322	4.6736437812	7.2449219606	2.70856841275	8.99894130049	1.63679686076	-0.69152144048	7.68209364309	2.0776944629	5.88462939585	1.53032406454	-4.39178282297	-2.67053642392	6.00674543792	7.72799183696	
1.88556452966	6.20915343677	5.74797259723	7.53830524459	1.89826676475	4.12889507579	6.39552759009	2.82599069237	8.69167309157	4.25974232079	8.97877656188	8.75296576669	5.06720861511	6.78845501416	7.09261625743	8.81386265648	
3.27495242234	6.80674281677	4.74621170427	7.32834246794	1.60027797117	8.99504776585	4.60293044469	-0.854763630673	7.54700110124	0.861910488765	6.0373703204	4.78873539956	-5.41906101111	-3.69781461207	2.87258962636	4.59383602541	
4.08396838075	7.52935330675	4.77690145994	7.44543776195	1.59252283633	8.9997916283	8.62310409783	8.03311779492	8.35663771969	2.35966603243	5.63355793449	-1.18340287284	1.36914421667	3.09039061571	-5.98295969547	-4.26171329642	
1.60053030305	5.14906159137	4.57885001815	7.14424001394	3.24875381117	8.06779062305	5.18836833925	-0.396116909484	8.58701771337	3.80664995495	8.16087937266	7.71004555976	-3.83278955545	-2.1115431564	6.97511063056	8.69635702961	
1.59076539733	5.20372794332	4.60177725199	7.10273604376	8.9999997604	7.8456519167	8.57201771376	1.01220224156	7.76870485071	7.80803380246	6.1480085768	8.82619297442	4.57233809327	6.29358449232	5.44892390991	7.17017030896	
1.76745122213	6.27589861033	4.646862704	6.25233696326	6.64538249797	7.09537497791	4.1162317466	3.81306993359	6.69238196427	4.13959048912	6.90565322382	3.31496363844	-5.36297271669	-3.64172631764	2.0117714597	3.73301785874	
5.50678750733	8.75238860798	6.08797961675	8.95629975981	1.59081962922	5.3346409981	7.17423274014	3.50518438138	7.8776058926	1.90452020879	5.64374688574	5.54540958397	-5.91698273453	-4.19573633548	-5.70550198633	-3.98425558728	
2.30853741104	5.84913348804	4.73700970525	7.31033480014	1.68312775564	8.99912547773	5.87110403513	-1.265923015	7.59851881077	1.18579407117	8.75646736918	8.99357134874	-5.99585543535	-4.27460903631	5.04112094062	6.76236733967	
1.56949190601	8.99999772686	4.54500640264	3.19554421195	3.82656412363	3.89896667811	3.45785425831	-0.0456442242756	3.60688569577	3.24423694111	6.825052411	4.64932731675	-0.728013387283	0.998013883697	-4.99529762774	-3.27221611011	
4.0996178295	7.63204429557	6.40986486948	8.99136103218	1.5921496203	8.29839539076	5.68722051596	-0.720909496486	7.16659900511	0.818386784703	8.94623406474	8.99967927911	-5.99949967491	-4.27825327586	-3.74015878801	-2.01891238897	
1.59078324707	5.13593077631	6.42274558758	8.9915195146	7.15201083019	8.52449772874	6.03803605191	-1.79270983756	8.81980226571	8.87758599267	8.59577619117	8.99960127814	3.31891003499	5.04015643403	0.329892506087	2.05113890513	
1.9059568013	5.44486871462	4.56192483966	7.13693423657	1.87808264159	8.99999992086	7.33352186112	1.08865630031	8.45735717335	2.06790422764	5.63684427469	5.15259536084	-5.99999975193	-4.27875335326	-2.024318073	-0.303071673952	
