1.58081807524	8.99999998918	7.72798910897	6.42340243186	8.99999999026	8.99999995271	5.59994605785	-5.99999995271	3.44380363251	8.99999999026	8.96911041901	8.99999999999	-6.0	-4.27889357866	-1.65933466037	0.0620237730339	
3.28121137217	8.59888414249	5.15069976045	5.94694822132	3.10019612548	7.51960153757	1.62334373937	1.63150952114	5.42165585278	-0.982503914543	8.91028285915	4.89022149556	-5.92131460088	-4.20006820183	6.39787795845	8.1191243575	
2.05914595255	8.99999233876	5.56055081129	4.73362563386	2.05324972296	4.85104931083	2.39889680552	2.04984489432	3.76896807179	1.07292093495	5.63619262607	-0.113157838013	-0.15801461365	1.5632317854	-5.81166975586	-4.09042335681	
1.59094525849	8.76298182575	4.51207180238	3.45395653799	6.32509442779	7.50238733887	4.99743603297	-0.658644576203	8.82739466633	7.95277703831	7.60276662494	6.95952194665	-2.08654816321	-0.36530176416	-0.0961104441854	1.62513595486	
1.96204972241	8.99999999943	8.91040491082	7.98637551347	3.4186492774	7.79835553237	2.49741906388	2.49788329398	3.58799028232	-1.22976473113	5.64089137275	0.0818262510151	5.18917817308	6.91042457213	-0.143424513549	1.5778218855	
1.78143875914	8.99838041616	4.51200411639	3.40898375669	7.72801634355	8.32485792353	2.04159441466	-0.685111121481	8.99999992697	8.72790791523	8.17416838224	4.5794743444	4.11008470234	5.83133110139	-4.33699268651	-2.61574628746	
2.07598701162	8.65972406612	4.82881721109	4.35900141445	5.44674852221	6.88277819086	1.76570520232	-0.365184953719	4.32920008208	2.9011626771	7.63679429563	3.76304222184	-0.636088162333	1.08515823671	2.15384138951	3.87508778856	
1.59121083406	6.64672844691	4.51217952729	5.57058316791	4.58053153888	8.99999440918	8.94316264869	2.36355932114	8.95823106843	2.70408389701	6.58234839499	8.99998616732	1.50661593201	3.22786233105	-3.4278427924	-1.70659639335	
5.63037325285	8.99999987179	4.52950728513	7.27380181295	1.59084885067	6.01823967897	7.18823659954	7.22307288585	8.99784402731	1.66274253975	5.63392317438	2.51014748335	3.04595539696	4.76720179601	5.95197790284	7.67322430188	
1.59294577072	8.9999839236	4.67049012004	3.37557124928	4.21329329722	8.37524140592	4.39457129717	-3.30114778213	4.2949619624	4.68910947442	5.63962436678	2.78396544142	0.98361105026	2.70485713164	-5.99999976861	-4.27875769505	
1.64465653412	8.99941286433	5.04892198692	3.80808687799	8.9678614947	7.16339177037	2.58477226552	-0.66329025501	3.42036814194	5.61864161131	6.35497124701	3.21258013887	-0.0708160727803	1.65043032627	-2.72272437605	-1.001477977	
1.72670756001	5.66696164884	4.53471132765	6.70837855138	2.17450960841	6.49144233334	3.83393521401	1.32840437758	8.87916791451	3.01700397104	8.88389597963	6.93800799967	-5.99950001952	-4.27825362047	7.27802441397	8.99927081301	
1.5913279466	7.82517776966	4.5129732532	4.39304469349	4.47991391263	8.89694134521	7.69248693935	0.940063596072	7.03898597349	1.42646067267	6.97703350511	8.92830464525	-5.39561697535	-3.6743705763	-5.99986561786	-4.27861921881	
1.60523914752	8.99878163864	8.63857975749	7.35895836644	3.5965497972	8.01350432953	5.66395244137	0.300025284573	3.23240515255	-1.82622589732	8.6175132231	8.62646711502	3.82670754793	5.54795394698	-2.87846598246	-1.15721958341	
1.67065851988	8.97995174021	6.14146110504	4.94608906168	2.4157357321	6.83592778472	8.98616461174	4.67676105298	3.32693656216	-3.09290906577	6.7607969761	7.07320428141	-0.831363168144	0.889883230903	7.1894253733	8.91067177235	
1.59088085411	6.85626313592	4.51238518683	5.36092419986	5.48958888475	8.99996840572	5.46704602993	0.346563304143	8.42819840935	4.24914045162	7.05151641609	6.84402759506	-5.93690902606	-4.21566262702	-5.88165626888	-4.16040986983	
2.49901877274	8.70457998016	6.87806742983	6.78642744407	8.74924510661	8.9999906836	1.64875526506	-4.74662167682	4.86550588356	8.9984577009	8.99997554197	5.01511564094	-5.99780288775	-4.27655648873	0.142047831064	1.86329423011	
1.94253113772	7.74877249281	5.00970339063	5.31738319546	2.43683161344	5.37581752489	1.98272198602	0.156625460115	5.06544975252	1.74052920044	6.23028083325	2.44566217058	2.0183025512	3.73954895025	-1.27104843352	0.450197965529	
1.59194464431	8.21790165512	4.98222086953	4.47018513508	8.05761679056	8.37951310007	5.68532187736	1.44894472606	4.17956253972	3.88845376314	5.6444018496	3.85334145507	1.51992411399	3.24117051304	4.96515343663	6.68639983567	
2.34575184996	8.9998979958	4.54878326113	4.00855840103	2.08490147765	5.64519091712	7.3597837504	7.81662873667	5.12579198206	1.28362792619	5.63518536489	-0.536434984511	1.73336698938	3.45461338843	7.22062005573	8.94186645477	
1.59883028431	8.99999936551	4.5253583149	3.23811053183	3.3459151985	7.76610667362	8.98751102698	5.08523682906	4.74318160308	-1.63860664228	8.99959064127	8.86681161108	7.27373513464	8.99498153369	1.19518067698	2.91642707603	
6.04258962494	8.99989349353	4.88783474156	8.04445197032	1.90640583588	6.32660177112	3.51138997138	7.66607631605	7.90584586168	-2.9096358267	8.99999995189	5.24394949373	0.096278872225	1.81752527127	-1.06306677655	0.658179622498	
1.59374052953	8.9150380988	4.52012940541	3.31275311632	3.77993251658	6.67283130115	8.63868117092	-0.574840837791	5.06017962984	2.53798697608	6.15383358311	8.9999995459	-5.98798852556	-4.26674212651	7.2787336593	8.99998005835	
1.7387964308	8.80605532159	4.51200503713	3.55866736468	7.55289792157	8.38563340304	2.13266897822	-0.490026671503	8.96705978013	8.38431718422	6.24920151904	2.62525442343	-5.78745231445	-4.0662059154	1.50479233474	3.22603873379	
1.59149620622	8.80791988674	4.51200043075	3.4094955242	8.96190666842	8.77822970218	8.99694561139	6.22443039555	8.27045458964	8.77868734071	5.63583356046	2.08714362072	5.07278578187	6.79403218091	7.11069150546	8.83193790451	
1.6457834413	8.99956335708	5.31193477839	4.07207487391	8.93863826525	8.95067435869	2.58439469588	-5.58455244115	3.57992789736	8.78953609187	8.99999976824	5.95064813822	4.35644042602	6.07768682507	0.963667194891	2.68491359394	
2.67023083698	8.99971463428	8.99999993992	8.78443707718	1.6746720835	6.09486999056	8.96412661428	8.99994315061	4.29644972704	-3.15633715193	8.40438934871	5.40451213088	0.965554046475	2.68680044552	-5.99795502821	-4.27670862917	
1.70286731011	8.99987908248	4.54914673814	3.36605627202	2.25060122848	6.39395475012	3.8508478337	1.18035885297	4.42243593888	0.480884844994	5.6438301665	2.11586675765	-5.98515670906	-4.26391031001	3.37597460484	5.09722100389	
1.59704846299	8.78493632122	8.92331958124	7.84935277583	6.88842159647	5.30445918491	5.43041026542	-0.671090560642	3.45029390867	5.3449582495	8.70249417391	8.49664334353	-5.99437026336	-4.27312386432	-0.155667406087	1.56557899296	
1.62912323675	8.81329070507	5.97151158644	4.90126559254	2.95313083401	8.55331240428	3.15117963612	-5.284370333	3.97647043628	3.31610508934	7.01252706831	4.51161189607	3.73518096585	5.4564273649	-5.99953227026	-4.27828587124	
2.03466375416	8.98484451057	4.51301080492	3.6767508175	8.68462374148	6.63638399763	1.97988440949	1.78915891319	6.66940988831	8.80150984841	5.63752990927	-0.252254860412	7.13613688875	8.85738328779	-4.96328220563	-3.24203580658	
2.45619491914	8.9999998924	8.97904434211	8.54916009447	1.65948798339	6.0796861448	8.98031532893	7.67872690506	4.08212875703	-3.15716831282	8.99317640393	7.11721425308	-4.03554023176	-2.31429383271	7.17779786002	8.89904425907	
1.75254563868	6.85161850132	7.92493546283	8.93977145967	3.30408944201	8.55319532075	6.04957995018	5.67599777545	8.21371495056	5.9899086987	5.63356059978	-3.01480434241	0.62757279473	2.34881919378	-2.95820835253	-1.23696195348	
1.59446987726	3.65683318075	4.8634090265	8.91496645904	3.66163666453	7.39901029632	8.9996437326	2.70649090304	8.99999939897	3.37388922598	6.72716139279	8.91240196094	-1.17973589141	0.541510507633	-2.26683524868	-0.545588849628	
1.61652734363	8.85627283172	4.53093450776	3.40511048321	4.59574521083	8.38657542312	4.95667290945	3.72669472739	4.75610301299	1.23142333384	5.63603614897	0.603213855459	1.70210138819	3.42334778724	2.64853335344	4.36977975249	
1.60530420616	8.73643499994	4.54509225988	3.52788289841	7.27140604563	5.46889538209	3.7335026182	2.14261749441	4.76802831674	6.84742976245	5.63675448244	0.954098883981	3.4316756862	5.15292208525	2.15444338866	3.87568978771	
1.86108383113	7.39317985374	8.39824870616	8.98005550824	3.33925355002	8.99992919961	7.72536631485	7.64424173084	8.99487845977	7.24029525789	5.6335579347	-4.18797315211	-0.194338066919	1.52690833213	7.27743388512	8.99868028416	
1.72125190896	8.95946324178	8.91164974187	7.78736175108	2.20415968685	8.99986767209	8.26987674682	-5.89929661683	8.96595998692	7.78240462229	6.42827698171	8.98858479385	7.27875056368	8.99999696274	7.27875331043	8.99999970947	
3.8874943944	5.89542897143	4.74621170664	8.85219838494	5.12431688592	8.98940636469	1.59860446602	1.99387569356	8.999976962	2.7838240336	8.67567580837	4.63481807265	-5.65598017191	-3.93473377286	-1.9578911163	-0.236644717255	
1.59433884688	5.08687423426	6.28835347789	8.90973979678	6.79563992209	8.15901515133	8.99913844813	6.91571598804	7.14216553213	4.32116258118	5.79873838827	3.34313822416	4.09752070968	5.81876710873	-4.50424755495	-2.78300115591	
1.93696601856	8.51337159497	4.83989720358	4.37741292648	2.19117092178	4.38348305227	2.13308192344	0.467213309464	5.22814918136	3.03607369202	5.70553803116	1.3745200037	-2.50563518736	-0.784388788311	-5.09688341604	-3.37563701699	
2.30509504134	8.99934449302	6.20613908752	5.62581087401	4.82488871092	4.1652998373	1.6950969375	0.598430006095	4.41631247535	5.12389790073	5.67919644501	0.731216888337	2.47460297765	4.19584937669	4.72085188822	6.44209828727	
1.64591203497	8.99011112717	4.51217339118	3.28189553176	2.73915895342	7.15904562764	4.41670790401	3.14108707346	6.67074720093	1.08586558975	5.7030135409	2.14697943428	-0.471892165299	1.24935423375	-0.132571708026	1.58867469102	
4.36968638974	8.97610241689	4.51250422333	6.02000947011	3.66504395586	8.08521409836	1.79857255516	4.14592207784	8.94835541355	0.429474921809	6.05492768822	1.80963859877	-1.12365096532	0.597595433723	6.13852783138	7.85977423043	
2.88745346016	8.77431004615	4.51448829832	4.7415530231	5.94923296447	7.77652912583	1.61383197201	-0.0184067818419	7.01369122788	4.84508904958	7.81848107184	3.7953758319	2.09858597873	3.81983237777	-1.22642791141	0.494818487637	
1.92824884317	4.83436377999	5.79186998755	8.99967640847	7.34485849086	8.61608909976	2.00828959547	1.54413125178	7.74423664553	4.71609444459	8.9839929061	5.20841287154	-5.72062810572	-3.99938170667	-3.06606031315	-1.3448139141	
5.61764921536	8.97495162082	5.927132898	8.68375119902	1.59084660219	6.01104621984	8.99983916018	8.99406621337	7.28564441513	-3.1149302339	8.99999947798	8.98949854369	-0.496248282822	1.22499811623	-1.4345558583	0.28669054075	
1.75383588837	8.7692214201	4.51610412536	3.61463902684	2.13192258757	5.81078445507	4.18282617733	2.70314103125	8.99999958419	5.49543262295	5.63603517784	0.944774902407	0.678389722353	2.3996361214	3.7298929991	5.45113939815	
1.59080610745	8.95414609272	4.51390748619	3.26448874525	8.97563170164	7.97548093401	7.82569108465	-0.346528305298	5.62391541148	7.02227486904	5.84768572145	7.6250465586	-1.73869050742	-0.0174441083718	2.70803432344	4.42928072249	
1.84224652566	8.79331052513	4.58682647942	3.7496837507	2.5352514718	6.95544398825	7.33863275743	7.10150700941	4.47541917716	-2.13707393434	7.16261952246	3.59539588042	0.553712826559	2.27495922561	-2.91536676399	-1.19412036494	
2.16049904115	8.80150144302	4.53390183462	4.00682070615	8.17359620728	5.40281779254	1.73385719962	0.352283377225	6.06495422875	8.86515812973	5.72121226783	1.07671066373	4.70855781518	6.42980421423	0.873853130199	2.59509952925	
2.03693737821	8.98255943841	4.75435278374	3.92265200505	8.99655187571	5.9460876862	2.40682054924	2.53947566709	4.05475608188	7.10843353446	5.63581888967	-0.496699462482	7.2752127659	8.99645916495	0.972622739998	2.69386913904	
1.84063061191	8.94023382484	8.99230918807	8.00662716571	4.51395938255	8.93415081308	8.98699919395	8.86493830315	3.52632531343	-3.09740390756	8.995378157	5.32432696663	-5.97794443477	-4.25669803572	-5.91014569593	-4.18889929689	
1.59212095445	8.05218119006	8.99813688316	8.65199629151	7.00937190738	8.9992502014	4.93395989687	-5.19130595086	6.10938385136	8.94791338851	8.98033876505	8.28054442759	7.27499902663	8.99624542568	-5.99759007631	-4.27634367726	
4.8282677993	8.9999997687	4.53182224207	6.47401147412	1.5935069372	6.01371188533	4.21493284574	4.97601361587	7.80481548884	-1.5595613826	7.13895410989	5.3253954105	5.30427791959	7.02552431864	6.31866575417	8.03991215322	
5.12193895331	7.70077167732	4.61610085478	8.15118939583	1.6452164616	6.06565796306	5.82326872159	8.42442406321	8.71979069249	-0.846802721781	5.89995550362	2.44830218672	4.21672129922	5.93796769827	-5.87511578851	-4.15386938946	
2.45986611263	8.99999989332	8.98817177837	8.56197623125	2.10587156665	8.99999996615	6.21324960609	6.82756749909	7.54204688269	5.56198584438	5.63355781873	-5.89146888771	7.27712272443	8.99836912348	1.5200780922	3.24132449125	
5.01352202786	8.96538168229	4.51455896938	6.6766205146	1.5909292212	6.01161804807	8.98294418514	3.60146580497	8.99999599276	0.985659747236	5.88705421814	8.86553039335	7.27875349841	8.99999989746	7.23754987504	8.95879627409	
1.59113751228	8.80223294006	4.51529622071	3.4181223427	4.84547829336	7.83557237745	7.7599399216	4.03105268406	5.53969475544	2.86363972529	5.63591397063	3.05411219086	3.49933636181	5.22058276085	7.07402117529	8.79526757433	
1.59784285144	8.81560118852	6.1582663248	5.05442934989	4.49232209024	8.99999341147	6.15131826001	-5.76278538087	4.04156152746	4.99778622478	6.49550458683	6.94906088903	-4.35200065092	-2.63075425187	3.52860050286	5.24984690191	
6.986087383	8.99999855664	4.8954466102	8.99545601238	1.59090392213	6.01110340702	7.1077307835	8.99999476744	8.84379196088	-2.92113720293	8.84503421959	8.30085057109	-0.726984077141	0.994262321906	2.9760308705	4.69727726954	
1.59175531601	8.27938104251	4.81831616354	4.24461166484	7.11681823172	4.30516405394	7.56895239193	-0.121622547445	5.89554397799	8.76870006149	5.94106249037	7.5734856698	0.228917216418	1.95016361547	3.54143720777	5.26268360681	
1.61887037148	8.99999219895	8.98247451433	7.71527359297	4.28236093781	8.68443655245	3.01479753736	-0.0625690947953	3.24480685062	-1.44108988883	7.38573241162	4.7502705585	5.07489460611	6.79614100516	1.06217832545	2.7834247245	
1.59141261455	7.24009168163	8.53475164861	8.99999388063	4.57980737286	8.99999425741	7.83749674465	3.56912749514	4.97727566304	-1.39255906105	8.77679025674	8.99815733074	-5.99954948088	-4.27830308183	-4.51757418599	-2.79632778694	
1.59159722852	8.98158312149	4.52513445806	3.24906982501	6.49291448106	8.22792907533	8.44381975013	5.53480098534	4.76191624986	3.43768305508	5.63542007296	2.13700756632	-3.61284197149	-1.89159557244	2.43338134967	4.15462774871	
2.67215272147	8.19122691652	8.0419203015	8.63676715203	1.63194683814	4.56521445796	7.07175579063	6.01335985957	7.94691332322	4.47126329251	5.63495682811	1.23908550338	-0.241182914533	1.48006348451	-1.0461200417	0.675126357346	
1.61300439933	8.99943420391	4.51616404467	3.2436556612	7.93829470421	5.79101022662	8.99869316245	7.71732233094	5.8367157387	8.3826345493	5.63539388124	0.521480466776	1.87174226948	3.59298866853	5.66065752606	7.38190392511	
1.72094659031	8.99930183538	4.51239390469	3.34795999892	3.06005405012	7.47882643113	2.26619166044	0.539465837817	6.38612484521	1.09302728892	8.53764285168	5.14204379754	5.97985947196	7.701105871	-5.99999976756	-4.27875336851	
4.9185918563	7.2846112201	4.96609513754	8.71399699763	1.59123445478	6.01530735007	4.87366089667	4.14957675119	8.45399576912	-0.263468146161	6.16564163516	5.18646694375	2.68808853406	4.40933493311	3.03720212936	4.75844852841	
1.64052180667	8.99976479301	4.67496138596	3.42963967776	3.48073795515	4.57088606558	6.29136123265	5.28927428889	3.97648519938	3.26175577127	5.63537601428	0.265394295225	4.83388776105	6.5551341601	-3.31438104463	-1.59313464558	
1.59246268392	7.66800583237	8.96056649054	8.99894095908	8.9493281319	8.79688647644	8.95849847991	6.40791719987	4.8381900798	8.92246044955	5.63355802032	-1.74434005676	7.27875336943	8.99999976847	7.27861332857	8.99985972806	
1.68865126374	8.96103583107	4.62024203013	3.46177875106	2.62474473991	6.81614599804	2.66170648107	1.07309978263	4.01085509097	-0.0265264958771	5.64764519315	1.08558226112	-0.699224527305	1.02202187174	-4.0551616434	-2.33391524435	
1.63389653927	8.01221782694	4.77137321487	4.50697322221	4.56182273092	4.62838709963	2.69184090596	0.857032694746	5.18443098621	5.02243544074	5.67336568202	1.60695506314	5.86280777168	7.58405417073	-5.99222543308	-4.27097903403	
1.59330097855	8.99801934983	4.60686998618	3.31607292818	4.5789107015	4.34723134608	8.44023542583	4.74021742043	7.99927636868	8.64976035443	5.63539311118	2.91995652837	-0.427536608693	1.29370979035	-5.92521428246	-4.20396788341	
1.63286746021	8.98766338608	5.84689485772	4.60600998369	2.7305310418	8.63866255527	8.99999968524	3.49129450039	8.99253791225	8.43139066426	5.63355745811	-0.201383493015	4.46971807097	6.19096447001	-2.49031833064	-0.769071931595	
1.65787999726	8.98020141194	4.52916488558	3.32076476078	8.2163349428	5.158405729	2.44535051016	-0.0614551504062	5.56447528812	8.99947602773	5.73788685442	1.87097108209	-3.76117673176	-2.03993033271	-1.16484193585	0.556404463197	
1.63738252464	8.99983554151	4.71362405981	3.46509230655	2.63325972536	8.90157957488	4.08414644714	-5.27188208671	3.99667941419	2.63733648407	8.99968398386	7.45008314339	-0.956120872127	0.76512552692	4.18948998145	5.91073638049	
1.68717726665	8.99989761072	4.65060155293	3.4518025167	5.98438421693	4.20322476832	8.92363804626	8.30754855663	6.61608055015	8.72302521587	5.63538816573	-0.0709577371602	7.27875359742	8.99999999646	-4.18834939799	-2.46710299895	
2.89458605521	8.9999939312	8.98386806917	8.99238117149	8.99832518623	6.28331541438	1.97929799115	3.01582293445	4.52180184819	6.46894100033	5.63603400945	-0.629270135843	7.23798318088	8.95922957993	5.02417556635	6.7454219654	
1.82915606419	8.99999985358	4.59371382719	3.53679127567	4.17064040413	8.59004887368	3.23441546709	3.0691087111	4.22073742909	-1.36134082192	5.67873241565	1.0100590163	7.27823044773	8.99947684677	-0.124567463543	1.5966789355	
1.8302717283	8.99999830934	4.56718204404	3.51137672267	5.04096851332	8.99999976932	8.9957207712	8.8604621291	4.37942636855	0.510500131841	5.63582440733	-0.31567187567	2.68249064567	4.40373704472	5.64193904875	7.3631854478	
1.64425328822	8.75028940257	4.51384122297	3.52172644945	4.20485567092	8.58350826529	3.81497676145	2.89959059958	5.89210707364	1.24122347383	5.64207663084	0.833043682314	7.27875354999	8.99999994903	3.36359557631	5.08484197536	
1.59168632826	3.66605803151	4.90361703593	8.94316657441	4.30964147313	8.58848428562	8.99999999991	5.32039188287	8.78563180661	2.57774689532	6.87488799384	6.48688845177	-1.2441644316	0.477081967446	-2.5354368307	-0.814190431648	
1.84598172108	8.9974078719	8.8913723763	7.85386728734	4.49058495775	8.91077458504	2.59029724662	2.36394493696	3.47450528904	-3.03539102104	7.64135296128	3.96076220342	-3.01297457549	-1.29172817645	0.505692046343	2.22693844539	
5.71049823006	8.99841165451	6.17272586571	8.99866194495	2.17452612868	8.87517363834	1.72204129087	1.3080968613	8.54113592094	3.33939573919	5.63385147109	-1.44785053534	7.26611829691	8.98736469594	-4.99078542955	-3.2695390305	
1.60260957979	8.99999991729	8.93822396443	7.65475470187	4.0122057969	3.6437385925	5.64270926147	-0.776276519391	8.05773299761	8.84139284061	8.97421173364	8.98135507405	4.26628403764	5.98753043669	-1.19230053755	0.528945861499	
1.9984408399	8.67791444415	4.52107875446	3.95552640302	2.18406308735	5.57022815836	3.00492153479	2.911110097	6.77516210182	3.29658571655	5.63618822104	-0.174238959122	-3.30786045749	-1.58661405845	7.27874843057	8.99999482962	
1.60275131692	8.99992007564	5.17850954307	3.89526224721	8.9237601902	8.99999967479	3.62850677606	-5.72625935369	3.63373866305	8.92085223113	8.9999910443	6.99477413134	-5.2760439589	-3.55479755985	7.23246816661	8.95371456565	
1.65554318405	7.58081547374	4.6004249414	4.78907394059	2.49393680022	6.23593579556	3.47194148556	0.0145405318892	5.46582777576	1.35654221236	8.54355522969	6.37159275409	-5.98851068191	-4.26726428286	7.27875306481	8.99999946385	
1.59840356479	8.99840560173	4.51199466286	3.22591383945	3.35236375358	7.77151070291	5.69768422164	1.32839103112	8.93090982296	3.63608402788	5.74983662914	4.99815882504	0.284759871744	2.00600627079	1.1812181214	2.90246452044	
1.59347959102	8.06058066338	6.14401980362	5.79084001721	4.09256376053	4.12091252585	4.95134116335	-0.309258471313	8.99769637105	8.92118716157	8.83037189179	8.14248197739	7.24872601227	8.96997241132	6.09433634186	7.81558274091	
1.61247855174	8.9166405465	4.88577520997	3.69553464545	3.20475304047	8.99898766743	3.4533110092	-5.59303426136	4.00129284913	3.45010841336	7.16035800649	4.9670030493	4.05526227504	5.77650867409	7.23918861156	8.96043501061	
1.83907407208	8.99995124772	4.95749412923	3.91053818538	2.52923615994	6.94942803742	3.23500749541	2.94420014745	3.65784570923	-2.91957015771	7.19372449273	3.64510586919	7.27840516919	8.99965156824	0.600746668173	2.32199306722	
1.59974947908	8.99999718695	4.78458258331	3.49825622816	4.01273860773	8.99984672422	3.8210453732	-5.72773460261	7.96653380334	8.42212821173	6.41733418299	4.52676040954	-3.70938949813	-1.98814309908	7.27625428718	8.99750068622	
2.03386698545	8.97705851426	4.72945919371	3.90018997876	3.00646599822	8.85553509522	2.05120758191	1.89491877009	8.51763111436	7.43695004984	5.63355738137	-4.97521796025	-3.87391835053	-2.15267195148	-0.355170903421	1.36607549563	
2.30672398517	5.25835427456	4.63123528554	7.79352620246	8.55095193705	8.37481140438	1.967730477	2.2723865834	8.29786730267	6.51440077295	5.85963690673	1.51793806242	7.27598954716	8.99723594621	-2.06014820372	-0.338901804668	
1.63352219848	8.82051518099	5.41502841247	4.34195617826	2.68041525755	8.99803470198	8.86680021045	-5.59052178054	5.3620413618	4.53958389172	5.97060074214	8.93611087388	7.27635110883	8.99759750789	4.7881847197	6.50943111874	
1.66352595575	4.73296558376	4.52839228625	7.57287406218	4.63063517286	8.99744161654	3.02650485674	2.16625426394	8.99286776733	2.71830321322	8.99999975702	5.77135832228	2.56218459569	4.28343099474	2.16083957892	3.88208597797	
1.56634609195	8.99999976875	4.61351705578	3.26707714424	6.19433620066	8.99991607568	2.46072754347	-5.98437829087	3.54759662972	6.34647701574	5.90315510129	2.74613087126	-5.995287137	-4.26899115648	4.45733616356	6.18025459988	
1.88271100537	8.86455768874	4.56727593891	3.69935045596	4.85442903756	5.05819061485	1.90479998181	-0.391557369507	4.88459567867	4.88772607795	6.11061130348	2.20342683014	-3.20308133955	-1.4818349405	7.10985486344	8.83110126249	
