1.59076647122	5.1357193552	6.22355347152	8.79252153929	8.98813636055	-4.1459217009	8.85664224161	-3.68935637651	7.09017365179	6.19151669588	5.6335574061	1.17417572013	6.7496981344	8.47094453345	7.18052311478	8.90176951382	
1.59076518021	5.15857782713	4.51926605801	7.06537479497	8.99726566886	7.02951222595	8.18203991784	0.529454229203	8.99999998637	8.65328243462	6.07945025709	8.39918084496	7.24528584913	8.96653224818	0.0891380975167	1.81038449656	
2.52176424584	8.60687632758	4.51413627875	4.54334302297	1.71916951042	6.13964574094	8.90854524421	8.97915550503	8.97073823267	-3.56207673536	8.26743018186	5.08381501671	7.18652116028	8.90743202243	-5.84819468471	-4.12731929561	
5.80036708939	8.9999999001	4.54693768898	7.46122610072	1.59137234288	-0.459030754372	4.48833883871	4.57281481979	8.87395838473	1.65863416148	5.63353878308	-5.99867340525	2.7659342855	4.48718068454	2.89722089526	4.61846729431	
1.85322187196	7.58251388091	4.76778273496	5.15241206246	5.14477561825	8.93056163114	4.34910347919	4.26604045854	5.85500783141	5.62827244608	8.8217470927	5.12252102009	4.66294827581	6.38419467486	-1.89642715495	-0.175180755899	
1.59097073272	8.99991945322	4.51219069425	3.2171509651	8.74415653529	5.87240749198	7.6477378305	-5.99999731176	8.9999931578	-1.98027972564	5.63401041864	-1.40735886686	6.71486600129	8.4361994329	6.59474213214	8.31599605561	
2.0386791883	8.99999997984	8.99999998975	8.15308932781	2.24715839958	6.6671333629	8.93695305359	8.99999967035	3.66607730764	-3.50041365054	5.78836695964	1.6006200273	-5.99919090794	-4.27804740968	7.27848891495	8.99999999409	
1.97053817664	6.42749877661	6.67094854069	8.32721855935	2.08709316013	6.50934950761	7.04943203933	6.85343880683	6.1723960873	1.57987309232	7.06277795069	3.57938788299	-3.31455137098	-1.59338773049	-3.67727998791	-1.95593899542	
1.6005933362	5.14197685261	4.53948549979	7.11202325586	3.44248152464	4.09880592087	4.97766868022	2.88490641479	8.296758083	-3.02651370123	5.63355744326	-5.90615550728	2.6079912293	4.32923762834	5.19486622358	6.91611262263	
2.8564370792	6.39783517307	6.30779750055	8.88032057477	1.6151209006	3.47941380171	8.95949714447	6.69293891523	7.0915209691	-5.54222738739	5.63355739501	-5.83489604988	7.27861046119	8.99985686023	-5.12347347782	-3.40222707878	
1.6072611136	8.67755671422	4.48646217963	3.52274457999	5.71751279637	1.08322943794	2.87694144032	-3.29972078261	5.93729839468	2.76429067417	5.63197123384	-2.90193818752	-0.0282450795408	1.6930013219	-5.69995463792	-3.9787082377	
3.96689306404	7.51169434567	4.53722919329	7.1063492219	2.44125666509	3.40178205482	1.65895147373	-5.71543927401	8.32941452462	-5.87640718771	5.63356332068	-3.20970444664	0.496636290157	2.2178826892	-5.99988101944	-4.2786346204	
1.79602854578	8.99981500586	4.50391121982	3.41404955223	1.99180107821	6.00847511448	8.82720342383	0.641107597417	8.08899213908	-3.38848011529	8.99999999525	-3.4673671675	7.26000230865	8.98102196435	-5.15851252544	-3.43719522898	
1.7216873469	5.26663890278	6.02438315755	8.59335252622	2.17536489766	-3.51041652975	7.53846117616	2.06064300498	7.09464488309	-1.35824463959	5.63355740142	-5.9999579207	6.17419586215	7.89544226119	1.86529225964	3.58653865869	
1.61638920755	5.16031859035	4.52409467837	7.0940865828	3.06742191054	-0.996185520849	3.25423447489	0.626643298575	8.65272425418	1.42598573714	5.63355744836	-5.99981887397	2.02295299669	3.74419939574	-5.98627026199	-4.26502386295	
2.11760129844	5.66254583363	4.58197473889	7.15095147785	2.95332122429	2.19030996696	1.7716679441	-3.0764522715	7.98579722506	2.24424826007	5.71496306484	1.08587425662	-5.69944623198	-3.97819983293	0.171753864505	1.89300026355	
1.60700026153	8.82353994231	6.66761526342	5.56510952487	5.46971759851	-0.832480140267	2.74164972623	-5.0679835879	6.3111118135	8.38353167507	5.76863053703	2.73017263628	-5.99855035072	-4.27797744544	1.34274714918	3.06391562739	
4.16266946623	7.70761984009	6.42938017546	8.99835181298	1.59193201657	-4.21907231393	8.99999968658	-0.532925532524	8.99589505725	3.4961963587	5.63355756624	0.883119754899	-5.99861777219	-4.27737137315	7.22974226739	8.95098866644	
2.08711058459	5.63206340199	6.2978802882	8.86684849069	6.79682657967	-0.984786478165	1.75755972607	-5.99995072371	7.21751628534	6.33723243819	8.24907351615	4.37202485035	1.54058904123	3.26183544028	-1.01220520847	0.709041190573	
2.9653389459	6.50423836233	6.40004017473	8.97506183987	5.3230584255	1.2345089918	1.6098494036	-0.242956267091	7.09979983097	3.54190830695	5.63356547821	-3.12062872835	-1.43675256827	0.284493830776	0.381791319224	2.10303771827	
5.13479299097	8.64213500605	4.51793754435	7.12451679073	1.59089459112	4.6540257052	8.36517412176	6.99380781022	8.98514051107	-3.96360629424	5.63355744594	-5.77814136323	1.39966179815	3.12090819719	2.83951027269	4.56075667174	
5.0462288593	8.43335029791	4.51958704676	7.24638763194	1.65823733563	5.56216738799	2.4337845692	-3.34140605596	8.99998831244	-5.98384245337	5.6335652151	-2.32814180111	2.4591804201	4.18042681915	4.15926723633	5.88051363538	
1.59095544782	5.13590745983	6.43088413156	8.9998528086	4.95229584485	-5.10270969774	8.47902312391	-5.99989129259	7.08622747176	-5.9985705993	5.63355739693	-5.99999596382	-1.85573161868	-0.134485219636	-5.18206082649	-3.46081442744	
1.59245187514	5.13639058204	4.52361294629	7.09359552471	5.66443262154	7.45185829938	4.0119385026	-2.55262848044	8.66030272797	-3.44928009604	5.63356084474	-1.09467490476	-0.77713068547	0.944115713577	4.74740430136	6.4686507004	
2.59929705853	6.14065092652	4.55244726281	7.12501466961	3.62752751043	4.84555593971	1.64039898057	-0.47361445174	8.13577930752	0.520866444923	5.63379903708	-1.61453974882	3.28532643119	5.00657283023	0.409707140959	2.13095354001	
1.59891406499	8.8059253356	7.93458039012	6.84138815315	4.04516635863	8.99511389416	8.99999999995	-5.35533433883	8.37155140023	8.99831224008	5.63414613888	6.31603136861	7.27921649989	9.0	-6.0	-4.27863393543	
4.56377073322	8.10872263604	4.52173037429	7.09069977057	8.99854063183	0.488159059464	1.59122724334	-5.92638749583	8.9999408794	8.92284102764	8.96964117566	4.92711431013	-3.46965285254	-1.74840645349	7.26690909052	8.98815548957	
1.58984050794	8.99999886219	4.50540388146	3.20740072952	4.78171269138	8.89463415654	8.9999912469	5.29335742946	6.46645205223	-5.96152125676	5.63493132785	-5.52273409029	6.78751943406	8.50894499805	5.42540014408	7.14599036974	
1.59122138898	5.13617330313	4.51729238073	7.08626176673	8.99999669667	-5.99999887613	4.56958110745	-5.09396221774	8.99999999069	6.82618258104	5.63355744948	-4.84937768011	5.03430691391	6.75555331295	7.27875016022	8.99999655927	
1.59079642687	5.1357487447	4.90047298224	7.46944182284	5.74597281391	-5.53368704805	8.13996098271	-0.315168517164	7.3092551952	1.47289238025	5.63355743133	-5.99999999788	-5.99999976384	-4.27875336479	-5.98393976556	-4.26269336651	
1.59294908208	5.13490953394	4.51915525767	7.09111610707	7.04406251514	8.73392672517	8.60911263914	6.31134986629	8.87021378368	-1.88404854459	5.63355745425	-4.09976697349	-1.03963203329	0.681614365757	2.49194466121	4.21319106026	
1.70723589163	5.2519947159	4.5172703803	7.08643285648	2.21942510656	3.28741564255	5.6565654791	-5.75387606733	8.99993374209	-0.483482377571	8.84069325682	8.86343311439	-5.99999996409	-4.27875356504	2.66582745787	4.38707385691	
1.70443674494	5.21108254355	5.91348689877	8.52076203742	8.41888034923	8.78356060402	2.38832671396	1.35266414351	7.13684818421	-2.12878909885	5.63355744506	-5.12778803786	-5.85925100368	-4.13800460463	-2.37837217698	-0.65712577793	
1.59076525646	5.13571717406	4.52014866149	7.08911804197	8.99999961886	-5.99801059497	8.22002355019	-3.92347195937	8.85360085556	8.009739985	5.63355744863	-1.03748320446	-5.99815782285	-4.27691142388	-5.99957953237	-4.27833313331	
2.13061153879	8.34887034142	4.59415925063	4.4899362935	1.73066486056	7.38853335598	4.14894373792	-6.0	5.15766051964	-0.737898530224	8.71288556121	7.71116412468	-4.08917276259	-2.37027882314	4.00317815529	5.72377242038	
2.34562807938	5.77379415412	6.24109619541	8.9268514903	1.67475897097	5.46734836514	8.70407637572	-2.24651973093	7.20592707849	-5.97088307335	5.63358221458	4.46086532504	5.09583623905	6.8170826381	7.12376737877	8.84501377782	
4.76740857984	8.30578326113	4.53374748041	7.10929414554	8.12259151511	8.13820602062	1.59105896186	-0.226515302999	8.39858834553	-1.32413945199	5.63355750993	-5.21549114488	6.99464365629	8.71589005534	7.26351727445	8.9847636735	
1.83664572922	5.38159805009	4.86945547297	7.43842429596	1.95498379386	-1.19647095203	7.42654259246	-2.27672001395	7.33205452509	-5.99967731435	5.63355744402	-4.11903065436	3.86665411785	5.5879005169	7.27810585942	8.99935225846	
1.60857181351	5.13904602547	4.52305631634	7.10650340511	8.88865807088	8.75400919592	5.89849310294	4.51969251498	8.69506485381	5.63007011833	5.6368810479	0.872329052048	2.53382227477	4.25506867382	5.35112902713	7.07237542618	
1.60156388188	8.99999993093	8.99999991395	7.71530838773	7.37990140434	6.13536614143	7.97217160354	5.28058717809	3.2628283163	6.311239916	5.63335844611	0.940432005927	7.27883014782	8.99997206392	-3.88562445428	-2.16430839463	
1.67479055693	8.99826674019	4.51669818856	3.30770044291	3.77803032944	8.19866607831	6.4927906777	5.79854894638	8.843787885	0.207631435366	5.70419546939	1.61158275272	7.27893887249	9.0	-1.88722637556	-0.165990412043	
1.59076649281	5.1357120263	6.19891075161	8.76788616197	8.58302566201	8.23258063076	8.93022689034	-5.93040372133	7.08999052391	-5.99314163982	5.63356364197	4.08796648243	7.25593526408	8.97718166313	-5.99996964076	-4.27872324171	
1.59503346957	7.94818752489	6.3768150361	6.1375815267	3.71116824604	8.8639847357	8.88033478821	5.07282646761	5.38902766901	4.78641030524	8.99401322843	8.76265404641	3.46063118109	5.18187758013	-5.99999985076	-4.27875345172	
1.67410541617	5.21905607484	4.51748638432	7.08645702991	8.37336404842	3.27837245579	2.34870445166	-3.17580184627	8.98165329585	4.61547993098	5.63366057734	-1.27566712071	-2.32440949844	-0.603163099391	1.83735730437	3.55860370341	
1.58586855423	8.99999998568	8.98067482268	7.680383406	4.60316286464	8.98103448347	8.80573690195	-5.74328930586	8.99906900878	-5.99357790076	5.75340808935	8.32485139214	-5.97089058939	-4.2496572664	-5.99999894573	-4.27871457611	
3.29075335762	6.83570942635	6.40019706629	8.96915937321	8.91175447435	1.49749367219	1.59956290875	-4.82931845675	7.08665072461	1.55663657579	5.6338865736	-3.85446406115	-1.53312035105	0.188126047999	7.0501318253	8.77137822435	
4.53442331111	8.07937078902	6.16892937484	8.73790499006	1.59126189435	-3.88306054148	8.91468852103	-5.84320674436	7.09064797834	-5.99999969908	5.63355801883	-1.14617030468	6.23018396328	7.95143036233	-2.47307265206	-0.751826253016	
1.5920613642	5.13606577678	4.53087673764	7.10079360863	5.40011887544	7.1584632018	4.13973643891	-3.62321966483	8.45298923411	-5.65904962832	5.63355780049	-1.92795103584	-4.25876743317	-2.53752103412	-5.99954406291	-4.27829766386	
2.79574661129	6.34519575126	6.43675327625	8.99979692028	1.88162389048	-1.91275236373	1.9757341666	0.382429518002	8.99150614814	3.78961279963	5.64079160684	-5.3827501341	7.18311328241	8.90432391432	1.47028578484	3.19154414336	
1.90241954617	8.96670379572	4.73033722486	3.77992299001	3.18281505575	7.60271175563	2.3262695796	2.11300963875	3.96411693525	-0.812150604383	8.99975365989	5.2733070021	0.410576476315	2.1318228755	-0.563836349759	1.15741004931	
1.59946502999	5.12642583912	4.51748100185	7.10444149301	3.29436874744	6.32229550352	7.21025235529	2.8503471677	8.99999803911	-5.9999379062	5.63355744948	-4.91522882996	2.75812879664	4.47937519569	7.22364346975	8.9448898688	
1.66674529048	5.21169712838	4.51811876643	7.087088231	8.08776830252	5.8775981703	2.38528616221	-5.57229171121	8.93458574137	-5.43131919539	5.63355745437	-5.95760407479	7.1726057695	8.89385216855	3.67377563436	5.3950220334	
1.97899890049	5.52394995972	4.52852544644	7.09749568042	1.81925592619	-0.783672484485	8.80608285278	3.10236402378	8.98879377297	2.12379187369	5.63377678471	-1.10329039552	-0.488279627845	1.2329667712	-5.5076332448	-3.78638684575	
2.5063187376	6.05127101009	4.52409035183	7.09305939671	1.64700545073	-3.3113369198	8.32342716004	-0.312669992589	8.64206013612	-3.69183726647	5.63355744636	-5.9952504025	-5.99743634335	-4.27618994435	-4.76198130889	-3.04073490985	
1.59084345524	5.13684587936	6.43204160317	8.99995853077	6.08777768532	3.40325574838	5.42728790908	-1.02710114068	8.99384662598	7.99107149554	8.72147257184	8.51380417964	5.06635875402	6.78760515307	7.23249444021	8.95374083925	
3.18911941106	6.73407230505	4.51727647857	7.08624479198	1.6018558975	-1.12214022629	8.51271401144	-5.71869892861	8.99999998126	-0.829687991589	5.63358653566	4.33864967703	-0.504373096545	1.2168733025	-2.26942287096	-0.548176471916	
3.66326352375	7.20815841207	4.51720199747	7.08617199299	1.5943947773	1.4327233212	8.95582975018	2.34750290846	8.99999535597	-5.98642728924	5.63326535573	-5.87897872248	5.10820865135	6.82945505039	-1.95894222744	-0.237695828389	
1.6011918406	8.99999999197	8.99999999994	7.71517872332	8.99999999564	-5.96875006485	4.99948892302	-4.92364799808	3.52841627907	8.99999999546	5.63373916142	-4.93077564495	0.616103432051	2.33734594127	7.25892683104	8.98028380098	
2.52255855389	8.9490529499	8.95093558789	8.63657133683	1.64894168864	-0.618683419816	8.99258094253	1.75084852819	8.99986361218	6.45092740548	5.63332846005	2.20283486647	-3.55464107184	-1.83339467771	7.277618594	8.99886499108	
4.13072651432	7.67540937436	6.43209763089	8.99993472938	1.59202106291	-0.736768742108	8.99999976875	5.77921650188	7.12624053658	0.574030785078	5.63355719326	-2.99881135232	-4.15973753885	-2.4384911398	7.20382515092	8.92507154997	
1.59076656212	5.13463623228	4.52170911037	7.091760734	7.08132360254	8.89739027276	8.99199059682	-5.34230592485	8.73714479052	-5.13745101313	5.63359587438	4.93886217581	-5.52788172567	-3.80663532663	4.7337988955	6.45504529454	
5.4499719449	8.99989596094	4.86825955638	7.43273058546	1.59377214107	2.51581066452	7.71587186471	2.41584690732	7.35236927321	-5.98585651544	5.63442786943	-5.99999215108	2.71645710677	4.43823614686	-5.99975350132	-4.28006116696	
1.5907672677	5.13571760369	4.51733527454	7.08630623831	8.67061715394	7.61164344007	6.93554194029	0.440930633474	8.99361590687	0.419489940064	5.6335574668	-0.477598341192	7.27781694059	8.99906333965	-0.951036180776	0.770210218271	
1.59108145821	5.1360333829	4.53640229145	7.10537164992	4.72944630769	-3.99741395918	7.46459710446	-2.20152006203	8.99999834412	5.2779689029	5.63355745868	-0.121878828007	-4.06542630062	-2.34417990157	1.47928717404	3.20053357309	
5.39891019327	9.0	6.50744048267	9.0	1.58775586347	8.12824469328	8.97030644795	-4.66611276822	6.99171945757	-5.66435716445	8.99182497681	-1.07155123266	1.16785076593	2.91917604833	-6.0	-4.27279268556	
1.59076528824	5.13561803139	4.53864297741	7.10771150788	8.22173587444	8.9999999184	8.99975548344	-1.3470918878	8.30638763989	-5.99984693422	5.63355742656	-0.52003199767	0.678914592922	2.40016099197	6.37317123656	8.09441763561	
3.05991422627	5.7238313232	4.56032141932	8.01032555387	1.63060962769	5.87072326082	5.96622864106	6.16510507468	8.94047479568	-1.02230787016	5.63357643711	-1.49856296865	-2.84196155812	-1.12071515908	-5.45141660599	-3.73017020695	
5.75060829238	8.17503377348	5.28300940511	8.97249464107	1.59095742252	5.98307778906	7.37566364972	8.12214337026	8.63820098358	1.69507358957	5.63372550529	1.60453445848	-3.70867183702	-1.98742543797	7.20226032178	8.92350672083	
1.59087410441	5.13581205521	4.62212849007	7.19111176645	5.89824317424	-3.89227765973	5.36430561701	0.876915893854	7.74410340911	4.39328679073	5.63355743121	-5.99302563741	2.56792630425	4.2891727033	1.13045756431	2.85170396335	
1.60805462783	5.16643201045	4.54201714131	7.09756087328	8.99470282134	6.5586562871	4.34582347175	2.93448288625	8.39935324137	8.63236093161	5.66491538949	1.87369471849	3.46448191719	5.18572831624	2.1116879112	3.83293431025	
4.14556016468	7.69047834264	6.42671156301	8.99571399789	1.59197878013	1.9019470091	8.32121334339	1.71532492375	7.08649212259	-1.79125593065	5.63355740414	0.699069498376	-0.26499059109	1.45625580796	0.584599949531	2.30584634858	
1.58389767384	7.69277299738	8.99134230451	8.99272473892	8.9999991953	7.80476662764	3.33486163046	-0.907962838157	8.9634960028	-2.32203523933	8.92285748747	-3.97778118082	-4.38879080479	-2.6675348101	-1.52332538916	0.19792765674	
5.48100247136	8.99447930533	6.29740893583	8.89470261139	1.60206841331	5.03357849101	3.16695571451	-3.14083045386	7.1130440388	-3.9601768583	5.6401671928	1.40430045076	6.87005040293	8.59129497044	-5.99944694274	-4.27820137682	
1.59191186326	5.13686474926	6.1228930441	8.69186110832	4.17694747992	-0.212896962188	5.97905560648	-4.04254810771	7.09173087965	-2.77234863753	5.63355740979	-1.57142812634	-1.57516928853	0.14607711052	-0.365567470899	1.35567892815	
1.61455376813	5.53735225673	4.67299310177	6.86411626887	4.15631901343	6.95369974673	5.73033017486	4.45748098918	7.57498919891	4.27233213268	6.04353236378	3.08274808453	6.40100412449	8.12225052354	0.436294117004	2.15754051605	
1.70499300916	5.24993753664	4.52340485629	7.0923816359	7.63384576415	4.69915718555	2.22666905962	-2.49294721655	8.66776556232	4.84569712887	5.64453194872	0.634742316983	-5.77335309823	-4.05210669918	1.372336462	3.09358286105	
3.66874956376	7.20331239867	6.32559442446	8.90495254089	1.59441146407	4.38812382918	7.38885077898	-5.3816914225	7.09807251404	-5.63162940411	5.63941994244	5.52208731458	-5.99865266422	-4.27740626517	5.21445864273	6.93570504178	
1.59076588183	5.1357177945	4.51728777236	7.0862571602	7.411706919	3.32616276098	8.24282447716	-4.67795496633	8.99747425993	-5.76118478324	5.63355744901	-3.26253204455	6.88833775818	8.60958415723	1.07656703026	2.79781342931	
1.59403697219	5.13898896189	4.6046333741	7.17360264239	3.71542804812	0.664411266479	8.8828039565	-1.482534345	7.79743904698	-3.83959805849	5.63355744639	-1.66182187407	6.87693669936	8.59818309841	-2.78504325822	-1.06379685918	
1.6058607321	5.18415832764	5.87005972578	8.40568308376	7.34958282726	8.97619057321	3.771061324	2.22635170118	7.06714249195	3.45381910599	5.69126457166	2.20990392326	0.384998850255	2.1062452493	-1.33931054562	0.381935853431	
4.48973157376	6.41796036305	4.81249533283	8.99818696798	1.5913164904	6.00075889151	6.77391035432	-0.840189688196	8.99924280749	-5.99858994594	5.63361835724	2.92011062873	7.27416213521	8.99540853426	-5.37177239164	-3.65052599259	
4.94876026916	8.49106818474	4.53284387565	7.10445731808	1.59253708798	2.16871199262	4.03079518551	1.80625813943	8.41558290642	-0.573695976745	5.63355745388	-3.52238526154	-4.62968182657	-2.90843542753	-5.99787980743	-4.27663340839	
1.59080783005	5.13305255304	4.52610519147	7.09778175238	6.10113706635	8.31043752822	7.28424377698	3.09959176692	8.57885923978	0.0669566291009	5.63356010072	0.548356136476	1.56537875675	3.2866251558	2.27939737172	4.00064377076	
2.85629135378	8.96914023803	8.99999997304	8.99891121107	1.6404322132	5.35385952944	8.99999631294	8.99022972521	4.52655335669	0.199717585996	5.63385762571	-0.125444055174	6.59059407032	8.31180159014	1.7921239747	3.51307653876	
1.59079872573	5.13574949559	4.51746345329	7.08643398328	6.13306200448	0.0300380409338	5.92771015418	0.348861082887	8.99863856261	4.68626826725	5.63355745268	-2.17565710904	-1.675822846	0.0454235530467	2.39860829861	4.11985469766	
2.64734790187	6.17520681604	4.55538258627	7.14144507787	1.63066773778	4.64179430343	8.30247222664	-1.21940970404	8.16627666334	0.681965754405	5.77399099519	7.88420760352	1.74475213998	3.46599853902	-4.4683876976	-2.74714129856	
5.46120921728	9.0	6.42356719614	9.0	1.5817124365	8.72145139395	8.99999998661	3.99503772798	7.08676816536	-5.99999996839	8.99999998926	-5.54068921401	0.102545100478	1.8237065512	-6.0	-4.27840468654	
5.49786567624	8.99528557539	4.55118446123	7.16768585286	1.59081899429	5.05759710566	8.67431569783	0.350554248462	8.89081912852	2.19203576677	5.70366547926	7.9178220733	7.26733668336	8.98858308241	-5.91646379626	-4.19521739721	
2.54967956972	8.97639359093	8.99999999998	8.68646150706	5.22835737302	-5.37356129525	1.6425053562	-4.02238538976	7.83424287417	8.86415368152	5.63267949209	-3.3789985956	4.55007952487	6.27130065951	7.2781134749	8.99999999997	
2.06524240506	8.99999999876	5.13806539589	4.31639289894	2.17159068508	5.39376655832	1.99859960815	-0.738239993009	3.82523765312	0.563917665654	8.99999696524	5.36747606511	0.177755296561	1.89992431284	-5.2457555329	-3.52452253156	
1.58939472534	8.99582961516	5.07826239958	3.78571993791	4.92716861761	6.3897802947	8.99999999964	-5.45200062117	4.15102171402	5.65878189529	9.0	-5.99730327325	4.19074314118	5.91197155188	6.92019046721	8.64145744395	
1.7005559018	5.24550859289	5.17185122112	7.74081958618	2.24172834597	-5.92824474935	8.47793708897	-4.33099923863	7.293657382	1.68070331079	5.63355754426	1.68690196203	-1.37041526502	0.350831134025	4.19331161385	5.9145580129	
1.9466582369	5.51541645184	5.18176547886	7.70635336935	1.86486967798	1.0918217215	2.91620050452	-1.34202905917	7.12634652037	-1.36265793165	5.61356853108	-2.3957469845	0.509413053352	2.23065945242	-5.85040254796	-4.12915620346	
1.59787871615	5.1489734118	4.5844053129	7.14356112017	4.83469757277	7.25849632188	8.1587808417	1.22672515437	8.32382958816	-3.19534871269	8.49492164907	0.549412406057	-0.669259090351	1.05281329439	-1.02948573291	0.679174514565	
5.44549583984	8.98142414898	4.52086962032	7.09885798184	1.76171865619	2.8185704945	2.07853819916	0.391299165451	8.99370244678	1.55487894017	5.6335924016	-2.01577017372	0.448985188658	2.17023158771	-1.78891871984	-0.0676723207933	
1.59078917319	5.13170766374	4.60100248653	7.17400526187	5.8513846071	8.23732700837	8.90965434357	-5.99226204118	7.81708322835	-3.94044614243	5.72766487956	8.29339772535	-3.47624149609	-1.75499509704	6.83657096152	8.55781736056	
1.60132091812	8.99924258447	8.21132133874	6.92613947064	7.76042181817	1.42791039558	4.54828261261	-4.78013428882	4.48901929437	8.99799977768	5.63441990395	2.99031612004	-0.730075180853	0.991230200845	-4.34436663398	-2.62290983192	
1.69367310545	5.22625225011	4.56412226315	7.14546439863	2.26700061007	5.13558158373	5.23985249634	-5.95801932765	8.0398331462	-3.4738206987	8.12149968351	7.72638189587	7.27874952953	8.99999592858	1.35129853709	3.07254493614	
3.30877080104	6.85371907551	4.56813525243	7.13710826065	1.59962639067	0.95386431526	4.56745272992	-5.35002006845	8.04671165236	0.681359243116	8.9845810723	7.91828524575	2.89502289019	4.61626928924	6.21988344819	7.94112984724	
2.36927506662	5.90372355761	4.55738360992	7.13685641179	1.66987481713	4.46821339887	8.99999663032	-2.0404429114	8.09477286738	-5.00734572251	5.63355857699	3.41855763454	-0.512179723867	1.20906667518	-5.99988822601	-4.27864182696	
