1.59076697337	5.15462396007	4.81363602694	7.36370016969	8.21883755538	8.98398087645	8.18809704603	2.53839257285	7.3651935925	6.01713518589	5.65463199872	5.89060175018	6.99589633469	8.71714273374	-2.31857753046	-0.597331131415	
2.82049149913	6.59334884736	4.7225393137	7.06360332965	7.22838828856	7.62354461028	4.04250686941	5.24422347436	7.26864669388	3.6942268089	7.84306244825	3.82395929735	3.70693710358	5.42818350262	2.20946953484	3.93071593389	
3.31309001293	6.83707931109	5.82307030407	8.41300204583	1.6766460713	8.72943570497	2.38598915083	0.462443477724	7.15799570574	0.591659930033	5.65529597151	1.09573803126	1.80896775991	3.53021415896	4.03190306787	5.75314946692	
2.95836687759	6.45200813467	5.03843112265	7.65871092047	1.61554741257	8.99989699627	3.69997580403	2.74820335782	7.3498985772	0.818102325097	5.6336335696	-0.263797118395	4.11234294954	5.83358934859	0.572817690306	2.29406408935	
1.59407279268	6.89340947527	8.1726303826	8.9872151824	3.72698471276	3.3706890301	8.99186370447	4.97882322336	8.05084582626	6.45033809072	8.99970702898	8.97290058495	7.27872444948	8.99997084853	-5.99999998008	-4.27875358103	
4.55030160681	8.03412853348	4.63005923309	7.26015352806	1.59124234651	8.48903955085	8.79239025706	2.78965854213	7.88159308666	1.07786846469	5.63380771976	5.54581694731	7.27875347598	8.99999987503	-1.6818924702	0.0393539288439	
1.59078260656	5.13926868239	6.24212891341	8.80756441923	7.34659548598	7.23535049245	6.03873039857	-0.498406925152	8.70919168024	8.95974167868	8.59824676525	8.99942879309	1.41662242226	3.13786882131	2.08590621544	3.80715261449	
1.59723031973	6.76772845505	5.07791849136	6.02134146921	3.45333646614	3.73630239024	8.99771965452	5.98438600233	6.26766932846	4.0246772687	8.81957898062	7.79628895238	-1.94758863935	-0.2263422403	2.91046122373	4.63170762278	
1.80695554232	5.31258743063	4.66544877147	7.27373807054	2.05062558709	8.99999999973	8.99996655255	7.87208761448	7.7204391065	1.31888809405	5.63438975305	0.217795355172	-5.99619901549	-4.27495261644	-4.53679904158	-2.81555264253	
1.74750988519	8.9858446445	4.50864675575	3.38399207948	2.62815218687	8.96272702003	2.27293221008	0.799591079196	8.48546189698	5.29585699582	8.99994373096	1.33203069468	-1.61747649935	0.103790342827	7.27875882909	8.99999998607	
1.59621050986	6.5073206694	4.90229603296	6.10510743	3.53417533298	4.23521943589	6.45593900876	3.46595369272	6.30499379168	3.65067328122	8.96007449501	7.90668588247	-1.72240313798	-0.00115673893394	-1.90425455577	-0.183008156718	
4.88908634939	8.04790003335	4.83448248007	7.78958999892	1.6133367278	6.00056783152	2.89379145052	2.76158689243	8.75434153296	2.57497532915	5.65439458933	1.58208427659	-2.1755590643	-0.45431266525	1.51401284178	3.23525924082	
5.99176770274	8.99999971544	5.89327722289	8.99999994825	1.579875591	8.9999985958	8.99999998932	8.8422474732	7.60557635919	-5.99999704683	6.00835394012	6.34781226523	-5.45500889712	-3.73394415038	7.27850509789	8.99999999176	
5.45606419004	8.99903017048	6.02278581894	8.59374078584	8.99618283151	6.04498617476	1.59090897126	1.74088520972	7.13699507624	7.98560138355	8.15607192175	4.11203635541	-5.99558111282	-4.27433471377	3.58665433889	5.30790073793	
2.01407047087	5.49448967685	4.57157374292	7.20507573636	3.04371118341	8.39200833564	1.84020782611	0.650700937031	8.08141661226	2.06952343474	5.90586832461	1.76232135502	1.50510852181	3.22635492086	7.17697989692	8.89822629597	
1.59629630189	5.20993096126	6.2318397021	8.7321261624	6.99710400639	5.90072427829	3.55742771997	0.830285717177	8.99992734464	8.97181577703	8.99763019238	6.85261368398	-5.99999849907	-4.27875210002	-3.09052083443	-1.36927443538	
1.5907984085	5.16553634891	4.52422362055	7.06340697491	6.69623608157	8.90461428693	5.78189962162	0.443596230007	8.64588085027	5.66096028963	8.86415784987	8.98235369219	4.07295750173	5.79420390078	-5.9983238818	-4.27707748275	
1.60358119581	8.17134999695	4.67200961779	4.21538675091	4.19449523335	8.99905374205	3.17425395406	-3.28137251057	4.59377697227	3.15845214802	5.81622355197	2.89449666528	7.27860736586	8.99985376491	3.73249373969	5.45374013874	
1.60098716623	5.14632052959	4.63472498964	7.20331287854	3.22422358996	8.97555940211	8.51527802708	3.23269234189	8.05356510295	3.3426014424	5.63399749179	3.87956109893	2.15044639998	3.87169279903	-3.01891709001	-1.29767069096	
1.59403704484	6.74851537112	4.71872693873	5.67817009466	4.232790551	3.94018892256	6.0440474278	3.75835315656	8.9999971313	7.33936662725	8.30060772651	6.54288382296	0.394597273123	2.11584367217	5.51037385563	7.23162025468	
1.61674361143	6.74329292239	5.01289663462	6.00026847868	3.74473850449	3.94624619251	6.03976936896	4.77271825675	6.00854779353	3.8277452898	8.88963280326	6.13932888182	2.61636452816	4.33761092721	-0.553291701175	1.16795469787	
2.30077918218	6.94203276294	4.73667568463	6.17282164246	1.67966357515	8.99725025055	5.98245295997	5.25751577295	6.35465442972	1.56986166587	5.59914099108	-2.17912751862	0.661460641241	2.38270704029	3.59528808585	5.3165344849	
1.98044099579	6.34377357129	5.59124927208	7.34183778488	1.82651548617	3.96016944332	6.46556566531	4.90387811437	8.51784692734	4.04136070873	8.99999994679	6.90786994767	-4.64383279316	-2.92258639412	7.12482363563	8.84607003468	
1.59092815486	5.13818131383	4.67575699904	7.24242509749	8.00154334503	8.24673695865	5.01956214637	-0.683859931929	7.84756877384	7.92848153625	7.78995191458	7.17061762365	3.2695784539	4.99082485295	-3.53903999591	-1.81779359686	
1.59157631762	5.96831628793	6.69666404903	8.43384563645	4.32530916938	5.09649713136	8.32358050583	2.56841344662	6.34053671763	3.6795483929	6.95317980364	8.60149699222	4.96571588943	6.68696228848	0.316560445065	2.03780684411	
1.66025692888	5.13715633157	4.71092302351	7.3479446635	4.82584420955	8.99999976381	4.46168262445	3.69533869112	7.72007673858	4.3925268171	5.63414899461	-0.442762652727	7.27863461711	8.99988101615	-0.77900440857	0.942241990477	
3.88628816874	7.42773025524	4.72426101213	7.29674009568	2.09351914307	8.99964293583	1.7578091761	-1.10931198494	7.58357827689	1.43611504499	7.18275969391	3.29457038084	6.98980568325	8.7110520823	4.2047134723	5.92595987134	
2.47216444904	6.01683445939	6.43064898689	8.99990031313	8.99999763883	8.98191008104	1.65204514455	-1.17560722963	7.17100471854	8.3319610393	5.90720347531	1.59533708155	2.05896237948	3.78020877853	6.35446345596	8.07570985501	
3.60438165108	7.03967673523	4.64310159993	7.32172767204	1.96282613945	8.06240740239	1.83877214179	0.766498888175	7.8721457185	1.36357015079	5.72537297335	1.20999067196	-2.08571227142	-0.364465872374	-5.12040966931	-3.39916327026	
3.22756405485	8.99999998133	5.09799166653	5.43947680438	1.60111559438	7.9522716314	6.73958694178	4.16676793787	4.98390420669	-4.91037822302	8.88062519215	8.99990354769	-5.72832351445	-4.0070771154	-0.887856336783	0.833390062264	
1.80023260581	8.67595364764	8.72271665616	7.96091734292	2.01638773295	8.99887118866	5.21791034567	1.69882378729	3.7502190198	-5.03368804769	7.4169436188	6.74080254108	0.614408386619	2.33565478567	7.27767509667	8.99892149572	
1.5989804678	5.13919197925	4.54987738841	7.12358717205	7.44347873426	8.37107937477	7.22158804189	5.50254647492	8.99822012802	8.20914638334	5.63700281486	1.22086732893	3.0773317077	4.79857810674	7.26898245806	8.99022885711	
1.76667100137	8.99987318804	5.44459836897	4.3253074116	2.08676845588	8.17114952023	8.99979172553	1.93526661155	3.44657700321	-4.39384513112	6.17077862943	8.99470130141	-3.07318214858	-1.35193574953	-5.80448015845	-4.0832337594	
2.2469985271	5.76215310866	4.95764040906	7.55640703823	3.69302987416	7.26780986231	1.72136462574	0.870736665295	7.37876420534	2.97010278271	5.86632396751	1.55418346383	-3.16129451237	-1.44004811332	7.23548671302	8.95673311207	
1.7948104624	6.26397336901	4.61730467321	6.26185682521	3.32980675209	4.65740429388	8.69129692187	8.44717949862	8.9997767144	5.51775578266	7.42994262871	3.83887690297	5.78409491206	7.50534131111	3.6477056501	5.36895204915	
2.93785252464	6.39739355988	5.12142927734	7.77580931189	8.99999982989	8.99882150827	1.61523519524	0.954245045558	7.40978067186	8.50650118914	5.6352564373	-0.795945415348	0.691477818774	2.41272421782	7.27875337076	8.9999997698	
1.92828243165	5.8254363722	4.82249750195	7.03926501907	3.34566795529	5.23123214699	2.48340074137	2.41714062082	7.27723942925	3.25201222717	6.81363513005	3.02290808823	-2.43289452223	-0.71164812318	-0.496463460265	1.22478293878	
1.78274550483	6.29641519736	4.68640735971	6.28665934133	6.01446195516	5.18997405607	3.29516641747	3.0154002083	6.6882563128	5.40538391209	7.13901969784	3.52949581714	-2.87139344198	-1.15014704293	-5.78528661063	-4.06404021159	
1.78542626465	5.99852372056	4.63406451201	6.53488841317	8.81164266062	8.21569448062	2.72342224926	2.37680628174	7.02384111004	5.57318044864	7.81859680825	4.21517154331	1.93438292184	3.65562932088	0.282077699751	2.0033240988	
3.50356025973	8.99998057183	4.51205056136	5.12955162466	1.93840276791	8.99923759104	2.58537871897	4.13906178352	8.99891092657	-1.82381040291	7.12199588489	3.33355394794	7.27853677487	8.99978317392	3.09837625096	4.81962265001	
1.60774068147	8.99964175037	4.6981891152	3.41996611422	8.38856184267	5.06583279297	3.10275748319	-1.55070640713	4.2381890788	8.7949768141	6.62743806418	4.05031787109	6.89475366434	8.61600006339	5.76847638642	7.48972278546	
2.80561203436	4.73767394933	4.80964972515	8.99150925183	3.14192620573	8.99947689416	1.71285986629	2.12080169329	8.9999989733	0.740309869533	8.99999956974	4.9975460773	1.05164660283	2.77289300187	3.81565517707	5.53690157611	
1.95061217441	5.49585874379	4.70343481137	7.27210943564	8.99999979658	8.99999976869	1.84028235345	-1.23965022311	7.65667101957	8.53519124634	8.04549660186	4.25025904894	-5.98689704164	-4.26565064259	7.27875305647	8.99999945552	
3.62910909191	6.68395672054	4.81657001546	7.87564359593	1.59479049055	8.99999067744	6.56505091477	4.38107340159	7.88074874979	0.048482077413	5.63369651593	2.24809054809	2.75164034424	4.47288674328	-3.70591737619	-1.98467097714	
1.59458431889	5.13966308157	4.84287375079	7.41171640975	3.64855724796	8.99999795931	7.93548530959	-1.95898332633	8.84785138856	5.12831811428	6.73408465615	8.99999576806	5.23561171656	6.9568581156	-1.05383089715	0.667415501894	
1.6931134764	5.14883764083	4.5811638227	7.23936090485	4.52862910309	8.99999579128	3.22038035683	2.5906933545	8.08034930389	3.8236058135	5.63618791176	0.0546016750378	0.637813836441	2.35906023549	3.30626891778	5.02751531683	
3.85144681279	7.38950140924	6.42390845448	8.99977337491	4.34363134282	8.99999076899	1.59401219595	0.140579950975	7.09490090854	1.93515431176	8.9647644994	4.92493562392	-1.60355412726	0.117692271788	-3.88210325002	-2.16085685098	
5.39932025797	8.99995703196	4.72786602436	7.24114808545	1.59083348863	8.99999976947	8.99999976895	6.10288574476	7.4323286816	-5.58969049295	6.45416751038	8.9673931785	1.21820950674	2.93945590579	-3.65606992828	-1.93482352923	
8.99999999953	8.99999999953	3.54788193843	8.99999999987	1.29704143354	8.79321836668	5.4586523109	8.99572531496	8.99999999955	-0.121942006144	5.36811487441	-1.88241403325	0.918619931652	2.63388122515	-6.0	-4.27576713159	
4.97842860113	8.9999998918	6.89846327341	8.99078352918	1.94280306191	8.99999906108	1.98428575519	4.55063557611	6.60612868954	-5.22680432529	8.99762131695	5.21049792697	-0.214203856468	1.50704254258	1.92515180497	3.64639820401	
1.58802873355	8.99978439404	4.72809987461	3.42352671434	8.94110127016	3.60452637142	4.6113021476	1.23213545103	3.55095444494	7.49503793935	6.58618993237	5.36607280202	1.95904261314	3.68028901219	-0.57842915428	1.14281724477	
1.73716044875	6.57129195303	4.89334246456	6.17313237582	3.5349435148	4.07568260529	5.75476688244	5.33998511917	6.57209413296	3.93703871061	7.50851472911	4.02096264634	2.84483588788	4.56608228693	0.302090952185	2.02333735123	
2.38096053051	4.71667351538	5.21957798653	8.99778621006	1.7057417694	8.98217579808	2.76846607323	1.16816745435	8.3907583786	-0.167556022016	6.02894753046	2.91447670062	-1.98760936805	-0.266362969004	6.04246521519	7.76371161423	
2.44267937628	5.98765456524	5.33199878503	7.90094502675	2.21411840001	8.9455196306	1.79745600708	-2.14797249474	8.99771887941	4.05338143154	7.93496951918	4.09668408161	2.99994790347	4.72119430251	-1.96015993927	-0.238913540224	
1.64899323543	6.43554474361	4.81415578649	6.14152456559	4.52913970776	4.89075650565	8.95590542298	8.10859538431	6.2245395142	3.86557608326	7.11001556648	3.95802335119	7.27875287581	8.99999927486	3.07163107898	4.79287747803	
1.59422134841	7.7024089812	8.9999993907	8.99999973528	8.99999996906	5.57164958184	4.65167961201	0.955207343389	4.77963404715	8.89821995452	5.64678057256	2.66309766751	-5.42819873104	-3.7070037198	7.28186479866	8.99999946868	
1.72486190912	6.39062058005	5.11512013104	6.56328266416	3.00954329808	4.1693980242	8.99999978239	8.49106413928	6.58301105793	3.34192737028	7.44680020022	4.04031486741	2.67860747584	4.39985387488	3.187450933	4.90869733205	
1.67856309286	6.37776086597	5.40764118503	6.82236450738	2.88001484159	4.17610616373	4.97504422237	4.1808115376	6.3717458807	3.03596128364	8.49266708176	5.32994322205	0.244745026132	1.96599142518	-2.79412246109	-1.07287606204	
1.63403069229	8.75071134545	6.231425502	5.22866630214	2.6778600433	6.51993269127	8.97328986773	6.08031821606	3.5176018617	-2.32139474634	8.9996415398	7.89294778248	-0.468582406383	1.25266399266	-5.99348312525	-4.27223672622	
1.86694332093	5.38927551665	4.68940215811	7.28099113426	1.91816282709	8.99999976879	8.85400590708	3.95479009985	7.62442090463	0.969761528027	5.63452249525	4.10991085693	-5.05086604119	-3.32961964215	0.103750645547	1.82499704459	
1.67651118341	5.22057007252	4.70563458551	7.27549689325	8.99999941571	8.86723920891	2.34913098682	0.109959037686	7.59042355179	8.20483080277	5.68612654573	1.44700154233	-5.9999997973	-4.27875339827	-0.42141317044	1.29983322861	
1.61001146646	6.69891021461	5.07922168034	6.10424424234	2.9566523385	3.70208887729	8.98623802301	5.31258298735	8.46077067374	5.74249866702	8.99999977138	8.64984021381	3.37353012544	5.09477652449	2.51429530523	4.23554170428	
1.87755466203	5.2945164729	4.61751377844	7.31447320106	7.76648512819	8.9999991469	2.10653149197	1.64466409342	8.05465831962	7.47581480494	5.63505745552	-0.554395730452	1.92178101617	3.64302741522	6.95944066991	8.68068706896	
4.70771875602	8.14738480161	4.5569063551	7.23116172506	1.59109902835	8.37849894655	7.28715502768	4.79072923075	8.50275525497	1.60658960439	5.63356606662	2.24210759466	-5.30932794965	-3.5880815506	-0.664888340337	1.05635805871	
5.05462926507	8.56535888291	4.57911175841	7.18230341232	5.21129900292	8.99926980281	1.59103137919	0.522084619818	8.11816770267	4.85658059002	5.65072831301	0.196641366234	0.727009987654	2.4482563867	-2.09404252201	-0.372796122962	
1.59088125719	5.1364249402	4.74854853974	7.31692603148	8.87748646237	8.99953946602	5.16540310763	-1.27831330741	7.57695220889	8.37948419416	7.33225619407	6.85473771013	-4.38407434486	-2.66282794581	0.571391820262	2.29263821931	
1.68667738606	6.37440946091	7.56045978967	8.98664832064	6.68801763169	7.37591491892	3.7254820739	3.1019157822	5.93871665368	3.21771384749	8.81538142632	5.47540402956	-5.69860632125	-3.9773599222	-3.62305809164	-1.9018116926	
1.59078800566	5.78638771984	4.6087312192	6.52705310207	5.90339020297	5.29513605033	8.27888623235	2.28393998575	8.78621855525	7.54994365213	6.82053183664	8.6633568794	-5.07867236314	-3.35742596409	7.27828145499	8.99952785404	
6.87698655023	8.99999838166	4.67844730241	8.66935659351	7.48876072071	8.37900941722	1.59191782284	4.30055723798	8.99999907792	3.4474332435	8.99996662068	4.95699420757	-5.98766579524	-4.2664193962	-5.9985858987	-4.27733949965	
2.20609301626	5.7523607797	5.92518149886	8.49283517011	2.30892538093	6.96021531535	1.83956132572	-0.190535470243	8.97874365303	4.18518073071	6.82997533136	3.00569498764	-2.98348232821	-1.26223592917	0.981600385003	2.70284678405	
1.90731220004	5.38026358361	5.52761573001	8.16858551611	2.11499718136	5.64549159752	3.74643131245	3.38827409678	7.48375114306	2.08591657155	5.86150564386	2.09035321328	5.2418460428	6.96309244185	-3.53868779699	-1.81744139795	
1.59107361349	6.82345805188	4.93521983086	5.81675655304	4.84366497721	4.35518951096	8.6571390128	4.39174426235	5.69372974063	4.22905335362	8.7525964499	8.97449312536	-5.07026985071	-3.34902345167	-1.79763855595	-0.0763921569074	
2.2830482559	6.68464642687	4.68308553889	6.39540861528	8.94587008658	4.76273420744	2.79044790116	3.34827801683	6.81889505013	8.39338791479	8.0554676309	4.10963318649	-3.70332894883	-1.98208254978	-0.404598718863	1.31664768018	
3.43989957712	6.69175795453	5.9617628528	8.82382571508	1.59712887483	4.98878463091	5.02002559263	2.15661017146	8.09169794956	2.20290513431	8.55824865184	7.92215110096	-5.99923653651	-4.27799013746	-5.99445282945	-4.27320643041	
5.41500695504	8.95985201741	4.57385754146	7.14293374737	4.69491661878	8.98882466021	1.59117240364	-0.560774149904	8.02700380771	3.93118617102	8.65649874503	4.61370490496	2.55438489642	4.27563129547	5.77841525883	7.49966165788	
2.78571482981	6.24782575388	4.87043094956	7.5222411171	1.61944919403	6.63661776388	5.69653250203	0.650458031603	7.79636811414	1.76904214854	8.91838569548	8.97796777127	5.64233043348	7.36357683253	-5.94993352486	-4.22868712582	
1.93650871093	8.9999248086	8.32854785111	7.3790386561	1.85990402717	3.26596888619	8.99999976682	5.49607419323	3.56689710169	-0.138455324434	8.99999976999	8.80656499665	0.892604343058	2.6138507421	7.26256354972	8.98380994877	
4.61189858954	7.25068344186	4.56609283595	8.0412290405	1.592386622	8.78205706836	5.33827329664	5.77359941465	8.99999937302	0.907272935286	5.63359676137	0.104676183698	6.46992076184	8.19116716089	-2.80975606223	-1.08850966319	
1.71395647727	6.73663997467	4.76183879708	5.85307695322	6.08293736115	4.3089303649	5.10304633036	4.61822101134	6.17150161097	5.87452662724	7.53146582397	4.09062261625	2.60457949445	4.32582589349	1.0897487577	2.81099515675	
2.67405392877	6.19483537456	6.36368686977	8.95682150164	1.62967493954	8.54936827026	7.04057913245	5.62107935863	7.17157511077	0.802671594891	5.63366908927	0.505734151753	-4.69396683567	-2.97272043663	7.27132649911	8.99257289816	
2.48776991483	6.03286318419	4.64748981626	7.21631776624	8.99999989027	8.99769018585	1.64978426486	-0.971291302079	7.74283961715	8.36319839585	7.28934540469	3.29572191165	-1.73764622957	-0.0163998305212	-2.24641790535	-0.525171506305	
2.52505708515	8.99993857721	4.70308621205	4.34212596776	1.64496194193	8.62377917047	8.97338331316	4.7042592669	4.59961653147	-5.26031808542	7.65378890712	8.8073828363	4.20995411655	5.9312005156	-5.99995770753	-4.27871130861	
1.59079570301	5.25329529513	6.30278684903	8.75420854133	5.83666026642	8.99996621829	6.73774033694	1.18543383788	6.97066233214	2.40484067666	7.97331145144	8.93148373999	-4.55451609988	-2.83326970083	7.20281913587	8.92406553492	
1.59530228665	8.99999987896	4.63428282953	3.34227461386	3.72453818208	9.0	8.99999998685	-4.98051615157	8.9981395576	8.91283970804	5.76516152885	8.56009930646	7.27818522748	8.99999983177	7.28034563917	8.99999868013	
2.05005090235	5.85040962234	6.41897209005	8.73253461884	3.86492000752	5.415710344	2.0638942827	2.01588038024	6.93347404208	3.29014650674	7.93835954585	4.08226064451	4.50672780841	6.22797420746	-4.78008787341	-3.05884147436	
3.76596161781	7.18854819667	4.64270641267	7.33404105689	1.59468386483	7.53211542141	4.27882582471	2.8534577167	8.07403820018	1.56311469311	5.63466752424	1.63687761286	-4.63818870361	-2.91694230457	-3.29512830137	-1.57388190232	
2.6131015506	6.07948192995	4.67332242445	7.32086323309	1.64297353682	8.99999675203	4.64760058131	3.91060471335	7.82020618865	1.26671907178	5.63363308226	-0.42955711493	-2.58470261534	-0.863456216294	-5.99984509087	-4.2785986918	
3.7246678891	6.1937012385	4.70711951817	8.35200738168	1.62809359043	7.93107322304	6.11536941394	7.12424667574	8.81740184939	1.44519698653	5.63397386634	-0.302328199745	0.549519895802	2.27076629485	4.51055785072	6.23180424977	
2.86982527256	6.38353437855	4.68316151331	7.28337356113	1.89651710898	8.99950885868	1.93634540362	0.408292830603	7.65357331894	1.02041081045	5.65931359787	0.7208870359	1.15368444615	2.8749308452	2.34490301202	4.06614941106	
1.83882341191	5.3596507557	5.22524215817	7.81833580784	1.97910354624	7.09577623727	3.1904193122	0.46216034153	7.3257333361	1.51109903425	6.28580133858	3.71537222002	-5.99999989325	-4.27875349421	1.78462662827	3.50587302731	
1.61571090958	5.15553429669	4.72971112987	7.30380888199	2.8526590694	8.71762220982	5.81057573539	2.85460604303	7.52014185018	1.70473421457	5.63788196369	2.54764626999	1.18942653793	2.91067293698	6.54861028618	8.26985668523	
1.98262903201	5.52597855568	5.77890328183	8.34947524634	1.81785191819	8.73408119442	7.67797021538	5.26113509118	8.89857049008	3.60263752158	5.63360452201	0.433493136821	7.02984598689	8.75109238594	1.80860310687	3.52984950592	
3.18677854201	6.67303401279	4.67332488738	7.30099060385	3.36535724039	8.99999793636	1.61115793311	0.777221497568	7.74320664407	2.75526884435	5.64073594053	-0.168680476616	0.329177684398	2.05042408344	-2.61319163393	-0.891945234883	
6.10226102629	6.0460799776	2.53679821248	8.70569204268	8.99999997992	3.12451818902	8.50090505643	8.97453035359	8.990400647	8.95503330156	8.9999925666	8.44234011361	-1.57413497796	0.148324671334	7.27938904131	8.9999794813	
1.5910687279	6.73682786778	4.70484835235	5.67301079254	4.78475931093	3.97725587655	8.87970282758	3.99984253413	8.99420452638	7.85302065649	7.69508110304	8.5269782861	-5.98998799603	-4.26874159698	4.16408940885	5.8853358079	
1.65169347783	5.16682436841	4.63601753505	7.2348078577	2.48503503339	8.92378695632	5.19381931643	2.74352692908	7.74590707551	1.34414140657	5.63774440411	2.05440051954	-1.43413965567	0.287106743379	-0.530022350736	1.19122404831	
4.19655930344	7.7349666536	4.66045379692	7.23596766531	3.27330835424	8.99996676985	1.60100038286	-0.172531481244	7.70085226786	2.54899471856	5.71534612094	0.917427197235	-5.99651802392	-4.27527162487	5.85021069971	7.57145709876	
1.71229230802	5.28977964543	4.67814561662	7.21457946072	5.16818218217	8.78269824531	2.40511361474	1.48320229914	7.54678978757	2.34973416792	6.50738193948	3.01518294411	-2.26411304604	-0.542866646992	2.71331943725	4.4345658363	
1.59087459044	6.89316359826	5.35786714838	6.16949919574	8.46466870619	4.03161396301	8.99952933035	4.97341983348	5.51783527427	7.9972861141	8.99999970467	8.98306330087	7.27875304163	8.99999944067	3.04056881473	4.76181521377	
3.00121620416	6.35865636149	4.78413407903	7.52860754029	1.6076170113	6.42919723627	8.97302611316	1.21653087057	7.85064937687	1.65650589123	6.0083258304	8.9964849383	-2.71870318018	-0.997456781134	-0.695001964919	1.02624443413	
