1.58534754521	8.99999694822	4.63839842587	3.32586816792	8.98970574133	4.42114192022	8.99092150627	-0.515218982449	3.98644152885	8.99989864383	5.92406020676	8.99997623128	6.66611909341	8.38778450398	-5.999999911	-4.2816376275	
6.73328564102	8.94197097993	5.09153590097	8.99677209711	1.5907898208	6.01075912699	8.0998511136	8.93531771664	8.84306564865	1.5748363897	5.63358190606	1.64972514013	-4.03710896875	-2.31586256971	6.63810890468	8.35935530373	
1.64803272724	4.99333291385	4.54084503537	7.30946618395	4.41570270135	8.67203273483	2.8071684441	1.65180041473	8.47791451624	2.50993825728	8.75092165448	5.62128585151	2.4729166893	4.19416308835	1.48215603541	3.20340243446	
6.49596349196	8.56629890462	4.95718192597	8.99975265443	5.32857942197	8.99999618742	3.90752987808	8.81057518221	8.99999825247	5.22966907361	5.63316168734	-5.16726293087	7.27846288552	8.99970928456	-5.92387924256	-4.20263284351	
2.69721055621	8.97868996036	8.98088360397	8.81332534694	1.64213667281	6.06233796986	3.60527167414	3.05140411008	4.34445976226	-2.97388420818	7.7848829512	5.24024467372	1.12591765012	2.84716404917	-5.99774792001	-4.2765015217	
1.59098928919	5.26974373545	6.48516209329	8.92032859046	8.99976392425	6.44153730558	8.99999531975	5.70929202796	7.01505949231	8.19509554541	5.76759432752	4.43983860507	-1.04183182242	0.679414576628	-5.9999620864	-4.27871568736	
1.73807587306	7.94936067764	8.4303258619	8.32756054453	4.29747113717	8.76943199358	8.99999976877	8.60155668446	4.61382373861	4.09555407139	5.63261191309	-4.20390968949	-5.99804903332	-4.27680263427	7.27856577513	8.99981217417	
1.59993115482	5.13585471693	6.42199918608	8.99999756924	8.99999964805	8.99999994565	8.96152281647	7.29038884502	7.37611810085	8.95843498189	5.63368524254	-0.274150348433	6.98566953539	8.70691593443	5.84655994089	7.56780633994	
4.71514356065	7.55941630687	4.73119595462	8.00084447002	8.68283707431	8.5566959426	1.59299995994	2.35898957014	8.18470829542	6.09817701932	5.79522078317	1.24525369903	0.734689206467	2.45593560551	4.95279971478	6.67404611382	
3.18963216076	6.67287502597	4.66141356675	7.29209206218	5.45152949926	8.03971345945	1.60814801225	1.35041947978	7.68369003702	3.52180343239	6.21071715678	2.04549834514	3.35807455751	5.07932095656	4.2013613507	5.92260774975	
1.55564552799	8.99999981227	4.78286240724	3.41090873161	8.10773078295	3.95196331133	5.73296155733	3.25216185378	3.47559166603	8.15197469823	5.57509780465	1.56817445689	1.38220876182	3.1003106505	6.24265594653	7.97231233031	
1.62134694374	5.17826779515	4.59480890847	7.15180924787	5.02404177371	8.85743866679	6.21907157727	5.07961533613	7.83069922625	2.49727816248	5.80612174398	2.44895235633	2.55213203965	4.2733784387	4.1040567231	5.82530312215	
3.35579671378	6.18729443759	4.73808700586	8.02051053974	1.59830243847	6.08583987861	6.16040916134	1.88192033217	8.7872633854	2.07427816837	7.5562154108	8.06350199439	-5.73661506471	-4.01536866566	3.97551465431	5.69676105336	
1.59490614397	8.30112533963	4.51199557465	3.91969747956	4.57979965274	8.99999058403	8.98973568877	6.92149317539	8.99995687467	2.62207734985	8.78004746404	6.8093370278	-3.07422102051	-1.35297462147	-4.06944106243	-2.34819466338	
6.41525997678	8.99561716095	5.46643936798	8.99999819839	8.12210464059	8.96430421498	1.59082541816	2.50564870855	8.97949705815	8.94395787299	5.63364920413	-2.08455698638	-5.9994725086	-4.27822610953	7.27837481795	8.99962121699	
1.80761998831	7.23780068233	5.06454471774	5.74267429883	4.32003376113	8.99999976875	8.99997571997	8.81205952618	8.99993227253	8.01269107411	5.62476344953	-3.87375939768	-5.9414096573	-4.22016325825	0.682364052332	2.40361045138	
1.59421367763	4.7991929315	4.92528452495	7.83422816452	4.53574397207	8.91067360945	7.8814382947	5.71566972073	7.633166655	1.40626676067	6.30042961361	4.3215157104	0.786059933671	2.50730633272	1.2428783828	2.96412478184	
3.71784183569	8.99999509993	4.51214300924	5.34391104485	4.29076419428	8.71095535438	1.78258266917	3.45071959982	8.80283290478	0.756702348485	8.99989335285	4.96104845424	-0.856038961743	0.865207437305	7.27297875798	8.99422515703	
3.92083726788	7.46614732469	4.62264762222	7.19125880118	5.90983286938	7.19012936492	1.59355638094	1.14946539017	7.77740601742	4.98547271006	8.99176246848	4.95084019092	2.16219493699	3.88344133603	-2.07455455771	-0.353308158661	
5.6114882408	8.982543652	4.52169329289	7.26455917793	4.02915685659	7.96886075028	1.59241431097	1.32336364885	8.99697138174	3.37137636456	8.53452541812	4.49281719691	2.18696211488	3.90820851393	3.7097599907	5.43100638974	
1.75102309649	8.80326824866	4.54861079029	3.61028587731	4.53276847045	8.95295476897	8.77464428722	8.42148087112	4.66592631933	-1.75291969789	6.26531722255	2.62049490975	2.10113987305	3.8223862721	-3.88811418684	-2.1668677878	
1.86151802156	5.48226353454	4.65207591139	7.1452516466	4.93743250592	6.61491166221	2.00267346015	1.15485993639	7.73625433252	4.62257488954	7.68841557029	3.97577943876	1.0746883216	2.79593472065	-5.78136517603	-4.06011877698	
1.58827284928	8.9999988474	4.64503278721	3.3425472258	3.3625689596	8.99999972486	4.00596026748	1.05310143381	5.50825903061	5.1909615316	8.99999932875	0.639323675274	-3.49455704114	-1.77455406733	2.58377197334	4.30514297933	
1.63527086828	5.24674882841	4.79699671376	7.29943990219	2.60220583919	6.31449487948	7.86610500469	1.32814095786	7.53509466448	2.3773380481	6.45118471926	8.43796658741	7.24528857594	8.96653497499	1.40517672141	3.12642312046	
1.72840047942	8.99661802392	8.93588102291	7.78158520727	2.18534042561	6.60553395048	8.99999971546	5.34608856633	3.35771387018	-3.15367997492	8.98796091859	8.73642559744	7.15396456152	8.87521096057	-5.99967825716	-4.2784318581	
2.82447128741	6.36902367897	4.6472787502	7.21664761472	7.91295316757	8.32119408457	1.62676917426	1.18628882445	7.65665801139	5.73602367187	6.85166346226	2.8078872846	0.120221242963	1.84146764201	-2.83815738573	-1.11691098669	
1.63066881774	8.99618638372	4.51199450499	3.26039819364	2.68521680401	7.10540874787	7.12324628241	5.02823746388	8.67886042119	2.26530827689	8.92009325005	7.01181759434	-0.630885626887	1.09036077216	-1.79226673809	-0.0710203390451	
1.67911181166	8.99962391103	4.78354266145	3.5716525742	3.3923705203	8.99999976875	2.32908696069	-5.81756574637	8.99999976875	8.83661603152	7.32335365132	4.02958673449	0.35091308235	2.0721594814	-1.8366318895	-0.115385490453	
1.62680219629	5.22927058584	4.66837203146	7.17982482645	5.00718362026	8.53286070035	3.91290524294	2.82099327954	7.54445840432	2.56430471001	5.79477171368	2.34451045868	6.46027131653	8.18151771557	6.88320202837	8.60444842742	
1.59881446544	5.27560445074	4.55694335278	6.99407464974	8.99026372267	8.98704459238	3.46244947218	1.16302302383	7.95813608674	6.58119920574	7.26298765509	4.94592015471	-5.98083387773	-4.25958747868	-5.88862615644	-4.1673797574	
1.81809776789	5.38619765758	4.52323006811	7.0690279348	7.63400017203	8.82596248992	2.21557178481	1.68037195878	8.65986634867	5.97906676926	5.91424049901	1.94165984025	-4.57953101468	-2.85828461563	-2.04492713257	-0.323680733525	
3.96416029984	7.50823016221	6.43015112592	8.99999961391	3.76884917031	5.9554798775	1.59617279	1.1506117847	7.31009741617	3.61064389867	8.99999953625	4.96176833623	-5.99999949072	-4.27875309149	0.968658936809	2.68990533586	
1.68753414308	4.32997210844	5.56133566171	8.99799099199	2.19584033838	6.70339404765	4.92689385853	2.59658992679	7.91530316532	1.12815258438	8.99579542226	7.65940048206	1.0761130039	2.79735940295	-5.55895164756	-3.83770524851	
1.79634062001	5.21425657985	4.65156928996	7.34757453607	4.22950307873	7.93023525945	3.27501905315	3.0297250829	7.7758214141	2.43606013776	5.80062959941	1.68830286342	4.28438044185	6.00562684089	5.1200381937	6.84128459275	
1.59076991043	5.26973954205	6.56496648145	8.99991639933	8.64803114505	8.56236152128	6.89636095321	1.15239352095	6.95124915308	5.65894286792	7.86554688246	8.99084211001	7.16418459274	8.88543099179	7.20567737734	8.92692377639	
3.48992249014	7.0367488767	6.43266773141	8.99976262711	8.8417841763	8.99999967223	1.59825646634	1.14922052774	7.0844940752	5.41615855587	8.93108300359	4.89358894656	0.624769326707	2.34601572575	-5.52604382598	-3.80479742693	
1.59077721839	5.2695095882	4.56223238821	6.99742017927	7.73610415559	8.97805026926	6.95371623796	1.13696144042	7.90738170449	5.28763644368	6.18928006271	7.32821940097	-1.79192852762	-0.0706821285724	4.17895518541	5.90020158446	
4.24284777251	7.71466825206	6.34299185916	8.98509273179	5.49443193807	8.9780833813	1.59224916067	1.26823297783	7.1607210935	2.09194455944	6.6336971247	2.54618837563	5.6404910355	7.36173743455	-5.84293953398	-4.12169313493	
3.64028174249	6.72496671899	5.53622510245	8.56546111375	1.59465820345	6.02119089002	7.77124218908	2.15276455681	7.79895410493	1.40016122496	5.78557346669	7.37966159677	-5.99999983789	-4.27875343884	-0.0367716001895	1.68447479886	
2.30058731323	8.99980919328	5.99597825874	5.410677492	2.84347935206	7.26367102001	5.00581033983	5.58732586839	3.94117845903	-3.12720324501	7.09523428894	3.16526001362	4.92556687712	6.64681327617	-2.18007775165	-0.458831352602	
2.0157537544	5.30410908618	5.91115485855	8.73672072892	8.99794005552	8.99872571853	2.70933432781	2.87313762334	7.35540414491	5.58602893423	5.7758606021	1.38399703286	3.45062292582	5.17186932486	-3.04162982468	-1.32038342564	
2.80101970842	8.9999931143	8.99999925882	8.91492395898	3.50390126989	7.92409119992	2.62345689353	3.75381204411	4.4269352689	-3.05055159783	6.51670746659	2.44700112489	7.27590573132	8.99715213036	1.4858102772	3.20705667625	
1.59079130165	5.25861906598	4.59481611204	7.0409096002	6.0276845507	8.98543858994	6.56101922868	1.64966333975	7.71943007009	3.37255872279	5.94362709183	6.24745050117	2.1678172732	3.88906367225	5.18911900343	6.91036540248	
2.80791957911	5.98531033982	6.02223650604	8.95876627496	3.1247701482	7.15458981831	1.66865156402	1.75669895618	7.47394312569	1.56456824673	6.06096730159	1.85582600236	-0.773708041627	0.94753835742	-2.87964595839	-1.15839955935	
1.59076712016	5.26973085654	4.62970305758	7.06466055972	8.95647821167	8.95125279133	7.13311156907	1.17635588913	7.57220298054	6.19944649675	6.98065104652	8.31873876047	6.67871716378	8.39996356283	-1.1579156134	0.563330785651	
1.59103653737	5.26992046654	4.67144412803	7.10648140667	6.35321640036	6.61703409551	4.94192545947	1.14983321093	7.60902403393	5.9671444632	8.44893806907	7.62244231309	-5.99756593077	-4.27631953173	7.22409145276	8.94533785181	
4.3192308857	7.58865707439	4.94284455092	7.78733930528	1.59164018696	5.90964640963	8.88659993519	7.77187313776	8.11888749298	2.01336258085	5.6341106862	2.53970625158	-4.33857248513	-2.61732608608	5.48118158027	7.20242797932	
2.21479993312	5.2698053947	4.52866890265	7.58758473111	8.37585307632	8.92598167302	5.19888975635	5.70493020797	8.9999915522	6.44792347167	5.76761011098	1.26685922897	-5.99951988466	-4.27827348561	0.295226313774	2.01647271282	
1.8600376057	5.26974201072	4.52932997586	7.23354686634	8.30548818906	7.9214660298	6.47889863292	6.41286508165	8.67595853137	7.41274002818	5.76758684754	1.48421114728	7.24938937147	8.97063577052	-5.99940064181	-4.27815424278	
6.86038640185	8.99991181192	4.9028524427	8.87724814396	1.59078647224	6.11122297493	6.0427708353	6.24206774276	8.99993322527	1.562077145	5.63366783372	2.3551405301	3.67944473619	5.40069113524	1.30208959293	3.02333599198	
1.59373143854	5.27017022575	4.83391230689	7.27139477206	4.2508914049	5.89616208532	6.11846984806	3.78304978225	8.22755143579	5.2017742248	5.76844315024	3.48771985068	0.415781434706	2.13702783375	6.82278825283	8.54403465187	
1.59083171037	5.2412087395	4.70437776774	7.16787748035	5.64271685366	8.99999975979	5.99832982241	1.38441622546	7.41854541857	2.65572082821	6.15707620096	6.17448380919	0.598903083036	2.32014948208	7.14747623303	8.86872263207	
1.59082761368	5.26978742023	4.71329433963	7.14825572738	8.99691857597	6.5205122304	5.57035459693	1.14990274051	7.53343755533	8.63185807395	8.40484686109	8.20663470568	-5.89426756809	-4.17302116904	-0.732605527035	0.988640872012	
2.69596245981	4.69476122106	4.88261833174	8.99774100466	3.05301480489	7.4783070127	4.58867518269	5.64131282402	8.87759965611	1.39415972334	8.65021797343	4.65907783498	-0.29648790499	1.42475849406	5.52975351216	7.25099991121	
2.31418078266	5.31820130519	4.70526117995	7.81516097232	6.0232619708	7.59854208626	2.56348552935	3.13474142021	8.07798249804	4.44977828239	5.77224569729	1.25726307697	7.19922300005	8.9204693991	6.88809501404	8.60934141309	
1.59115718436	5.26916155785	4.71062194516	7.14653875961	5.19474527851	7.05698374059	4.93780411854	1.24477693277	7.42345883993	4.18227910028	6.47573844487	5.55105711908	2.56887092406	4.29011732311	-2.05243080157	-0.331184402526	
1.65957396379	5.22569986323	4.69117118891	7.23896629712	3.0609891579	6.71903322696	8.99945366683	8.12001818688	7.63281733495	2.48395539864	5.78467193503	2.15827562163	7.27860082107	8.99984722012	-5.99962819086	-4.27838179181	
1.70799163215	5.26974860835	4.52197068573	7.07413500701	8.89090875517	7.89540094948	6.29191678122	5.78305356712	8.80893527317	8.30925490148	5.76759325861	1.7749947254	-0.43491315831	1.28633324074	-0.0100206458861	1.71122575316	
2.88631006669	8.99981212818	8.99956612323	8.99998644511	1.9216031742	6.3418043802	1.98139207516	2.14933342317	4.51244868314	-2.34692130285	8.99965749684	5.27425749081	4.10229450235	5.82354090139	7.27819111796	8.99943751701	
2.02585907192	8.99999954073	4.53821620254	3.66686948312	2.63038092833	8.99999985597	3.05797832956	3.22340848641	7.74515164434	6.01752732698	5.61644450723	-5.17838983551	0.190504961591	1.91510309034	-0.949490865162	0.768109072634	
4.69857835986	7.87915309298	4.83495217113	7.76829859858	1.7229742283	6.06246816126	2.17330557601	1.53207796826	8.13650214932	1.92063698364	7.01325279618	3.53420170081	-5.14516102328	-3.42391462423	1.33926805839	3.06051445743	
1.67152912548	5.27949471318	4.66095352688	7.16690914987	4.97897993439	8.42877194717	2.59644215967	1.52593013374	7.55708376767	2.65831211735	6.0568410318	2.57968295754	2.50811077811	4.22935717716	0.780111015216	2.50135741426	
1.62123390572	8.99994513161	4.58366525337	3.31049203291	2.74054768067	4.20134283844	3.21059864508	0.335726057334	7.76818338573	6.7371199187	5.64768221875	2.10243322125	-3.12519274113	-1.40393997766	-5.99848279395	-4.27717006551	
1.59217308942	5.26687499047	4.62581313932	7.06503248251	4.11231937393	6.65399582963	5.41215349401	1.29414988906	7.77997293074	3.85605294946	6.32857623876	5.83217353362	0.877242526923	2.59848892597	4.11429128406	5.83553768311	
1.83018266996	8.88837695231	4.52996511327	3.58569197667	1.96532406166	6.38551296661	8.99922855366	6.33059592164	4.96003596681	-1.37582917693	5.95936900902	4.54702874126	-1.60515263173	0.116093767319	-3.55374766474	-1.83250126569	
1.73270980648	5.29504678733	4.7363511897	7.28793544275	2.50639794483	6.2327375519	2.71326456416	1.76868087924	7.79273064271	2.57178275745	5.91846283972	2.3610050089	2.27135463964	3.99260103869	-5.77689767459	-4.05565127555	
1.60489387349	5.26986456862	6.44513196708	8.89408139466	5.01819730993	5.5783293514	8.34364490041	6.85788380283	8.97596466677	7.02385727244	5.7675409094	2.64862878105	-5.99957300034	-4.27832660129	1.56222755286	3.28347395191	
1.65328105495	5.86538668945	4.42799384771	6.24983730527	8.88719581432	8.39675926118	8.72244073169	7.95714658577	8.85528523061	8.40826170274	5.67683583365	1.57620582941	-2.5563279324	-0.835081533356	7.19713881148	8.91838521052	
2.07240515784	5.27037621939	4.53065733631	7.44660756656	6.19982939935	7.40155885971	4.31665717049	4.62321223962	8.99075923984	5.93005578192	5.76779435663	1.32356333396	3.26909876258	4.99034516163	3.15819311316	4.8794395122	
2.42334805824	5.74673886269	4.78151336831	7.57204376641	2.33661424057	6.46882420472	1.80312502391	1.41513808461	7.77561047601	1.90984511718	7.66856465829	3.79345705156	-5.99965051829	-4.27840411924	5.40119859641	7.12244499545	
2.30914789177	5.85104906554	6.28487886552	8.85690606223	1.68598960259	8.86902622813	3.8444569559	-0.329404800219	7.15386768707	0.875488195925	5.68659390822	2.95780640729	-2.60986793456	-0.888621535512	-4.35732127255	-2.6360748735	
2.72524398565	6.2417317497	4.74080178147	7.33823540628	5.92183198297	6.58224693081	1.63976567631	1.29639955765	7.61450518198	5.41363237456	6.3084235513	2.19559749067	-4.32375586406	-2.60250946502	5.77881092989	7.50005732893	
4.63966046694	8.17674222474	6.26204545665	8.8388856435	1.59115485176	5.59040746768	8.87809498575	1.40230272594	8.60622518351	3.08710844007	5.99856212859	8.99756815079	4.52444434611	6.24569074516	-5.97585106497	-4.25460466592	
1.59404305484	8.99999942351	4.84096611072	3.54101731062	3.42425742393	8.80298208492	8.99999999375	2.55309708824	8.99999913999	8.99999779984	5.61202004712	0.69127957629	-3.30505041371	-1.5850726039	-1.01550115298	0.70647403197	
2.7574478443	5.98083655548	6.06985167455	8.96038417789	2.23344425943	6.45009518328	1.76647388601	1.50066265952	7.47781157079	1.42760331694	7.44231089437	3.54502951878	4.00065160946	5.7218980085	-2.73039221345	-1.0091458144	
2.53301258725	6.07827859644	4.65407942568	7.22273471379	3.83793226449	6.36133128807	1.66628760733	1.20769123852	8.00973388672	3.97465504417	6.6991753108	2.6728015169	-0.289626127073	1.43162027197	5.43771031847	7.15895671752	
3.20091605076	6.66217574804	4.79209329329	7.44475479941	2.58863290333	6.31879678588	1.65371212897	1.25930086805	7.69128582491	2.36543573069	6.94433184463	2.93777938126	-2.46795897122	-0.746712572173	6.00274008117	7.72398648022	
2.86797297182	6.27375395842	4.91613429215	7.62427448339	1.61623740123	5.79880018548	8.01190437489	6.9065459599	8.99999789925	3.16627060492	5.64513702804	2.40500999176	-3.772817066	-2.05157066695	1.16997626909	2.89122266814	
1.68331454358	5.33495871314	6.03933861176	8.50161540231	3.84439211784	6.45840345384	2.43320424248	1.15529286851	7.04930960646	3.02999572758	8.76132398469	5.44788823871	3.2658456979	4.98709209695	2.55007054176	4.27131694081	
3.05974374668	5.45105369615	5.13034997978	8.85296159718	8.99890781409	7.42108006352	2.05762925225	3.32230436473	8.36235968005	7.27455233071	5.77050605822	1.1748161312	4.16579295671	5.88703935576	0.0290371146581	1.75028351371	
5.69409454065	8.96524031606	4.81827883566	7.66105411329	1.59080343699	5.92951547244	6.63665031109	1.59469013123	8.50934517322	2.38483339662	6.11908126121	6.95019137677	-2.01096562256	-0.28971922351	7.26856373933	8.98981013837	
3.7862413422	7.17045101846	4.86183520948	7.59154667361	1.59354340156	5.84025130582	8.75867606965	1.50801345264	8.9935140342	3.0740703233	6.07325119633	8.9999997551	4.32865129097	6.04989769001	-5.96010644151	-4.23886004247	
1.59105438013	5.26946910735	4.54315673001	6.97866329821	5.15990565821	6.78815901423	5.12694728515	1.15005146263	8.99923973164	5.99245543377	8.71457234235	8.07334914685	-5.34980390354	-3.62855750449	7.03661225242	8.75785865147	
3.28895975023	7.65885128539	4.62450769806	6.30738276641	2.33049174445	7.50041693889	1.66002722227	-2.78705999964	6.71966567788	2.25331922179	8.99999976875	5.06376455702	-3.49863006232	-1.77738366328	7.27790249076	8.99914888981	
1.90696789619	5.3362647339	4.56421104494	7.24883550352	8.94810857978	8.41480342203	2.43839240584	2.32878722017	8.14792620536	7.05358314507	5.79727809427	1.53788160799	6.39884370656	8.1200901056	-3.08038804285	-1.35914164381	
1.59140314932	5.26967299073	4.63425165604	7.06990311954	4.43279551284	6.19558474456	6.27391693109	1.17603910949	8.98846770288	5.84700248952	6.99680229794	7.47670612529	3.98226211809	5.70350851714	3.42141135502	5.14265775407	
2.57544970641	6.00589963559	4.96683431688	7.65030543664	1.63826015693	5.83158782294	7.21021256684	1.29211364588	8.18310564472	2.36328275267	7.45103878092	8.99898323825	0.606527448729	2.32777384778	2.59606601708	4.31731241613	
1.59950748071	8.99999840507	8.99999959546	7.71064468803	8.99999997715	8.99999998459	8.83516353382	-3.91271218104	3.22588577527	7.29573267288	5.79312440036	8.47740339959	-5.97804084659	-4.25748595295	7.27840454435	8.99999986489	
1.67342873054	5.22969602247	4.70012094868	7.25777482832	2.80163650022	6.54422160651	3.54451739099	2.630044265	7.67925078719	2.43598798597	5.80319604829	2.22169710803	-4.70188007937	-2.98063368033	-0.75602004441	0.965226354637	
1.69511085645	8.99993548548	4.51200148054	3.32108529997	2.59918446084	7.01925127586	4.15430119211	3.31083299513	8.24027621404	2.44354673581	5.73771195476	1.96119300978	3.94653094961	5.66777734865	-5.32173433719	-3.60048793814	
2.21664911614	4.69806141566	4.66951392807	8.30202283884	4.16638421293	8.58534211751	8.48354441873	8.9906353547	8.66270301401	1.66821125213	7.64914927194	3.72094230757	-4.18199418917	-2.46074779012	-5.00001289882	-3.27876649977	
1.90685849955	5.52124264258	5.70564652717	8.20518344686	7.98235529434	8.88589852028	1.94758807791	1.15197924999	7.04048762341	4.69438219347	7.93728392312	4.17880519977	-5.88251268256	-4.16126628352	-5.26004426768	-3.53879786863	
1.74889671801	5.26973905893	4.51858634786	7.11166526028	8.9390520735	8.2013868111	8.99999342609	8.64269002998	8.99999993463	8.20156252652	5.76758359586	1.66433853623	7.2787505198	8.99999691885	-4.82184154277	-3.10059514372	
1.63498593641	5.26558020153	4.68104787683	7.16437486913	2.63498606019	6.20268754683	3.96449081132	1.36292204292	8.04097346219	3.04692053248	6.27118796245	4.30245832486	3.57337796743	5.29462436648	-0.55394411737	1.16730228168	
1.59784881748	4.69425625019	5.98247592773	8.99998978003	3.38436640393	7.80680846077	8.92433163026	4.90468169663	7.54706664548	1.16408537204	8.98897444157	8.97251355484	-0.0719468693844	1.64929952966	5.04782991249	6.76907631154	
1.64258768123	5.18988689965	4.85055791304	7.41717975954	2.53969045504	6.51133320076	8.4567216852	1.43228788828	7.44797417575	1.9666853239	6.42151002386	8.9589403426	0.50204301642	2.22328941547	3.5485064735	5.26975287255	
1.59178169699	5.27040433681	4.51698076216	6.95227942368	8.17386803568	8.32600088375	4.39610994504	1.28499517039	8.96183904522	7.4313832295	6.33786932396	4.8306571872	-0.439909864949	1.2813365341	7.27686680491	8.99811320396	
1.61482246887	8.99999185551	8.98794167082	7.71669383332	3.09376276883	7.51395449573	8.99680501072	5.00280149504	3.24075847224	-3.1569860542	8.99997490096	8.97500005246	-5.9999997672	-4.27875336807	-4.31962616069	-2.59837976165	
1.89231227352	5.40736172768	4.65726831149	7.2561400813	5.12582051633	8.93653083766	1.98566088356	1.27616621248	7.65772300206	2.30511584541	7.76302158982	4.01776316012	7.25923253347	8.98047893252	0.217931265599	1.93917766465	
1.67164711061	5.14420016604	4.57916819964	7.22053629778	2.52354831689	6.60719778877	6.05621287845	4.86259848549	8.439568783	2.77152732072	5.82383568019	2.60519237281	7.01671953543	8.73796593447	6.39081951054	8.11206590958	
