-4.53396657481	-0.993193750785	0.0270975078424	2.60020100838	-5.21060596674	5.50712176948	8.93756858197	4.42787114429	3.99457926016	-1.42477373544	3.23475506788	-3.54826870437	-5.9951458902	-4.27424130333	3.79187619719	5.509309089	
-4.22803435708	-1.95980727018	-3.08114296069	0.764059990537	-5.99462929575	2.54594810014	6.64978992036	0.2903196421	3.76725205252	-5.48533350567	-1.95216143305	-0.876523551132	1.11061410319	2.83274029628	0.701312255223	2.42194322902	
-4.75273488301	4.30922739883	-3.05756688193	-6.0	-5.99988617245	-1.59418881851	9.0	1.27468868728	2.51355303915	5.00921619475	9.0	3.82123562621	1.64850239321	3.37154855384	5.01646916103	6.73750128065	
-6.0	-0.158051573269	8.74721812295	9.0	4.19461740121	4.49417789363	8.49859102932	2.86762523974	-2.8309845254	0.342077627227	5.69277757852	1.88010494521	1.99093801826	3.71504116524	4.28719206561	6.00684063031	
-0.013957750373	9.0	2.75206479734	-0.149640815098	-3.6214876743	2.96389846354	8.47798324274	-6.0	0.0443376064997	5.31794134419	5.43453044824	2.05871574988	-0.938666468143	0.782100452198	3.49267709481	5.21261323927	
-6.0	9.0	2.88694515855	-5.99927695304	8.99650916582	7.93540249907	1.20506216094	6.09037293441	-2.58945027824	2.58977477194	8.99986731699	-6.0	-3.74679766624	-2.02555748584	-6.0	-4.2769562383	
-1.10699159424	-4.81073818552	-4.40878562178	5.41027775476	4.54131517788	8.9639640555	-5.99998426643	8.99266715935	7.76200756058	-6.0	5.65316060296	-5.99979773545	-6.0	-4.27877827135	-6.0	-4.27879602593	
-4.25930251161	4.68444900007	1.67470624119	-1.14244743675	3.25968495706	3.90592404362	2.05867029518	-6.0	-6.0	-3.928244523	0.916925217004	0.270125591966	-5.99705295487	-4.32860139184	3.25167627213	4.93617874566	
-4.65383158013	1.24867029353	-0.52391074673	-0.311934341913	4.05882996137	2.13595862445	5.73765964177	-2.2932037401	2.89874766443	8.45280380931	9.0	7.40144190088	-5.69438365304	-3.97621450316	7.27839924339	9.0	
2.82362365855	9.0	-3.37446202923	-3.43700044117	-6.0	-1.58589925787	-5.99297016014	-5.95187833344	0.709445031337	-5.99858711087	6.97327069138	3.23045260312	-1.79927941726	-0.0775325949487	7.27886728424	8.99999829741	
-0.0300308935883	9.0	-3.08346395398	-6.0	-6.0	-5.61032137941	2.40841328432	-1.62201993159	-5.99999089554	6.63689677318	8.99269946595	-5.99992778495	7.27875314137	9.0	-2.38629083151	-0.665352931416	
0.0402460847239	7.18648190445	-1.46712744605	-2.49983071385	-4.38553405527	0.034626111834	7.56794980998	9.0	4.9598812114	-5.84016141306	6.1358617092	5.0868273857	-6.0	-4.27864011658	2.64281427333	4.36419391564	
-6.0	-1.99230760313	-3.03435653134	-0.927822426721	9.0	9.0	2.7406808585	0.983991531521	1.06333040858	0.00144852837357	-1.61387307269	-4.73830615354	-0.845210076786	0.862354386369	7.1172024215	8.9374348965	
-6.0	3.03211271888	4.14780043447	1.22931212062	-1.27136115173	-5.18658504186	4.04613397218	-6.0	-5.48799909507	5.74650087423	3.70827622382	0.438795616757	-6.0	-4.27855140373	2.15691372701	3.87807518731	
-1.91545678947	0.566862057922	5.10985470543	8.76681339699	2.87383119466	-1.59594936793	-6.0	-4.75076477551	2.63582440295	4.75617769381	-1.06396832732	-6.0	-0.0333194202219	1.70548620144	1.64678180735	3.32873893871	
-6.0	3.03608543423	4.29510355629	1.37364296724	-6.0	8.66160818506	8.84870385769	-5.98052517597	-4.03550600825	4.02427878631	7.89597428751	-5.99392371007	-3.56394063276	-1.84329206081	-6.0	-4.27867510612	
1.59365774928	5.16336638271	-0.853667913328	1.68335989972	-5.58594041625	9.0	6.27502977341	-5.00310764986	3.91206175711	-1.53935111831	4.16032499119	0.313739895491	1.56108512961	3.28155169378	-1.43545983816	0.285604766769	
-0.0352855550136	9.0	6.77426044455	3.85064760676	7.79197259068	9.0	-2.81802516218	-6.0	-5.99999906688	-5.96831308577	-1.95014043871	-6.0	7.0708420624	8.792078109	-6.0	-4.27793089129	
-1.34386733125	2.56448331732	1.45339194652	3.6336559848	9.0	8.47788830076	1.90236338845	-2.2768547274	7.60063316749	6.92613695636	8.82638269081	8.06154212596	-3.75443129153	-2.12365970296	6.12838357466	7.79931360958	
-1.14443278086	6.38564595114	-4.51165877511	-6.0	4.57151155733	9.0	2.41648961449	8.58785604151	8.99992741241	-2.13539842949	4.52262950928	-0.813797135439	-0.00847300087843	1.6839383121	-6.0	-4.24371488573	
-1.34465089217	2.72533953268	1.51373351076	3.55555259379	-6.0	-1.56817913079	-1.62605533785	2.17149766629	8.61332928813	-2.4880658919	5.34026618486	2.2160245994	1.00324973246	2.72659816444	-0.378520841503	1.34417144437	
-3.33289023866	5.69357619798	0.0919747212355	-2.82006629117	-4.10970762748	-4.23419761343	8.96227724802	-0.796446706189	-5.47429113267	-4.12117679721	-1.73499233673	0.797665611356	-6.0	-4.27928925344	-2.28043481813	-0.558976703746	
1.28006710575	4.7553950595	2.59745406534	5.22225832359	-1.05518070364	3.38874872652	3.68878453272	1.84400211282	7.08210559714	1.48238871947	3.61844807234	0.718007376759	-2.47595512224	-0.711213783609	-4.74995291376	-2.99864761106	
4.76688776915	4.14763840249	-0.0227403395224	6.71018642053	-6.0	9.0	-0.4951533305	3.38262093129	3.93953116298	-6.0	8.93965020102	-6.0	4.4190546424	6.14030758499	4.2910909451	6.0122692115	
7.59704905325	4.68967230604	-3.31599112582	5.70886518682	-5.95974785965	-1.52750811339	-5.90724360153	1.86136615684	9.0	-5.49953357081	9.0	5.29674762407	-5.99329613114	-4.27250790644	-6.0	-4.27712117508	
-1.5953362175	7.4393310666	6.41196789986	3.48833702309	8.52219229064	4.27154163909	5.6756504959	-5.99416882741	-6.0	6.87060060078	-1.95809389935	-4.90010790178	-1.37406483967	0.347093484229	-2.0493035858	-0.330170919391	
6.21540941365	8.015754159	-1.79308708484	2.68086810265	4.75117472739	8.99980681068	-4.47360735684	-3.19646734457	9.0	1.17023376118	0.0808490059666	-3.7470925822	7.28402254054	9.0	6.37649517336	8.08016143544	
-6.0	3.0320688342	-3.03911450451	-5.9574949492	-5.99392577279	-2.47707971302	6.04522726386	-6.0	2.42462151058	8.4226811022	8.73378564474	5.26778849397	7.27889116813	9.0	-6.0	-4.27862848453	
-6.0	-5.96597308722	-3.13204401885	2.94641441756	-4.99460557497	6.0811197293	7.6200572408	-6.0	8.99758533953	-3.76752992759	-0.312373103669	9.0	-5.97359743581	-4.25555128469	-4.15582068576	-2.43732801992	
9.0	9.0	-1.76565807002	4.3650342807	-4.7287637038	8.73174454802	3.15187907968	-2.3886937462	8.4499760079	-5.61232212142	-0.708280325109	-0.588974918424	-5.45394096758	-3.73183109133	-5.65956756875	-3.93262749061	
2.09881780391	8.7120106997	4.10808714681	3.60904617232	0.497514102823	1.72378630272	-0.702878267917	-2.64036066895	3.70736128185	2.50458153995	4.14683507274	0.0643571642869	6.18865181459	7.91011610762	0.718631180453	2.43975814873	
-6.0	1.27602756693	3.36376675414	2.20157085804	-6.0	-1.41049363624	-5.16842871983	-3.22560892936	4.12633106447	-4.36139094611	9.0	4.95824619132	-6.0	-4.27910871847	-6.0	-4.28049682034	
-5.09678077207	0.762004454884	3.57263673042	3.82929566991	-5.58634116932	-2.890642328	6.17107298329	-2.26122243893	8.83580775234	5.78843464102	-1.66667735372	1.1232124067	4.67988361758	6.40167375366	-6.0	-4.27846436991	
-2.86320419811	3.27637638792	9.0	8.96906629478	-5.99948522138	3.25551117336	1.28928723624	4.96451941502	8.98687064131	-5.99346563834	7.68140893892	3.74163644126	0.912684440612	2.63362368028	1.21749187894	2.93902027964	
-6.0	1.72197485158	5.1545029748	3.54191718095	-1.52315659442	-0.268928392111	8.94550263404	3.04750391287	-4.71504695447	-5.38745508715	-1.97750314988	-2.64750741888	-5.99651821743	-4.27278456476	-6.0	-4.28369632788	
-1.02573235311	7.56480363991	7.83183814034	5.35579560785	4.23970681592	7.36958256914	7.10282893616	2.30368712679	-0.779157839302	-2.90584340586	2.82816863743	0.626944188744	4.75564425159	6.47964217839	0.429883674092	2.15041028092	
-5.54254700006	3.48246209826	6.05177518737	3.13956325266	-5.78461487239	-4.27874257229	7.01316189056	0.612805946609	6.28210924581	8.83633430068	1.35724202449	-2.29836299927	0.316693314549	2.03875597964	-0.867951056903	0.852668307742	
0.265163145832	-6.0	-6.0	6.37951264892	9.0	2.73168202511	-6.0	-3.91223949132	2.3286684789	0.5096440511	9.0	9.0	0.712131319889	2.43145152295	-6.0	-4.28002249236	
-5.94899195104	0.247560336448	-2.27993481296	-2.36328522652	1.57428900246	5.99315956575	-5.99791173274	-2.15823565139	7.82874620225	-2.38069064423	-0.292256351435	-4.33802528747	0.799704522685	2.51986080787	-1.84565795897	-0.123427030043	
-5.91767171002	3.11524205049	-3.0807943761	-6.0	0.255626190699	-1.82172701988	6.5031077958	0.864004695664	-6.0	3.03538232068	7.0809122791	-0.234558768179	-5.81494025382	-4.09372403111	4.26258147817	5.98380593679	
-0.0325253284993	9.0	-3.08125315564	-6.0	-6.0	9.0	9.0	9.0	9.0	-5.56164937472	8.15644930628	1.72132419436	7.27883982088	9.0	7.27890025997	9.0	
1.2204450452	4.67887994733	-1.08027183311	1.53886074764	1.54970138125	2.73448374794	-6.0	-5.93271506038	-0.257233594296	-2.85126163336	3.00288003866	-1.52454022832	1.1878342745	2.92501647766	-5.97361794093	-4.18083126678	
7.75854741435	9.0	0.305724258384	5.17841833927	-2.61786895406	5.557971403	0.984641398646	2.44359420139	8.9048485123	-1.17338158374	1.42809429803	-4.12587860551	1.18293301487	2.90441069575	4.36874687048	6.09077516666	
1.5418847104	4.70835993063	6.05277157384	9.0	-0.786116504169	3.65360915107	5.10350214491	6.62017925141	5.01293770939	-3.78238890795	9.0	5.84161945349	-6.0	-4.27127222509	7.25922268318	8.98256919568	
1.67207239609	8.56019943409	5.68206544971	4.90841751992	-0.528322722091	3.90674970521	4.95448867156	5.50140165225	1.61347260616	-2.12564793782	8.94200238937	1.70083760057	-2.91878717086	-1.19698223246	-3.13647814957	-1.41667685164	
-6.0	3.03463250047	8.94785582962	6.02802428436	-6.0	-0.656185056808	8.83331448751	6.73357080286	-6.0	-3.44549326617	8.83269201602	-2.96375170265	7.27897268213	9.0	7.27937837589	9.0	
-0.399182228808	9.0	3.57409164013	0.329884862982	9.0	0.832849226653	8.5960279732	-0.406666301436	-6.0	9.0	9.0	5.15545351803	-6.0	-4.3056007303	0.381022719786	2.07822116901	
-6.0	2.53297371844	-3.54239797638	-5.96093536811	-6.0	-1.57657925791	9.0	8.95691488177	5.63661030619	-1.1507322957	-1.47323476194	-5.06368387126	-6.0	-4.27870486299	-6.0	-4.28003214747	
-3.74302443904	6.86928553077	-0.841363955896	-5.34197629995	3.48125024239	-0.147977365433	8.36375419432	-5.59517350041	3.02621347648	8.69171228238	0.310435442533	6.24123364285	1.06724053676	2.78702503502	2.93415135538	4.65648318766	
-0.990636517359	8.85613363374	1.8459260422	-1.88678943698	6.40375116478	8.90121814592	3.40240375787	-3.9114730186	-0.105249768641	6.36702905022	9.0	1.34721721702	2.22093056921	3.9421517911	1.10629084825	2.82762992492	
-6.0	-2.44422740925	2.94527910895	5.50469979776	2.19315533477	4.96813299181	-4.18037522366	-5.99992066764	6.13434441948	8.85615561807	4.24908420902	-5.42574513246	7.06508699845	8.78716052117	0.775939131284	2.4969855318	
3.44965335042	6.38842218095	-6.0	-2.82472450585	4.56081028917	8.97693513017	-3.37062097713	9.0	7.93617404794	-3.47418984984	8.99890051423	-2.37454043892	1.5317607848	3.25209232373	-6.0	-4.27796328164	
-6.0	8.90746716805	8.97769331704	0.184120683657	9.0	0.432579512804	4.36526531759	-4.5216538739	-2.84123256681	8.61648775409	9.0	9.0	2.07556471623	3.7968242918	7.27875568318	9.0	
-4.20494911906	-0.692578264565	0.425279185418	3.02391275796	9.0	7.6067386576	0.412444950664	-6.0	1.38142121883	2.55670045198	7.16539141743	7.80689231213	-3.66894383685	-1.97336004741	3.76545302833	5.46774632438	
2.49180521138	6.03224339865	-1.86516892298	0.70739334872	-6.0	8.61487730335	7.50585620698	6.04470106796	9.0	3.48633044462	7.68985251449	-5.94509598926	-5.9767585718	-4.25384263081	-4.68749384966	-2.96484750022	
-0.0609586700834	8.93275999833	-0.19228089359	-3.07207330835	8.80297070562	0.769304559109	-4.99592578419	-6.0	-6.0	6.45509935114	9.0	-0.413574471019	7.27876665095	9.0	-1.40433630943	0.317149072864	
-5.97972961266	-2.57663776118	6.28433942908	9.0	-5.24402388263	9.0	9.0	9.0	-0.669952330486	-6.0	8.93099003209	-5.99922221853	7.26260865986	9.0	-4.01092970414	-2.31131234914	
9.0	9.0	-1.8035313261	4.31126662375	-4.7940496741	8.95438201821	8.80927843413	9.0	5.44487969128	-5.99999866442	4.67848999829	-3.81594065776	2.29102780075	4.01350671833	7.07880561434	8.80656651948	
1.20074052291	5.7770117766	5.98392405195	7.52138358629	5.58892546571	-0.284358700817	-5.54049207549	1.25811194134	9.0	6.29423702567	-1.34115590272	-5.55701762407	-0.223074420785	1.4980422859	-2.20844751354	-0.487302041617	
-0.778565478199	9.0	2.11023821485	-1.5524657736	4.52806950587	9.0	3.72514284775	2.36812686053	0.626745072016	-5.84526461942	9.0	6.35533954265	2.73133826158	4.45275902383	-5.17142993392	-3.44931792892	
-3.85936073344	1.90893546078	-5.97567633989	-5.62033095096	0.991141100802	4.21470226636	-2.72928443219	2.33813426813	-2.1878049075	-1.50053425293	9.0	-6.0	-0.946487937479	0.774842333312	-1.11103438302	0.612085071276	
-5.44615867708	-2.02866583891	-1.77911886434	1.00145157933	2.61749112925	-1.2739588812	4.88726958888	-6.0	1.86073646333	4.09721588497	2.50351393352	8.91971811251	4.97990202193	6.63674207145	7.3204364805	8.97396793068	
-1.04771830465	7.98894453946	8.42320982232	5.50144295399	7.76597219179	9.0	8.49526143656	5.27489278123	-6.0	-6.0	-1.95407936711	-5.96524166809	-6.0	-4.27950989312	7.27873593339	9.0	
5.69200748514	9.0	-2.63075387235	0.244915261283	9.0	8.995971922	-5.99615505982	-6.0	1.75058720362	-0.289005302658	-1.75575667928	-5.89404864251	2.31827832113	3.98501048303	7.18773422255	8.99976815592	
-0.0266666068317	8.01775559497	0.678612574395	-1.25839779785	1.13910723823	-0.647576351847	5.75081259661	7.94840712393	3.55074699024	5.00345394182	1.83322446877	-6.0	-1.93338355123	-0.209641146293	5.75814887798	7.49377884642	
-6.0	3.03078482034	5.6225447962	2.70548946034	5.33002490603	8.91799201847	9.0	-5.98980186795	-6.0	9.0	9.0	-0.594946771643	-3.84854861866	-2.12762510575	-6.0	-4.27884394536	
-5.46456510726	-2.67948484548	-2.22991584151	0.942625580013	-6.0	-1.37539684497	7.1586720058	4.31775743734	0.846800777209	-5.92345013353	1.16977940856	0.415056066905	-1.68731255837	0.0675978677772	2.90532518383	4.70845550981	
-2.56169561617	9.0	-0.0808842605174	-5.52857836228	1.25451695183	9.0	8.75795317721	9.0	9.0	9.0	7.98425874467	-6.0	-2.828925187	-1.10766920604	7.27884885188	9.0	
-1.74844348879	1.24258462009	0.0212142675499	3.14511970958	-0.859168268329	3.39895917012	-2.76096345047	-2.43647134029	4.05826354457	-1.92655400061	4.46405329672	-0.101980180828	-0.914031049633	0.944470813063	-3.39484138886	-1.59829662565	
6.59281403362	6.08568052194	1.06184042143	7.68741658472	4.57523549218	9.0	0.521755668177	9.0	8.96007116202	-5.95713103564	8.99991037826	5.00469868817	2.18315748436	3.90309003388	-1.12583468003	0.609178978088	
-3.49619480869	-0.803031042192	-1.72274000221	1.66416175003	-5.56501405566	-1.52646095176	1.85076817266	2.78202690164	8.62100212809	1.86431842669	-1.63745678769	-6.0	-5.81104895569	-4.03402567698	-2.24853099577	-0.625947642736	
-6.0	-2.55473865495	6.32818898867	9.0	-5.99913822798	-1.57851665774	-6.0	8.98415326054	9.0	-5.09309569903	5.31078957454	-5.99333743913	-5.95178194271	-4.22258479209	7.27916365068	9.0	
-6.0	8.99710527226	9.0	0.10624376848	5.43761903403	9.0	2.98197282082	-6.0	8.97016299513	3.69722649209	-1.16434780011	3.51372884685	1.85326287575	3.5791200889	-6.0	-4.26041887776	
-4.20975223243	-0.719119286321	-3.05401055284	-0.359682001083	-5.99289133127	-1.25525295386	8.96274413254	1.28092181181	3.05967332263	-3.15585981595	-1.98289903277	1.16248368538	6.20584142896	7.97839547006	-0.901706171856	0.731467560612	
-0.952511764346	8.08372689825	0.357327951833	-2.56464555726	0.0808469307084	3.52471113656	7.79163977794	-1.53933646978	0.0628309734039	8.51381366103	8.83381945708	0.272967623232	3.61206117524	5.33334497729	-0.625483703755	1.09577489512	
0.188774670499	-1.73986277012	0.699201815162	8.77863131239	3.86645583507	8.3375318108	-0.5262571832	4.50798693558	6.44217435725	-4.89666104628	7.43898842841	3.24453814949	2.72478542613	4.36805549816	-2.32094350625	-0.634149271219	
8.59781816573	6.98087544502	1.11292590985	9.0	4.28295071881	9.0	-2.13933146551	2.41002065614	9.0	-2.55472686008	2.37619983068	-1.5922713895	-1.79740196419	-0.184156188754	0.522498365286	2.27074611253	
-2.74383835076	1.06930558391	0.111664721032	2.34860154017	9.0	9.0	9.0	6.11134077487	3.75321071021	2.92382192526	2.18889086252	0.0324764978185	-5.97839900023	-4.24334369711	1.39531332481	3.10180316474	
-0.0363951576172	9.0	9.0	6.07832775821	-0.31830600421	9.0	8.15650455657	9.0	-4.84012376463	-6.0	9.0	-6.0	7.27750289863	9.0	7.2787464989	9.0	
-4.84640632319	-0.898051714203	-0.517365719826	1.6270492797	1.05874164571	0.212339880446	2.7688467722	-3.7591509011	-0.0560736273588	-0.443197890106	-1.0059791677	0.721515862882	2.86164826362	4.60792675593	2.72145509917	4.43481199641	
-2.25977016866	6.91210596143	3.88194206291	0.823221124607	0.0378540367502	3.71499561405	-0.594830689852	-3.59854657762	8.84964192395	4.82232733363	2.12937035741	-0.512136023835	-0.836290617113	0.885831957724	5.82065417819	7.54134533723	
9.0	9.0	2.2981820482	8.41237845912	-5.37573184052	9.0	-6.0	1.75098188888	7.27649054048	-5.84740390591	9.0	-5.99999994165	7.26615259438	8.98718288655	7.27740831473	8.99925987433	
-2.3636477012	6.6695821172	1.74300002451	-1.1762691651	0.590183344816	9.0	8.31193471416	8.90538759196	-6.0	-6.0	9.0	-6.0	-0.913559709011	0.807641543252	7.2515706753	8.97274155594	
4.97269608197	8.14459301575	-2.8383786948	0.106024228157	-2.22755599244	-1.14403320186	-6.0	-6.0	3.87529468735	1.2378830065	4.64746026836	0.208047500384	2.21121846264	3.94573082787	3.73830819565	5.48108599067	
-0.216910889682	1.34349528141	-2.84884417344	1.70444375731	3.26118966211	0.206582637169	3.20798208729	8.76640051519	4.46789164654	4.24637871637	2.27968703011	-6.0	6.66335109318	8.3846697116	-5.99916641434	-4.27787093567	
-2.36270022091	6.67167722568	4.67627923158	1.75583807638	0.429889912719	-2.47204293621	1.53248188413	-6.0	0.378061256315	8.74800332265	4.63192830812	0.699803387193	-6.0	-4.27877761431	-0.138188635921	1.58304583942	
-6.0	-2.45588319073	-1.37855384522	1.19190753384	7.75871167739	-1.24606547536	-6.0	1.34999725587	0.24637379209	7.75108473016	5.84789350492	-6.0	-3.79791794258	-2.07597989182	7.27738527988	9.0	
-2.40328668651	5.46488060753	0.516393566624	-1.24023302623	4.58667359759	9.0	5.96004564839	2.56739724045	5.40773217061	-0.945761602554	8.97262075668	8.31266762626	1.12747321427	2.84791912372	2.40126660526	4.12292664378	
3.32480865562	0.97648795131	0.548733332967	9.0	4.57856899958	8.93986352024	1.77436760639	9.0	7.45793740193	-6.0	9.0	4.89863667177	2.90252935384	4.62227414856	0.96702141376	2.68931774613	
-2.71676586857	8.67792733455	-0.517594021816	-5.79811451705	-3.13122073914	1.19026266842	9.0	9.0	-0.281140014571	-0.873352957503	8.45334646115	-1.27287593275	-6.0	-4.27875113404	7.27877846088	9.0	
-6.0	-0.439209543612	8.44676787387	9.0	8.8654482968	7.60958573352	8.98414651478	3.74358764795	3.16920390417	6.69005074697	4.27358576494	1.25246888292	-6.0	-4.27877428687	7.27880502438	9.0	
-1.48052155915	6.52222696963	4.33840804181	2.46139510518	0.155218307982	6.95949004918	6.13610834053	-1.29371585229	5.33697886991	-3.23669589514	5.80711596579	9.0	1.04874321805	2.76755468129	2.66546834215	4.38986479531	
-6.0	8.99549222653	8.93980742045	0.056838644782	8.84178561116	9.0	8.98400061926	-6.0	-4.72112036434	8.13951799377	-1.97499702311	-6.0	7.27756783065	8.99998866736	-6.0	-4.27555237481	
-5.08428848402	-2.47046657608	-1.30170206303	2.20058649378	-1.23507478348	9.0	-0.305836354813	-0.441735285055	1.13619639588	-6.0	5.0450411774	-3.91685008027	-4.74250498658	-3.02262587767	1.28770162321	3.00883576668	
-6.0	9.0	8.99954239647	0.113370465331	4.58014695509	9.0	-6.0	1.13853542519	6.67029733274	-2.01232439679	3.67432199613	-5.19794687037	7.27872309072	9.0	6.30718294769	8.02843355534	
5.17681557043	7.31536748164	2.39879644465	6.36254197924	-6.0	5.82490384529	-4.68829792876	-6.0	8.08781300671	-5.67268207925	9.0	6.26635319765	3.7431161011	5.46856946226	7.2830637132	9.0	
-5.88388897426	-2.17007468671	-1.44110800473	0.938874965309	-5.96609505791	0.693352674457	7.38498721868	-2.34836549177	9.0	4.02264696553	-2.22564067555	-0.167865498981	5.00716854911	6.72043442087	-3.0421146718	-1.31968818483	
-1.52008388041	2.28301226316	-0.123884022142	2.18720295639	4.54742687476	8.96221277459	-2.62862129348	5.31810062843	9.0	-5.31357319599	3.3256218456	-0.719696369215	-4.89737468207	-3.17798920915	7.1088737641	8.83130378127	
0.112617619306	6.22410549506	9.0	8.99858762005	9.0	8.999999995	-5.99332359409	-5.99340233463	-3.07610664217	-1.57258323282	9.0	1.50432501946	7.28078066023	9.0	-5.96947943501	-4.24967327251	
-4.52817132279	9.0	8.69002485446	1.27578118889	-0.562068626766	9.0	-6.0	-6.0	0.490255300387	-2.83959622713	6.91907899651	-5.30979596648	3.07108839266	4.79232930869	1.51614966259	3.23739605159	
