5.7040867967	8.53265215906	9.0	6.06608490913	4.57884524772	8.99242016355	8.99795307757	8.80347804607	1.59200673624	-2.66604475015	8.52100331446	8.78416067669	7.27860018219	9.0	2.9067135288	4.62769240157	
6.67879670606	5.19266073878	5.37503967105	1.86826510406	5.15841610012	9.0	9.0	9.0	1.67351011239	2.32308340919	8.36759172863	9.0	-5.94996582178	-4.12698517245	-2.31012781032	-0.596544919452	
2.51495853873	5.90885075682	5.30060384862	2.50271978544	8.29636612398	8.72589724491	9.0	9.0	1.64890434096	5.16692323775	5.91302149252	1.52647497908	-1.16401276003	0.655493900088	-5.84199628511	-4.25652920669	
4.23960843589	8.83037271579	4.9990758379	1.98710460273	8.94668699616	8.9999334133	4.97515286789	-2.84541501226	1.66568317031	8.49330462378	9.0	8.42447474176	4.43996940255	6.22836454197	3.79218216175	5.54114779251	
5.67910099843	9.0	8.12921597367	7.62842980887	1.8757519834	6.32279689459	5.27994641716	9.0	4.03236977921	-3.18847976573	8.0126968994	4.35869549945	-1.8199209303	-0.09361074604	-0.262738846293	1.50700138972	
2.09569377801	9.0	6.62450903668	4.12768201719	8.38967022879	8.62251535719	9.0	9.0	2.01321180976	3.50547020735	5.62996241128	-0.384982979597	-1.67806551354	0.0429758256205	2.47077568923	4.19226190964	
3.13019857148	6.62963029351	4.78325270158	8.8509969802	1.64071506226	9.0	2.66392799895	1.7629333094	9.0	1.0797479607	5.62021843775	-0.369304454609	6.3424120895	8.06298196622	-5.99972271822	-4.27845310738	
1.951191834	9.0	6.18308696232	4.24778651154	1.96181496586	8.02243618913	3.03150374793	-4.72194536668	4.62395289438	3.99532331519	6.44639205259	3.77150291376	-1.62454875598	0.096798369558	-5.81185370551	-4.09043047075	
3.22507122725	8.89009757824	5.32613522971	3.37278759128	1.6289560395	8.99999744643	7.69032319682	4.04075256876	2.56028565723	-6.0	7.47634514505	8.70700785238	7.2811334531	9.0	-1.95029969262	-0.229678120739	
1.58930967551	6.74929825543	8.81417589532	3.40557697821	8.99922602688	8.36923119542	9.0	4.25457699247	3.94726559562	8.98774238229	7.78631674484	8.4872277438	7.27855339054	9.0	-5.98492318623	-4.2637239248	
1.6047550495	8.99328315301	8.9953722669	9.0	3.15109473902	7.56865975433	9.0	4.98334095119	4.52564543721	-3.13358083708	9.0	8.9834518553	7.27707339304	9.0	7.27874939973	9.0	
5.4150392891	8.981058273	4.36528092275	0.937264661907	4.68821101914	7.79898115378	9.0	1.63705537312	1.55516119146	2.6956288846	5.89439417026	8.99643177192	-2.07779864145	-0.354242898472	-3.93253101724	-2.22177947816	
9.0	8.92182394375	8.99917139608	1.6025136369	2.38595152661	6.27617818825	4.44176556733	8.85745174067	5.32433286729	6.04874591093	7.54494184244	6.10884887596	-4.87023426663	-3.14846112845	-0.874344684771	0.850505641399	
8.99216807325	7.1764138395	4.87463817868	1.10299921208	9.0	8.01567296045	6.01396440801	6.92369621637	1.60844386246	7.17552223874	6.29239881302	6.59630257381	7.42502270576	9.0	7.10464534866	8.93319481242	
9.0	9.0	8.97470293037	-1.20718406466	2.74931272311	8.96789069323	5.93051356992	9.0	2.22841377033	3.23841014147	9.0	9.0	7.25207166772	8.97322806804	-6.0	-4.27917735747	
2.49844554924	9.0	4.83839914876	8.93807091385	8.99965178023	4.94767670383	1.67708933325	1.34703522433	8.98054377052	8.43838477877	5.65045483152	0.0909580122552	4.72101589682	6.44331138601	7.13684689642	8.86370805867	
1.59163873914	8.96935224986	4.99032419333	9.0	9.0	7.88869577926	5.57404438496	2.46059080912	9.0	9.0	5.63505284557	-1.41010658375	7.27877557566	9.0	-5.94303138813	-4.22254691314	
9.0	9.0	4.55667839874	1.8180643025	1.61041879391	9.0	3.0614527803	3.22670698481	9.0	6.85722201285	8.7816730143	6.22114672379	-5.99681265875	-4.26950266581	0.366409639107	2.08482736718	
1.90063897943	5.08669490497	5.04093097827	9.0	7.4203129341	8.98284939161	8.9573441456	9.0	8.91588255243	4.62181005922	5.57716295757	1.28068324797	2.32856949724	3.98414641815	7.15872407522	8.92552553621	
1.61546247017	4.61277392078	4.20595898493	2.94258151535	4.16088755474	8.99282087457	6.80605186337	5.84845922393	9.0	6.76452922782	6.09222212711	2.87246842475	7.28504242825	9.0	4.05188309375	5.72617865722	
5.98065635439	9.0	4.53957917754	-1.78373821024	3.37925673504	7.49181684288	1.75790771618	4.99621623477	2.27548090677	2.28108049388	8.75052772659	4.81745195379	6.05760063943	7.77850447451	-3.40159110706	-1.68266885594	
5.75332209776	9.0	9.0	8.88065692814	8.15190962253	9.0	1.58424286499	1.98710705197	9.0	9.0	5.99603900736	1.73439241411	4.878346574	6.60405723942	7.27666072937	9.0	
9.0	9.0	6.14928430607	9.0	8.11254925218	8.99993506101	1.8633383683	9.0	8.22731272898	9.0	5.54916816149	-6.0	7.27850453508	8.9993776697	0.71844506033	2.44001351224	
1.59291324853	8.99972455024	9.0	9.0	9.0	7.71376094779	5.58051912428	-4.54729254341	4.8162636184	9.0	9.0	8.9409983332	-6.0	-4.27880331911	-6.0	-4.27853000775	
5.38604584976	8.52485093347	4.98566396261	2.7023043434	2.45864216937	5.47883797765	1.72439188194	2.05289482255	2.34979320078	2.668111467	5.41240846866	0.986221690005	-1.46425900161	0.254183847294	0.29590745955	2.18675184146	
2.59916960045	9.0	5.31485207877	2.88688721373	1.7942513774	9.0	9.0	5.79937869344	2.09336870631	-6.0	8.17550463336	8.39344287525	7.28100660953	9.0	0.657197377708	2.37801227179	
8.99975369707	8.99969339792	7.3169907959	4.69496570719	1.90010252277	9.0	3.34567108791	6.88378683871	9.0	9.0	5.64256059252	-2.25536232934	-5.18593048274	-3.4663815909	7.08782535905	8.81233058427	
3.74702623782	8.30725467734	4.5477404103	0.594074059411	7.41538939552	5.49801684812	2.85047159958	4.68148491051	3.21799960093	8.67399769526	5.63791051978	-0.216011425598	-3.01270919065	-1.29252715798	0.284473853565	2.00615344269	
3.02525331183	9.0	9.0	9.0	2.0712771517	8.99863310167	2.76882478468	3.97593960448	7.66891749355	5.25491814191	5.60011988734	-5.98410905927	-0.189851433864	1.53064424325	7.20501523684	8.92617602284	
9.0	4.68997618804	8.29534890601	5.98858088328	1.80673567146	6.59152050898	8.50228986106	9.0	2.18478784893	0.830966425228	6.17173320553	9.0	7.25121730422	8.94755425022	-6.0	-4.32555054504	
7.89301396545	9.0	4.61442255331	1.00246118585	5.18589111848	9.0	1.62466388647	3.28645924409	2.50502930291	3.62502653891	8.99371524178	5.02036403682	7.33247371734	9.0	3.52349285939	5.14318837079	
2.0575222856	8.74011757805	8.9981916064	6.35308842348	2.56557826583	8.6770164213	3.25607216412	-4.44203929114	2.00461955935	2.12986671395	6.4245010785	3.96567763365	0.113742963903	1.83507959005	-1.88962331702	-0.170191177954	
6.99463973756	7.11454004885	5.35743343569	3.72126628087	1.61708642389	6.04079621415	5.36272652559	8.9998418969	2.93860819625	-1.21268298485	9.0	6.72240958025	-4.30223347832	-2.58072474732	-5.27140001355	-3.54931285515	
5.94890021294	9.0	4.75492403872	9.0	1.5710057254	8.99656564157	9.0	8.97140050409	8.99358343347	-6.0	8.52414026473	8.92702919211	-2.78990371015	-1.06887532989	6.81748967386	8.53885129519	
2.94955733	4.62945944388	4.57255088201	1.24140904125	2.19477425951	8.98148113642	2.17596666234	2.3598514414	2.02756622324	0.828048856681	5.8028262159	1.797011006	0.303568140305	2.02512505195	-1.04557035591	0.684375093536	
3.20803405617	8.73603666604	4.97426867643	2.65607119338	1.68224933799	9.0	8.17087104606	6.95956041007	2.37334921346	-5.60746127674	7.37776444594	6.15893009674	-1.48769445996	0.234205470985	7.2786144567	9.0	
9.0	9.0	9.0	9.0	1.59584672773	9.0	2.89365532181	8.89740763889	4.4137700249	-6.0	7.86388060076	4.96307308094	-6.0	-4.27590658535	7.27892651879	9.0	
8.88527251977	9.0	4.5261130922	7.47786810464	1.60353615066	6.01842480809	3.51489419616	9.0	9.0	-0.177074575824	5.66923507155	2.00180018644	1.45473719572	3.17512013045	7.27758092164	9.0	
8.96528503473	8.69492305971	8.47314865202	5.63458231309	2.3889541872	6.81036915313	9.0	9.0	1.66845749745	-2.40252297013	6.12442689479	9.0	2.77764435057	4.49863110409	7.28021006962	9.0	
5.67553773696	9.0	4.8542764674	3.58065468583	2.70738302248	8.9046861834	3.42788954796	7.49241272814	9.0	8.35015050413	5.56222466564	-6.0	7.27771466279	8.99990795677	2.6919962117	4.41327172441	
1.56461734865	7.38225326179	8.94857301875	8.99473287755	3.90383394151	8.99968325599	5.88412854135	0.374261870694	4.45123433233	2.82214027054	5.54746938782	1.8494321282	-5.98376752695	-4.28559701889	-6.0	-4.29386417932	
3.38069120131	5.14122618507	6.6929551487	8.20347272973	4.22939248418	8.14661338137	3.03172107418	4.80206511011	6.30605033635	1.93145490601	6.47797395867	2.02651729427	-1.57406866041	0.0595674869165	4.92562281538	6.61483457578	
4.41433470919	5.13612490753	4.40928678092	1.17282834541	4.6622470811	7.73889215472	2.92959557993	5.57507457874	2.30690099604	3.69855727347	5.92304145294	1.33858776258	-0.752740455024	1.1347803626	-3.06309008516	-1.30333627933	
4.91702915595	9.0	4.91694882742	2.02472525485	1.8412210255	5.67923777789	4.03287199767	2.69206382149	2.84839980007	2.69392323443	5.62707223935	2.19825530683	-4.1163841351	-2.33933119326	7.29618706866	9.0	
1.62200416663	4.6917045388	4.46303920917	2.56575843719	2.40571659402	7.04982082667	6.67658596294	5.30094135601	3.53247375189	1.95358136377	6.21114341905	3.44557043001	-2.92134742256	-0.976022501387	1.0294971246	2.61445249437	
1.87794593922	8.67630553686	4.78003354773	7.69868279146	2.38047972425	9.0	2.09395619925	0.342376956338	9.0	3.5926067098	5.62614529646	-3.43570452585	-4.37756590332	-2.65587163599	-2.58569143998	-0.863410187469	
4.81639826444	6.46812865054	4.84140981349	9.0	1.59697067395	8.91004123774	9.0	9.0	9.0	0.0343429060656	5.64861985983	1.61130304118	-5.96404489233	-4.24245176168	-1.99247987182	-0.272998033735	
7.28568106391	8.99638225173	8.46503450428	5.5632441	4.84189269975	9.0	8.5782479766	3.07769620551	1.46133451968	1.30835794257	6.17185881934	9.0	-4.8654017882	-3.18787502751	-0.557369127465	1.01700293865	
1.68682597614	8.26681376961	4.50548388916	0.965958701047	2.97673093225	7.39885117057	2.56925219422	1.4908134772	4.62172878042	1.67265059668	6.6353836216	3.31744940423	0.00673993907755	1.72790046096	7.26603202821	8.98770614684	
1.87026938267	4.87949240935	5.12497393904	4.61198156703	1.99024627928	6.58784988393	8.99161570428	5.65306365788	9.0	5.90191266974	8.86359890455	8.327116767	-1.56576157852	0.0990832007305	7.34024554681	9.0	
2.66461910826	9.0	5.27838363043	3.62736480986	1.66327546599	8.98795712707	3.36597826071	0.335800596395	2.93687530389	-1.01768535092	5.62066875007	0.712308891974	1.17360746718	2.8949496176	-6.0	-4.27786182483	
1.5926024206	9.0	4.89113435405	9.0	9.0	4.5289856049	6.45609014462	-0.135476288292	9.0	8.48396530882	5.76447750455	5.9470025703	-4.32285627414	-2.60309881771	-1.75102884468	-0.0277454768033	
9.0	7.8204442667	6.82930567348	3.9540965269	3.94546894185	9.0	2.87181337885	5.44849749635	1.57705179996	0.69367631514	9.0	6.37376687569	5.26429504433	6.9574879818	-4.87454410438	-3.18428750961	
4.23820616751	7.79654311061	8.99968065885	8.99338547089	1.8842935524	8.99218880635	1.88321907727	-1.54496734761	4.88052861767	2.04525348146	5.75185422342	1.47454829512	1.00811331845	2.72925273165	-6.0	-4.2761788375	
5.55702753805	9.0	8.27108877158	5.03692553988	8.97746229647	6.45203833735	2.49578304445	1.72287530403	1.99128553656	9.0	6.25888839384	2.51026298433	-1.16231514011	0.586217031217	0.633584855491	2.35741568317	
2.89851280554	4.71981151317	4.50178247108	1.15502231698	7.05579816938	8.5890366851	3.35223135572	4.54322418068	2.42929353335	5.62521255028	6.06255510812	1.83013596431	-2.69359213417	-0.842186707836	-6.0	-4.3509541459	
3.8910852373	6.81364053996	4.64960351898	1.55033453034	4.42822375544	9.0	9.0	7.6847517358	1.66853022699	1.64272437701	5.77861642883	2.75208586322	-0.606187337226	1.11673891812	4.78583469822	6.50133265047	
4.78356634259	8.1634905837	6.21975492703	4.1697113579	1.49514641541	5.63304097333	3.72408697422	1.64571075317	4.00324506041	2.97331396643	5.36505153938	3.11048998822	-0.981739488428	0.743713942296	-0.658049437926	1.02572785977	
1.908380442	8.74799856059	8.88112493626	7.94393163909	8.99982257448	8.99971053043	2.04917704819	1.50216759549	3.56170530846	3.87563296384	5.64453850204	0.142760611993	-4.35117184644	-2.58372738349	2.63226116737	4.28439713051	
8.97043386964	7.11545054214	7.57293369872	2.46223608908	6.8867182686	8.6012415655	1.74041977094	7.88956100858	2.21691930466	5.36263295008	8.72136426244	4.79636467713	-0.807840698736	0.912794730607	7.2800539904	9.0	
3.09498259005	8.982280689	4.49912585542	-6.0	2.83532436334	9.0	9.0	9.0	7.40403624	8.59843452767	6.26133276955	3.62782538123	-4.70465142497	-2.98359559424	7.27731175354	9.0	
4.90656368412	6.44130327186	9.0	8.98093431436	4.89645682221	5.55806731588	1.68179951429	4.08274629179	8.89975376908	9.0	5.67054302513	1.12024051268	-1.15948555246	0.633160354487	-3.06131291734	-1.15420384997	
1.65755793676	4.93744888693	4.63899835923	1.65561179291	3.89394531262	8.15827958792	9.0	4.58823372728	2.92686606973	2.6931695714	7.64590122081	7.97589414733	1.47890747375	3.01518824705	-6.0	-4.45579703731	
1.60388767113	8.28787233787	4.49896934339	1.33035669651	3.06351434675	7.48671258619	9.0	4.98210369302	5.86551811467	2.06237097789	9.0	9.0	-6.0	-4.27799001436	-2.93054595037	-1.20966174177	
2.340682893	8.11143476727	4.51153625363	-0.885032426989	1.8691343364	6.23799535008	3.19586438642	2.12339296656	2.31253399411	1.41218177095	7.311573393	4.65852580436	-5.99996479355	-4.27957558986	2.75404515912	4.47526689079	
2.1990993486	4.04828288126	4.51610194582	2.24180331485	1.71836784006	9.0	3.80077004038	1.78490081737	4.06977798086	1.54982971776	5.99668978234	3.79362020851	7.28023802506	9.0	4.36647411444	6.09030418394	
2.05971073122	9.0	9.0	6.52938375389	5.93212926383	7.26463623582	2.21451869394	1.49677770192	2.03361141407	2.49677868295	5.63512241502	0.203592620748	4.24983188307	5.97150675841	-3.29788874329	-1.57668082985	
7.57152017864	9.0	4.45562109955	1.36995129134	2.38110890767	6.88175278852	1.61421641149	3.42065388534	2.74358703181	2.53879837907	5.50477675347	1.11941480907	2.42241500828	4.11855999683	0.0712899366792	1.86973729942	
5.46919165354	9.0	7.63706875231	5.59696466719	1.6146229961	6.12977549188	9.0	2.21256619002	2.77294959806	1.36199603402	5.68090192596	7.96131274686	-1.97421281636	-0.377778364797	1.39614314716	3.08050063173	
2.45829824002	6.51300153853	8.73510232278	6.0237705694	2.84406386821	6.14361662009	5.86815309556	1.17263872236	1.80287274014	2.1882973006	5.90191642004	5.64422764256	7.30724515155	9.0	1.7992930435	3.61674931978	
3.50119543621	8.99491562971	4.71470117144	8.77395110728	4.56871630524	8.97958537491	1.59800769151	1.03091671029	9.0	-0.242671709939	9.0	4.96285778488	-0.0324902517538	1.68916655813	6.96395012842	8.68545185549	
1.72273537923	8.8968540988	4.6048320665	1.60665424045	4.19409692212	8.61566454767	4.35443964421	1.13956899654	2.17185324031	-1.71676689141	8.22415469729	6.84647771427	-3.45981710204	-1.73862918267	7.18852750175	8.90765953117	
1.64625693573	5.6463565639	4.83139897645	5.30527682766	2.05525780154	5.41184497232	7.12003976047	1.16269532263	5.53400484768	2.46372087338	5.47941448523	6.75530307185	7.24488741715	9.0	0.826315808459	2.56436272263	
2.90694197728	9.0	4.72736952613	3.32400503203	1.68689941427	6.10872883369	4.22927486517	4.68339764215	3.50256697555	-2.7062068413	6.54538739806	3.30523931062	-1.47278279017	0.249794302447	-5.40355196497	-3.68538255794	
9.0	9.0	4.5204791935	-5.20281988999	1.88308250115	9.0	8.25765454292	9.0	3.1673861325	3.11754560239	5.96761008025	8.00010966083	-6.0	-4.27987994895	0.0440050285538	1.76506152507	
6.08322245866	8.99856017745	5.07298242535	2.41169900955	5.00307042752	9.0	1.71662041101	2.23118332159	8.95203360176	8.50820405416	8.31524676254	4.17847552433	-4.88887498882	-3.18850268577	4.57323457878	6.30570508258	
4.59698553689	7.52448704588	4.95826182131	2.00681458205	2.91636820311	7.44385600336	5.39030589952	1.47028202111	1.51199102629	1.02749290656	8.83040078428	8.75175726683	-6.0	-4.3167610434	0.906518653803	2.70107180813	
3.73065595017	7.30382615083	4.52093899838	0.564709818272	4.13953171625	9.0	8.99831588311	0.779410148155	3.90154361012	6.45339782872	5.60032694847	6.90921702923	-5.9975598973	-4.27993071557	-4.00103703693	-2.28148424128	
9.0	7.96138504292	4.35632464	1.1054733565	1.9664125673	6.48740164605	3.78282164401	7.85407265176	8.92106475208	9.0	5.71002353662	1.40362277802	7.24627387265	9.0	7.24866120708	9.0	
9.0	8.9792964984	4.50386312022	-2.85595059812	8.97398455605	8.99999586708	1.89080209232	9.0	4.50869508373	8.90364051302	9.0	4.96529974948	-5.25897563651	-3.53755254645	-5.99999514719	-4.27884000413	
4.49687136867	8.97708387207	7.10544351446	8.74049999472	1.5694939055	8.81171636018	8.81172282512	5.36411049951	6.08685813125	-5.99596779083	6.574833564	8.8511464625	7.2791294184	9.0	-6.0	-4.27701494643	
6.22662667327	8.1560185626	5.23834734173	9.0	3.51322252448	7.70015744457	1.65665470642	3.48537659393	8.75186755333	1.54344110639	6.22249408883	1.87301809386	3.0827218637	4.85905401863	-3.23371504086	-1.61084936736	
1.79745986204	5.28839294109	4.65750818828	1.81528639486	3.70094708077	7.17194695705	6.90828875423	6.30734212629	2.96731157255	3.768374233	9.0	4.86097982127	-0.794933473153	0.911230994834	3.09488440312	4.81912143275	
1.60977036719	9.0	8.95672272835	8.98833604863	4.91274232132	8.99746383307	4.75845142112	-6.0	8.68730156326	9.0	8.99575391021	8.06494812801	4.69905934051	6.42041200927	-6.0	-4.27869565265	
2.99707335779	6.18837413983	4.53694268575	1.10151608166	4.47526249792	9.0	5.47099510887	1.14406592949	1.55342209927	1.66758829513	8.29124101206	8.24307763313	0.0284665775169	1.77732561133	-6.0	-4.30121513141	
1.52415957193	8.99055213527	5.70834992115	6.81127800748	9.0	8.99229002827	8.9270379154	-6.0	5.70885859815	8.9417186	5.77600880021	8.97775237206	7.27944181851	9.0	-5.10863112985	-3.38793086482	
3.59597930744	9.0	4.5191179667	2.67958705941	1.60929166081	9.0	8.56624081714	9.0	5.82689024107	-0.338573933755	5.63807263084	0.536494261829	5.64506771221	7.36737052206	1.82928628272	3.55507802413	
1.64341093851	5.95554765089	8.99205751591	9.0	3.11121209244	7.05064655452	8.50336107417	7.5513133415	4.84416400499	3.1530449338	8.92950260687	3.43233112597	6.40137139948	8.12206705646	0.243554136372	1.96521051359	
3.99477794187	8.63156830749	4.54338701963	0.760751813042	2.19705252336	6.59479731935	2.43616819339	2.41248664563	1.81751755596	0.53852567101	5.74318281844	1.91003849549	-2.8025548844	-1.08141219448	0.510958650197	2.23213223145	
1.64824519061	8.71194991365	6.40449219402	4.45901296946	3.29109796603	8.70837381242	9.0	2.17464616092	2.61971651825	2.36571462707	5.6315493535	2.29269189956	-6.0	-4.27878721834	7.27882827942	9.0	
7.86745486214	5.84578110163	4.954480803	4.93369968766	7.69559633374	9.0	2.69496024834	8.91258867737	4.93297399465	4.52482840514	5.98717574161	1.11674436979	-0.00392615449889	1.75711944624	0.0498338228746	1.81102979213	
1.5744477663	9.0	5.17585845236	5.85696108408	9.0	8.99642586333	2.95318686458	-6.0	5.46734628854	9.0	9.0	6.41229680482	7.27994404348	9.0	7.28021160977	9.0	
2.22495431729	5.77684084344	5.85699912511	5.25677012715	4.05118648369	9.0	1.70163182901	-0.56485329022	8.84228945395	9.0	5.61566031095	-0.0590068662607	-3.03093705192	-1.31997998771	-6.0	-4.27454444439	
1.58915537444	8.08496687123	4.65788212066	8.30245213196	8.86805100196	9.0	8.49827864606	-4.21525456562	8.98895218149	8.89896643127	6.02312845636	8.6696518664	2.28606962491	4.00708792712	4.75779118355	6.48056846563	
5.79482249735	8.99862868807	4.71552356856	1.91017477999	1.76265236495	9.0	6.57479191264	6.70772966657	2.16705698485	1.30756262159	5.60034892008	-1.20016828696	-6.0	-4.27811981718	3.26727987531	4.98865095833	
4.5754720898	5.59964954767	8.73354800177	6.04593305162	2.28925750571	5.69179387887	4.24834695706	6.85398290144	4.08120229679	4.56911584608	5.52499816104	0.740653132594	-2.85647719265	-1.05309087555	5.89568404599	7.65705634169	
8.57590437093	5.65922613323	8.06543725843	9.0	3.51876638238	6.07170217097	2.28453846984	9.0	6.50198489315	3.9832902879	6.31340585789	1.66205810179	7.12431265185	8.81834084591	1.89438071588	3.59066939718	
5.51477106579	8.80248359155	8.61179317416	5.9910062047	1.88181517296	7.24719942549	9.0	8.91001580816	9.0	8.99867892916	9.0	3.17655674063	6.6830792597	8.40469495541	4.83004324089	6.55236769975	
1.63590160624	9.0	4.61437603105	2.92805427902	3.9012413109	8.32265182071	2.88778135793	1.27350526563	3.54719878783	-0.940510085443	5.68383494409	1.8034546774	-2.73272074885	-1.01537195986	1.12285813497	2.8439663948	
1.50468216899	5.14090249792	4.80475754211	2.60083056961	5.98636165306	5.45927082761	6.58174117822	5.58904346447	5.35219494153	8.99997104387	5.30067181388	1.85960168814	-1.51382701676	0.224274525259	0.924723562069	2.65155228086	
