1.78061446942	5.10079571622	6.14038298954	9.0	2.25468591558	5.86373918379	6.02584475302	2.05933866164	8.42069209471	3.07282405181	5.40239515712	5.03530857332	-2.07203729365	-0.427515042655	-4.23884855137	-2.62206862392	
1.67813431769	8.78305712332	9.0	8.01192499326	2.60112594687	8.7701067369	8.98488312078	-6.0	5.16484120408	4.21706344132	5.19881662333	8.95622750064	-6.0	-4.27806083488	7.24796886338	8.96945934134	
1.65863688884	5.22054876934	6.43301387794	8.98143133341	3.1078726334	8.23696474531	3.09230806281	-1.0980556154	9.0	5.01493442413	4.9408816347	1.98694288841	-6.0	-4.28176770096	-6.0	-4.28567265037	
1.61719477188	7.65751086862	4.53316369742	4.61039919522	4.59587403403	8.93670427969	9.0	0.32671850252	9.0	3.68771563079	5.35637092063	9.0	4.16632658124	5.88889590437	1.90271434872	3.62896030179	
1.60658389499	8.96217770774	4.97820875652	3.73378003857	3.44143663941	8.95606910947	8.89788658775	-0.89650087838	9.0	9.0	5.4644481808	3.75027918511	0.15471683518	1.87711214109	0.458849555534	2.18011858558	
5.5682480385	8.73385428106	4.97790800459	7.92360972509	1.71986704446	5.8710897132	8.00969245763	1.67730238006	8.99760848152	2.66421709717	5.87942443499	8.49564877534	7.07980545403	8.99980699073	7.27135638142	8.93512029771	
1.61620912008	9.0	9.0	7.72760121192	7.89959109063	3.44603245945	6.47071032267	1.58280365926	4.00181294536	8.57314403277	5.06798019614	3.84252252994	-3.00606334439	-1.28116301603	6.7654215465	8.48375151891	
1.61329804624	9.0	8.99909885343	7.71664161977	8.99925830254	6.95049069692	8.99817482785	4.62830245994	8.99930389708	9.0	5.12754300019	5.56659626759	3.40688981149	5.13076842523	7.27831015642	9.0	
1.57775677515	9.0	4.56680304079	3.24929634645	5.72943931824	8.30513255176	9.0	3.83812888751	3.8780927025	3.41592853521	8.95798138955	6.01949271237	2.53864846214	4.25888908752	-4.12670375754	-2.40626272851	
1.6225278234	8.80157132071	4.51177514336	3.43882569464	2.73898423912	4.53065788648	8.98710982174	-0.244108693974	5.45002831222	3.81436738142	5.38501029101	8.46769440111	-2.59390059865	-0.87200204432	-2.27427070844	-0.551930363216	
1.66884296547	8.96321336119	8.76491654353	7.59327548236	3.29488955475	3.36913914761	7.85180927963	6.08578976165	4.65047989039	4.52909237236	4.89354842154	0.69761994734	-4.27222267335	-2.54759412012	-0.671682705757	1.05130039791	
1.61981302083	8.9298228037	4.72589900252	3.51330778452	3.14141645024	7.33053593021	2.87680046768	1.54366626074	3.50770137879	1.151412108	8.99882180789	2.51528270218	1.39749662438	3.12173551369	0.403173634839	2.12166241995	
2.076887088	8.36799466561	9.0	8.81984080677	8.08695849214	8.99750104596	1.77534849313	-2.05885347363	4.34196551517	5.55132048276	5.47173244405	1.19240360342	-2.11932405887	-0.398037395665	1.75020197588	3.47104990516	
2.87270323434	9.0	9.0	9.0	1.66983744764	8.9999826229	3.75519109491	-5.8117661902	9.0	6.1703221464	8.81779567133	7.8545056613	-1.16863142772	0.552481895959	7.27892781533	9.0	
1.64051305333	9.0	4.65567096794	3.42103342588	2.84436650222	6.32729260255	3.47161714482	-0.708311160162	4.12234578161	0.952000738427	8.95945423038	6.82488015786	-0.396728976044	1.31765499244	2.87572252415	4.60111684601	
5.57600081066	7.57692894673	4.86087408393	8.96932921784	4.85368469644	8.2961335768	5.00649198444	9.0	8.92995908904	4.2832865264	6.16570594757	-2.61693736964	-1.6858882328	0.0355396634923	5.76502061454	7.48640973993	
5.91549963755	9.0	4.57206913125	7.61268901167	1.91077569912	6.37787961265	5.05957378096	8.96997214191	9.0	-2.51478211689	5.22289802646	2.34302309342	2.78699566391	4.51061893554	-1.49732983402	0.229505998817	
1.75171548808	8.88766780095	8.80020602561	7.77165451536	6.27883341054	3.59714465131	3.0196135312	2.46294253423	3.89700586994	6.45516810167	4.92413743555	-0.388067484833	3.34596520058	5.06694422496	-3.24178829829	-1.52155630954	
3.46257870141	8.91158759537	4.50545046324	5.15315533548	4.44628168916	8.90582261023	1.66304293283	2.46024624714	8.10575741998	0.170266083088	8.91659118243	5.60869829408	-2.3755898841	-0.661912812671	6.66019428336	8.37558024277	
3.47400208263	7.33580051436	6.75572829375	8.99577982489	1.5691768056	5.6036958984	3.53232049034	1.1108542993	7.21388011785	2.19647752581	8.10496722542	5.574094687	2.48401790883	4.25944386745	2.3901606337	3.96833919701	
1.88887771279	9.0	8.97835122677	7.98015057906	8.28206540748	9.0	8.99997745928	9.0	4.18510721617	8.86294973467	6.29230524763	-5.09942085069	7.2793598468	9.0	-0.10687339461	1.61486813198	
6.89287000324	9.0	4.98754101147	8.99457237842	1.63111945882	8.99859715577	8.97800687364	6.66426848797	8.73492749059	-6.0	5.23661055924	8.91839013821	-3.58669326283	-1.86473040367	1.73548981507	3.45472250136	
1.60137760583	8.8432408352	7.31294624484	6.18494447649	8.98385020822	9.0	8.82021701189	-5.52355461778	3.70185100855	9.0	5.96557072097	8.99999940433	-5.22935360996	-3.50761392223	-4.39514305758	-2.67399141333	
1.837970062	9.0	9.0	7.95338784925	2.207370881	9.0	2.56553503212	-5.89905983478	4.39057449759	3.05987220713	5.00587883325	2.00501260964	3.19305758832	4.91461411836	3.93530988391	5.65624386265	
1.62146143315	8.93436991035	5.30411927382	4.11709656032	3.42743365161	8.96574458199	3.34852102448	-6.0	9.0	9.0	6.68518305131	4.4889682119	-6.0	-4.27538215969	7.27508466901	9.0	
1.8223560051	8.04108362057	4.45252766359	4.33496201423	4.54865071955	9.0	2.23861506265	1.85832615401	9.0	4.26884841734	8.93551487005	3.61875673827	7.25737047319	8.98455819508	5.29589070281	7.00878370263	
1.93438772325	8.53938644867	4.4938512961	4.00076605128	2.30854741555	6.69439714513	5.91756257852	5.84256120278	9.0	4.394613962	6.50776990377	0.807417816111	-5.34946852239	-3.6286329099	7.02751771372	8.7503589253	
1.96386188703	5.05308458999	4.58207091751	7.70475375604	1.85790179412	6.74039864771	5.0082615056	0.922562374444	8.79857047701	1.77670374325	8.90765848482	9.0	5.51739790285	7.25603012484	-2.058392994	-0.351718702532	
1.58581309456	7.13595366121	4.52401846236	5.09003577774	4.58602492339	8.99744355131	8.57204897029	4.15526401477	7.23723074444	1.34747926002	9.0	8.89510079213	3.24236385256	4.9666935244	-6.0	-4.29802597127	
1.8312628068	8.00668943982	8.60316060188	8.53984584069	2.96918285615	5.31379093096	4.04060419432	3.88484750829	5.73616519188	4.24494038856	7.94952243936	1.25590044036	-1.47036950787	0.250644990392	5.86393601064	7.58468880858	
1.60135857116	9.0	4.55185557464	3.24253629822	8.25620273157	8.9812750927	4.10165892855	-0.620520533259	3.95998268202	3.4215688137	5.293479648	3.85546359728	4.63023055061	6.34949449928	2.32831567862	4.05107086826	
1.84838134167	8.99746959647	4.83572136304	3.78966688838	2.52922374946	4.26263600019	6.25635601356	6.05160764926	3.99536067729	2.59956225387	5.88085463196	-0.239629493452	-4.25726481746	-2.53705447469	4.18777222433	5.90865399909	
1.70343355612	4.53183218527	5.13739333094	8.48305980175	3.53331033048	7.7826344738	3.22723045281	2.15584734992	8.98315101532	1.69986411834	8.67121469784	6.73164873018	2.92302678121	4.60397510341	-2.17076493066	-0.525224403947	
2.89412630147	5.63854452262	5.23106341222	8.65531226274	1.75502358752	6.31604324031	9.0	8.65883421932	8.965664974	1.6259776713	5.04720579256	2.05717591704	-5.63076240235	-3.96624682735	-5.98753861925	-4.25910488454	
2.40422467669	8.74707966427	4.79290758533	4.56310091925	1.80358268735	9.0	8.93505871085	9.0	4.60245317562	-6.0	7.61297432747	4.95111718741	0.719651689269	2.44147936865	-5.38831274733	-3.66612310612	
3.71555497798	7.9264225643	4.86453166567	6.75107609073	4.60418094406	5.41479014301	1.54102384013	1.2126049742	8.7388432759	6.96486388729	5.84261053611	1.12870292843	1.13562411771	2.87888848989	7.39914693074	9.0	
1.70514988627	8.99309273742	4.43311660016	3.24097906892	2.33282810715	6.15814710975	8.80685938335	7.59497473983	4.34641984474	0.513869258466	4.88103982679	0.126943458962	-0.338599901251	1.37799495689	-3.22837299868	-1.51623753562	
2.55421050607	8.95039691706	4.68006844877	4.40119751448	1.69614981034	8.40779388174	4.25178969902	3.97275736352	4.4852103545	-6.0	7.38597774436	5.41050801292	-1.41272086988	0.299275828238	-0.398628183835	1.33198886629	
2.48912691842	5.84064032957	4.9511756807	7.63418826292	4.45258522993	6.79147356575	5.4645682884	6.23345907022	7.36617839062	2.57553953975	4.56906093389	0.299745383686	5.8191900493	7.5682008996	0.206269487468	1.90806954688	
1.63534407289	7.81779649318	9.0	9.0	8.99995462528	9.0	7.35458366101	-6.0	4.63384523681	8.94220617226	5.96464745334	8.87038897818	2.35735758961	4.07860820618	3.92789688591	5.64884139524	
5.25462289843	8.80133157794	4.2686988245	6.85052103425	3.02850932947	7.10408160079	1.57681388181	1.57092488181	9.0	3.49962123186	5.94392007568	1.25932543811	-2.81111899691	-1.09272520147	-5.93021040866	-4.32028786792	
1.63891769309	9.0	7.25933383102	6.01261164399	5.34671552995	8.14080641962	4.92138859071	-5.83556887391	4.15189612276	6.13406055266	8.99993280265	8.97967508108	6.94584427195	8.66993794447	7.2778443442	9.0	
1.61192142704	9.0	8.24932828187	6.99130958733	4.16015070598	3.68511181306	8.5048840661	1.85562896379	6.49126479104	7.3749287783	5.66532923325	5.89598361828	-5.96301194114	-4.23810391887	-6.0	-4.2722860861	
1.60215678885	9.0	8.65944130605	7.36859443817	7.65294440308	3.99089502062	6.62401711582	-0.871358652238	3.39833771707	7.38193232169	6.85500799811	8.04005038101	7.27733819237	9.0	-6.0	-4.27995057461	
2.65754794583	8.83543757194	6.50380792473	6.43654126786	1.99100342989	9.0	2.3610591829	2.99434948917	4.44754382718	0.526214122383	9.0	-0.717032299707	-1.73041999808	-0.00943132499658	-5.38400926552	-3.66499680617	
2.0706060204	9.0	9.0	8.18416679052	1.86092735015	5.76112068594	8.70879642033	8.35353699782	3.96335011101	1.80903388023	8.98964056197	1.60273892262	7.27736545231	8.99919105249	7.23172134895	8.9533687436	
1.5843063372	8.98764662689	4.73626478873	3.4467566973	4.97405296218	9.0	9.0	0.891970220639	3.55313607872	1.11838598668	8.47436764414	8.99355467035	6.6264918352	8.34998299739	-5.81404936168	-4.09655920706	
1.68711770986	8.94136828487	4.62101211436	3.4664121297	2.63149114503	8.99991044423	2.5325059609	-6.0	9.0	7.93488722936	5.51668768552	2.76064394825	-2.10956941352	-0.388329578583	-0.601442197214	1.12041519372	
1.81007874306	8.73879810937	5.01318320191	4.19861557224	2.14415184554	6.56431366598	9.0	8.34515223069	3.8484734215	-1.05530943772	7.50292157059	2.64438439842	3.67151131394	5.39277653559	-6.0	-4.27867332201	
1.92645858825	9.0	4.61784044792	3.66719470327	4.53799061503	8.98966475713	2.18833652093	1.83658621121	4.03680470954	-3.19489266775	9.0	6.11421392564	-5.96512823795	-4.23352013467	-3.77606616482	-2.05051812961	
1.64915897817	8.92170479118	4.97625757259	3.82295890626	4.08840330036	7.62538124938	7.59909669483	2.05433204215	3.67262285763	0.0747477395407	4.95154252322	4.55810651734	2.00813732127	3.73510693097	-1.50358674783	0.216875613266	
1.90910167608	5.58024096216	6.68121859836	9.0	8.6515835363	4.89659579686	9.0	9.0	7.18794966351	9.0	4.74717348727	0.754183834018	-6.0	-4.37949504613	5.4852871744	7.16874175385	
2.00131731461	8.62080013592	8.78780041731	8.28264204584	2.36447708128	3.60236953637	4.46057056018	4.44773885773	8.01596899771	6.34892441823	5.04528046884	-0.510039670951	-3.78533366355	-2.06393023926	-3.59881755603	-1.87750654955	
1.64969439861	9.0	4.95837740463	3.70559599375	2.79757738049	8.91372431902	2.94298200335	-5.97197402204	3.58573788481	2.64016077388	5.6395776945	3.39812354856	0.607095930911	2.32689359239	0.969799888076	2.69493628054	
2.89151353888	9.0	9.0	9.0	1.61012243499	8.99993901829	5.03954095453	4.37604662584	9.0	6.11056986309	9.0	-0.828612547017	2.08639753322	3.80795148219	6.13124804864	7.85269481096	
1.64416371133	9.0	4.59282311763	3.3611699781	6.83835037684	6.84073741669	8.99783841031	-0.768797135211	9.0	8.98666528273	5.22880286708	9.0	6.25932607571	7.98468483937	-3.35630356794	-1.63175925338	
1.57972077626	6.24201641792	7.25732461726	8.76618768105	3.8291253328	6.21968613572	9.0	7.29201779228	8.93077398438	6.74913985796	8.38888706075	3.81822523855	7.3125700129	9.0	0.369968144084	2.07286151556	
2.35479614981	8.99530548429	7.87210523034	7.34447263362	1.66573959451	9.0	4.00852518345	-0.729644366928	3.9847162038	0.0405100346646	8.93965989057	4.29214869595	-5.99310306147	-4.27242721449	7.27845983675	9.0	
2.97759571934	9.0	4.55492277263	4.64565688731	1.67050557083	9.0	9.0	8.70945750059	6.18259319443	-2.20958489045	4.82390666374	0.181312735633	3.57166243606	5.29528996187	-6.0	-4.27423529947	
1.66658690182	6.62292520124	7.18085315538	8.33798248158	4.46513538351	8.88110906259	4.29221057786	3.59770635215	5.66257990796	-0.446888235597	8.84497274917	5.2368171215	-6.0	-4.28013495978	-2.39200589684	-0.670484785573	
5.41707955759	9.0	4.64120878557	7.16323590245	1.57862883846	9.0	3.94934853334	0.182177569411	7.35491972908	0.606543186508	5.64660978137	2.74933853598	-0.656594057231	1.07997160137	-6.0	-4.27453290369	
1.7213692111	8.69238527247	4.79473861509	3.93553370729	5.4557448335	4.40914975873	2.13904853178	-0.301990417551	7.4493378852	9.0	8.99101018116	4.93064537811	-1.46844075745	0.259694913122	0.658566754905	2.38504402614	
3.67026361616	9.0	8.21077126058	8.99546313664	1.60674805371	8.71577320263	8.9973188962	8.99779149349	5.30870222032	-6.0	8.71473420285	6.91783534206	-6.0	-4.2786748713	2.98927040284	4.71111876694	
4.9940899579	7.22751013734	4.56889849777	8.44063497293	4.79603649271	9.0	1.59438093068	2.94816684784	9.0	4.68253371996	5.33807784944	-1.90199777361	-1.44477580364	0.274461108151	-4.85078275139	-3.12770458409	
1.5810960889	9.0	4.49770108161	3.19014930751	5.21562548391	7.52293165477	8.0336073204	4.79466711621	8.92223704429	8.22815827688	7.9892244145	3.62147527618	1.39344043074	3.11377767479	-4.29494184419	-2.57438232466	
5.33084166898	9.0	6.53901050441	9.0	7.4107189968	9.0	1.62867878311	-3.16509887764	8.58932106783	9.0	6.50177687132	3.27911540884	-5.99999999998	-4.28717852705	-5.9962912962	-4.26249413435	
4.3006829953	8.94966427565	4.4884620768	5.95126875665	2.63186858094	6.87046211663	5.56120040792	8.24018354909	8.68159402205	2.59300954931	6.98318835106	0.160068675956	6.63222525957	8.35179725507	7.27923423265	9.0	
2.39157460285	8.54463601767	8.2572739861	8.21817303721	5.97461288408	4.17248540807	7.25364171274	7.99151255684	5.50388562703	6.98599019317	6.19828202352	-0.217680724685	7.27983849851	9.0	4.31646649977	6.04022587733	
1.69223115553	8.96981736994	4.50760407247	3.33998059064	2.26501014774	6.55174447587	2.93176641976	0.802809170224	4.45113826495	1.51895511065	9.0	3.79067809565	-3.76345819658	-2.031999632	-0.842162568476	0.886998012056	
2.76355826799	5.58418033868	5.68048643222	8.97282274149	2.36411874495	8.5325136908	1.93911494346	2.56904975387	8.76326077933	3.22493757628	5.20916379704	-2.04538124266	-5.9726608389	-4.25150965225	3.30076279495	5.02131637286	
1.64840184679	9.0	4.5746600338	3.32883060817	5.02789110169	4.3853593226	2.89680591087	1.48730281381	7.88647882174	8.91753272496	5.6155322723	0.646746811994	-5.99942724582	-4.27624825476	7.26844070701	9.0	
1.8969842719	8.09792831308	5.07473344325	4.98383702691	8.99175084582	9.0	1.93585507452	-3.8280184048	4.60390836371	7.77194998222	5.4144375997	2.01014412023	3.4242923301	5.14719655177	-1.58299369301	0.138716717396	
2.92972351987	7.48603752527	4.47604505091	6.02699614745	4.18759569677	8.27503532465	4.957743587	6.28536263302	8.99451998877	4.1082347482	7.60222604305	1.08568912223	-3.29786263485	-1.58143845563	7.25817270738	8.98297575353	
2.00630838069	9.0	6.9030809544	6.02415627207	2.0660792481	6.37588177191	2.46370615135	2.04516947217	3.63272229637	-0.715073231831	5.9224568788	0.381604229544	7.23435557518	8.9555901716	7.15916092982	8.88083078383	
1.5820539883	7.68756227077	8.99720966294	9.0	8.02145595337	5.0828104995	7.16719050352	0.632944733439	5.52260881644	8.99251345921	8.67437113289	8.68651441831	7.24096240832	8.96279798773	7.27894886941	9.0	
1.58908343453	9.0	6.46243887411	5.1629002409	4.67703647483	8.97378635074	7.79209656135	1.87303157586	3.19641438779	0.678005442313	9.0	7.14659945796	-1.2032167949	0.51822112401	-3.71698971996	-1.99674840484	
2.72875620732	6.08052418795	5.59331020294	8.51062120092	3.63840390673	8.99847094979	1.70108372287	0.480364293697	7.72350492632	0.641819203509	8.83978133532	5.55903122025	-1.33313398194	0.344264251051	1.2748519722	3.01151288733	
1.7305552736	9.0	4.72444142624	3.5625063498	2.86301189399	7.28918951338	9.0	8.32515409638	3.79294831831	-3.30905666773	5.75719100319	3.11587847893	2.64403978583	4.36855111335	3.30393641873	5.02355702631	
2.42900233971	8.99983402251	5.1387608582	4.65734204423	1.9348081103	7.96629836469	3.65784920619	4.01147699029	3.97747453848	-5.8799496736	6.36734452614	3.82997654588	4.67966010492	6.39843036235	-5.99920068796	-4.28687305605	
1.60973568163	9.0	9.0	7.72480423786	9.0	9.0	4.32376028422	-6.0	3.55030891811	9.0	8.46700061498	7.34421420128	3.78688349473	5.5081853122	-6.0	-4.27858621141	
1.61420343649	7.52770917872	8.80618567475	9.0	4.72564556434	9.0	9.0	-0.541992771614	8.99951986641	9.0	5.1105888064	4.38778987448	4.44407766006	6.16526379507	7.27897300039	9.0	
1.61167943301	9.0	4.94013174891	3.66467449609	7.25772146601	7.59563244949	3.04105845594	1.30379821494	5.17235744037	8.99745178429	6.71223496634	-1.70917394087	-5.73835401118	-4.01708490822	-0.386806929465	1.33436363551	
1.62790808989	8.99578567681	9.0	7.75086653347	2.97821873828	9.0	7.4390408156	-5.99793574389	9.0	8.69671065548	5.92512082563	7.64293149782	-4.28732231656	-2.56876718881	6.02315707121	7.74417233273	
2.0019060913	8.11153889184	9.0	8.99946267486	1.84622724176	4.05695574547	3.57468776148	-0.356484786909	7.74419846505	5.06067949337	6.8786086347	5.29081677961	-0.698659422313	1.02260790603	0.866517516371	2.58807800831	
2.05236879229	9.0	5.02439833326	4.18990414327	1.83831280178	8.49116621984	6.98403871074	3.20973123342	3.84843835909	-5.952997222	7.48684000279	8.40806538531	3.38807059887	5.10882385856	-1.24556646535	0.475376576255	
1.97189626294	5.84257434193	4.43746444502	6.62911631729	2.04319010065	6.10297802983	2.14283383396	0.508929802753	6.85180797035	1.27723212587	6.81562951719	4.01619283272	-1.08652530706	0.627990836601	1.34508127787	3.05172660782	
2.82721778426	8.68859879077	4.54916595732	4.80161378984	2.02277464382	8.5046136417	7.1462774172	8.08384481614	8.46540099801	4.11888295159	4.97179715216	-4.10313031147	-5.29467260812	-3.57408014767	-1.23641927673	0.485845666362	
1.64452622762	7.76708749751	9.0	9.0	4.45107081566	8.88376131295	3.20153628047	0.509598192232	4.53757492799	-1.46424070208	9.0	7.25270119274	5.87295707028	7.59581553661	6.93419731894	8.65965887962	
2.36066225161	9.0	4.46990487481	3.94000975473	3.36207822574	7.78053246934	6.88650199462	7.58169460084	7.40039957338	2.76798243517	9.0	2.52785340526	-3.25252522962	-1.53254966291	1.12018581087	2.83705523882	
1.58338958972	7.6934367211	9.0	9.0	4.74730102861	9.0	7.97935612547	0.692105941214	4.50591729195	0.323054959156	7.77453848484	9.0	-3.3249098127	-1.6036087203	-1.48757639621	0.23450767182	
1.75424656721	5.63305407684	6.39433956817	8.72769085276	2.55383286171	5.04565587217	3.81629421248	0.309693085638	7.27248920302	2.81504148598	7.61383149575	6.98747847157	-1.61674960021	0.247992378735	-2.91657436259	-1.24627532711	
1.65019131855	7.78817044901	8.99694763452	8.99452708604	3.58214009035	9.0	4.82410920517	-5.76213796454	5.08938258084	4.06777616	7.3339302469	7.48205180559	7.2599576106	8.97830323623	-6.0	-4.27793723847	
1.69448903607	5.74446438181	6.49044977538	8.47442481636	8.89953192814	8.96678601166	8.77429128396	4.48984863248	6.58897516566	4.62789008669	4.47176181718	4.66428466476	3.26843981624	4.94481730414	-4.29278956109	-2.53273953879	
1.98577021065	9.0	5.00986621483	4.10914281197	2.49080111105	9.0	2.78228635649	2.63759115216	3.78769141708	-5.89657357869	7.56540552206	4.87604164967	5.30421349736	7.03046742953	3.36876752881	5.0875594617	
6.71946398512	9.0	4.73542767571	8.41951921437	1.63746202279	5.40218113764	3.74449403915	5.37729218388	8.54563872574	1.49540150498	4.6334605378	0.442778186269	7.32845961028	9.0	-0.506643171305	1.24045821979	
5.03876192356	8.62284054904	5.64361056813	8.17039448213	1.97978448296	6.40672364138	3.15621987894	6.38114830947	7.03827444531	-0.425565055697	8.99848989256	2.8158621958	2.19982996302	3.92298416473	1.31288257031	3.03233604781	
2.89089149123	9.0	9.0	9.0	3.26880687986	9.0	1.6496252508	-0.595726386107	4.53352337737	0.884634100247	5.06799151264	-0.761296676547	5.30973894836	7.03070373279	-3.88067399992	-2.15884921379	
5.17492110747	8.93057023607	4.54221680642	6.81737836754	1.58502539937	5.49130212444	9.0	6.80849022639	9.0	3.77459628978	5.115624708	2.69762678601	7.25362781876	9.0	-5.99279100822	-4.18558355238	
5.14153395428	9.0	6.74010950842	8.99521570843	1.68740117383	8.93739467592	2.27783586816	3.9557003146	6.76003929855	-2.21351068107	8.16612909541	2.21531066361	-6.0	-4.27823491502	7.22066130003	8.94187499917	
1.59058115166	8.18431234073	5.28305608888	4.80277385313	3.77737404613	8.19913850972	3.75610014708	1.2475937896	9.0	8.67437767372	6.95893617179	-0.624880617848	-3.48591776529	-1.76476925691	5.33455023345	7.0559112358	
