1.66189186078	9.0	4.49847419669	3.26935537568	5.77885002292	6.41879013514	2.414765485	1.06934231366	7.70808797213	8.99863443141	9.0	2.42173738204	7.27907021389	8.99797606514	-0.540197022318	1.18170555366	
1.59405403799	8.99785363722	4.58445233391	3.29487773027	3.6772595596	8.10170740379	5.34224376275	0.995070199471	4.03630292985	-1.45245538579	7.84420244975	7.25956250369	6.60089197728	8.32200610877	-5.9565364963	-4.23404880454	
1.69663533918	8.51405507965	5.36664708487	4.66369743778	3.29643771686	6.32625540079	2.36816029489	-0.854571743954	8.98666792692	8.40544823238	5.24472786705	0.0213011927039	-4.4064887535	-2.68609925592	1.70155322566	3.42206609411	
1.61715054279	8.90483602213	5.13581518829	3.96173324106	7.51959695501	9.0	4.67684959584	-6.0	4.97327183768	9.0	5.36460994892	4.53836890441	-6.0	-4.27926796411	7.2786170875	9.0	
5.46086660645	9.0	6.05870065415	8.64535943999	1.58467732912	9.0	8.90131685689	1.13463527642	8.97000937178	3.4626671455	8.99914758688	8.84640730564	-5.97136744777	-4.2496105817	-0.715555226167	1.00554140969	
2.33103547743	9.0	4.54544363159	3.98802445004	2.21451964096	4.96037376255	1.88443072626	1.2636795637	5.40266057209	2.38058441782	5.0717056398	-0.0244128620989	1.22923519571	2.94939791319	-4.96190536652	-3.23725591462	
3.37595953828	9.0	4.50794193354	4.99640023672	2.05656731284	6.48065531052	6.28779832047	7.89335397559	8.78239953508	2.26576620114	8.79067794488	3.27986398703	5.68735211039	7.40731392672	-5.92399915776	-4.20195768159	
5.54376579094	8.87339995859	4.86505742991	7.65926418479	1.61986637542	6.00231316785	7.71145943103	8.88868254911	7.50104194568	-3.60303094909	7.08437941039	6.61059466059	-1.50548500759	0.213836978139	7.06492774546	8.76497631844	
3.17576688086	6.5951145603	4.77290220771	7.46330178692	1.99342582899	9.0	1.81997021325	0.216308795117	7.48423573878	0.416751351547	5.76439305459	1.43477938558	1.27282816279	2.99234203384	-0.443649894815	1.27683156639	
2.30893716489	7.59192844909	5.43544430437	6.26207875293	5.99813241368	8.83205137104	1.7373422786	-4.64381414048	8.3886278319	9.0	7.96865136496	4.90289359179	-0.391814438359	1.34957598271	7.24313168823	8.97038091816	
1.59947601952	8.76680439586	4.82236466835	3.77270502041	7.05377091094	7.84476420114	8.25425994053	2.65146829763	3.83183620535	3.41539135801	5.82021331374	5.04692505463	-4.90258183877	-3.18252668036	-5.8586273229	-4.13916663755	
1.57953503558	9.0	4.5294680857	3.21360477985	4.06355584792	4.56710497298	5.24351477132	0.511988107991	9.0	9.0	5.73657623177	3.99243445463	2.69452837824	4.41892822498	-2.30321899066	-0.588158110604	
2.66940763876	8.94372513889	7.23881415487	7.07881751164	3.44554220834	7.85294762583	1.70047128798	1.82189595324	4.36155056947	-2.2301340182	8.99927976169	5.06561675463	4.15696020937	5.87838570308	-4.834333091	-3.11403609188	
1.6141351977	7.74310462493	9.0	8.97100426086	7.89285045204	9.0	3.95171610814	1.06521446254	4.49209302224	2.87166143821	5.0472051066	2.46244296213	1.63523115825	3.35721850813	-3.82312288608	-2.10300755955	
1.60356717184	8.94819833829	5.51144821697	4.26803022549	9.0	7.58901023404	8.07032344431	-0.905744669195	3.28609635816	4.93096686947	6.24059899382	9.0	7.2158504439	8.93832652982	0.983822231422	2.71116324697	
5.21280704092	9.0	4.64862026248	6.94929247594	1.66018745049	9.0	2.76285369553	1.18008885718	8.9423162418	3.34197127273	4.86427105682	-1.2990201437	-3.09437721419	-1.38595887384	1.05354749733	2.77852159755	
1.58765603275	8.53096797377	5.23133586223	4.40134764829	5.37351627325	4.16200118775	8.32594721694	0.0879717991106	7.33237160209	8.94017214211	6.2411765529	8.08713002262	0.720721494787	2.44036033771	-1.85400522802	-0.131813226874	
1.95981079034	9.0	4.86822181564	3.90717748745	1.75742876797	5.90252015293	6.47287897755	4.90131639951	3.67352247294	0.392599124064	7.08174124698	1.83415157289	2.93319991465	4.64746432309	-6.0	-4.29046695603	
1.63068997143	9.0	5.89679200931	4.64164159543	8.99989327465	8.90359810957	9.0	-6.0	3.59812695182	9.0	5.30709151796	9.0	7.28171768604	9.0	-1.77550398456	-0.0543936545851	
2.88622204921	9.0	9.0	9.0	5.27765331882	9.0	6.66228968796	7.9460814081	4.52635589921	4.12757679983	9.0	-1.60512113355	0.0398127081792	1.76169690523	-5.63654933358	-3.91539469625	
2.89050468992	9.0	9.0	9.0	9.0	9.0	1.65704609923	1.7271898555	9.0	6.44530956556	9.0	5.49130728371	7.27891232366	9.0	-5.99956987616	-4.27812584363	
2.64576265042	8.95247622641	8.8338631329	8.65244928887	1.68293055408	8.91565408505	7.73007536811	-5.90178004096	9.0	6.36109731158	5.85605505168	8.86658260938	1.61605495113	3.3409903616	-6.0	-4.2745160929	
3.84074519606	5.47646787491	4.54997771797	8.97988810745	2.15664667556	5.62687007404	3.4482854765	5.5344647755	9.0	1.74846114388	4.52923524144	0.257094803605	-2.64808550066	-0.894251690267	0.0693965522601	1.85016923147	
1.65388231435	7.33806786237	5.81418042553	6.2549603948	5.95191990993	8.94820174674	4.95935577819	1.73145205507	5.01550694807	1.09350355533	4.74600953897	2.89714101928	2.26474580295	3.99077741206	-4.79911878192	-3.07725752525	
1.85748470426	9.0	4.52574499314	3.49847437842	9.0	9.0	1.98666415593	-0.957760091668	9.0	8.98537780443	8.91498899128	5.87354679239	6.82611487907	8.54800596519	-3.19380936107	-1.47271834066	
2.63355503348	8.95625593132	8.97093816038	8.76188846612	2.03225358589	8.9721024513	2.29987045051	2.76164833572	4.32805702184	-5.09494171382	4.92957382527	0.951987606164	-5.99916770556	-4.27785274035	7.15226915556	8.88200245848	
3.34440068492	5.98673174027	5.50272120047	8.99972078605	1.68809014331	5.99782335815	1.97044441187	2.01245227247	8.42183929587	1.56310332913	9.0	5.42244117444	-0.0715445087348	1.71428183037	-5.17685485593	-3.48797403603	
1.67270912036	9.0	9.0	7.76463491712	3.90075163526	3.90501267653	2.49566159691	-0.787126739825	3.42585054785	3.53025888041	5.40923549229	2.60864484293	-2.59743401642	-0.878794028042	6.35650613825	8.0781436783	
2.75865570206	9.0	4.55181986474	4.42550919498	1.68746545724	8.88317086966	8.99149517164	8.97616750475	6.30313269763	-4.20416133193	5.26236838999	2.59023824858	7.27714004946	9.0	4.74221269756	6.4632904779	
3.29025344207	6.01204336039	4.74821256266	8.35706105457	8.23252339129	8.38175115505	7.002970519	8.72198242272	9.0	7.60930724746	8.93163364858	2.34126255587	7.32587671565	9.0	7.31509801712	8.98876957556	
1.92997934741	8.68112857641	4.78128375194	4.14132237117	4.09217817742	8.72524081781	6.55759641861	6.61443984648	8.71298155083	8.64979834928	5.21754011328	-5.40659287777	-1.05462323381	0.664135489468	4.95879358078	6.67550939419	
2.75007851799	8.96268483918	4.56014023152	4.46885035601	9.0	8.94674066025	1.61946501141	0.00699073173205	8.99997915591	8.87387201268	6.49396616756	2.28096092401	1.91286630702	3.62687936148	-1.83608861394	-0.109811946818	
1.67774187608	9.0	4.27260673555	3.0615192549	6.82665106775	8.99963443922	2.16119274549	-1.28659861411	9.0	6.95811574186	9.0	6.29223228999	-5.59840333412	-3.84824981108	6.58852139783	8.29019206266	
1.67554211408	5.62000829822	5.48752659104	7.66091498319	2.61132931985	4.73672940266	5.9499001926	0.430562580919	7.92759005697	3.83467365951	5.01928550549	6.411200219	-2.04440045449	-0.243109158755	0.599410278054	2.23991190459	
2.26270783805	9.0	4.5206013939	3.89233206397	4.12427759787	8.53541365361	1.79114625757	1.69492481248	5.25166959803	-0.966045147948	6.71447945544	2.62674323502	5.18718790755	6.9098722296	5.92985115048	7.65140682754	
2.88589934944	9.0	9.0	9.0	1.65925672398	8.57512979995	8.99970805561	9.0	4.53208256031	-6.0	6.27057004853	3.89007602602	1.8272823847	3.54890036163	4.2134410944	5.93507645844	
6.82983133169	8.79143907269	4.8445705563	9.0	1.83136094462	8.97650071065	4.15603894642	8.9364333101	9.0	-6.0	9.0	6.07147747841	7.27789921512	9.0	-5.97586264362	-4.25393788997	
1.62651111253	8.99592541851	9.0	7.74406848647	2.8493490406	6.06516082555	4.40973456785	-0.710358285082	3.25747829406	0.426838335246	6.70650969718	5.44568640818	-6.0	-4.27772418184	7.27962189062	9.0	
3.09512873561	6.80428306378	4.82053186755	7.17187287689	2.96556128003	7.98172584973	1.65280161278	-1.66602272725	7.14049271236	2.64344622232	5.63566375064	2.48968251647	-6.0	-4.27518814116	-5.81541984246	-4.09143332141	
2.0800429445	9.0	4.55014291895	3.74800773139	4.58002678779	8.97270698246	7.35446954088	7.63840274891	9.0	3.57797130379	5.19808298241	-0.0565953969298	-1.96817868566	-0.248571432349	-0.147108207149	1.57545637397	
1.5930129394	9.0	9.0	7.70960370199	5.4371036607	9.0	9.0	2.77413346539	3.21567605051	1.65371709798	8.86862807775	7.09462882793	5.01523513135	6.73627338376	4.14892383241	5.87019437073	
1.57559940266	8.96242990545	4.48373186506	3.20389142383	6.71819581694	9.0	9.0	1.58735190145	9.0	8.78530666871	9.0	8.35588317993	7.27709809086	9.0	6.98479032125	8.70524291226	
4.92182588108	9.0	6.9593959122	8.99607545359	8.44804440084	8.69625949529	5.20760829908	8.54577487651	7.18623810642	8.9733176343	6.31702660446	-5.0521009882	-4.19772012917	-2.47717152321	7.27803841378	9.0	
3.83321914173	8.30164589727	7.4369568902	9.0	1.94510830681	8.97846924589	1.82866195713	0.357176324174	5.99730849575	0.661249508223	6.42547612677	0.29047949884	1.3319806054	3.05142302593	1.15355538032	2.90553884277	
1.89208482248	7.96193516796	5.14251409244	5.18780462537	2.69752976472	8.87197866741	2.71616880171	2.43913055334	4.92729157491	2.55872056079	4.8388542961	-4.69452785076	3.11824251573	4.83818373541	2.32826660673	4.0486221351	
1.60952671821	8.98586301104	4.4801867822	3.21754810031	7.20090925357	8.70762816904	9.0	7.8760632701	8.45689862258	9.0	8.93062874834	2.00795768941	7.27877680082	9.0	6.80077178515	8.52468332583	
1.58918444712	8.67563447657	6.53782232478	5.56472038167	8.99843300392	4.29033253048	8.1060188992	0.214579667849	3.82381416612	8.97555563103	6.09800278428	7.55063359564	7.25632830017	8.97760687785	-1.66411833747	0.0579559647845	
1.5962463628	8.85805767846	4.93387668786	3.78098927314	7.20318538178	8.97302250699	3.41234570203	1.68099544526	3.51106891615	3.58246679002	8.64008352396	2.53899476228	1.55415278871	3.27284580667	-2.27337748006	-0.547564838701	
3.61317679798	9.0	6.65709780921	7.38379151058	2.44807353356	9.0	1.75558090584	2.51305917291	7.74506709769	4.93122019192	4.70805262963	-5.79287051737	0.419510477952	2.14454724744	-3.40725372425	-1.68557238844	
1.77927017523	9.0	4.79431654222	3.68417439126	2.0952228916	4.02178783135	8.84204881531	4.56724531123	3.97001620907	2.07417441214	5.02531775665	3.27403910606	1.64711885539	3.36965143904	-0.412223430572	1.31136366147	
1.59097673843	8.94705500137	4.58436074674	3.33595717512	5.86530255195	9.0	7.38953027565	-3.37798651958	4.29449188669	6.01871676406	5.36522234143	5.28428411618	-5.05628901711	-3.3303249741	1.29412274079	3.01509723431	
1.8551437347	9.0	4.72559348563	3.68992009038	2.80951560877	8.87801915943	2.22748055728	1.66118338946	4.11880571845	2.90810343504	4.89645276997	-5.39298767441	-0.648438506701	1.06777466343	-6.0	-4.27967365573	
1.98862523002	5.61020047971	6.43164982793	8.92970004457	6.34038549422	9.0	2.07180917914	1.34869508766	6.91571403047	2.66864865628	5.43933724678	1.89068068309	-3.43590217824	-1.86139038248	-6.0	-4.16351297646	
1.62612005121	9.0	7.52388273513	6.21532567938	3.87256292144	8.99989005565	9.0	7.49396452451	2.98159458749	-5.25129719084	5.27438911538	3.87944766089	7.1772035064	8.91552417116	-1.92118667484	-0.184538344798	
2.29522336474	8.93031720945	8.95804562734	8.43997178306	5.89204103674	7.16366156698	4.69750203602	5.25529249708	4.69658201482	6.44905398824	4.95211812367	-4.62872021053	0.251756065106	1.97594021787	-1.06430779255	0.659984277701	
1.67567970272	5.31167671289	5.85452553609	8.13768409058	4.22926989817	5.08019367855	3.81574896642	3.52377066947	9.0	6.73595023563	5.22390996498	1.0947634066	6.44219031838	8.13024223424	-1.91894141484	-0.240541266244	
1.75547630749	9.0	5.65864860093	4.51881048011	2.44175639928	8.40924435987	3.74673406391	2.68308761181	3.2853892321	-5.83787200197	5.4196651086	3.60190282808	-2.74687157465	-1.03063247325	-6.0	-4.28289546794	
5.68042623777	8.99464771007	5.10938883277	7.89207002784	1.57485462448	9.0	9.0	8.97364740436	8.71579549524	2.92808970249	9.0	1.40750287278	-5.99992883276	-4.27860266593	7.28654720753	9.0	
1.68194558464	8.95788268709	4.53220012883	3.37135340521	3.76147123976	8.03152498562	2.49854065936	1.43418109512	7.91552562278	5.25110426002	9.0	2.45668378663	-0.717255657636	1.00560732148	-3.01053359903	-1.28804291987	
1.67264358465	8.70313316156	4.48871547071	3.56485074485	3.64383021833	8.9514723352	2.40272858503	1.31326528391	8.95767104568	8.09336646483	7.84516524374	-1.50016520697	-3.6131515252	-1.89253118102	7.28005262404	9.0	
1.60343503287	8.20345916274	4.6176163622	4.12657294782	5.4251920138	6.71920507556	5.62628505961	-0.607997376073	4.64287571991	3.15284856517	8.56348395554	9.0	-3.76851411806	-2.05100441998	-5.51005250592	-3.78921112065	
1.79874699507	9.0	4.82214386166	3.73829782528	3.95857375847	8.37328410107	9.0	8.67713834168	7.55897409079	7.78142884803	4.90012762736	-5.4184819936	-5.9938058027	-4.27522396002	2.83619631873	4.56081758778	
1.75729430628	9.0	5.86914455666	4.71236895601	2.11860014222	8.99947616673	5.77872331044	-6.0	3.35747561613	1.41730735465	5.36214758881	6.22030892309	1.87038851519	3.59462018424	-3.17209855909	-1.44771243103	
1.64028584982	9.0	4.91513169108	3.67273588917	9.0	9.0	9.0	-0.874618352924	3.52020395516	3.46580258969	5.07926424754	9.0	0.269965055026	1.99036543961	3.6229553501	5.34430137324	
2.32326802095	8.73219702763	5.19279965708	4.88755070689	3.43432502269	8.62450097111	3.54080646302	4.13168871814	4.76905444012	3.79290235314	4.80537303141	-6.0	-5.84675732048	-4.1250081716	1.16303509303	2.88583337499	
1.87702484139	9.0	4.45555942802	3.44220396313	4.57790971441	8.99984399263	8.99285141428	9.0	7.96923152684	1.6095049176	6.0400270846	1.97166504243	7.2864847261	9.0	1.13403176647	2.85417133125	
1.99671099647	8.99963631694	7.96873683795	7.07905544196	1.98974113259	8.69528508263	8.51103245573	8.26478138155	7.77077936025	6.1498401911	8.62266450721	-2.21220690486	-2.47964351115	-0.758764730901	-0.440032202424	1.28145218674	
2.08309747682	4.74491417747	4.3509384912	7.90613015946	1.72293938624	6.21198515797	6.50703562378	3.33529212386	8.54784851833	1.51242168249	8.9999900645	8.60661849669	2.03685442943	3.70077271132	-6.0	-4.39278828348	
6.7232352291	9.0	5.13512857723	9.0	9.0	3.88334658107	3.93498287242	9.0	9.0	9.0	4.96761705429	-1.01012562541	6.51657985153	8.22861808804	5.70757240525	7.42713766918	
1.63690998805	7.76004601241	9.0	9.0	4.55843107574	8.99624673906	4.32833401603	2.36434547451	4.52865939117	-2.56464855048	9.0	7.60869942906	-4.44618185496	-2.72891053589	6.48336182412	8.20313879248	
1.68629693936	8.99900040696	4.95918595204	3.75695349268	2.44246469739	8.4621441487	6.70260682172	-6.0	4.48790473323	3.41343857463	6.75434980066	8.51565395125	7.22704570022	8.94277264576	5.91144259955	7.62608865222	
1.80035081928	8.86606426024	9.0	8.04703657142	2.33043303366	8.68722234117	2.47508507751	-5.98040732156	4.07640083564	2.67039743486	9.0	6.5043067882	-1.92736855656	-0.203807752662	-2.04282628321	-0.319732713145	
3.93006518825	9.0	7.95881529669	9.0	5.52110208351	4.91250276059	2.62508668974	4.93187997666	9.0	8.98915467797	8.17365547943	0.4912224306	-5.84944928698	-4.12820563637	7.27886213698	9.0	
1.61129725815	9.0	9.0	7.72465991153	8.99582316848	9.0	6.44941855826	3.12631926803	3.5483956326	9.0	5.31638237162	-2.81235808319	-2.25024366971	-0.529172777699	-5.96341744545	-4.24185367862	
1.63783336737	9.0	8.29512329228	7.04253013123	9.0	7.8010579374	4.07238808352	2.56743213084	3.26032737255	4.55942434718	5.0477711196	0.460743138062	-0.829851052291	0.891106844102	-3.00975630767	-1.29069759999	
1.52821723682	7.50683514447	8.99998414516	9.0	8.99153796417	8.46383338185	8.96660686974	3.86621894202	9.0	8.81449255726	8.99316878524	9.0	-5.98972686302	-4.26238230634	5.83980029609	7.55999242338	
1.5744607036	8.72907872627	4.52210707857	3.47348210083	4.83558894294	9.0	8.00586511715	0.80641905399	4.28497641662	1.02442371938	7.2634716573	7.56560542203	7.25845664041	8.98303569242	5.87657755766	7.60010430872	
2.17392541389	8.51586947784	4.50462984012	4.27164392129	1.71341000196	6.14251787537	7.61825966372	6.06178926514	5.41932304147	-1.42073130827	8.96198199503	6.93865210716	-0.717679437145	1.00336075338	7.06020128981	8.77942842645	
2.5517792946	9.0	4.50430235817	4.16968349291	4.41803058744	8.83375295874	2.72948410692	3.61297782719	5.97937854445	-0.384356262776	7.50366961294	2.57099046348	-5.84330208793	-4.1216281332	-5.97379781424	-4.25235535743	
3.98914714077	8.98986673188	5.1620933006	6.27577989512	1.6340906092	9.0	7.88979321982	7.89306894435	5.92933778836	1.45953870118	4.81908157025	-4.09311781511	1.290369964	3.02079699746	-6.0	-4.28006027436	
1.8023721444	9.0	4.59364924818	3.49168421081	2.23272140522	6.59095213672	2.49296567722	-0.574901829675	3.90497491207	-0.838213013578	5.99602092101	3.46652211498	-3.31991512484	-1.60141830836	1.65515253344	3.37499220605	
1.63770605739	9.0	5.34526095227	4.09622666064	4.52420026317	8.13529836268	4.80064266993	-6.0	7.81531252009	9.0	9.0	9.0	3.67707812553	5.39942531175	5.22443462373	6.9451192321	
1.61084692424	8.9055797638	8.01737454395	6.8361880352	3.06882505952	7.48410938793	8.34038606927	3.16113960637	3.34657882786	-1.90031491016	8.98764886017	8.99988924708	-6.0	-4.27243441459	7.0854985019	8.80600534148	
1.7040840644	8.89387306365	4.53355866509	3.45289097999	2.38197604972	4.95716197379	9.0	0.860300065551	5.75093521235	3.13144659374	4.9306584062	7.12199995193	2.19036571113	3.91388347165	4.78511360708	6.50580111285	
1.58766326985	8.99359971767	4.95918858694	3.6639360749	4.57670529294	9.0	8.90242207348	1.35170075661	3.37460961747	-1.86604269909	6.48234265426	8.85563492273	6.67811485291	8.39934530259	7.2785456153	8.99775933678	
1.60975044746	8.89701144121	4.54609294663	3.37216625933	4.58026592766	9.0	9.0	1.0212339984	4.54020646684	-1.41488660251	5.48231130299	9.0	7.27649651896	9.0	-4.29046321898	-2.56867384082	
1.71655580413	9.0	4.64208969263	3.46654247973	2.06805916194	6.50633377212	8.45260640099	3.23217089304	3.60995302388	-1.60395082576	9.0	9.0	4.24059398961	5.96159467743	-3.86767366988	-2.14046492267	
5.85124109578	8.84584719678	5.01134836397	8.1306486555	7.84028217718	3.96270948903	1.80821073936	5.65376973751	8.97420992185	8.99993876539	5.35076944761	-0.641510910819	-6.0	-4.27987636394	6.16136863802	7.8815067352	
1.6235108916	8.99997033966	4.70947964012	3.44490678733	5.58568285323	3.78347459314	3.85907306433	-0.882325340618	6.32109590818	8.20720186588	5.43858357368	4.09912372157	7.1172121432	8.84114714854	-2.64600903638	-0.926021440537	
2.47689860395	8.93322166292	6.19063101907	5.78564885116	1.74296360881	6.40974249005	3.31564817981	3.13663255146	4.0754712359	-4.26150195159	6.36042909635	4.1882227894	-5.97805460872	-4.27132378977	-5.85960899459	-4.09445976918	
6.9442917642	9.0	4.86550252094	8.90526007392	8.88874185023	8.88230142086	1.59568616961	3.11633696499	8.99958076905	9.0	5.0875050721	-2.42050115839	0.462143360833	2.19094386927	7.2887056471	9.0	
1.62460783023	8.9997807071	4.5125703433	3.23820838667	2.81260942345	6.11442353383	4.54833317884	2.42178361173	4.44529866305	1.35841634816	5.28657641067	1.19375131156	-0.266707921733	1.45414006945	-0.870189564358	0.864039415363	
4.60666561738	9.0	7.27969384868	9.0	7.74227701268	5.70547371923	1.66368041393	3.92464319368	7.50181908044	9.0	8.98776841321	1.26799642199	0.417691911852	2.1389729819	2.53672272171	4.25781350946	
1.71332682856	9.0	8.80740887349	7.63002970532	4.53969467448	9.0	8.93822038911	8.13629121247	3.33795614051	-4.11265887214	9.0	6.78704296416	1.72672797398	3.44064427093	7.27667350134	9.0	
1.79298893226	8.55761287726	5.1190742338	4.46993663859	2.11870443264	6.58941635931	9.0	7.16827772415	4.06134480286	-2.92918409528	6.05545690069	4.42154433353	2.22342435569	3.94656255614	-2.9788180183	-1.26667441645	
5.24696180986	9.0	6.74930039708	9.0	7.06372886161	6.27548871165	1.51142988019	1.94876414769	8.92625088915	9.0	8.97842827918	3.37592349196	7.45210303959	9.0	3.01212408431	4.67648544768	
1.62560201474	8.72619085242	4.69607425718	3.69772747885	3.49292931111	6.97580097154	4.19893130782	-0.53240294324	3.93623048975	0.352456396341	5.11672721615	3.95834911317	6.80787290972	8.53180964248	7.27798973558	9.0	
1.61338530787	8.7420353163	4.78001159608	3.7692163481	3.82387154567	8.27776253885	8.4264896444	2.89993985707	3.85949744452	-2.72747448775	5.63521248867	7.29117409259	6.8746672114	8.59273167569	4.98949319142	6.71724201342	
1.76050840651	8.98945633575	4.53663779919	3.4078704516	4.87597622268	7.84974344446	2.10448449897	-3.3510308122	4.57210453083	4.91479737804	5.13216019686	1.28888824133	-4.28057381732	-2.55851001345	-0.221005751718	1.50031521186	
1.64271240708	8.99848533418	5.7582942479	4.51333254049	3.44780698567	3.34399932107	3.47395046278	-0.742314818277	8.85861886984	9.0	5.18625135224	3.37161455223	7.28174375414	9.0	-1.16725985577	0.554245103524	
