1.56564379531	8.97857777714	4.30005904226	2.92008393428	8.31208853884	8.96336392137	9.0	-0.312071416812	8.77161451566	9.0	6.39179881083	9.0	1.9033082048	3.56513043417	5.07348320492	6.75325744602	
5.09905116862	9.0	5.89142680007	8.10601659834	2.62920150906	8.8441400586	2.26033760633	5.65521735554	7.44277852847	3.3533380464	5.5386295013	-5.99999918458	-5.97065724326	-4.24847963743	5.12570729721	6.85349103285	
2.92557374787	8.99998060507	4.54445912909	4.58426838821	5.84017293467	8.96598882077	7.6895150574	9.0	9.0	8.38306777503	5.6355361352	-4.1800788946	-6.0	-4.27857710249	-5.99999944477	-4.27864998595	
1.55447604239	8.26828065018	7.64821499988	7.23504753157	3.8479740204	8.10771429259	8.38844411296	0.900710649069	3.71761877188	-1.0628671161	5.70639818122	7.58784803202	-2.79476694013	-1.07825399458	-0.476109683316	1.2083926167	
2.22690719404	8.99301333673	4.53254231476	3.89256217542	3.18418314414	7.4785847527	8.49675405679	9.0	8.58003273825	2.28697517026	9.0	4.44989453584	-2.55710587475	-0.787190185664	3.64357865495	5.37553039635	
1.65005595391	8.86269992757	5.69671768415	4.6469273158	4.02939162654	3.74552822822	6.61834988217	-0.635641975467	3.76650094561	4.23997590159	5.57831770975	6.48459818253	-1.42216524293	0.352679774856	5.7937354902	7.43235639346	
1.4872340155	8.95895072494	8.58592490033	7.18272790963	9.0	8.83123366836	8.38279306519	0.0696885548763	2.94092057768	3.87822818932	5.79582660535	7.40312651776	7.09932081142	8.95809262603	-3.43885811596	-1.58434793896	
1.7113644188	8.9994952497	5.37454679718	4.12640179932	8.61608269933	6.12831249711	8.99441036002	8.01473042999	3.53219575825	6.71804934827	6.50029369301	0.876664933985	-3.67657226611	-1.96602118335	-0.956434356961	0.810020283194	
2.88641305054	9.0	9.0	9.0	1.65145128407	5.57232153017	8.71861672893	8.99693212209	8.91116232154	6.0584392459	8.68016993292	1.33686924584	7.2784772427	9.0	7.27886711437	9.0	
4.33454576176	9.0	7.49971578454	8.94770498178	1.61025031973	8.85637856756	2.96774617893	-1.23294332297	6.13162486629	1.3058591578	5.64639066802	1.42992110476	4.20314976036	5.92386868697	4.07450523339	5.79463216962	
1.52294924984	8.736033585	5.91797240944	4.82073393998	5.54882491553	8.7927081391	9.0	-5.8013033204	6.64571179901	8.99954770921	5.64501347963	8.80477771912	-2.0239985154	-0.300755545516	-0.348847015196	1.37960543682	
1.61866281291	9.0	4.44660854892	3.28846442425	2.05031079163	6.37096670009	3.1106405785	0.268701840843	3.20693604504	-0.814404106747	5.55091672562	2.08678764369	-3.35087357154	-1.62593315572	0.0869617163063	1.81709854202	
1.42462542939	8.6876234853	4.24435051687	2.97250263384	7.73151667258	8.91761441546	6.43234364626	-0.302398796711	3.47410806811	2.9173399671	5.61111989515	5.8247531455	-3.61795517175	-1.8648008572	7.26587519211	9.0	
1.64715704725	9.0	6.83989343866	5.60146994627	2.82198169989	9.0	5.56666341506	-5.95127160576	7.74043719535	7.22428123208	9.0	8.87142257243	7.26524529274	8.98681233316	5.81095934318	7.53284172718	
3.50214328471	9.0	4.99290362589	5.61042980474	1.6051267524	9.0	3.21412506185	0.502579895169	5.33210408106	0.528775493977	5.62413724562	-0.252639605186	0.199552585701	1.92075225156	-5.64894133583	-3.92805819371	
1.5398083806	8.88010274487	4.13787485305	2.82308621336	3.33951301236	7.4976453688	9.0	0.688085889426	3.87503172169	-0.847572095413	5.96873213552	8.99983883406	0.262028399071	2.02257734581	-5.6843366124	-3.98973794429	
1.57858496847	9.0	4.50639268779	3.19996770547	8.96801998778	7.42907995319	8.63973736912	4.26040350945	5.33165377336	8.98374471749	9.0	5.26834975231	-1.5005405647	0.219752305687	2.70967118587	4.43224245147	
1.7574840083	8.71089741411	6.01168106476	5.13853847713	2.20856790255	4.20566862209	8.65513405943	5.32574520196	4.33015775698	2.90798049078	5.63866431034	2.40968271942	7.29890364742	8.94040893138	-4.5495984507	-2.82882854032	
1.87293945268	8.30246969502	4.65267523867	4.33562410848	4.66749215455	8.9917907618	2.10201969876	1.65103036754	9.0	9.0	5.61651904082	-4.25409083544	1.75370998366	3.47010258956	3.78731711189	5.51087472428	
2.22432376064	9.0	4.96657538069	4.20862627843	4.28034113002	3.93177477738	1.54565440882	-0.74353343838	3.96011757523	4.45907274611	5.78150832488	1.98011682758	1.9463024261	3.62570206724	1.59226408474	3.28937070336	
1.68052995445	7.50729451764	4.10620542665	4.35512186988	1.82672778856	6.26446902735	5.44654390991	0.69110572344	5.89137746148	0.846223255834	5.53320443464	4.90422247894	-1.97663299603	-0.232801277226	0.441068849759	2.28361474877	
1.51897468755	3.10697843366	4.62974632238	9.0	9.0	8.55034080339	9.0	6.26191634245	8.9012908703	8.02724472118	8.84889738491	7.14832235002	-1.27253492631	0.453527159376	-5.72031193335	-3.99663254402	
1.45961039593	8.97054673437	4.23673195189	2.73019481766	3.36705505009	4.11130762565	6.34638676912	1.55746407327	3.27349990637	3.19222905325	5.40443937173	3.59875578934	2.37259177513	4.08436790901	-1.82482398999	-0.0912837483052	
1.8867698668	7.97060429663	9.0	9.0	8.89677126636	6.93750375641	8.97632071151	8.99994211225	8.94408790338	8.86663599296	6.29922454195	2.36394510193	7.17036570295	8.87997331143	7.28161208522	8.99999949461	
1.56263778976	8.18861635113	5.73052638704	5.2422450629	2.64777948125	3.825231621	4.77574629343	3.06168320072	4.40291055298	3.00885105561	5.19303382282	0.975717758893	-4.87649850258	-3.12670815013	4.82871602887	6.45777032256	
1.5917275691	9.0	4.80250506486	3.50800469548	3.51114290078	9.0	8.83490602807	1.0873960366	9.0	9.0	9.0	5.26210402813	-3.62693739129	-1.90570240859	-2.36354954751	-0.64229079455	
1.66399153464	9.0	5.19305342251	3.95552362906	3.65416832795	3.43434319706	3.46067030579	3.16453787058	3.64987377499	4.12173140334	5.16614570861	-0.760378562782	1.95213651967	3.65278446378	-6.0	-4.25397573446	
2.11214741168	8.83906880186	4.81771662551	4.1645979192	1.877959382	6.42428462832	2.70055174564	1.43197153668	4.82960766686	-0.969301247099	8.96772225662	5.55585884042	-0.0259286508595	1.88260972281	2.58495387457	4.37542009228	
1.84862817976	6.18294900124	4.48304861658	6.27846704417	6.3134319902	7.09356366073	8.99945288751	9.0	8.97861261512	7.06239876418	5.55470029389	0.782638611627	1.03021250367	2.79879200256	1.61924751157	3.41782399968	
1.61556798686	9.0	4.39962986152	3.13510694696	4.60792040933	8.93575133216	3.56775599386	2.69927394622	3.089409389	-3.14161076805	7.79313766878	4.60248292997	1.50442022196	3.14210422546	-1.30191575175	0.333224547145	
1.58464513457	8.81650453159	9.0	7.87643500399	8.97654262511	8.62606009093	9.0	3.4152884467	9.0	9.0	9.0	8.96591535972	-5.60746168254	-3.8869043014	7.17942458948	8.89917512693	
1.64050209098	8.80699604807	6.72300762104	5.67481246902	9.0	4.30194615832	1.98526933006	1.19966218191	3.1981624824	8.09264741484	5.23259483111	-0.227875254706	7.31240192812	8.9892785147	-3.5422906897	-1.78178555199	
1.70066211385	8.99999705225	5.02221921979	3.79507813101	2.90943515821	4.54583073336	7.59722659398	5.55203943351	8.77409123163	7.6840500274	6.23710276578	1.77618438196	5.25995413769	6.91374928868	-5.80614942153	-4.07067207033	
2.6908704966	8.65790038272	4.52400025677	4.6700092438	1.82598111779	9.0	5.30860589005	5.95427477859	5.79282232453	0.54827698853	5.62260409384	-2.95231617671	-2.37181945423	-0.650530422214	3.54368793365	5.26416348351	
1.55877929843	9.0	4.20621176405	2.83690129111	4.26648660174	5.20410246226	6.97916145158	1.39181695293	5.19324541751	5.14560212763	5.75919416667	4.47595050163	2.19609579548	3.99552185328	2.19249109778	3.95085343913	
1.68739883256	8.99595114056	7.60781098483	6.41468550748	6.71844321083	9.0	2.18093207152	-6.0	4.244959658	7.69797483928	5.92183551401	2.35003142766	2.74133935628	4.46255333332	-1.24313484691	0.47368022128	
1.7090163901	8.35678360208	5.89741667309	5.3638559551	2.25159929469	8.38006537226	5.73769459866	4.05868459152	4.24358086843	2.14259098355	5.63528520425	-2.70884418994	1.16674441637	2.88705137814	3.1081710217	4.82919595409	
1.55857675268	6.9708485465	4.74424871471	5.52737047866	4.29584877782	9.0	9.0	4.64666762571	6.38438437861	-0.0311230155773	9.0	9.0	7.20330971983	9.0	-5.27438147154	-3.63144877508	
1.46388142804	9.0	4.05876567287	2.580639945	6.90976909365	4.88720715808	3.81812483058	2.16127238026	3.92438322349	6.63544025392	5.40058495582	0.425068643808	-3.87665060711	-2.14901874601	-1.02675937866	0.704673679643	
1.58241210991	9.0	4.49780385316	3.19606207899	6.4540366366	8.43434782012	4.03922872224	1.09053381646	9.0	8.99993903437	8.99999945324	3.97322894653	1.13248661729	2.85827874935	-5.98306662602	-4.26820254433	
1.481970516	9.0	4.15750908492	2.67761165082	3.62291036394	8.12198821373	7.63318091326	5.62274970606	3.13273914398	-3.27892605261	7.5463458633	5.49377158817	0.530166350895	2.27961160697	1.11120059517	2.81606952427	
2.35241831291	9.0	8.28488754033	7.75080743517	1.79059786491	8.93811461192	5.31412257254	5.38553758356	3.95636392267	-5.92803168408	8.68022711296	5.3446502987	-4.49792804579	-2.77692671657	-5.99913881379	-4.27768892318	
1.45379484681	9.0	4.14272969916	2.6453193988	3.65511678882	5.08660755572	3.24731910905	2.12665433358	3.60909093247	2.84042845423	5.40215661588	-0.0502182699913	2.57458360687	4.30691726055	4.11174152988	5.83327430882	
1.84616098548	9.0	4.9206845428	3.86109374392	2.04165396118	4.78675261559	2.63100627235	2.13931354595	3.15911072265	0.675074896706	5.38420833461	-0.409011753696	-0.847959412845	0.976691699483	-4.428598738	-2.56722459526	
6.86460348708	8.9871185254	4.62043254965	8.62271509994	9.0	9.0	2.12311904052	7.32866173079	9.0	9.0	5.45850639892	-5.79750964807	-6.0	-4.28099745424	6.69749926425	8.42341117224	
1.70659150047	8.99804813897	8.97334443491	7.93210927201	4.49150447208	4.26912561516	9.0	3.20794261012	3.64081965104	4.4122489531	6.09480379215	5.22381442477	-3.16103904587	-1.46000956143	5.45571044001	7.23548912102	
1.7871927594	5.2001809575	4.85826467287	7.55995470424	7.40635221364	8.63571324361	2.04250686893	0.200840105607	8.92421664843	8.85928012403	5.64345534655	0.321398564146	4.08403500227	5.80361502984	4.10109971232	5.81975864301	
1.68093132576	9.0	4.24851224077	3.04932889245	3.60142044937	7.8260888415	9.0	8.27299114007	9.0	3.03679259261	6.21329272193	2.64032460314	0.0292556126905	1.74851964278	3.57641646217	5.49569834833	
1.78171974752	9.0	4.31502463818	3.16894969741	2.02418281202	6.53417008978	2.32141145855	1.55044521606	6.08360122174	1.73028538361	5.28549582312	-0.0580827419417	3.73288900374	5.38300488294	0.658857850225	2.45956430909	
1.70082881096	8.84184418913	4.2992480788	3.19266635744	2.80863855738	7.07514721062	8.74534105622	8.39436686601	3.40803539306	-2.21397880113	5.47203901217	1.26904115663	1.29777132563	3.0914687384	4.72424481763	6.53654683295	
1.55476332345	4.63104092907	4.44557957449	7.45717585923	6.99970185117	8.0201321284	4.19846491726	2.04774235364	9.0	6.36943924291	6.11500327944	3.95241240424	3.70444386454	5.22217709108	7.29677733187	8.93521488733	
1.7090662669	7.91685818431	4.66243565756	4.4951470977	4.39659061536	8.73657690598	2.55003108976	1.27500740088	4.77505998058	-0.666906464239	8.53993180408	5.0537720747	-0.781711533137	1.02548029764	2.28980498803	3.90607101364	
1.67632738471	8.92180822638	4.21688934394	3.16081432031	2.14169132381	5.73191303202	1.98016757922	-1.00717700041	4.24875996291	0.884888475924	8.99805508063	5.61007200088	4.61973922027	6.25071918988	-3.54478591273	-1.79896194372	
2.71835084142	4.7448791605	4.91108674417	9.0	1.65017144123	8.82890278895	2.826002062	0.152027355672	9.0	1.35750221507	6.50591112509	3.64343434877	-6.0	-4.27830834163	-3.80109033524	-2.07987108061	
1.45258742276	8.57567644159	4.40311365355	3.33528253544	4.51108370188	8.98236692999	5.00274222158	1.66280792678	3.20942580513	-2.32395943329	5.5325448827	3.97995501011	-0.457991957958	1.22534726126	-1.96831361563	-0.241649381601	
3.44786768002	8.60696515566	5.13143185255	6.03610243652	4.573767922	9.0	1.63177762825	2.09866656656	8.50059616992	2.4961127036	5.87415172314	1.08991345667	1.25835727523	2.8954773866	4.2487083512	5.95258049088	
3.15401820385	9.0	8.6164070174	9.0	1.58337188505	4.52357037005	8.99759726368	0.270951741766	5.42261727775	2.16416802433	6.25369072052	9.0	-6.0	-4.26649143571	5.16848477481	6.8378196311	
1.62229510658	9.0	4.73738367004	3.33317593156	2.17790260124	6.23321321835	3.53186067001	1.52180475292	3.1536211178	-0.121323707973	5.52027404304	0.976711589651	2.5340996418	4.18869614952	-3.2068214279	-1.53639759586	
1.50085475322	8.9239001042	4.42617396257	3.03747934941	4.0831300283	5.87610338065	2.56155863711	1.15300462833	3.71710473878	2.49106147925	5.51421927974	0.287777402095	1.27708708339	3.02737565387	7.3808982594	9.0	
1.55397470132	8.47028824078	4.066685	3.29538086405	6.57557980116	8.33101857292	2.26515702053	-0.918594011596	4.75962933211	3.2789600133	6.24492739618	3.03129880219	2.09492932244	3.86280423068	6.65771120236	8.39152358465	
7.34045505119	9.0	4.44260627804	8.82065095854	1.41891331986	5.78160615631	7.2967902991	9.0	8.78765175966	-3.38009562954	5.9276281837	6.03727645894	7.09114153815	8.80194996278	0.597848121695	2.25386940669	
1.57591982925	8.99126936227	7.18647048863	5.88555440188	3.10286400429	9.0	9.0	-6.0	5.25900237962	5.24788833917	5.83159619038	8.92447453282	-5.77441994633	-4.03869271134	7.27257887452	9.0	
1.61594997565	8.61203209739	4.37306744046	3.36159355113	3.37024504786	4.09880352573	2.04900558984	1.09848529327	3.93909825922	3.58980268868	5.39085848721	0.00744218395329	2.80526489926	4.53292770108	7.26110658998	8.99873588255	
1.58254616702	8.17185795316	4.69618385836	4.21174424739	8.96253937252	9.0	4.05054693157	0.594341957721	4.43025875915	7.98171592303	5.61218813891	-0.514101700802	5.89439073258	7.62308649654	-4.69742977878	-2.97016880968	
1.66628574725	8.30034828413	4.75349381951	4.09319452242	2.59042191087	5.88986175972	3.79455116144	1.0271503927	3.72108300281	0.680501718485	5.7872215895	2.51075716973	3.22460995812	5.00738168276	3.67702117157	5.35944076816	
1.55416172455	9.0	4.70781738643	3.41361074391	6.08291558121	8.95164705447	2.5398202432	-0.640423991095	3.95122541931	1.71094631534	9.0	5.58696650099	-2.26262444398	-0.537859119071	5.71199519494	7.58979072605	
1.61178357423	7.81659270064	9.0	9.0	4.09597177472	9.0	5.3793987007	2.42174859426	4.73547095037	-2.40955362022	8.99999991153	8.07089467968	-2.03507244759	-0.270438780248	-1.95103940145	-0.255211383814	
2.41413585784	8.44134813975	8.91322109577	8.99996515469	3.04282725817	8.98135695135	1.69250171632	0.895821627209	8.47225952456	6.918304347	5.63111951137	-3.95396146296	-5.86581778561	-4.14477800322	-4.97373695731	-3.25244210647	
1.76482307358	8.45622394262	5.92121877457	5.40055634621	4.92287395303	6.73508638363	2.40844955429	2.10919016134	3.80466238196	2.01735771108	5.38317922982	-0.512123180858	-5.99739110803	-4.27497330196	-5.97504765322	-4.21018238401	
9.0	8.99932694677	3.53191723907	9.0	3.82987812589	8.24024804178	1.29643379286	4.01568679899	9.0	0.644105477377	8.99494750985	4.87301802429	-0.647102292414	1.07483199965	2.98405756741	4.69537392389	
1.49645061142	8.96328030721	4.0832161951	2.6390581084	2.76599726158	5.87150913281	4.96573993867	-1.02507933663	3.91857098015	1.44778218455	6.16255037264	5.62907680006	7.3088989173	9.0	3.69404765589	5.39242476493	
3.1602079299	8.58740988896	5.28180310396	5.97813248613	9.0	6.5909715674	1.64663641835	1.26061620609	6.2316119166	7.55648511562	5.68943818504	1.13579854416	3.61444731758	5.30261263698	-1.24305881011	0.42269552848	
2.14051608312	6.93264416746	4.69366918724	6.15421017453	3.3402340915	7.63781222542	1.81358328676	1.46226474605	9.0	2.82795044243	6.48426752801	2.44500365277	7.10061492899	9.0	7.17243114076	9.0	
5.36020210687	9.0	4.80085522236	7.26669567089	7.13500421403	6.9141211434	5.20866159706	9.0	8.9980507161	9.0	5.58980977717	-3.96942277856	-1.44961302697	0.266057366972	1.31083354667	3.0277477445	
2.85099906734	8.9897089287	9.0	8.97494163945	8.99973127067	8.98403812847	6.97560195207	8.23963588895	4.70594575066	8.99688018482	5.55483766564	-6.0	-2.28490436809	-0.563586709054	7.27857889131	9.0	
1.96378595741	8.96582609274	4.79996553205	3.91718952557	7.9028095258	9.0	1.9743219412	1.5332954563	3.95165021609	5.02012387165	5.6261909511	-2.09996857054	1.49672994248	3.21441753203	-5.98903364022	-4.27072340395	
1.59149524526	7.96469144987	6.54072467608	6.28158706516	8.99982378274	9.0	8.82318697691	3.97038705097	4.45753017228	8.77083817123	5.63231634272	0.174744860726	-6.0	-4.27875216449	7.2783823215	9.0	
1.69284923405	7.46887934647	4.45471640773	4.73735131211	2.68537800327	5.62025308513	8.4018689803	-0.0189127890509	8.00294728215	4.67503708392	5.68605608953	8.50616943776	-2.51395295662	-0.864109624741	-1.89242295467	-0.0953275705734	
1.78067276112	9.0	5.48871602205	4.41575028111	4.95352174224	5.51942809724	3.11971487526	-0.464821199616	3.76527757892	3.49625401179	6.73135173289	4.02144973014	-5.91676348607	-4.26939440142	-1.43325435944	0.112969554995	
1.58475982739	8.96680362308	5.09978965444	3.8290896551	7.76967994081	8.96918699087	2.99755530778	-6.0	3.64292365637	7.99759819851	6.79031510456	4.2171835323	-5.99318955466	-4.26911797331	1.46568364694	3.18466982605	
1.52723952793	9.0	4.76893611829	3.33707638261	4.59651092382	8.88142304505	4.38837261755	-0.980245320267	3.12887004725	-0.836612748963	8.45271795939	7.45611759616	7.16337965101	8.75262797984	-2.73475893976	-1.1305395	
1.45649080915	9.0	4.25398797099	2.84078620124	4.68043720313	9.0	8.92996699133	2.97747289937	8.99822169781	2.79193863393	6.91211720038	8.80849285901	-6.0	-4.36018480373	1.95185216549	3.67544941937	
1.65213995376	7.7520287159	4.57002627968	4.61433529987	3.93872251988	8.99999930622	3.52578800101	2.44109196681	9.0	1.83211745197	8.99398882861	6.09494030027	-5.99411773159	-4.26719855377	7.03785656729	8.75418324295	
1.46138003208	9.0	4.33462781563	2.85261991784	4.32042606882	8.97505771852	3.71629198827	0.513394741635	9.0	4.84407593531	5.62678710415	2.49039532276	1.09613418205	2.83766229077	-5.59833756492	-4.00134612225	
1.94650296182	4.22418437984	4.88716599739	8.78557960273	3.93101430374	8.75917902395	2.07300702209	1.8077783214	8.89759530738	1.98729115227	8.12587665883	4.41688526208	-6.0	-4.26159247199	-0.759213553569	0.997005102323	
2.72537808995	8.85295119353	4.24623352691	4.19759465014	3.22030033496	8.01431977879	1.66946820136	2.29641754031	4.93764809119	-0.828202439877	5.35530198011	-0.265827781794	-0.831575164213	0.901731543261	-2.76743579539	-1.04319621073	
1.58818788598	4.26200879682	5.55918282716	8.99975624421	5.07384386447	9.0	3.96455423032	-1.1789363735	8.38349641139	5.26890713237	7.35293734205	5.68688665102	7.27730646166	8.99786977426	-5.84803941205	-4.12797151473	
1.98070341558	4.27146369745	4.6334236212	8.46023066188	1.82738377695	8.99195569092	9.0	6.88569869695	9.0	-0.511921248341	9.0	7.46087275641	-0.777334116895	0.945381209954	7.27822956797	9.0	
2.39156427794	8.7103643776	6.11604476764	5.90518469129	2.97044388524	8.99549973586	3.64612582629	4.37784324773	6.06980055324	4.82205080742	5.52694718133	-6.0	2.18148753117	3.92887591885	2.13781138103	3.85280156482	
6.86333139676	8.32854705432	4.55933652186	9.0	3.51399714092	7.92445566179	1.51059866194	2.63110085644	8.98116993733	1.88088846015	7.69824366045	3.58298928283	4.3787233472	6.1508214302	5.05795498058	6.74425298879	
1.73762458986	6.04008426451	4.64534941849	6.46448617798	2.14338318207	8.79402042315	6.25683115283	2.21163965919	6.90076715874	-1.7381336988	8.86730063248	8.88846190609	0.335016313029	2.056651335	6.43613659825	8.1571782913	
6.14217496	8.93382569464	5.63828972003	8.96088657807	1.58998391256	8.88223604866	9.0	9.0	7.86412322932	-0.507720383354	5.62855529145	0.709906979006	3.35522740994	5.07628425669	2.17454530609	3.89636937394	
1.43815614659	7.66202323596	6.426923757	6.2564972234	8.47967043971	4.40880714844	7.31850519276	-0.524771408303	4.45495076933	8.384247815	6.80761174977	8.82973289929	3.10102787825	4.76788943564	2.91727674407	4.66972162015	
1.67571530364	9.0	4.36849944679	3.2984050523	3.8278403508	5.69663845182	8.62179355636	4.42707238321	8.08963032946	6.64412336333	5.99542844165	3.55062300281	2.22504542066	4.06245163419	0.0752027545424	1.76396243658	
1.73679533836	8.98587130029	4.75189250269	3.6106234689	8.06340024547	7.76456709335	2.17694085247	1.0172553724	4.60502580425	9.0	5.60959588341	-3.32024642001	3.85058744094	5.57174681938	1.21751134065	2.93841981624	
1.39968017096	8.02137154264	4.76888535384	4.32217132742	5.98597188055	8.74773524057	3.76382979703	-0.28287244019	3.88920553264	1.13129362147	5.55281586831	3.48633594772	7.33664376764	8.99999783619	3.04232261709	4.72905973843	
6.67263249752	8.99999927585	5.04332771216	8.97362561221	9.0	8.99403124111	3.95394143244	8.98536686644	9.0	5.63327802946	8.47576304071	0.692516826687	-5.88516728167	-4.16221676515	7.20962330081	8.99390429251	
1.63525559782	7.23940553213	5.40678037017	5.9509241673	4.62000430136	9.0	3.32669805002	1.38399322175	5.90782661305	0.323569566957	5.62782259326	2.6174414891	-6.0	-4.28593861926	-3.73943489714	-2.04520383316	
1.82135174071	4.44719962511	4.99153971591	8.40473731301	4.78890479468	9.0	8.99276911104	8.8919973251	8.36333643939	2.32372298052	8.99959304256	5.09037566335	-2.53633980669	-0.923272458505	7.38275423053	8.99667667067	
2.00481910935	5.11430235279	4.81809787014	7.75290483799	4.6517962055	8.99967563271	5.47474117478	5.69261828236	7.55334290834	1.08809613778	6.25254281881	2.31906314927	1.12455858528	2.62855068168	-5.15410202218	-3.25198686046	
