1.51552356989	5.44448179559	4.47756790226	6.51986164704	2.60454155202	-1.42041979355	4.76869874832	0.182531550019	7.15690313878	-1.42166529463	5.56593780814	-6.0	-5.8252978325	-4.22403311983	5.52296026592	7.28830878178	
1.56264008279	4.9838016157	4.71360209217	7.40394530086	8.74736506564	8.04737719346	7.31149287427	4.65722561192	7.80676657799	-2.98983435192	8.80949882495	-6.0	5.67191461199	7.41962211593	5.50607730123	7.20967228628	
5.42690631119	9.0	4.47935737983	7.00911863104	8.85242769305	2.40162492889	1.57836539694	-3.67207525029	8.99957624588	1.61973250139	8.99785306669	-6.0	-3.65421939382	-1.93307803196	7.28018256135	9.0	
4.760992666	7.06613602272	4.95182052811	8.9535965559	1.59370111752	5.94569306775	5.65269318807	6.36309485893	8.70589794529	-2.55490217388	5.44482122001	-2.22000942702	-1.79465748093	-0.0994850987871	-2.39755193322	-0.504378909389	
2.31803449766	9.0	9.0	8.43064316601	1.77183014424	-5.41102606982	2.4173270683	-5.99855990474	3.94285837744	-1.07331175525	5.63345753862	-4.26089503316	7.27960780204	9.0	3.34710180236	5.06846779826	
1.68941819925	5.327629883	6.52210320494	8.94638924317	7.27566060345	3.09623623134	7.35721425941	-5.85167888064	6.76264188674	0.486485078106	5.78220056436	4.99394265699	5.87113649206	7.76062939046	-0.181837260365	1.57257457363	
1.59375500871	8.56083489036	4.53658055896	3.68296471904	8.87287742921	1.3860276355	8.15342941937	-0.534836699074	5.15736676463	4.20412949818	5.63293051463	-0.509316698406	2.9878262873	4.7097357663	-3.80167064501	-2.07763365655	
1.61819623419	5.17929434445	6.43558460993	8.99927289424	9.0	8.99999660325	8.99992848892	-4.68704172164	8.99999519333	-0.279912016924	5.93866205851	9.0	-5.46730110064	-3.74438679411	-5.96516815846	-4.24183709914	
1.42017470841	4.97939345741	4.45185841739	6.9749465036	2.56192686324	5.93453228085	8.90604294571	-0.493880746478	7.92421094402	-0.0438668966555	5.3216788693	7.40095070188	-0.117303061219	1.5718288163	-6.0	-4.22853121584	
1.62215226828	8.99989555986	4.50591800581	3.23861756656	3.48379743788	1.89380336809	2.78640064906	-6.0	5.09440409866	1.87243003508	8.87322275525	6.02785636618	-2.51741261469	-0.79605207613	-0.321627851592	1.40005781463	
1.59016056338	8.92706358637	4.54200345817	3.32182141432	5.53211337552	6.21580628679	5.00346217228	-5.79504754584	4.65180155981	5.50198214773	5.63211087263	-4.26996786688	1.42937332463	3.15153289263	2.02944256526	3.75397958136	
1.91012549541	5.86401931179	4.65379703014	6.78205244984	5.24919679969	4.01976085687	1.9234361826	-5.64491621582	7.27792006598	0.691204580485	7.98085854108	4.22341706575	7.26314459155	8.91810873125	7.48678552907	8.9976102508	
1.63896165084	8.86290661233	9.0	7.88868054344	2.63545894066	8.62693764375	8.67753752731	-2.54201098645	3.40147447423	-5.84260758342	5.63337684014	-5.88641053528	3.82144424437	5.54260872787	-6.0	-4.27864854539	
1.6127225958	4.26899326908	4.64873220139	8.10799488472	4.10101151351	9.0	8.99998497235	0.060566436809	8.74170109809	-5.52559832161	5.80039534438	3.79521293993	-2.89400825602	-1.08863802391	3.25171540317	4.93386012166	
1.58909792403	8.99999539686	4.5071657646	3.2084230745	8.97052070399	9.0	8.82838897015	-5.26458245238	5.01389244526	2.41460993043	5.63216935408	-5.26787182837	-0.0507588346984	1.67054687478	1.13585414159	2.85623713119	
1.93501046731	6.04902985592	5.09596030949	6.98614287544	1.8146463369	-4.74362973416	4.18333268342	-1.00910103185	6.56598119584	1.68788709542	5.51514154748	-4.35609765706	7.14893230167	8.85717140259	2.28053742914	3.99879078558	
1.61363194536	4.99995504561	6.07771504241	8.89652680588	7.90293295547	-4.6274426578	7.09839658311	-5.60521856209	8.96645661669	-1.41916929382	8.98528833259	-5.98633152747	7.28876644165	9.0	-1.83749005206	-0.188136884657	
1.61241246015	8.26933467856	4.52159532954	3.97834254858	2.91206310683	8.93890129763	7.85001805777	-5.03259555752	5.59523762525	-5.52653195267	5.63320230828	-3.281267377	0.0571859290033	1.77870107612	1.00720840438	2.72861344248	
1.61484778628	7.6437240822	5.73346861402	5.80979488311	2.74231002624	-5.15464721586	7.74578876779	-1.78001812767	4.60321382809	-2.10073231025	9.0	-4.92035174794	4.52561313939	6.25613714587	1.23098110856	2.95089066463	
2.81625391275	9.0	4.87747295438	4.79933584402	9.0	-0.9276347226	1.61477326753	-6.0	4.94836220957	9.0	5.62965211303	-5.88697026645	-1.92618813474	-0.215282720951	-4.4784273819	-2.75357899894	
1.61431486913	6.53807773518	6.9837415513	8.19819392389	8.30079774495	7.27866926817	8.84163817862	3.41828620143	7.01160907699	9.0	6.78309338579	8.20397934099	7.09714420519	8.84393579281	7.02275891199	8.8146644569	
1.72566511994	9.0	4.5034283701	3.34295066316	2.13120947467	1.0021237762	9.0	0.840609279963	8.90853561985	-3.04456998138	9.0	-6.0	7.24687907235	8.96798063467	-4.12267258632	-2.40143424595	
4.58077399008	8.12581640316	4.50978753394	7.07866959818	1.85997372513	8.19102524533	1.9082395098	-5.74728792456	9.0	-4.07781013674	8.77938628695	-6.0	-3.2080789318	-1.48638014189	-6.0	-4.27880599814	
1.74598808042	5.10467792558	6.32568743559	9.0	9.0	-5.99894188331	9.0	-6.0	7.75899284607	8.99996389293	6.03989332158	4.31446081655	-6.0	-4.31312377412	7.1982787488	8.96759583078	
1.59580924951	4.78730114825	5.93101865773	9.0	5.45865322167	-3.7279073054	4.51109276144	0.261178828898	9.0	6.73417959381	5.62451721452	-3.94478500037	2.57235501052	4.23079986045	3.65204017432	5.41074294458	
1.59073584224	5.12496112543	6.42214088092	9.0	3.21363359667	6.30227735587	9.0	-4.67964477822	7.07135198558	-4.04975050044	8.9167701824	8.41506182523	7.18907117358	8.91030564954	-5.98267565671	-4.26288478557	
5.45320646508	8.98854762413	4.67159065381	7.25055994945	1.59162038343	0.26581180252	8.55749820908	0.171696978085	8.81503151106	2.7363201427	5.63303605385	-4.64142414003	2.80676784614	4.52789337585	-5.99094200209	-4.27049091081	
2.4255509018	8.8669166987	9.0	8.67105951887	8.99891452664	8.09394048849	1.66074383781	-5.37933723776	4.18034823585	1.53624084556	5.63380236209	-5.96787641098	-0.886986942897	0.834805009804	5.83521313965	7.55580748645	
2.72517712617	4.96545373569	4.36895386482	8.2873835084	4.86758465953	8.9737592862	7.91621744233	9.0	8.80124167652	-0.748400521544	5.67525942144	-1.69929213403	2.37415621113	4.09747293046	-1.15718062477	0.640671561085	
1.59207079037	8.51096109318	4.50897537807	3.70354192839	3.84609026858	-5.14895583597	8.99573842606	-3.61655398603	9.0	7.29947652012	5.63698501755	1.19247256141	-2.51909700519	-0.797774196769	-1.56529309994	0.155464396243	
1.66270685962	9.0	4.49059147287	3.26507253859	2.38039484667	-1.48409208757	8.65591392234	-6.0	8.62152954225	0.656260924056	5.62925444649	1.67076627307	7.27082717741	8.99118837488	4.97420227345	6.69414325706	
1.59186334923	8.86638000101	4.51466005498	3.35473459553	4.68832485959	8.97603243244	5.41714840125	-1.43140327861	9.0	3.76527066358	9.0	8.78241049078	4.70212362351	6.42339113176	0.614119286909	2.33529020864	
1.63083803546	8.17953785241	8.22656090702	7.79168211681	3.82483612957	-0.804874301526	6.89820894427	5.93884238443	7.71747318099	7.47337148567	9.0	-4.22111243808	0.336892198118	2.05868183281	3.60010400763	5.32137762521	
2.98959661008	8.31496380779	8.23271370612	8.99376867449	8.98730146955	9.0	1.60933852737	-4.43796509863	8.66390334686	-2.82949361851	5.6202465108	-1.34754310332	-2.83061182614	-1.11871827832	-5.90339806898	-4.1763864658	
1.55565372959	5.65779029489	4.28487337086	6.20668051724	9.0	8.4949891304	5.22443367434	-6.0	8.97244816257	-5.90211755173	5.5535830287	-2.45476026301	2.47157251155	4.16523396313	7.12107385301	8.85494927826	
1.59223908113	7.69879658431	8.99697223883	8.99810688608	9.0	9.0	6.41372119648	4.19816502289	8.89903772246	9.0	9.0	7.15272392503	-6.0	-4.30453592176	6.90360894394	8.64489966171	
4.625909497	9.0	4.35162508202	6.01404621804	7.31520859976	8.96178875073	1.55047571776	-4.23867631397	9.0	-5.9628509016	8.44562026505	-5.99758691512	2.11489412152	3.84005178337	-6.0	-4.26778405124	
1.74782756448	7.76887602332	4.51782958706	4.61137102098	4.5723705873	8.98121591714	5.98854134475	5.62248360243	8.43463954358	4.09249962225	6.03878615619	2.30461389871	-2.94407623417	-1.22284625857	-6.0	-4.2788922676	
1.50935936106	5.21871686394	6.82298576635	8.99528665531	4.18796465495	0.556743271279	9.0	2.02277665479	6.48852961144	-4.80380326521	5.70976770057	-6.0	7.21896893459	8.99930471501	4.19384224255	5.94051088905	
4.84472104389	8.1445323358	4.59360966965	7.40451617341	1.58493106846	4.94876252512	3.37051294948	3.19939481546	8.14353810927	1.4541028093	9.0	-0.0303321532512	-0.859445823092	0.860712628966	-0.124865070699	1.59904688708	
1.78515673672	7.97848780063	4.51614015567	4.43767520959	7.55167855473	0.990204169473	8.93413584961	8.6797932409	8.448659302	8.98018725212	5.63394830407	-5.57010937511	6.27364745891	7.99334897785	-5.84156318311	-4.11989626914	
1.98230706309	8.96198354576	4.56655898509	3.70416974255	4.57994027182	9.0	8.84474963134	9.0	4.77902721148	-5.99450943467	8.85403013674	5.04076934506	7.27951197377	9.0	6.60308266563	8.32676998657	
1.75585533077	8.79737363814	4.81095535013	3.88290205583	2.31948547796	8.98897511114	2.49669792191	-1.43812083508	3.9673561482	1.63621417918	5.63419808182	-1.0588289369	-1.31235849789	0.409016477612	-0.803663251494	0.917468890288	
5.35710474808	8.24351134927	4.23213491708	7.52612324129	1.47925641814	5.86000549837	5.65751326691	-5.81791838117	8.00695495354	-5.94640568471	9.0	9.0	-4.86084771561	-3.14785175862	-2.9541097973	-1.32074073121	
2.12748371098	5.49193319991	6.30812933068	8.96741530439	1.95225416338	2.98403429539	4.98930272832	4.52235453953	7.08494414158	1.06530569205	5.91881864707	-1.99898549937	2.64830243377	4.41051500855	-6.0	-4.35219658453	
3.79646588724	9.0	7.9786757236	8.88095454333	1.58349118048	6.02180218003	8.9544808134	-6.0	9.0	5.19268007998	8.89209108873	-0.640476576164	7.26801264205	9.0	1.34639467998	3.06326320765	
1.58299644987	6.85069384754	4.5652365893	5.38861485995	3.63829763477	-4.28156699902	7.74172031182	-3.48695320908	5.80567363053	0.0955272414597	5.62701407353	-1.57969047847	-1.26994871993	0.442661750967	3.57597162874	5.29817858342	
7.01490017866	9.0	4.75083210637	8.87884289719	1.59331984545	6.01251666506	3.64361299716	2.79421200415	9.0	-6.0	8.86000687264	6.86810322229	1.42785547203	3.14927221127	-5.94638938882	-4.22494288568	
1.57759482721	5.14281452381	4.48568178739	7.0271944198	4.60359966624	-0.288660930421	9.0	-6.0	8.99255243251	-2.23764967149	9.0	1.48760762491	-3.62217281932	-1.9012628304	-3.59875859739	-1.88122417153	
4.82817674769	8.99999670665	7.07844884735	8.99792909902	6.15394648647	5.76386023155	1.61865870283	-5.89482155247	6.48712121871	-1.34521271303	6.01698934785	1.84151782451	0.61577839666	2.2435074874	-1.6136958872	0.0954411912484	
2.04828834852	5.90660033382	4.59288937435	6.91471484147	8.19672120899	-1.50504194678	1.8234083571	-6.0	9.0	5.73046994093	5.76796590587	-2.81274618461	-4.80911376199	-3.14557390954	4.15611757829	6.0337145025	
1.59681009222	8.3339613552	4.50495281958	3.88065248181	3.46738542949	0.0748733980166	5.5382416459	-3.71275181179	8.91225767043	-2.2040549453	5.63543986944	-5.79960608064	4.79843784914	6.52023115727	-4.63849058783	-2.917641479	
4.94908785251	9.0	4.38622162403	6.3807276592	7.55414800729	2.2746482801	1.67909042871	-5.99940275604	9.0	1.24291611537	6.09562864171	-3.32130453203	-6.0	-4.48313347737	-0.652858727668	1.06314291939	
2.65915829935	9.0	9.0	8.77321789139	1.63236194126	9.0	4.50176594978	-0.874151922347	4.28632216584	-6.0	9.0	7.86676297279	-1.09337470895	0.627898543716	-2.40972976838	-0.688434196187	
1.67239622772	7.78087671974	9.0	9.0	2.30988179601	-2.85526618715	7.41678746282	-5.99992228766	4.50333862733	-6.0	8.70977781187	-2.16858571288	1.36344977737	3.08461979775	7.27900449946	9.0	
1.87257941789	5.4087594549	6.41899168469	9.0	1.91197980641	9.0	8.02265566971	-1.2729422776	7.10085670267	-6.0	5.6336571496	0.827328414871	0.0351754141892	1.75604527795	4.70796801494	6.42901304212	
1.82013280188	9.0	4.68010017171	3.63707787887	4.2003049978	2.68540062509	3.27264084465	3.02264393971	8.99557421371	4.84871650627	5.65770772399	-6.0	-0.0795101326705	1.63779606152	1.07263497128	2.8075648962	
1.59194129427	9.0	4.51945172748	3.22709013627	8.69671111264	4.99698316832	4.98188227991	-6.0	7.53843011638	6.42965246581	8.50003676259	7.84670101481	-4.52156253346	-2.80006616511	-6.0	-4.27870413438	
1.59448434315	8.99912567172	4.52437379308	3.23646165813	4.13954870688	-0.120451312285	8.8269419648	-5.82520410027	6.2617508442	-5.98672164239	5.63768878229	-3.04045411885	-5.24991948618	-3.52908885707	-5.90810611997	-4.18668555024	
1.56272424114	4.87426048368	5.79512491592	8.54687735382	3.11988686214	6.95783643934	5.61063144969	2.21789031105	7.281381535	-3.33421843298	5.80260018346	-0.0925547612654	7.4476306924	9.0	-6.0	-4.13867230871	
2.72299965388	6.91709532144	4.40344515089	6.26056098429	1.61826918053	-0.730292530027	8.55352485608	-0.0639261710208	8.06240620419	-5.922006821	5.64963302127	-5.83119134966	-3.32246420686	-1.60356389906	4.01017055693	5.72223873439	
1.57427310866	5.16040346216	4.23531313303	6.67366016345	2.37394186076	-4.9809896459	9.0	-6.0	9.0	-5.04003716703	5.607011883	-3.8013744389	-5.99264886559	-4.16787161931	-5.33640942963	-3.5840088406	
1.59757398097	9.0	4.53964632758	3.25787985888	7.19042159467	-5.99112483844	8.60213144283	0.182723521654	9.0	8.99982322996	5.63322883215	-5.93110348743	-0.743068641437	0.97819728303	3.13966601629	4.860526567	
5.52696626637	9.0	6.2271900508	8.85821351185	1.68159492138	5.39795197235	8.16037657901	-5.62000083845	7.32237467659	-5.99999650593	6.01363726815	7.48941797121	-5.97810691762	-4.48360849608	-2.22563053129	-0.492233164748	
5.0678931478	8.52947146664	4.89045337749	7.54296765388	1.58250889214	9.0	8.52320715995	0.5667338903	7.38767041336	-3.56062309857	9.0	3.49266749402	-1.28295636874	0.437798720642	7.236150716	8.95736992543	
1.61769818318	5.39898305334	6.52058817926	8.78851319147	6.13800838981	2.89708388517	9.0	-0.96611075977	9.0	8.08612271197	5.69100200216	7.9995335446	-5.09708398642	-3.31757886864	4.49268199658	6.21281789729	
1.58162233152	5.12688582197	6.43121848092	9.0	8.41984167229	-6.0	9.0	-5.94321511767	7.75934447831	9.0	8.99691965601	-5.24116011371	7.27561368218	8.99664535768	-5.66552525239	-3.94434130443	
1.63528120492	8.52674165102	4.6976521956	3.91975834279	2.52216582768	-2.59548245281	8.85486674549	-0.524248672749	4.15961889597	-5.40374766795	8.99529384653	-5.99972616014	7.2789261398	9.0	7.27852534282	8.99975070722	
5.45036579249	8.99709315453	4.50993640667	7.07673970132	3.06038562425	1.62688615894	1.59598911957	-6.0	8.81191618515	-6.0	9.0	-6.0	-6.0	-4.27863153818	-5.75881520494	-4.03810859443	
1.68820582432	9.0	4.7793400293	3.58153404304	5.56256371874	6.81797829495	2.30733298316	-0.907932041535	3.65161984899	-5.7135693278	5.63306173046	-6.0	-1.33273112639	0.388480150621	0.779329041764	2.50061010852	
1.59160469039	7.95846607532	4.89541801401	4.64243110158	4.58279375197	9.0	9.0	2.92920297171	4.48990206847	-6.0	5.63270521899	2.07475499213	-4.3084467854	-2.58713159788	0.170487086152	1.89174831945	
1.60113741493	9.0	9.0	7.71471265489	6.50598416697	1.21071000634	5.11587862957	-3.21095991945	5.59385599341	8.87134177957	8.93326179535	8.4157737848	-6.0	-4.27910208483	-6.0	-4.27864547181	
1.687736698	8.54508720447	4.48184859376	3.73021693338	6.79115797192	3.9772828692	8.15119808942	7.58178311909	6.57321906284	4.36794159098	5.62732033964	-5.03679630167	-0.682634332514	1.03933976238	-2.61484575491	-0.888797138015	
1.66169220085	9.0	4.51279143079	3.2888034582	8.85389008619	-5.59110605915	2.41735769268	-6.0	7.49006119865	8.72059330111	5.63412098578	-5.92763338201	-5.99937130116	-4.2776923258	-6.0	-4.27896056085	
3.86619624607	7.24393037325	4.74835752455	7.71288983214	1.781432691	0.0432580913079	2.18335997527	-1.22653464117	9.0	2.34702448137	5.88552775326	-1.92261801628	-3.44946811288	-1.79276186748	-5.8355777265	-4.19185910368	
2.39686992377	9.0	4.5060726534	4.01580623835	8.10805419518	1.51792007657	1.66335767805	-1.80593396618	8.78172647832	6.30788994464	5.63188977735	-6.0	-6.0	-4.27954593948	2.79334086481	4.51483634825	
1.59401454503	8.65947803787	4.52926388808	3.57784327421	7.55368020069	7.59008880988	3.79977658987	-3.85437794725	4.98734102495	-0.893024970085	5.63353993128	-5.99849166747	-5.8620649281	-4.14088562773	7.27725215897	8.99843154223	
1.85195727161	8.97795673624	7.89723577447	6.88509437173	1.99189898328	6.56554080546	4.0184116879	2.8653121708	9.0	7.49163232767	6.22008490089	3.42135923574	-1.9704793464	-0.248728533959	0.0531144908202	1.77416431648	
5.36615419944	8.978190912	4.68081883886	7.21976316804	1.61815946556	6.0973316313	8.97618013066	-4.01861212654	8.40487406296	-5.40879381429	5.89385440657	6.44064214137	1.98975116343	3.66785848039	4.45535962915	6.1893762872	
2.49684849067	6.06824589484	5.27670212836	7.81140453226	1.63251710712	2.57493680147	8.35718509443	2.94368028168	7.09612043973	-0.408478777872	8.9682793673	1.45011950458	-1.14255970266	0.580595471846	7.10350700332	8.82752216848	
3.64138742692	7.20285359333	4.61626978187	7.1591225852	1.59299266173	9.0	8.37869093931	-1.36434099818	7.62404661545	-5.43742868311	5.63786500542	-3.56741285208	-3.62400767405	-1.89774095324	3.67214538253	5.39053494791	
1.58833538466	5.7074013045	4.73248894735	6.71817623817	5.31245990211	0.824659787153	3.61940384918	-5.99234973217	6.86178355516	3.47315678798	7.30112882517	5.25622503241	-4.7053634575	-2.8685707866	-5.65113609681	-3.96288691309	
1.64203367378	7.75083985871	9.0	9.0	2.54882363168	-5.01757888428	9.0	3.70975859843	4.54566133184	1.45951872287	5.63354685659	-5.27026324244	7.26377246361	8.98504075586	3.07694231678	4.79811100472	
2.58610279072	8.49414887517	4.51138221586	4.71585233646	4.64784563099	8.97790821465	1.63800489031	-1.06257601322	8.68426951305	-0.221725448355	5.63752971887	-0.930717247418	-0.574416330874	1.1468679168	6.22531481065	7.94645270856	
5.45442148561	8.99234809707	6.39599417421	8.97340889949	1.59021534519	9.0	9.0	1.14300303575	9.0	3.48742250293	5.93433600143	9.0	-5.98165600309	-4.26058022749	1.25544363452	2.97742534529	
1.59213284764	9.0	9.0	7.70690816965	9.0	-0.0670571039437	5.54584152339	-4.77397148825	3.21199901527	-1.14908608746	9.0	-4.31560043892	7.27893582054	9.0	4.67906147366	6.40067811336	
5.11754137533	9.0	6.83800035882	8.99808723483	2.10311887303	6.86996935408	1.70182328431	2.86477639853	9.0	4.4596881936	6.86383762874	2.98327932866	5.86758534648	7.53044120381	-2.68736841589	-0.951307796717	
1.59125576516	8.98643105247	4.83568204968	3.55645050619	4.11935484506	-5.87342581972	9.0	2.72994991918	3.52238025088	2.42978565615	9.0	-6.0	4.72181869834	6.44341013334	6.89250978526	8.61534292077	
2.88530092331	8.99987734398	9.0	8.99999954856	8.98661700973	3.06847101141	5.69561988678	6.97642443511	4.50403439674	4.31853339729	9.0	-5.99718732781	-1.89947935168	-0.178143302813	-5.9985964535	-4.27751312115	
5.04266228578	9.0	4.30413715881	6.45287500754	6.22091680856	5.60314849121	1.5764533023	-6.0	9.0	-5.94605413313	5.91380360705	-5.93784465355	-6.0	-4.25537917127	2.84663740376	4.46019834153	
5.16121484927	8.99869072792	6.81999767416	8.91919366355	1.53930054563	-6.0	9.0	-3.26106884028	6.553065261	-6.0	5.66067743107	-6.0	7.30356897872	9.0	-5.87892312506	-4.14450376533	
5.07966687562	8.99998878214	6.88215622778	9.0	1.56815432516	4.76319780418	5.25912050756	-5.99963016245	6.73137546162	-4.96640434282	8.99979644903	8.67245170689	7.38988742963	9.0	-0.633628533668	1.11637808281	
2.24914396503	8.99821671159	4.50480887064	3.86869507221	1.69689459403	6.11710049465	6.79780329701	-3.0713276329	9.0	-3.00624294502	5.6950679213	5.98199561568	6.72145324301	8.44331699592	-0.497483800035	1.22308343438	
1.58184276937	5.12724640587	4.51082103466	7.07948349833	8.33632901334	9.0	8.10540666441	-5.99994121785	8.99956462078	-1.232132843	8.86636360767	-6.0	-5.97835305454	-4.25712460806	-6.0	-4.27856462231	
1.59025640054	9.0	4.50971714043	3.21355563113	8.99582059575	9.0	6.99295717012	-5.98898050302	9.0	9.0	5.63310086122	-6.0	7.27917769448	9.0	1.40064882114	3.12199122351	
1.6122181091	5.25569488865	5.07069055642	7.48937727543	8.85094054833	6.79186699966	4.13659362148	2.70885745971	9.0	0.618430843409	5.60249703764	-6.0	4.14732324712	5.86597648899	1.69768739697	3.34794415973	
1.5853990518	5.12796111753	4.55426181395	7.12592447422	8.99785217746	3.47883412807	9.0	4.04056933871	8.45418477701	8.61276405993	9.0	2.275756952	6.70198026339	8.42349294045	-6.0	-4.27799769455	
1.58383377312	9.0	9.0	7.69462766222	8.97226317293	2.27161795957	8.6285674779	-0.937107145365	9.0	0.926478663198	5.62734696573	-1.95454792059	7.20472476808	8.9247721185	-3.94216734214	-2.22208546024	
1.59074434383	8.06826047936	4.5380980886	4.17372420624	8.51398398852	-3.57664148507	8.68744169002	-4.64485713459	5.29383083865	3.7838471654	5.63743013438	-0.547826832095	-5.04192667103	-3.32338735734	7.27899312438	9.0	
1.5946085491	7.72258742411	5.58860406421	5.57328516789	5.18716888409	8.00850667441	9.0	6.65007172922	4.53535168001	0.936903540947	5.63718518358	1.66653199417	7.27898277855	9.0	-5.99537513345	-4.27423085495	
