4.62666740494	7.99913543298	8.73670062775	8.59973398206	1.69832163281	6.07969370589	5.65812183935	1.37367776665	4.89958783308	1.60850212307	9.0	8.9974859022	-0.474533512683	1.27730339416	2.80495659124	4.57437254657	
8.95352269792	3.78052472127	4.4823313783	-0.014694183974	8.05563806867	9.0	2.02681978758	9.0	3.15709613928	8.93817303774	8.99550591548	5.07457470158	-3.29586713386	-1.57373014968	0.168035665497	1.91061058763	
7.27588673919	9.0	4.51356383159	-3.75318625845	9.0	8.69229873335	4.99025059945	6.76228952246	1.89563677261	9.0	5.66892091682	3.76007637808	-3.88950117802	-2.1666397376	4.58364390304	6.30563168313	
1.55768652498	5.44038931671	4.29086431979	4.4951461381	5.40430883094	6.355929096	3.81449985337	2.44010872273	8.99689055066	8.98961765989	5.66105354438	2.00718009501	7.2530058594	8.98818220317	-3.98422032774	-2.25773078881	
1.58999960561	5.13927128269	9.0	9.0	8.82359591741	9.0	9.0	-1.72053528495	4.83988578001	8.8827503219	5.93173566614	9.0	-3.55664810221	-1.83538806701	-6.0	-4.27825756662	
5.61575153907	7.8997736344	4.50990103819	-0.173353501698	1.84363236448	6.25762776478	8.94981839279	7.90852120463	1.94760846559	0.0643110716702	7.79759777565	8.82362545283	-6.0	-4.28049419204	4.5235918574	6.24453587973	
4.02479101168	9.0	4.73109500159	9.0	1.57578632784	9.0	4.28962357473	5.06435357833	9.0	-6.0	7.7205579091	5.37565465731	-6.0	-4.2783352431	-0.0234972387041	1.69704388552	
9.0	9.0	9.0	8.90484921698	1.56265336717	9.0	8.46462166547	8.99999949006	4.3277433647	-6.0	6.45153866156	9.0	-6.0	-4.27533802907	-5.99889402857	-4.27685201784	
3.58884973792	9.0	8.0474362447	5.45002770187	1.88088646453	8.93206372079	8.61649243719	8.00403454864	9.0	8.97822245488	5.61757316611	-3.49915846152	7.27766390496	9.0	2.76727861008	4.48827737175	
1.58753706557	9.0	4.50335276826	4.93185035504	9.0	8.74410018831	4.67886506752	-0.796366112139	7.37528925422	6.33047131683	8.99189508295	8.04079874205	6.41048953948	8.13086755393	7.2730033107	8.99489113992	
1.79165062041	8.94408470325	4.47522418206	-0.455785260862	3.31950570969	6.18029464258	2.63017700099	-0.116012111339	5.75711997754	6.95140591974	5.79338836154	2.37412873111	4.43744622239	6.15682730645	-0.54466509256	1.17573501097	
2.67589230287	8.96839125589	4.77781480571	8.90372107828	4.56236572754	8.98291136332	4.29089482925	5.34422555706	8.96242479824	-1.1231021266	5.62168808106	-0.0799319262368	-5.5669623891	-3.84907146677	-2.8630465116	-1.13388603537	
2.54169824033	8.93503849176	4.53773981793	0.458374080081	3.07234792721	7.46580307676	4.42406532438	4.05036863333	1.68935161085	0.182615937047	5.64127831429	0.933363011332	-1.13382365991	0.588378984183	0.861204132148	2.57815559895	
5.09604658742	8.99999982784	5.72210149566	8.08361887796	5.22637658956	8.49273145306	1.58745707551	-2.23407551823	9.0	7.39296419831	7.88755261935	3.88031649077	-1.24386784199	0.495231558323	0.966446883845	2.68512708669	
2.81389947641	6.21633182909	4.61323965957	2.10021428219	1.98937030029	9.0	1.93382946227	0.89891284568	2.5817343688	0.755445045264	5.63186811806	0.708018943135	3.12697722764	4.84829412743	4.35127586007	6.07025751634	
6.9553537734	9.0	6.30389994459	4.00821914164	1.70918001233	6.13058415404	5.73790555401	9.0	2.22317834988	-0.882422952256	5.63279049063	1.42218383153	4.88878938795	6.61032691172	-1.14974979013	0.571480057217	
3.67694907415	4.65977512675	4.261128485	0.971365287812	3.27678108391	6.8809776579	5.13162526389	6.71134054883	1.95050281196	2.86737386661	5.7964469095	2.07427723641	-4.78747580188	-3.0060674993	-0.236258117443	1.32720945712	
6.44790268261	9.0	4.52443312923	1.11552697613	2.33595003255	5.35905908783	2.00913475445	5.81850807926	2.2722247505	2.28578467768	5.57283725652	-0.304587699827	-3.32012538911	-1.60123469196	4.19194550949	5.92065821755	
5.45418447857	9.0	9.0	6.07753424772	7.31743622043	7.10633928459	9.0	2.97846733353	3.27351592833	9.0	9.0	9.0	7.27907930258	9.0	7.12562983712	8.84686280471	
2.77933585335	6.32962436846	4.51562553415	0.96568918025	2.00434040748	9.0	2.150535321	-0.62622926995	2.61791697367	2.35689407589	5.83216762948	1.9816842538	1.69124267648	3.41266151456	-4.9871919507	-3.2624488756	
7.15190859081	8.87448845194	4.5240559452	0.494445799607	1.87790728224	6.29563247728	9.0	8.75134616636	1.90055887773	-0.370144959477	5.65102511763	6.17650120837	3.26267847764	4.98430662235	-3.10466175772	-1.38404106703	
5.12134962203	8.99596805939	9.0	9.0	5.29131732411	8.8750383887	2.34395999875	5.80078733189	7.74362770965	8.54269817694	5.60285221638	-5.99999997668	-6.0	-4.27880597513	-6.0	-4.28223033517	
1.58544648625	9.0	8.99290223599	9.0	8.95690771853	9.0	9.0	1.36343698124	9.0	8.99997857082	5.62978821159	5.91889584474	-5.99999053893	-4.27862289997	6.95465751923	8.67589841114	
2.09729475015	5.80445537506	5.6705843295	3.8699948527	5.74720845051	8.98280146262	1.97630310576	1.9323362402	2.64711708732	2.11812054622	5.5933630098	1.04668380768	2.45509483513	4.28096999098	-1.02161311513	0.817486218408	
1.67087841163	9.0	4.50295109732	-0.954874385617	4.66465350709	8.77594829705	2.45967776288	-0.0616305573171	3.0639723732	3.02362652208	6.22892466671	2.92466380825	7.27796206997	9.0	-5.42146443043	-3.70051465332	
7.75941732685	7.67707868983	5.20600688602	3.81888702427	1.5965480936	8.97307538105	4.56285276481	7.94767791347	3.25767506895	-0.11345270775	5.57780748224	-0.218104972244	1.49267476642	3.21937471048	1.01427850097	2.73913500835	
4.27830082217	8.86999253565	5.15297339353	3.93282789735	3.30882447962	8.89349514321	6.30395055146	9.0	9.0	9.0	5.56408859527	-5.98741631597	-0.687748793015	1.03455604827	-1.62612300911	0.095943264611	
3.79541512844	6.72327203129	6.61582614538	3.71464840558	3.04246260647	5.65313494488	6.95478930085	7.96498676867	3.16044753557	4.42599288359	5.9805010845	1.12558859305	4.65750102101	6.35616289857	2.78760640473	4.56976388494	
9.0	8.88710651143	8.65013471998	8.99327808598	1.92026720317	9.0	2.16650343464	9.0	9.0	6.06772311373	5.63290778713	-5.46200144745	7.27979975284	9.0	7.2791825481	8.99999795453	
2.67311694428	8.2092471105	4.55790066326	1.3831003407	2.39299821278	5.56553606903	8.16560036497	8.93336324885	2.23589401687	1.87223195892	5.61772087081	-0.205347162568	7.27644571005	9.0	2.53920612957	4.26025316457	
3.23278775624	9.0	4.51904451641	-2.74718881108	3.29180359533	7.28036892664	3.57676983726	5.16331558305	8.70113519398	9.0	5.89341758711	1.62529927626	-4.10242278051	-2.36215798361	-6.0	-4.25152315718	
2.68707560111	9.0	4.52811506184	2.02416268442	9.0	9.0	1.63463761772	0.262886028625	4.03153113873	6.20390953431	5.84515706016	1.35436505129	1.71508220025	3.43595285268	-1.04618263486	0.674305626542	
9.0	9.0	5.03038980796	8.36569670958	3.98207271554	8.61960950538	1.65349249243	8.57219491824	7.80203721907	-1.8531603092	5.58839283437	0.437443608941	-3.57506925567	-1.8482288361	3.06949400482	4.80109404655	
1.61248621357	8.95972720459	8.45814547431	8.51261080925	2.89759449114	3.6656907517	9.0	-0.103130198457	8.98353778552	7.31532170989	5.74105889417	8.45963262039	6.06278841262	7.78440384018	7.27827722063	9.0	
1.87619139599	9.0	5.65640816771	8.65776704963	4.06698700263	9.0	8.98500754405	9.0	9.0	5.58803290391	5.55790240389	-6.0	6.37132343657	8.09439020021	1.44760453631	3.17444471241	
1.83666854552	9.0	9.0	8.42331664296	8.81707641334	8.9997255156	8.99930043694	8.98613304738	4.19164438017	9.0	5.48514474546	-6.0	7.27597199507	9.0	-6.0	-4.27145941661	
2.11812506541	8.97780561526	4.51389768055	-0.967900163871	8.83454496194	9.0	8.6532011891	2.86870248323	1.74774365716	5.96064146378	5.6530140176	5.79906376183	-4.9851593243	-3.26330440979	-0.803607314951	0.917852673624	
1.58435160327	4.56083296126	4.66731357071	0.857887121897	5.4194804076	7.58303306157	8.96530937051	2.98362540769	6.33495144674	8.92589790529	6.47150560627	8.52711339328	7.2421597197	8.89668534198	-2.4806309175	-0.722943972043	
6.55720146943	8.91063938961	4.48773045665	-0.209844803402	1.96417633164	6.26021702331	4.40020401807	8.99902131444	2.66690040775	1.93477733518	5.63330041458	-0.0693690990392	4.06342437921	5.78331746649	5.90730020578	7.6272699982	
9.0	9.0	5.42172681671	5.02011437551	1.57153760544	8.99995485786	3.27696477285	9.0	4.04178008854	-6.0	6.27164133826	3.65446718863	-6.0	-4.28668128905	7.28053658	9.0	
3.14471559258	6.51330966446	9.0	6.16498561726	1.87757084376	5.8289926473	5.07813119572	1.6931637015	8.48768263083	8.29721074551	8.99999633467	8.19690884901	2.17324204649	3.95641872888	0.365780983124	2.02857676147	
5.04030324293	9.0	4.48878279148	2.75906398679	1.58519064625	6.01436323298	6.31271452822	4.38250676539	4.9301761744	0.0587211099445	5.87617208364	6.13566060347	-0.503606321335	1.21547285312	0.21293150032	1.92942658723	
1.93716171173	9.0	7.79944236492	0.296249694891	2.31954832316	6.27077470627	8.98435493069	6.0884830788	8.69987420689	9.0	9.0	8.20241827721	2.63487589252	4.35610027946	5.21105046645	6.93272075143	
1.76251455153	5.13736957042	9.0	7.49141021644	4.00863093618	8.01742006443	8.29624270299	8.04244778071	2.7018842367	1.08723600918	5.46503863541	1.51066206993	-6.0	-4.41512035441	-1.78381134969	-0.0752651196345	
8.45144942413	9.0	4.04659583691	7.2953681821	5.87731275805	7.71609217431	1.50397412226	4.44533935718	9.0	5.19496812876	5.64662349675	0.91107837498	7.24389249323	9.0	7.32739469885	8.99924911417	
8.99129869839	8.99844657487	9.0	8.99978661768	4.79578303998	9.0	1.53683282816	4.80107524769	4.65384293618	1.50467354648	8.11584360569	4.09891961658	-1.89218466196	-0.188138031551	4.74751317976	6.44845982958	
5.68027217122	9.0	4.80647202944	8.98233113941	1.6132320572	9.0	2.87553154568	-0.276705754261	9.0	0.16837349022	6.84554685132	4.0634863486	-6.0	-4.27885622969	-6.0	-4.27904072027	
3.52646021849	6.18624036648	4.34185808834	7.46036406883	1.58589978879	6.42608583831	5.04427702374	1.62194769215	8.96250314598	2.22885898745	6.45535799449	6.09460006558	4.33846506072	6.06082373699	-6.0	-4.3506470014	
1.7442661421	8.79330964821	4.53137150082	-1.4327939479	4.64820808505	9.0	2.355197338	1.5559894347	3.61805274214	2.86562630961	5.96752946135	2.19918007502	-0.0469872187528	1.67475495737	-5.52209474074	-3.79888546052	
6.91081217708	9.0	6.36214433993	4.04947390234	1.80196229186	6.79878652541	4.60933747539	2.28586542835	2.09470941089	0.68995381459	7.39633608605	6.48759127642	1.45555322555	3.1973917232	7.33200139774	9.0	
9.0	9.0	4.37502539419	-6.0	8.62188306436	8.95718601353	4.90000543855	9.0	2.07431232808	8.99970586244	9.0	8.09896990642	-6.0	-4.27987197943	7.26675937189	8.98590522069	
5.96428321955	8.82206658713	4.50911464941	-2.92036968062	3.08022681711	6.61041154718	8.48712103312	8.93444267576	1.71563749119	2.54444734147	8.49388528956	8.37664873108	5.62819853451	7.34939621011	1.79484978528	3.51613712901	
2.53796750744	6.08184990659	6.64531864735	3.96985595902	3.96210855471	8.99475262433	2.09124167668	0.0633146836932	2.03263378759	3.72199279617	5.63277582336	0.186657902213	-6.0	-4.2789941359	7.27948544583	9.0	
4.68320568501	8.43366809709	4.34265689011	1.31883651875	4.95814793504	8.97934419176	1.51914668078	0.924418917338	2.71066826167	2.67502864928	8.9509482841	4.92111470887	7.01101533072	8.78105217225	-5.50372090869	-3.73951334292	
2.14458852227	6.06064764287	4.87043648078	3.39746851079	1.68854408563	5.73131572258	8.79955681201	1.94693401971	7.03839019262	5.18534326757	5.60309555546	7.95258949945	0.655922654989	2.43884067993	-6.0	-4.10735962104	
2.66988131609	9.0	5.75347650209	6.42679327495	4.58069052393	8.99668845973	4.35649027899	5.39746304917	5.20564575733	-3.04599548068	6.52439171125	2.43276070095	-3.67477181448	-1.95215647152	-4.12509847876	-2.40813405366	
1.60441954	8.87099874349	4.52573490444	1.36140390345	6.94577806383	7.14952026126	3.93738813724	-0.673717845069	3.25692662673	5.40045798752	6.84709206287	5.1241131299	-4.12262394306	-2.40367165253	-6.0	-4.2771837391	
5.31808635144	8.66575881968	4.64751547278	2.16108164816	1.85495079128	5.746677238	2.11868058776	2.50263033277	2.3519413624	1.83241053215	5.35337591934	0.814721877679	-5.7714420619	-4.04295855949	7.04279896871	8.82790868073	
5.22646657427	7.87627396618	4.57316279962	1.26421599765	3.4963282291	5.74849475999	7.02659692187	7.9240246363	5.56953789003	7.4685919732	5.47737455987	1.30406917903	-0.993066016843	0.909669832479	1.45239168461	3.207419399	
1.53126251242	5.12113913778	4.42578865084	1.73401256874	8.22076580643	6.38242709118	9.0	2.63226446094	2.30459824171	8.01320911269	5.43856473119	7.21804747096	-2.17478879974	-0.486235276685	6.00816576118	7.79474519383	
4.00153242734	8.99171795145	5.15118861848	2.71617570653	3.63249409189	8.96600632135	4.77984192815	7.1595200278	6.03744971307	-0.237551360107	6.15908344897	2.22524161279	-1.74836231482	0.0209743905965	4.14673315853	5.90968651805	
4.23651021428	7.37259311825	5.35686814908	2.19320144612	2.18623856065	6.85230288312	8.99712505582	1.97489242968	1.86228885604	1.48738456793	5.91943729823	8.8528239494	1.78591296524	3.56519232735	7.09722836349	8.97377943517	
9.0	9.0	4.43000000433	1.63943017337	4.02055423997	9.0	1.61441002694	4.30687024485	9.0	8.28393336537	9.0	4.97471901387	7.33798388378	9.0	0.109802984008	1.8486900211	
3.01675744684	9.0	4.5208242999	4.92950538116	4.08997496722	8.50628204741	3.20921452685	4.60461319622	9.0	0.94691066799	8.58500391335	4.55443368386	7.2784271728	9.0	-6.0	-4.27938718519	
7.95186387829	9.0	6.79070160912	3.99160780603	8.41848256336	9.0	2.22263202255	4.65339668753	2.40534651301	9.0	5.58237897883	-2.16112216719	-5.9689144167	-4.24764890232	2.37405931254	4.10797073643	
6.02348107395	8.96601608307	4.50379384405	-4.8616039008	2.46583567091	9.0	1.91769327552	5.72253545452	8.91624462438	9.0	7.89797611394	4.0129432073	1.40724721104	3.12273896473	6.41673114106	8.13552097463	
1.66036395556	9.0	4.51733324501	0.70671005308	9.0	9.0	9.0	6.5508676324	2.42654604868	5.38964288697	5.63346907114	1.70744101171	-6.0	-4.27841377287	7.22340506272	8.94440098686	
6.55869043228	6.76623200221	7.74342322751	8.29236678786	2.89166366008	8.97420943407	1.62373872089	4.96050685587	7.06391282523	4.89970478202	5.61873891782	-2.27810404894	7.27628740987	9.0	-1.76095474471	-0.0394945207362	
6.32127729873	9.0	7.86872174393	5.03233001832	4.22236104685	8.01680886515	6.98147478614	8.19334730517	1.63145680475	1.45428252178	5.47435269077	0.950356229398	-5.99980790745	-4.32429188255	7.39498714529	8.99999372056	
1.61858175334	5.56330182352	4.62105579713	2.73633244851	4.79490156829	9.0	8.84195114407	3.13523033268	3.55591267725	3.14222923492	9.0	8.99200329315	-1.80973411908	-0.0774654203243	7.24766392982	9.0	
1.61130306809	8.81794677507	4.51921982078	1.12210344011	3.33849910291	8.99998388387	3.66124436721	-3.4726737804	9.0	9.0	6.00289359726	3.78323296706	-6.0	-4.2787465354	4.98475596301	6.70562334483	
6.02424720561	9.0	4.54850073436	4.57649030772	2.55714128838	9.0	1.64905083484	1.56503841202	5.66461126674	1.3904515911	5.67750462915	0.707826864661	7.17284368423	8.89185463478	7.28575501115	9.0	
2.06445812565	8.99055490071	4.53324289831	-1.37429759345	5.4628561993	8.06380719417	2.40070293467	2.56331927738	6.49005602944	8.27616675707	5.66663793846	0.216382917632	-0.837392972829	0.883841561723	7.26648659535	8.98706133257	
1.64969246161	8.52296023378	4.50742324079	-2.64969161292	4.07480369457	7.52875530957	6.29584006689	5.34693619428	8.0760898922	8.99910798453	8.9956976336	5.96744779289	-6.0	-4.2791780222	-3.26218126984	-1.5409024344	
2.41090123743	9.0	7.53942642193	5.51744614232	1.77026674739	9.0	8.02772363725	7.86781614995	2.40531294675	-6.0	6.08073461286	2.94931111647	-2.14869024541	-0.429244345079	-0.854239274588	0.865624800621	
1.5774905774	9.0	6.36965312413	9.0	8.74192916908	3.76443938565	8.1819917013	5.86600013953	7.55784116866	9.0	5.56128490503	1.47192785355	7.29570231662	9.0	-5.67787258828	-3.95560384756	
6.42692261917	8.60199524931	5.03697224348	8.54260479503	1.62379662896	9.0	2.60562561182	3.98511037518	9.0	2.45285775476	5.60604896703	-2.17393124073	-3.20622829214	-1.48383842456	-0.658968598778	1.06065188925	
2.14221614393	8.75123243187	4.51225229248	-2.54058392266	3.71768445928	7.29846866416	4.29623664809	3.85244931149	1.83883420919	2.60188818037	5.95467019032	2.61566026218	-6.0	-4.28597392205	2.87119607598	4.59101778934	
5.27579378857	9.0	4.44568059938	1.13664305803	6.72270429115	8.99896574939	1.97467525122	0.890067935845	1.74608842352	3.75148887592	5.89751177186	2.33035824159	-1.91978045941	-0.259254593112	7.32156437263	8.99805032315	
1.62473485116	9.0	4.51633936454	-2.5177624212	2.83602553349	7.1366369799	8.92707256011	4.91380269755	7.19188251437	6.68241334587	9.0	9.0	-0.422472482848	1.29861513463	2.83195800288	4.55377156693	
2.70909526395	5.85495950346	8.96304483706	9.0	1.7109093853	5.91145088599	9.0	9.0	9.0	5.75405274653	5.54692462389	1.61173966338	-6.0	-4.32105991157	3.49258476721	5.18645208033	
2.80434640199	9.0	7.31156137068	5.90425933762	4.5856445017	9.0	4.96566282374	6.13794823102	3.09989338804	-2.64224537218	5.79346254116	1.2787703535	7.27781875482	9.0	-6.0	-4.27982151303	
9.0	7.29626686325	4.47891742876	-1.0358614885	4.9734273309	9.0	1.88437783655	9.0	4.17471087106	4.3912963879	7.60410756309	3.57764523177	2.29822409877	4.0173737327	-0.475105417393	1.24432739592	
6.92929129101	9.0	8.66405869307	8.94950998233	1.58751663034	9.0	8.40275845661	3.41552065547	8.99047906145	1.92007797394	5.88299912718	8.29033247383	7.24652261807	8.96798417452	4.72474006684	6.44572726643	
1.83951154967	9.0	4.45765436924	0.82576456413	1.9797304577	5.95522056508	3.47028670504	-0.329349333938	3.16767326821	1.96702867479	5.93838109584	3.54704493286	-0.601845251208	1.11846653234	1.63377256903	3.36544587585	
5.7853088361	8.11527061868	4.84660791544	8.81754945206	4.17804468374	8.65267341098	1.91171568243	5.85079739808	8.62282312191	-1.96989252058	8.52015225255	4.51796507119	5.17025081295	6.89413857746	-0.986101540969	0.724979284002	
2.67700713359	8.99524678741	4.49653948304	-5.99879481371	2.44311594933	8.93452379312	8.07369031764	7.29615696964	8.14042097642	8.88144727994	9.0	6.8353731336	6.85102990744	8.57239945178	-6.0	-4.27884158506	
9.0	9.0	6.17945914795	6.20258895775	5.56718161316	9.0	1.59188453334	5.13733570215	7.97841722666	9.0	5.63515093336	-2.27043447552	7.2787430684	9.0	-6.0	-4.27872319743	
5.16111275212	8.73827342072	9.0	7.37088992452	1.64907341163	8.99618930366	2.59258497439	-2.19476319298	3.47847188372	2.20544672353	6.53383920348	3.40886251646	0.847135154848	2.59870021035	1.52631699635	3.24802539381	
1.9057282407	8.5360774668	7.85690608394	5.61553029904	9.0	9.0	8.96603635992	9.0	9.0	8.9980890235	5.78232882286	1.47956338015	7.27843647036	9.0	3.15587151989	4.87681600267	
5.65130660127	7.68250357912	4.61227693634	3.58501248545	3.57735276839	8.45562730354	1.53840210894	2.38330214291	8.60415579181	5.83542842146	7.62129644077	3.79566896994	0.235620690995	1.85029018048	3.43282299123	5.13828169003	
2.37879994958	4.90758643853	8.26656004881	9.0	1.85900197239	8.99993542128	2.14835246758	1.34861001905	5.24199232041	-0.194167065765	5.77625472096	1.72622179659	4.43001108474	6.15150183129	-0.933440118673	0.7886625394	
9.0	9.0	4.63473654441	1.37602648245	6.0305900142	9.0	8.9759043818	9.0	4.54207578376	9.0	8.98710231372	4.9120390719	-0.0257920671737	1.69630559699	-1.78218326046	-0.0627896492783	
2.56470323896	6.23385182013	4.53116932203	2.71173936141	7.80974804429	8.93918378464	1.81495123963	1.56104442439	7.1547089633	9.0	7.22216455379	2.84364460005	0.688529048994	2.42388415035	-2.6298289422	-0.967124689141	
2.70073376705	5.03054966077	4.94095688678	8.04740691396	2.74436110253	6.9903748156	3.60706016824	4.76396927884	7.50372759823	1.00749930042	5.48773302167	1.19784358147	-1.46062709269	0.351276372369	-2.16515799118	-0.588604071359	
5.38935748063	9.0	4.49383688952	-3.19109149016	7.76767768266	6.69647464733	6.61264462636	8.93054533056	1.70385620131	7.19808487219	9.0	6.44860730627	7.22885439778	8.95112863576	5.27858021103	6.99933048398	
6.95255221087	4.41966792711	4.526508432	0.827976265567	1.68404782355	8.90202588267	4.79571092667	8.23172739768	2.56930091366	1.52197979838	5.66990834573	2.41190280198	1.36123499693	3.08247605141	1.45607979045	3.17728840012	
2.26904671	8.83503236738	4.67291345008	1.35695664426	4.70602225637	9.0	6.59024939776	4.93876813776	1.68517681057	1.28360593423	9.0	3.62680806635	7.27840666447	9.0	-0.311181936099	1.40995908698	
3.50113417397	9.0	6.053342568	4.30998633541	2.10604965947	6.32560465815	1.83207804727	2.44074928965	2.77399198884	-0.184339758233	5.63351958481	0.12244310863	-1.04699022545	0.675073661215	0.704489101999	2.42593862927	
1.62036936565	7.81556736045	4.79332214087	6.80332595859	6.70862865291	4.54568321836	2.75387948683	-0.183922674941	9.0	8.88954684263	8.1689067181	5.28974723345	-4.6642520981	-2.94285932075	0.0200265033949	1.74100086108	
