3.23774398984	8.88338909011	7.44980090749	6.58758479341	1.62660747535	9.0	8.72363053351	9.0	3.63608934004	-6.0	7.41500602516	4.73149099099	7.27311825908	8.99140066632	-5.1731996276	-3.45334293492	
2.03878985089	5.80118089488	6.0162019337	3.68061905409	3.85043464818	5.70951511833	1.99509444818	1.32469159877	7.73396435037	9.0	9.0	5.32073827631	-2.23416702897	-0.484407043774	-6.0	-4.45326005171	
4.29324413218	8.07541821429	4.51678419502	-0.50007023542	2.59294303699	6.60074820278	5.13043123947	6.68702576742	1.76441973332	1.95308585618	5.6420885033	1.23871991068	-0.962337929173	0.761051721695	-4.16679851939	-2.45109815021	
2.09142795135	8.76916090639	4.91470143381	2.839115345	1.79354818514	9.0	4.19423818917	2.91678823807	2.49781182851	-5.63305464406	6.28414594588	3.98786702747	0.628250610592	2.34329490345	-5.96154228427	-4.2345792438	
8.76715184624	6.11860088436	4.50672341948	2.1192881404	1.65659930768	8.99932898027	2.86738905789	9.0	8.63625678561	6.6326633505	5.61844688355	-0.696837669306	7.27475961837	8.9958828302	-6.0	-4.27554455384	
6.22529020457	8.60280713475	7.07991314286	6.99929623649	4.27515785215	8.99838276776	1.58421515253	2.38090771165	4.46231833556	0.693308779198	6.17099217835	2.11266305225	-6.0	-4.32667616238	-3.70654926672	-2.00080608917	
1.60112486888	8.91275256462	8.99134069841	7.7224267887	4.98401137831	9.0	5.61774770323	-0.602144272217	3.26185295916	-0.45166316706	9.0	9.0	7.27379156274	9.0	-4.15366742577	-2.43587171201	
9.0	8.93095332342	4.99160693078	8.997909136	9.0	4.36371169173	1.80662929543	8.807318768	8.97866053185	8.97504289983	5.63763742983	-0.543516987801	7.27915203725	9.0	6.23493816637	7.95600190547	
5.66332234716	8.99762577229	5.73901106205	9.0	1.81202535861	5.476087044	2.14117483539	2.33966319013	9.0	2.89776679978	5.43120206849	1.17932196349	0.0862912510872	1.67441330925	7.42645608134	9.0	
3.42736641835	6.98112867388	4.70855665821	1.92323564422	2.98957670672	9.0	1.75487807472	-0.593609022672	3.96815642189	4.77934937151	5.64735823841	0.521672724535	1.55784679664	3.27805712626	3.18452745906	4.90551238677	
5.55337936699	9.0	4.68583208309	8.90586021195	1.56378579379	8.994042457	9.0	9.0	9.0	-6.0	9.0	9.0	7.27900100316	9.0	7.27886172809	9.0	
2.88850422436	8.98538274103	4.9367029356	4.00519220772	3.41179862387	7.56527690567	1.71610119192	2.26810313589	3.77891935386	-0.148388285082	5.64698875802	-0.179461085894	-5.8080613026	-4.09097995593	-2.11275252437	-0.392395226379	
6.27782778455	8.99297165809	4.23413968546	1.92054779547	3.54517410044	8.13848546174	1.60948662901	1.92616009435	2.51091017751	1.53239984999	6.34509630881	2.11129972588	3.37830449745	5.02631394336	-1.06824740738	0.708656457362	
1.60866596758	5.11879079238	5.91240618983	3.40484623462	6.5487122737	8.98600360396	5.90297879819	1.01968250878	1.90513526662	2.92710330686	6.9174433706	7.45889688441	6.88805945692	8.53176269484	3.32094396989	5.06019776987	
1.93874885817	9.0	4.52242109524	1.01334308559	4.43781161389	9.0	9.0	9.0	3.67753939475	5.50452796352	5.63040846306	-4.19384398333	-5.99756825998	-4.27648313515	2.60792661311	4.32847880298	
2.43718880792	5.66744127797	4.40864245761	1.88889803425	1.90045040588	6.27553584775	5.06496152075	5.18327018345	2.20261322214	1.50694560278	5.46645875574	1.04495760105	-1.97969845139	-0.302666888475	5.33182448238	7.01699944885	
5.32448464343	8.88218794664	8.99999872365	8.98755451118	5.20969219229	5.682088616	1.73605327342	1.43244668552	8.42695371065	9.0	9.0	4.87153088182	7.30008238468	8.99413821889	7.43473040943	9.0	
6.1847077156	8.77471027935	4.51465403077	-1.73767398453	1.64807454258	8.92682657396	5.06059705559	8.66927760405	8.23746806601	6.48089921509	5.63807114644	0.286907608599	-3.49488443495	-1.77362816938	-3.03188528905	-1.31061853165	
1.58328194953	8.55285690527	9.0	8.93893471148	8.96701502942	5.66301319468	8.99999965342	1.26401520753	4.76038236182	9.0	8.98607908889	8.99503058646	-2.06478291411	-0.343397921624	7.27754955766	8.99894252965	
5.57259299675	9.0	4.49541842141	0.109013433224	9.0	9.0	9.0	-0.116107313148	1.89041849783	8.99999209768	5.88555680646	8.97055599396	7.27011766086	9.0	-6.0	-4.28706447506	
2.12278942602	8.93565571228	4.51681354139	1.39264250817	1.74718544987	9.0	6.57132888933	1.05602961212	8.23965635455	6.26949056089	5.63531681491	2.29728017179	-2.35920964633	-0.638093767795	-5.96257816503	-4.24131425394	
1.59562869184	8.31021548891	4.53683887047	3.62779712404	4.57403766886	8.9814260528	8.99810420203	2.99963434543	8.92969919935	3.94065908235	5.68911015863	6.58107446771	2.47884062953	4.20077080327	-2.75032579105	-1.0288881957	
2.92658494795	5.04432266648	4.75550113723	1.13064165073	7.93969488946	9.0	4.83961355657	6.18055229281	2.91449198377	6.16081881495	8.9999683107	5.10938578492	1.92758875427	3.73189783389	-5.43401266611	-3.76725798376	
2.33053245899	9.0	4.53377897502	0.638406291636	4.15783520872	9.0	4.21813399438	4.87420194085	6.57406608898	2.54372952605	7.78198364381	3.67607203525	-5.50265308178	-3.77601099951	7.19859455709	8.95639584351	
1.81334690112	8.36608986406	4.70173438605	3.2978840987	2.10617505775	6.51877417915	6.34766493355	5.49892082171	3.56429639539	-0.785828220319	5.65901989227	1.41390684408	-5.31466051959	-3.59314663029	0.0261827451629	1.74743252977	
5.43044532581	9.0	6.80293602696	3.89974493112	4.09280832361	9.0	2.96537737061	-0.901413321612	1.71121453632	3.52860570538	5.72683071465	2.31990160844	-3.81286565261	-2.09338913998	7.02551636946	8.74081084953	
1.58994164773	8.73502489987	7.46773733706	9.0	5.53562481888	5.87195029643	5.62734312153	-0.653390527048	6.04799588387	3.43140483198	9.0	9.0	4.78255839021	6.50443736907	7.22452842389	8.94591498448	
8.77451898275	5.72104157	9.0	7.97332812261	7.95934592272	8.39928320046	2.05015559221	9.0	4.13185699509	5.35408753876	5.82861990566	1.45860463681	3.3707905089	5.11524967903	1.74525710933	3.48128947144	
1.59450509454	5.14215672246	8.06725583005	7.95333285426	5.91892914706	8.99995323707	4.73223517203	-2.07199120945	7.47195273462	8.98467608831	6.08037762646	4.97036510769	7.29291870617	9.0	7.2748921186	9.0	
9.0	8.17427941651	4.5772089294	2.87109662053	3.43857911454	7.91949549902	1.64682119747	5.49642466026	9.0	7.10821617708	9.0	5.23080003539	3.3357055987	5.08684089682	4.57727337613	6.05922515974	
3.15006178394	6.2676542026	5.20358602361	2.94988337828	1.70499193597	9.0	5.76322803455	6.08970321822	6.4854805644	5.89301593761	5.57065935115	-2.21136252316	5.52871737009	7.25144397181	-1.43514314451	0.291310673755	
2.3515730359	8.99612165955	5.60432867702	4.03526463616	3.34353556916	8.86506341893	2.87549439118	3.5348054144	7.177820998	7.5260988595	5.49454480335	-6.0	3.67373898212	5.3498104314	4.28481599369	6.02821828639	
3.5797279669	8.98144251677	4.68520740377	1.44434569452	2.70512345816	5.38510879291	2.51172528848	0.252299893585	1.96164219679	2.65234187099	6.70693338184	3.55940689509	2.58851426048	4.30497974386	3.0261528399	4.74518728148	
3.3220213692	6.00571369169	4.52862968967	3.86140170928	1.59979758704	8.88146126432	4.53501259993	1.74894117101	5.36252496205	1.26687506144	5.66221357733	3.36257880952	4.27665968647	5.996725426	5.09709019278	6.81902879289	
2.61449601891	8.59034999869	8.16852977792	5.29356065936	4.61683211478	9.0	6.31617471081	0.468744891315	1.63402859074	-0.564950550109	8.31958527909	8.99796334426	2.24004333207	3.96112638795	-1.45870114531	0.262056884659	
6.57924749054	8.53605405196	4.5798036908	8.10840369793	9.0	5.90786081787	3.92415029834	8.90834634275	8.98939755361	7.91205268564	5.64281460951	-0.539788709346	1.3297189417	3.05064935353	7.19073615803	8.91166234814	
2.39184794737	9.0	6.23095554119	4.64728326487	1.76896734264	9.0	3.000871404	3.10348721462	2.79973119375	-6.0	5.92213043249	2.45085174156	1.15556456946	2.87445608585	-6.0	-4.27800976225	
3.0195171392	6.81222792139	4.4822997491	2.79296136599	9.0	8.90730615008	1.54244361991	0.774583829837	3.27480090118	5.95518404078	7.29390167327	3.54869149601	-1.2046426561	0.591822801664	4.77126387722	6.45704514863	
1.73633464104	9.0	4.51528709133	3.95136920963	8.92720752332	8.60490915478	2.61139636092	2.02157404866	8.94813614054	8.98490488824	5.64203453437	-0.0647219981009	6.74757685889	8.47033588975	1.81975490084	3.54071054162	
2.60943574001	9.0	4.51844640224	1.60462091072	1.63703367292	6.05350945159	8.46782035276	4.61748544593	8.99992872473	4.26027642193	8.10599611023	8.92101330901	2.36383549236	4.08436569501	-2.70747193265	-0.985038954854	
8.58010416062	8.3769361201	4.90338011215	4.43116926577	1.5866956179	8.89640334066	8.81687905309	7.40796144533	4.25376260087	-0.0933338311886	5.61195983213	4.84480594462	2.69202912672	4.4103194869	-0.798428218665	0.928137557956	
5.44878719282	9.0	4.67882571055	1.83903590157	7.54062127365	8.63890759727	1.73138870867	-1.41404754285	3.21009220908	8.56209657575	9.0	5.10028701961	0.101502350833	1.82422775667	-0.653250477158	1.06354236545	
5.98671422242	5.73709660046	4.85776380217	1.83538822196	9.0	9.0	3.35871742634	7.55477813914	2.13215417084	6.06334962254	6.17213252204	1.52207862629	-5.58673899365	-3.83917776233	-6.0	-4.31296420157	
1.63957222808	5.18280023678	8.81037482399	8.41659138495	2.58951874076	7.34196928131	4.8389949785	-0.606247380931	7.94299978683	6.40927116502	8.55115210728	7.74688355582	-5.9506721083	-4.22921772912	0.376148598398	2.0997969788	
3.2793328032	9.0	8.63123876763	7.56361996199	2.28059644569	4.27832704925	6.6856116727	8.25972344947	3.56010093508	1.80739844171	5.62652728028	-0.729660766731	-1.81757393911	-0.0953942992397	5.7292520055	7.45028150211	
1.63408983971	8.87078449543	4.72368911228	2.43342305376	3.90432465932	7.73907735373	7.19402992836	-4.30707057809	5.04928728588	6.36767099099	6.56648260105	8.08306780255	-2.26168931062	-0.539538606716	-2.26038591198	-0.539749966629	
1.8428658105	4.75358199072	4.99839224316	7.49805603034	2.13878990719	6.79521348099	9.0	4.13733643252	7.42552940277	1.19037661853	7.99524579522	9.0	1.35957962536	2.95626271344	-6.0	-4.24331064725	
4.37852136713	6.92515951536	9.0	9.0	1.64909342829	5.78660440276	2.55121198348	3.62422933655	7.48220524182	4.77174244673	6.13778209655	1.14982421372	-1.39523851876	0.32493549327	7.32645236395	9.0	
2.13012055938	8.72949386113	4.50829188393	-0.546676323814	7.81388291467	9.0	4.52954070952	1.10296793483	2.95170161133	9.0	5.63316993405	0.397526289233	4.45373554062	6.17679865155	1.58636667174	3.30910544626	
5.52952203241	9.0	4.35004806811	6.28164618764	1.47845995698	6.04683592097	6.27217268228	3.57004004238	8.4910837642	3.21456591435	5.38855748664	3.54511156851	-4.629829668	-2.92241895694	-2.28549658557	-0.569816775063	
1.70894273312	4.5714832794	4.36073571515	6.94923858669	2.24201152874	7.06554087813	9.0	2.53677120043	9.0	3.0361625656	6.34360294118	8.64755237323	7.03494563768	8.69499752826	6.45173013205	8.05667793496	
8.12840881679	5.90209492425	5.24628143565	2.88728023863	3.39289341224	5.31136444508	1.97113219524	8.08384893139	2.92405912076	4.17735877053	5.66057165696	1.12359683631	4.10558021459	5.84158795489	2.5824064952	4.38766425898	
2.08414118567	4.95505461912	4.87989733198	4.73899937567	1.78760912174	6.1217153401	3.51648883296	3.40398221284	6.27245123102	2.82318724648	8.96760307245	5.6308498691	7.21557232579	8.99157568971	7.44191962997	9.0	
1.59685887859	4.86534818336	4.40450921831	3.52398819664	4.55882805774	8.97935362152	8.19984689732	3.62208734225	6.75730874268	4.63616937962	8.7890455527	8.74627956529	-6.0	-4.19089140171	-1.95205530801	-0.174915473801	
5.84135865609	9.0	4.42840824311	0.755672575345	5.94159567105	8.99926200527	5.97342578002	1.3144666377	1.55093599911	3.31442448867	7.55640662609	7.96775815022	7.32548080186	9.0	2.08764061136	3.74797697589	
5.80249369657	7.97179768311	8.82422165089	5.84022447703	4.06838250973	8.58710227811	3.50874331404	2.81784614774	1.64007997319	1.46556137903	7.48473111626	4.78011290401	-6.0	-4.21431366882	1.50712536249	3.30661405963	
8.40938961991	7.18611862509	4.51715448803	6.79405535081	8.99552808185	9.0	1.61177275712	7.23655142097	8.99794675565	9.0	8.94813643571	2.38082672824	0.761446899676	2.48269689543	-1.38041145845	0.340168579635	
2.90892559264	8.99999996835	4.96466504607	3.26134579569	1.62427417699	9.0	9.0	5.38163597386	2.95250775013	-5.98916983715	8.09468121508	9.0	-5.98942658556	-4.26892127564	7.2712575605	9.0	
1.69366250754	4.82615895928	4.28582723289	4.25310679104	2.40329595824	6.52330221666	3.31472408118	2.51578720718	5.14764813459	2.27534186693	6.10368744731	2.73436963126	1.65379829527	3.40857868696	-4.92163174162	-3.04249545714	
2.06779044163	5.6148710159	5.10298529436	2.25985863144	3.03055388339	8.99200116983	8.9666434967	2.16749048097	2.81462725081	4.01831162526	5.61768479308	4.66401268933	-3.63490306198	-1.91324054078	3.28815891732	5.00840362628	
1.53970306441	9.0	4.32158267472	0.784700154884	4.12248033596	8.99508779059	3.28654551835	-0.0415058021443	2.15464068296	-0.646782644491	5.34615319806	2.79263183919	7.28420105302	9.0	1.03075273378	2.82496007109	
2.78870106923	3.34515302836	4.98670145459	3.07638926896	1.81265156812	9.0	3.75188532514	4.382303583	2.76554307336	-0.0728688739093	6.63574490883	3.12474274532	0.733605070549	2.45314244026	-4.50010054924	-2.77662137682	
5.90974122585	9.0	5.00310363879	9.0	5.40084372813	9.0	1.59211564597	1.85406122238	9.0	5.42171852506	5.63468590933	-1.61833151652	5.05035967541	6.77302730647	2.75839588601	4.47994739547	
9.0	8.99999138855	8.68944332184	9.0	1.58189162719	7.213488565	5.37433129643	8.90683983256	8.99990594973	5.76375644408	8.91634345459	2.79612623855	-5.80226010296	-4.08009809634	-1.56812684998	0.151767835644	
2.10819503026	5.63943692873	6.9736995261	6.38929210144	2.10114889699	9.0	2.00943785722	-0.753929069176	3.94545290605	0.663111212722	6.53600909388	2.8537313881	-1.62467304168	0.0963852410785	2.90897852953	4.63015051465	
5.72050259307	7.36432218501	5.10512695634	9.0	4.2366962415	8.98933738929	1.67000009475	2.86271531478	8.33371739038	1.17207662558	9.0	4.79663581657	6.60983907693	8.3885819524	-6.0	-4.38251328329	
9.0	6.45969418556	8.58607816536	8.24933856746	3.9109566331	8.38309713863	1.55896109017	6.99088647775	4.06189972195	0.7217704439	8.92844939287	5.23275404525	-6.0	-4.3393107171	3.95347464907	5.59415862013	
1.58274428662	9.0	4.80237414392	9.0	8.86907416001	7.33365684525	9.0	6.20468487073	9.0	7.14208894037	8.9877060314	3.6781833199	-0.0686293814144	1.65207311346	-2.98203428116	-1.2614004399	
9.0	8.98922777378	4.51629064754	-1.92299574133	3.6359450991	7.55840202372	8.97399314481	8.28329638564	1.60563793305	1.93602614382	5.99277494655	8.99979246084	7.27889729987	8.99998909337	-6.0	-4.27981129096	
1.64845615041	9.0	9.0	9.0	2.34053420446	8.89425451748	5.18862477886	-5.99406555288	5.00695199229	2.76363527135	8.69351961727	8.31864387624	0.486190890129	2.20394399997	-0.656608100943	1.06863105203	
1.81055427802	9.0	7.0487640631	5.55182655804	7.96336266765	3.62933045154	6.00617304491	5.81675587788	4.06953392456	9.0	5.56309760543	-0.440266363929	-1.03376873269	0.693055665509	1.43515250569	3.15434598722	
3.37725509692	9.0	8.95639799058	8.52083242831	1.6007181421	5.4413897993	8.14203101653	6.99630105517	4.10023238456	0.651329342397	5.62146468819	1.30197033887	7.27598423074	8.99728693087	-6.0	-4.27389042058	
6.42948801068	9.0	8.52036097012	1.40190628884	2.35252477621	6.55937131726	5.28639430812	7.69646925558	1.78388717442	1.826594597	5.88126221448	3.88702579158	1.57699064995	3.29846533609	-2.20450448482	-0.481840444597	
5.74084647312	8.97576099101	8.27488646752	5.32606417946	3.00002320714	6.48659932945	9.0	8.46216523272	1.55193351635	2.31771705888	5.73492550794	1.82894654356	7.27556468219	9.0	-3.84390306575	-2.19080616341	
1.86488194169	9.0	9.0	9.0	3.18387826816	3.91526612371	1.94202460737	-0.616367224302	5.04571013308	3.57717359541	6.7516166213	3.02703140774	-5.68485938883	-3.96271138724	-4.68667666017	-2.96657779512	
2.49822719419	9.0	4.64895612696	1.74122847115	1.84867225269	6.2592033717	2.75862148007	1.38709894394	2.1881274047	-1.40789475804	8.77595577469	5.85893495215	2.22118153856	3.93856078205	1.21683610275	2.93232596893	
3.28503687464	8.92680483712	4.492999414	-0.47102606123	2.92530306912	6.95972719461	5.59502039465	1.95914257507	1.64688543285	1.7960519979	5.66108049445	4.55076193515	0.581397779961	2.30070568498	-1.08600060718	0.634367359809	
1.76534988825	5.23359708541	6.21810913565	4.29636003908	2.715863669	5.82968493253	5.79265771183	1.35651132469	3.58955185892	3.66202943371	9.0	8.98715154334	4.90993863962	6.5276366981	-6.0	-4.45020143105	
1.89424233645	4.44024220132	4.55724710515	1.69446781326	1.78089526721	6.58400024897	6.17645480142	2.96259001188	8.803682651	8.00995354938	6.98606639221	6.48864315663	5.77794130332	7.58585949937	1.03319523745	2.83514100206	
8.92583471142	9.0	9.0	6.07403552807	6.44915113543	9.0	5.47226068218	8.93939875267	2.01532057892	6.68141061707	8.80615347849	1.09238842776	6.9967400152	8.71796846273	-5.92722911559	-4.20576485127	
1.58894998709	9.0	4.80439155076	9.0	4.57610992781	9.0	9.0	1.43855529286	9.0	-2.28926231784	6.05090890549	8.98786010062	-0.831483447392	0.889353156374	-4.71058002657	-2.98991113569	
7.77438584526	5.02204478208	4.56716986149	-0.163869137637	9.0	9.0	4.76338498157	6.14414170068	1.89898139245	9.0	8.97805809646	8.09688792256	6.20816806089	7.93590198754	3.60155001122	5.31990565116	
2.22773925373	8.17509265761	5.03053216972	2.15372061639	4.57281923574	9.0	3.26639901459	2.88301486193	1.77003480629	-2.05140920688	6.37997096569	3.20246799034	1.62078500387	3.34097801159	-0.434152689495	1.29126667622	
1.87214278942	8.98003086214	5.60982494545	9.0	1.92172012315	3.89112691091	5.01891793515	1.71762591454	8.89332805185	2.81491534848	5.64697683071	2.68010269024	7.22825129826	8.94959375028	2.98373316615	4.70444440103	
9.0	5.61501043033	7.52802866323	6.72333354966	1.59433891674	9.0	5.89062003666	8.93402043303	3.70681346848	-2.42707965663	9.0	8.99130453435	-5.00322353363	-3.28220469164	-5.99587413852	-4.27408239028	
2.46297119082	9.0	9.0	8.96634207481	1.64207999365	8.50222354199	8.95722356479	5.49286352732	4.44380116642	-5.67730633462	8.66806449746	9.0	-6.0	-4.2800485709	2.38598025659	4.10792932272	
1.64296958006	4.11307755892	4.35275878357	1.01504785523	3.8303841327	8.89269121461	7.01476517901	6.39555011383	5.16723338119	4.94610665521	8.08903300562	4.81733789927	3.81353920682	5.55691949953	-3.61198176255	-1.88245593471	
1.94372243298	9.0	8.56038851342	9.0	1.84226943218	4.92977276809	6.58045449776	0.200498792052	4.98255348079	0.742676085234	5.70248116547	5.85383469238	-5.84689538088	-4.12410188253	7.27871494999	9.0	
1.58634860457	8.63486374929	7.83716687976	0.544971928147	7.4905855002	8.99874961927	8.97656018014	5.18344581753	5.48581803596	8.39034561803	7.91357159624	7.65778068072	-4.79994076149	-3.07782087712	7.1124703413	8.83311531136	
1.61659694759	8.91212336639	9.0	8.56150296548	2.42108171092	9.0	7.9833533577	-5.99848322964	4.67977964951	3.07040529	5.94769268371	8.20424785523	-3.09736322721	-1.37978075393	4.4486140286	6.17014796934	
1.62775127399	9.0	4.5114210321	5.8415881223	4.41774816442	8.80818271136	9.0	7.9488574113	8.55548669597	1.3809956003	5.63882359483	0.888753372173	0.696362993632	2.41774723982	-5.71099444773	-3.98960248637	
3.44491321732	5.80861231636	4.52622673802	1.2998069058	1.64048245808	8.68125283447	2.87020677404	1.52487054984	5.54160348814	4.11362336636	5.79825133253	2.51062472515	-2.58283138691	-0.862264643286	-4.44985540521	-2.7283128971	
8.88565456578	4.75523429036	4.23462191279	0.657080053399	2.78743504295	6.66792228978	2.19725859398	9.0	2.37863884031	3.17513405507	7.94377945331	4.30198579586	-1.71548012998	-0.00882687375762	-4.58585155819	-2.92761432654	
3.83421591295	5.57251070746	4.3983841164	1.79017635885	1.57575312005	6.41990440878	8.10543733221	3.69433021785	8.95281953552	7.78197722153	5.41981537098	7.03463695204	-0.551718590816	1.18647841005	-6.0	-4.21722952975	
5.88325649908	7.47708611314	4.51461540051	3.43703358529	2.21546672833	9.0	1.71182199639	1.91641083839	8.9596111977	5.49513228131	7.86716940223	3.94356823674	-0.864936842557	0.856138751962	2.03110660271	3.75189226653	
1.59109665984	9.0	4.51952262978	6.22924222479	8.04484002497	9.0	5.72526494726	2.00089298769	9.0	8.98752403323	5.63360021969	-0.586063164071	7.27865095565	9.0	4.88974110234	6.61098127614	
1.59691497893	8.64711854119	4.54186387948	2.70429691094	4.57617064232	9.0	3.64788838643	1.45149318281	3.78311156891	-1.09138947625	6.0028191866	3.55320054706	3.24653510226	4.97296431145	1.67064762859	3.39231412369	
9.0	9.0	4.35372851164	-6.0	2.34746698676	9.0	8.98166546786	9.0	3.85820983322	4.594760324	5.97423428468	9.0	7.27882810163	9.0	7.2776612146	9.0	
9.0	9.0	4.60652480075	2.68476232196	8.99539511253	9.0	1.90581290948	9.0	3.93089418814	9.0	5.71433255031	-4.39427820984	7.28207107543	9.0	-6.0	-4.28514803767	
7.07121544842	9.0	4.80201080769	1.8090092666	2.74937398161	9.0	6.94988507722	9.0	7.91673537708	9.0	5.71429592342	-2.6563565002	-5.98826396331	-4.30665094486	-5.9186156465	-4.1709229758	
