2.49984777734	6.15833244872	4.20929889465	2.5947141803	5.33707218964	7.93234536905	1.53908159191	0.787735840979	3.22896014769	3.25046715909	6.28775412353	2.45301718581	7.1622710367	8.99999877258	1.37853468222	3.12911404564	
2.13156946852	4.89875527407	9.0	8.98225132412	3.0119070165	7.8738612859	2.55027202832	2.85957201681	4.51366574413	1.0653587294	6.34657504519	2.06419347051	2.03097100966	3.72643010781	-0.0361575363485	1.63348365577	
3.74499323337	5.2839212898	5.22886607293	1.68255526242	8.97835452011	6.93074686306	8.64339909879	4.26729387929	1.71349891216	8.3802451485	6.80968807257	8.84763345282	2.5821996104	4.28938988552	-0.550587381625	1.17253146874	
8.9964746531	9.0	4.51632715453	-2.84117111613	6.82834771168	7.61074736284	1.90670093776	9.0	4.60829915928	8.2426089498	7.94788644978	3.90994191052	0.156912871883	1.87808078657	6.97520509291	8.69721350336	
1.66247605004	8.99733253776	4.97396439402	8.90879890708	5.35746841192	4.09190871724	9.0	8.26537589628	8.94561457708	5.39958866683	5.62808315084	0.021278586566	-0.491135658648	1.23186665292	7.26061812571	8.98265367204	
1.59165070377	9.0	4.50705797018	3.72654283326	4.58369339397	9.0	5.14852761803	2.16613843246	9.0	3.41806383359	5.66728044392	3.30424224531	-1.81726998315	-0.0971101552692	-5.93541081441	-4.21633675715	
1.68436734804	8.58178674281	4.85313038097	4.20541072948	8.50094329622	7.25983547322	2.3647566908	-3.41906372742	4.79129236202	9.0	6.83148936226	3.5185462067	1.75925058648	3.48001652374	1.0121465916	2.73444240838	
3.08041299302	8.9857619844	4.486322964	-1.87622311863	2.71362559349	7.09158133191	5.79040406704	2.71508767954	1.63370938952	0.846310690371	8.92163926169	8.98437966041	2.9203569624	4.64416814784	-0.481617578652	1.24596940345	
3.18512932189	9.0	4.50844305258	1.15811133499	1.60194687961	6.02361290701	6.60907326048	2.70168051398	6.20199398558	2.72252457825	6.01137700365	6.62883393012	-0.332746950163	1.38856029721	1.93398829446	3.6554829409	
2.30583722565	8.55358339428	4.66233141397	8.64807951584	1.68885089966	6.11374422985	3.20593489785	1.36084615004	9.0	-1.22028821938	9.0	6.52335511852	-1.30159531591	0.421081237059	2.73692190906	4.4580873185	
1.94428534695	5.09551078659	4.85714382151	1.68292385561	7.28506749364	8.89291562108	8.9685376403	8.83361610117	5.87128854751	8.53312011567	8.95373252389	4.96723579417	-1.30487935801	0.337682524704	6.62680512806	8.34551977086	
1.64709356779	5.19365426537	9.0	9.0	2.51460751989	9.0	5.05709812141	-2.27257195133	6.21476853994	4.20767415991	9.0	8.42228396134	-6.0	-4.27806809436	7.21998201085	8.94319528252	
4.02032291212	7.54628014285	8.97597414683	9.0	2.04030690239	8.99820274579	1.79037731113	-2.17535117954	8.06488751027	5.5436166016	6.7822783603	2.88427741372	2.91922903101	4.6358668142	7.24631194569	8.96766043981	
1.91417905047	9.0	4.51593363511	-0.219342928416	4.63905667296	9.0	3.3831326516	0.516007404026	1.88604210733	0.865153675339	5.82889535138	3.12231016635	1.52616609688	3.2470856352	-6.0	-4.277971165	
8.38678714219	4.75473535298	5.28883086363	2.6091162142	2.0728557573	7.04962062874	4.6474293139	9.0	1.69839008781	0.743840039469	5.97406172555	3.98713103567	0.567265775533	2.24040780381	1.69232301009	3.42415473561	
2.91636191777	6.1648625379	8.64635269766	2.77930989065	4.99087243844	8.89390488277	8.54059001772	5.85340785899	1.61505069298	3.16942414175	9.0	8.96603106233	-4.89076091147	-3.17013579249	-2.53036972279	-0.808941365079	
5.82990099336	8.68481511164	4.63712164137	4.41978807558	3.94770072241	8.47452671683	1.54467074235	1.64112033864	6.123511784	2.70511220259	7.16297496683	3.21042677684	-0.231661250344	1.40601915898	-2.00501911581	-0.249551887419	
1.62664169027	5.1713865976	7.91201302502	7.13325093626	2.74598210355	8.91511573098	8.99991947302	0.0504094084945	3.76034085369	1.53240809894	5.68531821629	8.04535340985	-6.0	-4.27865974589	-5.99965239451	-4.27814084032	
1.54251343124	8.98725968048	4.86270971779	9.0	9.0	8.99998895953	3.18379376457	-6.0	8.97559101193	9.0	6.34259616963	4.00072846345	-6.0	-4.28407993319	7.27358813062	8.9945358156	
3.7252048488	4.56151142953	6.53600520424	3.66588624877	3.39579680012	9.0	9.0	5.31681439676	1.59980148815	0.539157247516	5.80424618773	7.10504477552	-3.42251336685	-1.70149804502	-1.60855069402	0.104611643656	
5.47027763857	8.99174458911	4.53816029887	2.39978520902	1.59541898543	8.9975124838	9.0	3.67900135177	5.08622131281	3.00073723822	5.635171047	4.37449741102	-5.99999994179	-4.27897861468	7.27844341954	9.0	
8.97269980553	8.70073096825	5.67396079441	2.72116932158	9.0	7.76891705935	5.3809391965	8.34366124679	1.69203843473	8.45767394692	8.66993268201	3.51538139063	4.19513079312	5.91789080935	4.9907540378	6.70934838918	
1.61589797159	8.99999814289	4.5395485596	2.18379877669	4.59341443677	9.0	6.49682506942	5.08362305092	4.16879284703	-1.0199214687	6.41688905869	3.70361848139	-1.49428453077	0.225704493247	-3.42221555639	-1.69746485442	
4.29245553289	5.76412768963	4.33688674207	0.864702158567	2.37758025353	6.25906659692	3.18931479499	2.97116383723	4.42084626696	5.0904693816	5.84343722127	3.59316029833	-2.57382316532	-0.799300194865	1.39639580171	3.08559105241	
4.44860920492	4.50757054849	4.42536336886	0.916708424078	4.53102237694	9.0	5.83256749788	8.7611852553	8.99966411665	8.9999103412	9.0	5.15927517696	-6.0	-4.3077779773	-6.0	-4.31558074934	
7.05277721084	5.77680395225	4.95053418625	8.9999331658	1.5148934681	6.36650642938	9.0	8.53078445546	8.44833447242	0.664814933936	5.39017336599	6.0497475615	0.54857514432	2.24502786154	2.76160415631	4.42802872581	
1.77845857318	8.99999121004	4.5353150312	5.1214311085	3.20913540605	7.58072795479	2.08987244659	0.53262331908	6.2404135954	0.0302313938958	5.7346685107	1.43930488498	2.51799893664	4.23936769784	1.90440848719	3.62475391582	
4.89553411628	7.15529487523	6.07926649374	8.10142078982	3.835791031	8.33353554153	1.5730875915	2.80086134156	6.47560761538	0.917575023141	5.43814611984	1.09316519396	5.42093562713	7.10520945873	-4.56372671825	-2.83076191601	
7.27210636747	7.76783227555	6.0209285092	3.72117563064	5.28706235954	8.08479613765	1.70604618265	4.75333232668	4.54172435664	7.59758283767	5.63307296766	-1.34694170484	-2.67071703173	-0.94990072909	6.00661747655	7.72730905521	
2.05688912083	9.0	4.48834289672	-2.35170850603	2.63337426813	6.71253769587	9.0	1.92470401048	1.91387123587	1.9782028624	6.05663930925	9.0	2.34497324307	4.05611784291	-4.48483898153	-2.76194309092	
4.72020929866	5.68108606352	7.8054753392	8.90019283714	4.23165089176	9.0	1.5276904723	3.60701112312	5.52784713036	0.937261731471	6.61942046065	2.47989698365	5.25108652559	6.97157702565	7.19371601868	9.0	
1.93981336705	7.6420428965	4.51367275046	4.95085836267	1.91025530144	6.3312865479	7.75916558874	6.97159543297	9.0	2.25079799266	9.0	6.09348960691	1.84830158334	3.56987666686	-3.65268733722	-1.93126348941	
1.67762383416	4.45229750298	4.54648386838	4.25985898556	4.21371723361	9.0	4.81612249786	3.66945132137	5.1761945527	1.85001104722	9.0	6.31402799371	-6.0	-4.26197036684	5.42369270353	7.26954029667	
5.95232521786	8.24672776616	4.43700498709	4.07350317917	1.56878553591	6.07682985035	4.3320937115	5.63378440819	7.2154429857	4.19975030558	5.4560540916	0.762615772561	-2.79496477575	-1.03227829434	-1.90480628359	-0.14927462355	
5.78471551379	8.74325355504	4.20547482124	3.07640083018	1.468351422	6.44011479237	3.79898088353	3.13616099818	5.15463739819	2.5600503612	5.2229707741	1.71379335181	-0.395237110738	1.33580475803	-0.302973149686	1.43538995702	
2.44098887283	9.0	9.0	6.58970953763	5.84369848384	8.44944831481	1.90324978456	1.55900589215	5.21143461635	8.95601469437	5.63356146977	-4.40412975663	-5.7394429016	-4.01701175116	6.53712105986	8.25752475062	
3.00603693315	6.64325885235	4.89390123303	1.66675621573	2.38689312496	6.09785597083	8.97769555594	3.415161627	1.75109399667	2.06597412837	5.31679302078	6.53196585127	0.0835625219486	1.72020483411	-5.19089796979	-3.33064615979	
2.19345556941	9.0	9.0	9.0	8.99859363701	9.0	8.51158687546	9.0	8.99019385002	7.69330764215	9.0	3.12696910473	7.28027001796	9.0	7.2786842297	9.0	
5.07588036747	3.33965423843	4.71756788827	5.49897662581	1.59453478824	8.74704290837	9.0	8.33032392263	5.77290166399	0.257208165816	8.89471107543	9.0	-6.0	-4.27829404163	-6.0	-4.27960564044	
9.0	9.0	4.33457324732	-6.0	1.8306101976	8.99997378757	5.85364934584	9.0	9.0	9.0	8.90814336251	9.0	-2.05900684768	-0.337649224151	7.27895548744	9.0	
8.36697829481	7.59230822626	4.52499170876	0.802292256421	4.60344245835	7.36917685084	2.84885552227	5.05986807372	1.73716800147	4.08359151048	8.09288225547	5.33206209891	-2.33244878424	-0.593065462882	5.07835933254	6.78762650594	
5.47250598221	3.34659255031	4.51677888729	-0.252430922689	3.06500366631	8.84757751868	6.25703045306	6.23529243611	6.00592941005	7.46456963482	8.67172891813	8.46422207362	6.40167307613	8.12262541949	-5.61767425319	-3.89659995617	
2.52672850363	5.31087514032	4.85648745423	2.55267723758	3.13443666686	8.57795118401	2.37871807958	3.06310717629	2.72453027201	3.07832111451	5.61601624682	-1.22958454036	1.37611237311	3.09804841215	3.35145926127	5.07245814652	
1.96733321214	9.0	4.27163168148	0.951093976801	3.99584907574	8.9719636401	2.11017879419	1.67417507855	2.31335255066	-2.17672927206	5.96382613205	2.22536174953	-0.9135851511	0.828929985812	2.94548556679	4.65759629358	
5.47280009118	9.0	9.0	6.07659102137	9.0	8.96024832504	9.0	7.50946222985	1.89303514529	9.0	5.63961576096	-0.423691574601	-6.0	-4.27872615571	7.27850905909	9.0	
9.0	9.0	9.0	6.55444999208	1.75981713756	9.0	8.91840001591	9.0	2.24758326717	1.49843964367	8.96694343363	4.95694851082	-5.81519378799	-4.09369988713	-3.64633160233	-1.92470383549	
2.47231205641	8.70940516287	4.91290453975	1.68482900059	3.39313964823	8.86880624613	6.40239954339	6.96598363355	2.1533768368	-0.35813255495	5.73689463984	-0.644851235926	2.01354916667	3.7686233416	4.42144610853	6.18066497858	
8.2839460696	7.16734359603	4.50836855223	-0.848859043669	2.07595917156	6.2828984897	3.01520403197	9.0	2.2221148494	2.02927564663	9.0	5.59042489649	1.53506567705	3.25672311734	7.27908051066	9.0	
7.99096003352	9.0	4.51224190713	0.0129204412991	1.59156767287	9.0	5.86841262465	7.84428684805	8.78055150649	3.00373298538	9.0	9.0	-6.0	-4.27883683854	-6.0	-4.27862721179	
3.63186221956	8.89553307807	4.50882966428	-2.7675769761	6.02492553669	9.0	3.28282819652	4.74586284726	1.74064848382	3.17125363351	6.00450574015	2.26482358158	7.06071359416	8.78124703235	5.47120167199	7.19241247604	
4.35935493523	9.0	4.37610964675	-6.0	2.86230976668	9.0	2.40175044654	4.50204790302	2.30319906817	3.2915376195	8.02370052592	4.58815438753	5.30460061709	7.00545371787	1.72425144818	3.43981661937	
6.01047666781	9.0	5.99861911485	8.16204304083	1.57232536481	8.85809503219	6.68361641415	6.44282936894	6.63690626686	-6.0	8.4574837855	9.0	-5.72844520704	-4.00731096096	-5.98387606502	-4.26445324208	
5.3800412915	8.05258798595	5.50228771454	8.98699113386	1.58438209159	9.0	8.24959408321	8.9986003354	8.97734731271	2.46604474526	9.0	1.30756147447	6.95880447061	8.67934784733	7.27762494532	8.9979881913	
1.90477212834	8.99579226348	4.51582762668	-2.78924749256	3.3821387268	7.54689629152	8.99999771283	9.0	9.0	8.90326260621	7.28085833447	3.54440999646	-5.850086297	-4.12766843667	-4.66052925695	-2.9392133932	
2.18328667584	6.26389544963	4.26231427866	4.4135961605	9.0	8.81240802409	1.66934823804	0.732917439655	7.40074540649	8.23942478364	7.11637669599	3.30219776926	-4.3561195864	-2.65515523771	0.585227675184	2.35482910596	
4.62786455612	3.24240575765	4.92129762409	5.53356568557	1.59589321947	9.0	8.83938247509	8.9203965189	5.3634885365	-0.110144622937	6.81928731554	5.69862680023	-0.869578609006	0.851226973796	7.27812495985	9.0	
2.52139356687	9.0	5.26290544196	3.00282597523	7.30340662012	8.90152394667	2.08392858966	2.63846804983	2.67422249393	7.69605639971	5.46281562482	-5.83463186978	0.867367440106	2.6035882415	2.23421963984	3.9458116573	
5.9078334292	8.69913344592	4.54322365649	5.42833285244	1.59558378528	8.97317384558	3.5486239545	1.33906180915	6.59948484048	0.91052900396	5.68013927257	2.64199190356	-6.0	-4.27812998564	-0.803716640018	0.916658704529	
7.95464828304	7.19716159156	4.70360219987	2.62420515983	1.56319023663	5.35837122306	4.34830046093	8.97923122141	8.66276697991	7.7762993559	5.35071603909	0.696608475338	-3.84521908159	-2.10983322651	1.1305781231	2.96234288836	
1.69384923839	5.12120139462	4.42395583482	1.72219711615	4.95769405206	8.97527234768	3.59697347688	2.96289494029	9.0	9.0	9.0	5.08307804437	-6.0	-4.28584654049	-1.56417565193	0.157069141022	
2.0582109038	8.59384475126	4.51129019756	-1.17844712903	4.60828175816	9.0	2.32161304283	1.88125740518	2.04694353901	0.899262197159	8.99988692894	5.46714223324	-2.60079396098	-0.879742740648	0.417790017442	2.13889366651	
5.46039503567	9.0	6.59669137068	9.0	1.66988098465	9.0	2.39397696455	-1.83266062992	9.0	3.73243915059	5.86751326865	2.2075493818	-0.726933058139	0.994997570982	2.7355516345	4.45717515526	
9.0	8.81761259357	4.95265595679	9.0	1.55828786852	5.79761225484	9.0	5.33741165915	8.9910265226	1.47297347906	5.7158852839	8.95359694341	-4.33150143715	-2.50346030091	7.28887614457	8.85091150794	
9.0	8.01608452311	7.68648390645	9.0	4.58547941786	9.0	1.81073193662	8.81705219463	5.82659686021	-1.75914005993	8.18086530555	4.13399129254	7.27597268664	9.0	-6.0	-4.28179750248	
3.04481563583	5.39458130377	9.0	8.73173266371	3.91384943387	8.84850361885	1.69160421882	2.24731024962	4.3319932686	1.01121786247	8.97436024683	4.88484781402	1.51119895631	3.1788266709	-2.2761738424	-0.513146829841	
2.60188807215	8.99775280581	8.87079498399	8.9940140954	2.66942330671	5.62388096452	1.67918271639	-0.267873312749	4.65164342699	1.19763125372	7.96809528309	4.01409125457	-5.85272332348	-4.13422464455	-6.0	-4.27720758271	
1.66295690322	9.0	4.49059121238	0.472221036386	2.56007239618	9.0	2.92169646369	-0.731770617495	9.0	5.92856698813	6.14848229315	3.22849507172	2.71019934336	4.41686969236	-5.98583662935	-4.26082656824	
6.35198357529	9.0	5.86820889183	1.94032304093	8.98892347007	8.03673417164	6.88635538566	2.65007362426	1.67100853449	7.3483940751	8.0215539788	8.99676037499	-1.38920095555	0.320024518563	7.2850128481	9.0	
3.60067966308	4.21860695596	4.54091898325	6.0772035673	1.60214570115	8.97208863669	4.11853282183	2.66628874357	7.77997116966	1.40718888116	9.0	7.42084330383	-1.15154649085	0.570593577483	7.28142965355	9.0	
2.03901215439	5.72191985781	4.2414517451	1.16321418244	6.88128407488	8.7979553991	2.62766313128	0.747150536056	1.72157333882	3.94683702698	8.77573720679	6.04269155284	-0.109098493943	1.60286357742	-5.67867369367	-3.90194848256	
9.0	8.97035478411	4.69854727383	1.25655339941	2.10301525702	6.45809554109	8.47283730389	4.92860089519	6.15483494446	6.50737154696	6.68861152284	9.0	-1.01638783981	0.65192757194	-5.77309139661	-4.09991967302	
2.05490315998	5.60547933538	5.43710497479	9.0	2.43458149314	8.79732687771	1.86845325756	-0.289970622331	8.47383155797	2.54464701435	5.63376922139	0.360059259788	-0.0709363389359	1.65057189085	6.91718193415	8.63985121813	
1.65218517707	8.99949465278	5.01192577483	8.99296767132	4.14242262306	7.17595615774	2.5294721284	-0.619842562045	8.98532909272	0.932677177952	8.40755150665	5.22039233023	-3.65620822925	-1.84504925025	-4.25098566339	-2.51270258642	
1.52315319328	4.87222516751	8.99693443298	7.98706518137	4.24248818273	9.0	3.08558247372	1.31970239262	3.25214098283	0.815354430898	6.01639772663	3.23251991271	-4.53012781736	-2.84255348329	-6.0	-4.28500584526	
2.19293766273	5.77347502266	4.37600528272	0.847285157651	5.23237070308	6.03442745093	2.21440054135	1.05388437809	4.01190118043	7.52849625581	6.3571861469	3.13718968694	6.26651405024	7.92714920034	0.542399142073	2.24653206488	
1.5876414477	9.0	4.99095334505	6.35587792445	5.93458281485	9.0	5.62479377567	-6.0	8.62678249409	8.5240954636	9.0	9.0	7.27914399131	8.99958210829	-2.16971325667	-0.448672838889	
3.61433848922	7.14015492588	4.77630402882	1.57444799539	2.48279052542	8.14415391247	6.05330301967	4.66907554903	4.30562845094	5.12963432611	5.63739274041	0.328749094409	4.00374464135	5.72450257434	0.350378486132	2.06899224578	
8.93334683296	8.61008428878	4.94538975625	4.0663482713	3.89111000712	8.34435262436	1.60378695813	5.46003279815	8.96898616409	9.0	5.64878305373	-1.36682896352	-1.81665463832	-0.0949332511835	-5.99959089763	-4.28095430123	
2.4210176953	9.0	4.58013248546	1.10031391348	3.21151113399	4.69065925781	3.62683051862	-0.333313099018	3.70536412529	5.24448721271	6.57878545202	4.53689957141	-3.23371790791	-1.51502113605	-0.174163732074	1.54867023599	
2.57692259282	8.96931974917	4.46848875956	-3.20247860114	9.0	7.30600264133	7.07831676814	6.30929987001	1.66446754435	7.7947658524	9.0	6.72830751381	7.13771176488	8.86432831413	-6.0	-4.28066373949	
1.59041527124	8.15191145374	7.69283661541	9.0	8.99914707932	6.17672078666	5.83992543148	0.962476934971	5.81789700841	6.88415240127	5.6567969471	4.53783962994	5.22743342546	6.94891816155	5.42957986006	7.15164988529	
3.39188348945	8.8614576307	4.77701654913	9.0	2.99847841121	7.46218424063	7.15690295424	9.0	8.95250254748	-1.67530312603	5.56669886507	0.28640850378	4.73722912397	6.46145451648	7.24374430474	9.0	
1.61720002825	8.74579344052	5.3243675378	4.96409016938	3.00299102611	8.98876824025	9.0	7.18065249916	5.00399615404	3.70063179474	5.63495466096	-3.87820281371	-1.03167561689	0.68954890647	-5.95312929216	-4.23136829457	
8.95694702723	8.9970448702	5.50176239375	3.52138098748	1.60301974527	9.0	9.0	8.99817656313	2.40335392876	-6.0	5.97458136594	8.99910664754	6.06423314622	7.7787987776	7.19062502215	8.92043427848	
3.24812245995	6.48821044309	4.60822660866	1.21623059372	3.52687034167	6.92584985129	1.67953240158	1.43133897942	5.61464487014	6.9066072593	6.98882557425	2.79426598655	0.257570331399	1.86523099957	6.01040697719	7.8122907791	
6.23816928354	8.52018248219	8.22458118619	5.85882061133	1.87554680517	6.12307964758	2.18416601371	3.18524354517	2.7252010317	2.0054027594	5.6930484789	1.42575496496	6.7488732272	8.55367321303	-0.0521199480159	1.4440445053	
2.43835472944	6.34464957046	9.0	7.50275727819	1.65157521548	5.06088796264	3.16897587465	2.78339017966	8.00991760515	6.7760160768	5.3840706239	1.24112207533	4.09337658026	5.85591160091	-1.83143382736	-0.0258466794841	
1.71197638548	5.25837377416	4.73905619251	2.38253383061	2.47931935569	8.9953079564	4.31030699199	-1.9109694951	5.3118958846	5.26398254235	9.0	7.67988129529	-5.56020891387	-3.83779333296	6.94833805961	8.66982680383	
2.45520292363	5.98822073222	4.82171043637	8.85895818679	1.82089007493	6.11999389388	2.42245466796	1.55934450109	9.0	1.9838877618	6.94010138806	3.19598899426	0.567197156651	2.32898764262	-5.18230939615	-3.56676035551	
1.81416629639	8.7005491777	8.0797257763	6.98650371795	2.0822275015	8.73393316416	2.78292708545	-1.59020167158	3.42600777185	0.302836657945	5.63765909592	0.806475759223	-1.00082961181	0.720252048131	1.29967352273	3.0208476607	
3.27152453511	4.37601993462	7.49866322573	8.3289971503	3.47109234854	8.1896934801	2.94804209308	4.72167356065	5.04986468402	0.738025405645	6.02592620554	2.00376079752	1.44496114536	3.30032640219	3.22000180444	4.96359871235	
9.0	9.0	4.32573361269	-6.0	1.84951971287	9.0	3.10986531725	9.0	9.0	9.0	9.0	6.35507854308	-2.79992141516	-1.07973552191	-6.0	-4.27841510043	
6.40138770976	9.0	4.43631543797	-6.0	2.15142874306	9.0	8.34918761961	9.0	2.08572143327	2.33864241572	6.58658305377	6.77324285439	5.01704460673	6.74973392367	0.790371675371	2.51397631656	
3.62223109735	9.0	9.0	7.41646498679	1.58944736973	6.05931688404	8.39180248293	7.01358897808	6.94024844113	0.801927141255	8.45269369758	7.82233817466	-5.85233828155	-4.13107734594	-5.94424326941	-4.22279630584	
7.15657617307	8.96192270293	4.66332681064	9.0	1.58621482748	8.95709652992	4.37421977524	9.0	9.0	-6.0	6.15233282365	3.09508837811	7.16435416034	8.88944109278	7.27813033611	9.0	
1.64738058518	5.1501508299	5.51471880543	4.4821610138	4.39460404079	8.28661624733	7.48522640043	6.62260668098	3.76744198727	4.31780912152	5.61638416708	-0.321058131212	3.93225684274	5.65885164611	-2.04125659276	-0.316884351299	
7.63671707071	8.95805036886	6.79563775489	8.66395959853	1.60810541345	6.09587365	6.5218435693	5.5597623215	6.21250417816	0.760171027591	5.44274819728	4.24828618372	5.58493708303	7.43751656318	-2.86717134301	-1.02440213702	
3.94092181965	3.94672492821	7.39162152694	6.1156072939	1.59747599023	7.33063023059	8.99798949687	7.59107414709	3.18068360472	0.430488289924	9.0	8.76038184614	0.837545871064	2.53351419198	2.50582978197	4.26228229258	
2.75144405417	8.98186338107	4.87490323418	4.16381974591	8.97932751157	4.17555132649	5.00633764192	6.13551619	4.3466132683	9.0	5.63315028723	-0.749500574151	-5.99293815703	-4.27026976059	3.58890197916	5.30941266482	
1.8918439368	7.68348631484	4.51783630031	-1.79298578642	4.67191551496	7.92193396408	8.61935722005	4.57476686582	1.9048693092	3.04071216237	8.70321839132	9.0	-5.97102996526	-4.24987836453	-0.595077989991	1.1264720032	
