2.03908412736	5.57598069264	3.41071742611	5.98349700178	1.92461585703	9.0	6.190537669	5.28320083216	8.93213506607	3.66631238971	5.68484520977	-1.20985582664	-2.80701621009	-1.07897829048	-2.52489933108	-0.806691246704	
1.69072737605	8.97275432266	3.58782930366	2.41322528645	2.50029467644	6.91273520407	8.84617854177	5.92171365613	5.53266486048	0.203387699481	5.72853662929	3.58031521157	2.35944129045	4.08085035345	1.91789960856	3.63964021196	
2.76596072245	6.83149290239	4.08782860191	6.08207768316	1.72097406133	4.92648277124	5.36324355928	2.99557154951	5.59511966852	1.88433160067	5.72333709457	2.65450900029	-1.89015762325	-0.173915196779	-0.0661419046084	1.63426706369	
7.25606800098	9.0	4.6272092629	8.99229698701	1.60627171087	8.99632924904	5.64801875606	4.09038431278	8.31378360856	-3.50850670526	9.0	9.0	6.76522889782	8.48700446028	-5.76203585903	-4.03758110932	
1.63638579644	9.0	4.39349532973	3.14542563465	8.99815746786	9.0	8.99999984007	-5.62123220511	3.04664532813	9.0	5.72738490415	8.39188949949	-0.726806484308	0.996113609112	7.27673750358	9.0	
1.98277507413	9.0	3.42091327658	2.49368122876	2.94565791737	3.98346614896	9.0	9.0	9.0	8.64976332335	5.66650226729	-0.998667604508	2.97548890782	4.69716593646	7.28334902659	9.0	
1.59449395241	9.0	4.26545963527	2.97324296975	4.77084136656	8.38766900696	5.83731977751	-0.863390733402	9.0	5.89330514352	8.78708990595	8.98232983431	-1.85084617836	-0.12960402897	7.28184108972	8.99992899407	
1.79971484264	8.79945396462	3.65981352255	2.76544262066	2.26405117904	6.12863164081	2.74469166587	-0.448208118641	3.08755295621	-0.0790610181108	5.8440465681	2.35187328904	2.45548712627	4.17966128462	2.95630502928	4.67439043151	
1.64019346806	5.20388303591	6.41645923595	8.96274010435	3.00027058021	8.6903510392	8.32527086888	-2.7354860671	9.0	5.8336047154	6.2350532608	8.77830002753	-6.0	-4.2796689678	7.27426634378	8.99968222733	
3.98030013051	7.7719341233	5.08786962908	7.38211636741	1.60425333549	5.56519670337	4.72116398676	4.67146068723	6.57616225601	1.27748987191	5.54431305756	0.946497807824	3.63280768912	5.34596055504	-5.48168880404	-3.84811571114	
3.72988824385	7.35580067813	6.53032917299	8.99663016792	8.96862070609	9.0	1.62853533664	-0.99222463836	6.26857151401	8.99880617085	5.64358503355	-0.474840199473	3.19080579286	4.90655024441	-5.28221362207	-3.55709715334	
5.46164973166	8.99740083351	6.42275971487	9.0	1.58289436714	9.0	8.98723422889	2.89453519378	8.88037383943	2.47846012113	5.63221568117	4.71470825389	-4.98070187073	-3.26020535729	-5.34695199893	-3.62250546377	
2.88283650087	9.0	8.99925435188	9.0	2.59019059251	8.84686585241	2.22526591099	3.23073404577	3.39050992951	-6.0	7.98228637211	4.0938596862	2.48607296897	4.21012639023	-1.98474736424	-0.264348848127	
1.60147076984	7.71082075244	9.0	9.0	9.0	7.05011836184	8.71596119382	4.52422857214	4.33596219562	9.0	5.63204009026	1.11754678364	0.428845881842	2.15027714759	-0.731243062294	0.98951516442	
2.8372864111	9.0	7.48714673576	7.43650307491	2.14044375593	6.56224022672	4.51493657711	5.54609650599	3.74223105901	-3.87343944575	9.0	5.16651709753	4.63031784921	6.34862404218	1.03549125508	2.7535219068	
1.99232607285	8.37525846645	7.55355566883	7.2858910339	2.44938567083	9.0	1.98577020372	-6.0	9.0	8.06786676113	7.42062220743	3.77924025199	1.74114428097	3.46224584778	2.29124840897	4.00523666201	
1.68258140141	8.99088134397	4.15829940732	2.96309079293	4.73084376843	9.0	3.60337087217	2.81203128378	3.21740154465	-0.70551743111	5.64352089283	0.0921597522548	7.27845820638	9.0	2.98156621685	4.7010526334	
1.6450896616	7.86708201925	3.46219794204	3.34566372	6.58804957603	7.62131304321	4.60934597755	1.75838272393	6.02903467976	5.38460651628	5.69282835409	2.16846488628	1.28669197816	3.00823885933	2.56914796381	4.28918154534	
2.30210381165	8.71737631609	4.64478543643	4.34330692165	2.03712870243	9.0	1.94124029363	-4.22585002166	8.78829242027	5.80617877479	6.2602059186	2.45130265801	6.00775387768	7.72903616468	2.87052360235	4.59215182822	
1.58749630327	8.2283259671	6.67753187908	6.15488799854	9.0	7.970389359	7.32106282312	4.77157947901	9.0	9.0	5.67699904432	3.25260065446	5.25600542921	6.97952714728	-0.412445531966	1.30712451057	
2.54445935907	6.16819238724	3.96468701511	6.42328229477	1.73748954747	8.50723448373	3.73884861284	2.84358202212	5.85174806282	0.451515078307	5.64847304069	-0.801096118105	-0.494274350301	1.23483286118	1.03733756948	2.75021428565	
1.70291355748	9.0	4.04330314809	2.85264737664	6.29730411911	4.15133268149	5.63143705643	-0.84208338876	2.5101532387	5.54516550884	5.87676003855	5.46676934833	-6.0	-4.27484706817	1.32631852605	3.05051092801	
3.81424757619	9.0	7.89766784871	8.82534053471	1.59397987836	6.01536655862	4.04286310073	3.95962310909	5.88580414447	-1.38748940723	5.66923473353	2.60811277466	4.03130894786	5.75264318292	-6.0	-4.27886276331	
1.6076801777	8.99956266117	8.14101296672	6.86285183813	2.92201034131	6.74637034554	8.98681576995	0.430284216574	4.19807002466	0.24216215619	5.74394424586	8.43557461221	-1.36250573072	0.359519231123	5.56795116993	7.28909425881	
1.56830887661	9.0	7.06574196596	5.74044878954	4.68966669	3.92082959579	8.68766540175	-0.31225586491	8.13873260023	8.97602606732	6.03505154333	8.98172515311	-2.6020172675	-0.867319447154	1.92532481293	3.63994061083	
1.69911457523	8.8284004241	3.37838860588	2.34509019684	2.75383378181	7.07237927561	6.52314515922	5.36973800174	4.73725327294	0.915563354329	5.6749726042	0.348171762595	5.08831856272	6.81404349633	2.10400773309	3.83115311237	
1.65987326153	5.01091280441	4.32894776236	7.20689353266	4.0581645754	7.44436807996	2.29994887979	0.954545990265	7.89313829681	2.94210886215	8.47304803272	5.1360460158	4.0271486728	5.61260501692	-0.458320823333	1.32351382537	
1.62194346471	8.00190807064	9.0	8.73147490059	5.56485228463	8.70837111525	9.0	8.04200821505	9.0	9.0	9.0	0.820298492994	-6.0	-4.27919413198	-2.49804394563	-0.776497984338	
1.66800425286	8.67195025872	3.64303511168	2.74937747283	2.56720616977	6.99683641809	6.13218357692	1.82244117979	4.84994370536	-1.2975869505	6.50140409441	6.53670393537	6.99130951961	8.71397874277	-4.677352313	-2.95774787868	
3.40883583411	6.82465265066	3.00696960559	5.72746824051	1.79950527134	5.83821226306	9.0	2.47062615828	6.4770587601	1.48131435355	5.69238152018	7.15039446678	-0.559317143719	1.23974184556	2.26541426448	3.98897408769	
4.54425919355	9.0	6.03444631128	7.69489364746	4.26226035066	3.48641787643	6.0829855373	9.0	5.45951084624	4.22138917449	5.63848545833	-1.27078238243	-6.0	-4.28077470214	-3.68320612774	-1.96018196449	
1.97960752998	8.9897680904	3.71236550099	2.80870585985	3.21880878074	8.56859278468	3.03910510455	3.03289715359	3.27683213274	3.53321961442	5.60314952562	-5.99677786164	6.27924098112	8.00641367284	-5.13252755381	-3.41240745269	
1.7158479864	5.71055309628	6.75937153881	8.93020821927	4.42812104556	7.38229760563	9.0	2.96118495514	5.34978789588	1.66517404286	5.61814072994	6.24939571622	-1.02429664253	0.733739971624	-5.56703264535	-3.89126301818	
2.36327191002	8.84295673226	5.26493393866	4.90021478369	3.32071449766	7.64454616885	1.7079727703	-3.74536080098	7.76813009308	7.66390150889	5.69292799161	0.924492666668	0.884278915319	2.60680550005	-0.468952327426	1.24759163171	
1.82841092969	8.90004031701	9.0	8.05021985001	3.31151043249	9.0	9.0	5.37421682234	2.1430660973	-6.0	9.0	8.99709096138	-6.0	-4.30241866343	7.26810186031	9.0	
2.50469444499	8.24583347106	4.2927650879	4.66042686657	3.64013729766	8.04932132845	4.20495585155	5.03282766491	4.17645500067	-2.3355820665	5.71163066655	0.995518790467	-2.56084071252	-0.844407227241	-1.10541128417	0.608176742658	
1.63950138521	8.33291756262	3.42783692269	2.84175847709	3.67271282979	5.59479449447	3.98215240892	-0.202583642069	8.9840172185	7.69741481237	5.75824909597	3.30821804765	-6.0	-4.28794388053	-0.616461022938	1.12088802116	
1.6923254822	8.43926625064	5.13122041872	4.49117249801	2.57109232853	3.65735946344	5.01593016953	1.52845270396	3.75803048332	3.22624888688	5.68906875488	2.62898808629	2.3077721416	4.03064249987	-0.176870623904	1.53682416351	
1.78279369034	9.0	3.39820798151	2.2702798073	2.28627061744	5.63808422081	8.9999918606	0.177197499942	3.05900951979	0.642507031066	5.65955957356	7.56731132036	-5.86589946763	-4.13854769625	-2.60032607239	-0.870966504334	
1.82298130037	8.89122163671	6.90960043738	5.95437627428	3.19892299839	7.60758821707	6.8743648846	6.67279426091	3.14553452571	0.0355912547727	9.0	1.90615623516	-0.987517083999	0.735286513879	1.34551043889	3.06721361379	
1.70472131382	7.49829794406	3.52169869778	3.83218224161	5.50041570515	4.88299658226	2.52265035231	0.415477079968	4.99024774793	5.79326387748	5.74884141711	1.68698248357	0.633014511887	2.35544087296	2.38605069524	4.10631635732	
5.0700329515	5.85979117697	3.68528791081	8.98700644468	1.88904868125	8.96498507847	2.2319320292	4.751517138	8.91266039426	-0.322144670251	5.6829566098	-0.656049928867	-3.146784447	-1.42685567892	-5.97713239127	-4.25908203386	
1.73053184161	9.0	8.69139550459	7.50803572194	4.35557887586	8.95902501918	5.62976764927	0.891020774732	2.33317997162	-3.50814234694	9.0	9.0	3.04595214419	4.72915769033	5.47635476086	7.15620916185	
5.14989789751	9.0	3.04750024638	5.15466636559	9.0	9.0	1.74378777852	0.390949590366	9.0	9.0	8.52197220738	4.11425465644	-6.0	-4.27931229993	-5.92081848111	-4.19963246944	
1.68827036746	8.95646511373	4.40203777873	3.24603942998	4.55695227716	9.0	3.24094421787	0.981940308737	2.49758806889	-3.16328714701	6.46008620458	3.93468102827	6.35209566215	8.07307289715	4.28699701768	6.00926078946	
2.16343943789	8.26679300155	8.99987850498	9.0	1.77732330962	8.40186329528	3.36291014936	1.57948985819	3.77220701734	-1.02437240746	5.65505591089	-0.380090769171	-0.0778828027231	1.63634699401	7.27831251848	9.0	
1.58191597025	9.0	3.52032718004	2.10944463723	8.25398929868	9.0	8.54081117989	-1.10968956612	3.87519040356	4.17398524472	6.20986154298	8.9703194599	7.31568081386	9.0	7.12232634806	8.99784498848	
1.59520083223	8.80911958798	8.99999755718	7.89848535274	8.41806990031	3.86020997816	8.53615413924	5.65774521197	4.11214236459	8.97212954762	5.63111888577	2.21193293212	7.27861546247	9.0	-5.88339488537	-4.16145894232	
8.43481431848	8.99909208163	3.46811337468	8.98980304785	3.14208032377	8.5602055452	2.35617303226	9.0	9.0	2.62190480717	5.65644040123	-6.0	-6.0	-4.2791754886	-2.66411961621	-0.963235103985	
5.39788228526	8.95213196772	6.44397220376	8.99917119241	8.99973891119	8.43098463978	1.59555971216	-0.771621988455	7.030433576	8.92747342512	5.69052002025	0.73754594552	-1.46181189921	0.259681478115	-5.99936942243	-4.27863428614	
1.79420577398	8.8545141699	5.27441835101	4.3271548028	2.06516049402	9.0	8.13338334062	-5.36795030154	3.26809079334	1.39384213893	6.55543316718	8.999978262	7.27866878764	9.0	7.27817507871	8.99962997841	
1.63948739766	8.80463131371	3.58769367637	2.55200883902	4.48975321305	8.89839492237	2.96836615776	-0.144122613465	3.58379765717	-1.0287298949	7.67940060065	4.98825410095	-6.0	-4.28682157733	-5.99765209773	-4.27937008669	
2.06084970849	9.0	3.72406824547	2.8944545586	8.99914542011	8.9992065689	1.84637370966	-0.237294941516	3.48762249221	9.0	5.66903028239	-3.75294406301	-5.36495871847	-3.64221898135	-6.0	-4.27777549897	
1.69306645952	8.98072992095	3.74780586615	2.57138312784	4.49612976668	8.93331449537	8.99371575547	7.35973983654	2.60315174603	-3.88703007315	8.9999871828	6.68811775724	7.2779887466	9.0	-5.71058071581	-3.98523046642	
1.92574459699	8.3493952427	5.06367942616	4.75189247671	9.0	9.0	1.86846087452	-4.18250181447	4.26507280873	8.75737403675	5.73880315444	1.30388054297	-2.31760083746	-0.596139038103	6.25361317402	7.97485486825	
1.69068232048	8.80550010314	3.37113081209	2.37435383091	2.72922814086	5.61105902862	4.33594001262	1.6562524703	3.65865995853	1.63277251522	5.67198172621	1.47202183526	2.8504002143	4.57993102517	0.41963328215	2.13646459999	
1.83332210608	8.96917411403	3.94644134079	2.92287089886	7.76397957805	9.0	9.0	8.79117948104	4.38585108801	9.0	5.64011451015	-6.0	7.27806097724	9.0	3.24038319059	4.96078261583	
9.0	9.0	3.07852214621	9.0	1.73418967273	6.15265752044	5.9757082065	9.0	9.0	-4.19134920615	9.0	8.94479855459	-0.654796584463	1.06678150262	6.33593028562	8.05669245391	
1.5804444796	9.0	4.73477779679	3.42810786641	7.2390677432	9.0	8.73235050347	0.919981991937	9.0	8.96082298504	8.90411173295	9.0	2.84572870596	4.56708344248	5.70214330901	7.42320047563	
4.20077089741	8.69497397658	5.03017756324	6.64792199725	4.75454909759	8.99960434666	3.88715939704	6.4830822884	5.9704832354	4.78006336443	5.64722377587	-6.0	7.27620682007	8.99901843151	-4.30846424647	-2.58812120385	
3.05008995867	8.9993346994	8.73179418393	8.89673766886	1.82178308285	5.62652677937	2.07997695635	-0.32524248444	3.94529838293	0.149013328023	6.69007855013	3.08584476965	-3.30521428173	-1.57785726156	3.3393668164	5.05534671318	
1.63881919886	8.55016804833	3.86914209888	3.06120296262	3.64394331579	9.0	4.13466324052	-4.48183413768	3.40165984612	3.56221988601	5.66594250743	2.78085933674	-2.24731279364	-0.527274722895	2.2464052992	3.96790436889	
2.42003228348	8.37500553418	3.79995184829	3.95268756622	1.99581844825	4.60025123477	2.0501206199	1.6422401765	5.08161757323	2.51881399503	5.63269669188	0.00471495881893	-0.247865174671	1.4738715513	2.84126325256	4.56055532062	
1.81347812468	8.99966397085	5.79412751806	4.74575622962	2.91289470071	8.9050331469	4.35455972095	2.28916313938	2.23163104333	-5.90756915514	6.9257378098	5.08468102448	7.25293775944	8.9723148914	1.03700195313	2.75312684078	
4.54592366736	6.07387021061	4.50946277187	9.0	1.49402942575	5.93229318517	3.21108709723	3.38321696715	9.0	1.18915332254	5.87922112589	3.17262375675	5.0211449763	6.64316836017	-2.39842729091	-0.871734821662	
1.94421034847	9.0	3.70950171875	2.76747843822	2.85648877445	7.2765113872	9.0	9.0	5.82908918815	-0.148433295138	5.74452560844	1.30736076399	-5.7848341539	-4.06182265525	3.30290109406	5.02428311808	
1.81291246226	9.0	9.0	7.92651687739	4.79983119352	8.90018685886	2.04313646182	-6.0	7.27644875911	9.0	6.09183775282	2.31484891344	7.13933307118	8.86068099545	7.22205475248	8.94222247123	
2.84280842595	6.37127747403	2.95789425568	5.41998040013	3.36610016802	6.23448296788	1.75687789496	1.59236700547	8.67131502486	5.12387070494	5.65670561096	0.607778269764	5.50931356333	7.19119928541	3.17327069214	4.87369991625	
2.89260277315	8.98420733836	9.0	8.99956162157	1.67694250953	8.99945752225	8.87478543502	4.29080506361	9.0	7.07201464065	8.99798103351	2.19637446869	7.17501197997	9.0	7.16248928731	8.92072206125	
1.58622732345	8.99984851635	8.98977236976	7.69027690047	7.78310760927	8.90656234541	4.65153943335	-3.55233390173	6.88072451716	8.94120870005	8.344960138	7.3678537677	-6.0	-4.27865070896	2.75255218447	4.47388015074	
1.78492702162	8.99998063543	3.43114465998	2.31868707834	4.42209200033	8.8241341539	2.27295462798	-0.411429562519	2.77324020619	-1.23893051925	5.88926230144	2.19682962032	0.745264067948	2.46899884272	0.401677281374	2.12042225478	
1.8605512401	5.47875072464	3.52552703873	5.99797664789	2.3737492146	8.13370957721	2.39299124693	-2.01336474229	7.43840874889	3.58189248522	6.08379859434	2.6101580654	-3.40445479315	-1.68253669264	1.94148103369	3.6544491212	
1.80293323673	8.97042279115	3.62066949446	2.56363940109	5.14746801847	8.68095148826	8.79789939776	8.51980188432	4.78147041836	1.8841514721	5.65394167286	-0.698771652626	-4.933196435	-3.212151723	7.27494123573	8.99997090187	
1.57725372873	4.99280450756	5.29439998725	8.11453971538	4.11796642428	8.1863543185	9.0	4.39352251217	6.07468865369	1.00262630798	5.68271847056	5.06780966395	-1.21943233424	0.603833165332	-0.353717544328	1.32299490301	
1.9354837389	7.55964421318	8.51391506387	9.0	1.93122599496	5.81908898384	8.72280822432	0.0220804429233	4.03022882794	0.0991624203449	5.91404692137	8.6604304087	-0.771790304234	0.949187966159	-2.30312803644	-0.578562753087	
2.38263882599	8.92978724093	4.35289989812	3.90281387231	1.73986590995	8.87156533211	3.27620175377	2.3761245336	3.23128759929	-5.9999848898	5.8561537166	2.87248699384	1.47442360299	3.19851599938	0.291396071011	2.00142326288	
6.3003410182	8.99998470138	4.57387278933	7.98792742102	1.60124507401	6.57583998652	9.0	3.17713163546	9.0	3.14847260654	8.29731928674	9.0	3.55241795624	5.27423307976	2.77412512072	4.49575282549	
1.8797427204	8.98602478185	4.18946333425	3.19330973866	2.11289256898	6.53170434733	3.81979868424	3.27512852052	3.48195755504	-2.95532514221	6.05349188501	2.62238332057	-0.906929575242	0.820968470409	6.69209844677	8.40644234785	
1.64628420502	9.0	3.65370471445	2.41068340029	3.84222949363	8.24499622871	3.02593228965	1.15717463047	8.97471472595	4.62375064597	5.67708597125	1.50125874046	7.27954026105	9.0	0.911409986105	2.6324962015	
1.60755245097	6.97668622184	8.25747427008	9.0	4.54639827301	8.76164133546	9.0	0.439415438676	4.59563267049	-0.0740527276152	5.88456088667	8.90168065799	1.72072097072	3.44108943263	-5.99988477491	-4.27815830017	
1.70815283667	7.46130989621	7.97245559006	8.33642144735	3.01883842885	7.45365444969	3.43985208	2.71923698247	4.20578848538	-1.47155781208	5.70075157442	1.66208277459	7.27878229965	8.99670327448	2.16968408344	3.89684980174	
1.71095411781	8.99891342306	3.49162891756	2.29449784308	7.72295471003	5.88431640395	4.77918016289	-0.871762072359	2.52756531702	5.36969883929	5.8616785322	4.53921279508	2.15633921636	3.88326428043	1.10071431951	2.8167459472	
1.6544642823	8.43082104728	5.01201205833	4.34136052029	2.70400603593	7.0453675797	7.35735630103	-0.396915086956	3.16091193443	-1.1118520173	7.0390800489	8.73292984194	1.00609762881	2.73029983803	3.01013827625	4.73455517346	
2.24893748107	9.0	5.20661329477	4.569136828	2.22805794002	6.40095956517	1.95425573087	1.67149839915	5.26237095475	0.61282457322	5.66169691174	0.425468552281	-0.572991130343	1.14765711054	6.76048953581	8.48209035921	
2.8151620006	8.97479009983	6.09134605208	6.04487939076	4.33488953827	8.76681336623	1.91235752473	2.78335599085	4.07446447633	-3.21877588946	8.99984872529	4.99314247344	1.75671750543	3.47840270537	6.53449108399	8.25549077756	
1.6285509667	8.68934680663	3.45871621119	2.50137076561	4.53343885177	8.99998535117	6.24755345787	2.95639221549	9.0	2.57214167426	9.0	8.25891341112	3.52948593892	5.25429635851	0.447583807748	2.16937419547	
2.28396918417	5.89695857972	6.07479715603	8.68737149975	1.68173318409	4.89749395976	8.61447148127	0.602809999964	6.30647551945	1.99485177662	6.04178847493	9.0	1.33103072551	3.00420762412	-1.50308807796	0.0772292167774	
1.7280558233	9.0	3.73545830489	2.56623595694	8.90177292914	3.97612092807	4.32683901294	3.73140918105	3.27779423916	9.0	5.65212690304	-0.528373883739	-6.0	-4.2864936477	-5.99994228546	-4.28341706201	
1.76691444507	7.85428132171	3.83093138701	3.85732216804	3.16513981957	7.58667876312	3.45721648164	3.04276715393	6.72315860206	0.212222242723	8.99043226061	5.49814108444	5.22386897286	6.9437004879	7.27625813895	9.0	
1.58277064212	8.99306543137	5.60429511678	4.31456800001	9.0	8.8777626494	6.85504329285	-0.238959438365	9.0	8.97271055089	7.76595473867	9.0	3.62694693429	5.34993372816	4.85208365232	6.57301949638	
1.77876425274	8.94430768071	4.17927540253	3.12484040201	3.36253585659	7.8193172485	3.23189977749	2.70170970889	2.72627635929	-3.4060512312	5.78995227354	1.99016975211	-1.78212334631	-0.0691809146881	-3.57380054238	-1.85168242605	
1.94012722785	5.72266339417	3.49896512563	5.79972244743	5.24449617157	8.98613702211	9.0	9.0	6.14077824697	3.09941809175	9.0	2.33785880043	2.38809613785	4.09834515531	7.25996055662	9.0	
2.10136381585	9.0	9.0	8.21255239065	8.56234459589	7.47196365332	4.14272847011	4.46162954763	3.84999535087	8.99999649336	5.6417503432	-4.73079184208	-5.38074736572	-3.65967423121	-4.18991001615	-2.46847453414	
3.21113659686	8.99994595902	3.61047557928	3.93625904698	1.79225643519	8.99999947739	2.54556374617	3.37033748456	4.4734692737	-6.0	6.35004214832	2.78856797477	7.27711305965	9.0	6.90129343887	8.64009095063	
1.76734458255	8.99853919081	5.48283645594	4.36098649342	4.7088393174	9.0	2.31952697617	0.86727889882	2.64203864873	-1.22954987572	5.62173238815	0.66305664107	-1.33267709611	0.38762138675	2.51697238339	4.23946753992	
2.06494363846	8.99962402144	3.83024058024	3.00634515701	2.01244136225	7.64965021124	6.77524312302	4.70158378286	2.29741438335	-6.0	8.98386907702	7.6553235444	-3.29594865465	-1.57945242026	-6.0	-4.28351673526	
1.94286939434	8.88631415482	3.48524012499	2.64169286305	2.18032284799	6.60652466393	2.31898532099	0.607978613089	3.19453430025	-2.13067808027	7.39991635146	4.02252673289	-4.42913768473	-2.70160172804	0.734623520358	2.45753174909	
1.80359069486	9.0	4.11085211254	3.02428824006	8.79853106986	8.99305192748	2.02593051999	0.403495184411	4.13228376985	8.90333663104	8.45416498642	-0.8787545759	2.84946382044	4.57054260955	0.130621318401	1.85241847541	
3.41010797696	7.22102676723	3.1242175117	5.4048913286	2.53371110164	5.5378990455	1.82571754822	0.466856329934	6.8218162023	3.21961793215	7.92673133486	3.88411547851	3.05279417463	4.73701982619	2.33451129268	4.06331762952	
1.88286998336	8.89714902582	3.55745538246	2.65292498924	4.52839170514	8.95928715023	3.47201513713	3.3475811052	3.62770999434	-2.19306449311	5.71570398656	1.24276751809	-6.0	-4.26354627493	-1.12158210488	0.587546659084	
