6.79562234291	9.0	4.75221462169	8.60575135664	7.43950508982	7.39974435912	3.93028726074	9.0	9.0	4.29284194214	5.57566960821	-0.527353253783	1.50770428866	3.20990689805	-3.55166019456	-1.72336851951	
2.20286181019	7.69313727273	4.62255917542	5.25022672239	2.2554775477	9.0	1.94990082751	1.58758151648	5.74514002052	-1.96538303946	5.67483564344	0.998803256589	1.89039311623	3.61305451646	0.57465836838	2.29437356197	
3.98228380395	8.99971375233	4.60121943471	5.63933972576	1.50705217788	5.83030545037	9.0	5.74864431839	8.86644353374	0.728751977791	7.7221474433	9.0	-6.0	-4.24753132996	7.32254702034	8.98463779289	
2.28277110701	8.47793793804	8.99994539349	9.0	1.53714639228	4.08456189341	9.0	0.220982666291	4.8299386087	2.05523383956	5.324965832	8.23557176811	-2.8896241734	-1.17448830247	3.42882418226	5.24642563959	
2.32714903902	7.86753177883	7.53636854312	8.10558261942	8.40802106126	5.64857484678	1.56441439675	0.0413763720881	4.74412747708	6.99233702977	5.65105112466	1.68569472064	4.91641928432	6.55648058138	7.27899903778	9.0	
1.87791082157	9.0	9.0	8.02214727031	2.03102455042	3.9801331085	4.11864711735	-0.0327838098354	8.03982832878	6.14569107165	6.16049884953	4.06767945946	-1.42740677801	0.23711605155	0.56247244994	2.28946138303	
2.26181380557	9.0	4.80095958958	4.14728847366	1.68995325247	3.92281327996	8.31987260846	7.77589353461	8.98129285062	6.84069128532	5.5538256894	-0.00084809069187	2.42985872388	3.96068350252	-3.82809628095	-2.06739274622	
1.47032748675	8.99766862711	4.05143446541	2.56243440398	6.20720730679	8.71269272513	5.42646832426	3.74038373834	9.0	7.20593327215	5.49874600896	0.472777847245	0.545379238113	2.28539523873	-5.96949960674	-4.25364592005	
2.06092310391	9.0	4.52555618178	3.66887089494	8.92138911326	3.84952621341	3.94906276047	4.35161478038	3.75514569866	8.70848712019	5.3765968901	-0.968186780877	-5.28480575888	-3.68831197975	3.09039946961	4.75335481499	
2.82472794296	9.0	4.65365688853	4.47635697439	1.72866543638	4.600559684	1.97908761908	-0.446205567714	8.68553979288	6.12315742958	7.18478444604	3.48096113915	2.22850198043	3.96571142872	-3.5467458801	-1.85548114352	
1.6326387973	8.86711993318	6.9485686654	5.79482084762	2.71570803487	5.62698775922	6.2863170172	2.1036124983	3.216856027	1.06472496542	6.24112693074	3.76552573014	-2.83918683851	-1.09933106117	-1.36761195435	0.361861779523	
1.82162725033	9.0	6.79365244974	5.69615821746	2.23818172687	4.22250507335	2.58767743092	-0.226082402441	5.24515901687	3.63093151079	9.0	5.66198679986	1.56825862183	3.29429936154	3.08232294229	4.73064141878	
2.37231703092	9.0	5.61519336084	5.10193246627	1.70426605384	9.0	9.0	8.52342421254	4.03922051524	-5.98905645958	8.93548842173	6.14792732206	-6.0	-4.27847473178	-4.27573154159	-2.55437841176	
4.06815036537	9.0	4.79706189826	6.01120758455	1.67417061694	5.88935624802	2.18395909094	3.20172127755	9.0	1.50585507023	8.99802894073	5.30670284099	-5.51206664474	-3.63387290545	-5.48845835198	-3.82193963398	
1.69489172704	8.96996916034	4.56144145986	3.16996161982	8.11844434723	8.63053718594	2.87065235652	-0.705606563856	3.61877248778	3.81849890058	7.9263514029	5.13759440766	4.28714569804	6.03292858756	0.9818515612	2.81310943528	
1.98643488595	9.0	4.51525272125	3.61361346683	2.04575401074	8.35519705326	2.1902286552	-0.0302315405847	5.16848842591	1.89355812727	5.62789854635	-1.18249710941	7.26189772718	8.9836464088	4.25405773174	5.97323629345	
2.92281842736	8.96129936421	4.47110230231	4.58709044645	4.45108806831	8.78603381505	1.85749924949	2.72023085088	9.0	3.2702780872	6.12874241313	0.642955370806	0.156380850043	1.80331246546	5.51624381194	7.22628364522	
1.59885050413	8.95407210869	8.99965476461	7.75474221517	3.47782642796	8.9950093922	8.99889867064	-4.37508945433	8.53888605397	8.76589020035	5.62316908	7.2548932646	5.34454207614	7.06538406279	6.36502809372	8.08689601124	
1.75812085358	9.0	9.0	7.87367274829	3.3867867477	6.20365603293	2.13576251078	-3.1453632397	9.0	9.0	6.75109729879	3.21770804756	-6.0	-4.27931888691	-1.01309834934	0.708709048293	
1.69595068168	9.0	8.5885827309	7.39538644376	2.24001873648	9.0	4.1336381007	-6.0	3.8464579763	2.67603855578	8.72055333998	7.26113601244	3.21138679065	4.93334776845	-6.0	-4.27872884418	
2.13258402679	8.95029322192	4.57600758338	3.85952200934	1.79171852687	6.87849935133	2.40778592954	0.624009202595	4.33338354421	-1.82307492843	8.27820828406	5.08995907535	7.28072907389	8.99897396007	-4.07831267574	-2.36502948606	
7.30136203641	9.0	4.68860580373	9.0	9.0	8.17386271837	3.22714153955	8.97663684105	9.0	4.52812421667	5.60977103475	-0.821313870664	-6.0	-4.13239980759	4.51059238126	6.1736609657	
1.77857882627	4.68089324633	4.37807435452	7.54338699845	3.31764765607	6.71082849874	2.01518934741	1.6291512016	7.98625347215	2.83822141644	5.70506643616	1.70920323193	1.6868306121	3.37536931519	7.32785352403	9.0	
1.60791889397	9.0	4.67054412124	3.40355192381	8.99604928388	8.55118727491	9.0	-0.91585649599	4.25813376505	7.96699052325	5.65386917279	6.2930655993	0.100800717578	1.81822112095	-3.11972123235	-1.401707393	
1.6709637641	8.94719654235	8.3209332895	7.15945495122	2.69208193514	9.0	2.7173100124	-5.4753242422	3.76868314358	2.89891047198	5.91497861734	2.67465066379	-5.80750852174	-4.08789614915	-6.0	-4.27773998936	
2.18373214505	8.5061779996	4.78957301723	4.58013556595	9.0	9.0	1.77718635451	1.46291741418	4.86616208252	9.0	9.0	-0.815638291168	7.28591905353	9.0	-5.99025601393	-4.2689434937	
1.63169626385	9.0	4.24771720777	2.88927864962	6.00621352887	8.95286229717	2.10151097572	-0.495319300725	3.35044189618	1.12155285552	5.55566500328	1.48857070723	0.0658523912308	1.85036588515	0.159920202097	1.81850895859	
1.65655605236	8.62317752326	4.54037981498	3.68806784136	2.46660000919	8.99741770646	9.0	-1.92186510672	5.2576126678	2.29048878165	5.65374958678	7.01381102751	1.30321771899	3.02434787368	7.28002673385	8.99969913157	
1.50866318935	8.71846930815	4.43655089489	3.30402776737	8.97616880207	8.69267196269	2.2391984669	-0.0673878175607	3.42619129572	4.11470286985	5.31491004008	1.23328165548	1.90322497512	3.56074301068	3.08904252877	4.83448593266	
1.59130297541	5.03655744747	4.56378837648	7.2344092973	8.99099516615	9.0	8.21322586098	1.49674086473	8.43522362369	9.0	5.63168407637	5.77507328499	2.20765448785	3.92779137466	-0.262923569607	1.45894674033	
1.73140659584	5.53451028037	5.39733439993	7.69373011597	3.83273988785	6.30414315215	8.91822613614	7.99980587261	7.38524179652	3.55549833241	5.71913906353	1.93000625615	-4.58498968688	-2.95250668834	-0.609353815332	1.14260710318	
1.81630079654	9.0	4.47224544576	3.21971727949	8.98552457948	8.99064187885	9.0	8.9994403485	8.84275577691	9.0	5.33604067922	-0.599283564365	-0.436597971765	1.1673087399	-0.885118610078	0.800309445088	
2.63515466394	8.44035833634	5.06868452153	5.40354230177	5.83602081755	8.81917906618	1.72150066914	0.256237074063	8.84040550197	5.06742969135	7.42073062039	3.62192322381	6.31233451782	8.07592385888	2.12274642461	3.93222487436	
4.80157665452	9.0	6.94806898688	8.97818674076	1.54569454301	4.81830613851	3.92861520508	3.97681165559	8.5898446241	3.67959386312	5.19976051359	0.58459193571	-1.65652195072	0.0806633765995	3.10668823046	4.80296685262	
2.38856606486	8.36658910476	4.16736005384	4.30064642594	1.73854676288	4.28021309972	2.35991101858	2.7081274263	8.96277096123	5.92358974264	5.44083761746	-0.445975942987	2.42302827988	4.11303382309	3.20033996935	4.88278991834	
1.65085543247	8.80265158281	4.59866009235	3.55703780362	4.58190015014	9.0	5.25286667352	4.458318357	8.51060975962	8.9989276807	5.62312782537	-4.48313804536	6.86950776283	8.59125848088	-5.6001177592	-3.87926416933	
1.66130120242	6.53645488244	5.1358282554	6.33027269967	4.66701647041	8.91522751	6.67140105884	3.70633081067	6.05156029478	0.522228017381	8.9872426365	7.3611036159	1.48856344765	3.22392805009	-4.50395007365	-2.73610838081	
4.18283417433	9.0	6.23921133247	7.52782908582	9.0	9.0	1.59925548589	0.402063063025	6.13949442114	9.0	5.67050201499	-1.97344634718	-2.87514459933	-1.15972266968	7.29027215686	9.0	
3.03976076196	8.34949020596	7.42137782142	8.22591007564	8.79268511001	9.0	1.65798937025	2.13181366108	5.33378095913	7.34882069074	5.6354859178	-3.05770405373	3.3471727891	5.06869770231	7.17162444277	8.89292040609	
1.52441155864	6.27600154485	4.78592883476	6.24842807549	4.03368776609	8.69201775168	3.90071257789	1.89395440112	6.00719339325	-0.651115740373	5.74768412826	3.70281786481	-1.42193966598	0.336538121485	-1.21818924811	0.448375319901	
1.69348837911	9.0	4.65433163293	3.48115858146	3.26079648177	9.0	2.35402801367	0.366506240627	5.45647505606	4.7594127762	5.61229449884	-3.45356549305	0.952841726905	2.70057588897	0.608501897087	2.33651904491	
1.5429217624	8.94178136276	4.55919112276	3.238034087	5.00045816855	8.99188745167	7.03890464894	-5.958225823	3.91383130798	5.42273492361	6.7729080509	8.29201672738	3.83868839958	5.55431858088	0.681117496638	2.39478203195	
1.68526250305	8.04901569846	4.59043001333	4.33818490432	2.34620814807	8.81790515872	4.25036707479	-0.809614971909	5.03574694901	-0.917949481952	6.5448061491	5.09025517129	2.074375724	3.79575205777	0.0835046627033	1.80564247649	
1.74104992049	9.0	9.0	7.7286470562	9.0	4.05632106778	1.91488036291	-0.663486223151	3.64820700593	8.99274703521	9.0	5.20354478226	1.02165086601	2.92848247014	0.202997576068	1.96445454941	
1.59970309715	8.94430355511	4.28434167217	2.82040501489	2.5161707926	6.87488617676	3.54349811195	2.13481849164	8.83715798413	2.86122998498	9.0	6.20569540272	-0.754451649961	0.861451338269	-3.65986108031	-1.87839659862	
2.19193068343	6.49260890208	5.28649659699	7.18674832317	1.68262802223	4.9318835683	2.12765978479	0.991168248947	7.00693316742	2.38739369096	5.47708058871	1.9236632718	3.25013456287	5.06419132849	4.39721096189	6.08550456748	
5.45463385553	9.0	5.98622933903	8.5288982651	1.66765227918	5.4312841414	5.32292521045	6.22381240527	8.18670932901	2.00914102465	5.48106791941	1.004548027	-1.57290920996	0.0870445228659	-0.457053137108	1.26307346298	
1.49414325402	8.99183329905	4.22958367244	2.85695022623	3.26079207007	3.90611969069	2.478443976	-1.02767660276	8.96541356405	9.0	6.42376581362	3.21967702549	-1.33990612513	0.269665132606	-1.2613410926	0.447133043942	
1.4896262999	8.89381704553	4.10431152437	2.67633879629	3.05988057802	5.22505269035	8.77425687423	-0.847803436871	4.40835371759	3.04803608549	6.00198645839	8.97353907916	0.154058223388	1.88410893992	-4.1839055002	-2.42111812111	
3.05871171845	8.98957727201	8.86909532308	9.0	1.58705351582	6.52322048185	8.9656248745	8.99960856058	4.65695306996	-3.58506781488	8.56410080201	5.98598732247	7.13664583463	8.99137482082	-5.99961260266	-4.28668023999	
1.54147396607	8.62958634083	5.57035109969	4.78302976547	6.6182074039	5.05304257044	2.68339082815	0.990410578825	3.47762311831	5.10823049648	5.59823527704	1.07695397458	-5.5652158606	-3.87178436857	-2.17862700575	-0.465339196702	
1.46702592559	8.99911050683	4.67862598093	3.19741060218	3.57752346633	3.88684910449	4.90685089047	3.20546443342	2.9254513554	3.09396490627	5.2778596003	0.494934034529	-1.44241153843	0.265665541291	-1.50591747516	0.223727346295	
2.28803295715	8.4014923517	9.0	9.0	1.79928256824	9.0	9.0	9.0	9.0	6.29428324928	9.0	-1.4909521739	7.14050325746	8.86142790223	-5.37305102344	-3.65185375517	
3.42121368693	9.0	4.27608571733	4.74391448693	4.53113013731	8.94566255026	1.61520436565	1.78169943952	6.72878910122	1.25017259417	5.3001825763	0.310118887559	-2.89308524455	-1.1909486332	-6.0	-4.32542682048	
1.5121087302	3.21234028203	4.20714746968	8.56370009854	5.13364682863	8.9981848756	4.33858702662	2.05546024538	9.0	3.1410026009	7.18307059438	5.51964050789	-1.01710999669	0.658462619434	-5.71513028604	-3.97683127033	
1.4824528074	8.37097489344	4.15314413352	3.32295648602	2.53509781588	4.96802781307	3.9113443042	1.89512164278	3.97737953816	1.91120074742	5.48868269609	1.14432258789	2.04293131056	3.75809179297	3.51011666514	5.16445731182	
1.59667518947	8.43350545445	8.70359462113	7.98030165773	6.52567494263	8.33953861969	4.63899132284	-3.93399116229	4.44702847608	7.06371699094	5.70884998004	3.85577772662	6.49270101348	8.21303721107	-1.20778163575	0.516153725254	
1.63492981652	9.0	7.46803534515	6.21841143081	9.0	8.1546810179	8.81254277622	7.70586207258	3.33811179573	8.22917165667	5.63495154015	-3.30295528708	7.28066517104	8.99999999716	-6.0	-4.2817341126	
1.58732045716	8.78230934375	8.06613545012	6.98559392438	3.85237074785	8.84099815684	5.58515914159	-5.63799351973	3.82617686945	4.08084190236	9.0	8.98078180637	4.16881358709	5.89047578659	7.25436525424	8.96999312394	
1.74686532026	9.0	4.08341373028	2.94836644013	3.21611847499	6.97082308323	1.81786371705	-0.907109170661	4.26265227293	0.999506508604	8.999641553	5.25275164245	6.30453492392	8.01242859786	-6.0	-4.20639708494	
2.52332070998	8.62459252182	8.98930798132	9.0	9.0	7.92589198649	2.13637294608	2.8486004363	4.58922052601	8.32470182898	5.61584873353	-3.76442243272	4.34983464038	6.07457690946	1.27398499935	2.99844930639	
1.66406272122	8.74002877661	4.24570985862	3.34087962797	8.7118464158	5.73257212224	2.22015256506	1.56501039654	3.84859538433	7.07352391719	5.59957898129	-0.184054958029	-3.85189285036	-2.26023113117	-6.0	-4.28988541245	
4.54754007521	9.0	7.26470994691	9.0	8.55024997328	4.28978679726	3.66805277959	6.69160740959	6.01915680038	7.92761321845	5.51001329396	-1.20996198585	-5.99455747456	-4.35370634368	2.28582400428	3.88309809557	
1.66233392044	8.61252267018	6.06390878851	5.29693694594	2.63696729527	7.00348018729	2.47662493706	-0.782722048236	3.37925429985	-0.875706376155	7.67769507953	4.64698389902	-3.46659853459	-1.66261952669	1.16446454219	2.83424766702	
6.08184922066	8.99556287938	4.88344459422	8.08253849744	2.37784065819	8.71104080557	4.48401878677	8.95472300299	9.0	3.65264790628	5.49131325024	-5.99986818303	0.76447395004	2.49364671322	7.27574691213	9.0	
2.59527135448	7.92605782876	4.84343698328	5.62007236928	1.73424847774	6.06569423287	5.92540056461	6.56092841229	5.22362012047	-1.58598624044	8.69143641554	4.58297723206	-0.0720702872632	1.5767761963	-6.0	-4.22279015429	
1.58619934749	8.04719204203	4.59546776322	4.08902038431	5.542274522	5.69957800786	2.09656573403	0.70713355699	9.0	9.0	5.60757767886	0.975499020051	1.20022685617	2.86920291803	4.48519844481	6.20590462784	
1.5641144717	6.15994387001	4.83551788643	6.33033909498	5.63095076254	5.41689469785	4.18747446555	1.0868267918	8.11160124054	7.32676085412	5.3899296945	3.46313370954	2.9947612753	4.76913820633	4.8934564798	6.49925261529	
1.47445204264	8.99024205021	4.46733307381	2.97777212798	5.78810840854	4.92409195854	2.94822273569	1.05973372907	2.9223894018	4.39465524391	5.34723332795	0.635806693051	7.34017429831	9.0	-0.0788035609542	1.67643282669	
1.85609320452	3.76989051388	4.80098354799	9.0	1.95012413205	9.0	4.16933200462	2.61021402198	9.0	0.428537396396	5.75669476487	2.84222164124	-3.08227528246	-1.36128900144	3.64413503008	5.36616048696	
1.7699742018	7.24694318802	4.27271251589	4.92994163528	4.74558173996	8.99371939942	9.0	9.0	8.9995394594	2.40643109929	6.43189646794	2.73277129255	-1.01769454125	0.570012633315	7.42235907262	8.98820838974	
1.63333302142	8.99114931875	4.73164511315	3.29217712309	3.03742514055	7.38989446978	8.57454384782	8.08587414797	3.17168115081	-2.70061176167	8.99894815216	5.21733383861	0.954886326766	2.6164905031	0.731894468568	2.47334792964	
1.54335878501	3.1164685915	4.6122954739	9.0	4.76536045178	8.98473008211	8.87285251052	7.34699082696	8.6259204124	2.56156170946	8.83171538032	6.39229936715	-5.43949842091	-3.67459396479	0.0748613381498	1.77068436636	
7.37457624926	9.0	4.57593689407	8.988718943	1.91873200115	5.82974543103	1.63939161012	4.47546217771	8.85336985511	1.03528607562	5.24654144847	0.367256029941	-6.0	-4.26011414521	7.34432792436	9.0	
1.49648283493	8.99905240246	4.06500495453	2.52999755198	4.64232349972	8.09701664083	3.60453321033	-0.0597320212087	4.18417475728	1.44994135227	5.58097241432	2.67580585298	-3.94692918462	-2.20958798765	-1.6969390122	0.0336053075755	
2.50021099768	8.73439892711	8.96084699886	8.8411308221	1.75611568851	9.0	6.83906633879	7.0353222217	4.38497564383	-5.72992375183	8.94940957875	5.62612512808	7.27955745816	8.99998317507	6.4341886614	8.15549694237	
3.82069526475	9.0	6.72109167394	7.65578346474	7.0730431595	9.0	1.60377661652	1.70726887658	7.37871369647	8.99997938601	5.67044749859	-3.97269591072	7.27812193296	9.0	6.14562318976	7.8715632476	
2.24563272592	8.94610051402	4.82548106523	4.2216227088	1.92717450054	6.54554244172	2.94199690292	3.1371487626	3.71116147965	-1.97367445804	5.79606615341	0.598099600103	7.12374290706	8.9624814821	-5.99671456099	-4.42573978161	
1.88089091117	7.14667499673	7.34577716721	8.15076060668	3.24660035403	5.86168003119	1.75357522098	1.20563525298	5.09155141827	2.03726208628	5.53384106154	0.593771174252	3.22574775601	4.98144769601	3.50616204415	5.39385389421	
1.63345487367	9.0	5.95108591719	4.72044970741	4.59897747782	8.99138668518	9.0	7.42344009862	7.25689868332	1.0650745388	6.0051001248	3.36139704685	0.765490655448	2.492792782	6.67482862727	8.40626644732	
5.24856371763	7.65249804805	4.49882772022	8.34121556923	1.68072579999	6.07729519079	5.25963264184	4.81791146937	9.0	1.8770744927	5.60319287695	2.75252941611	-0.73011595252	0.875202973772	6.06858019701	7.786074782	
2.98582628674	8.86269910771	5.10013057098	5.23294002945	1.5208722372	5.22228394809	6.38035892302	6.37228622096	4.25048718363	0.157537797022	5.38393792042	-0.12360232504	0.73242982144	2.46659032959	3.79633960127	5.47739714448	
1.44661457654	8.33067088332	4.05574293653	3.19944289848	3.91045349527	7.49483158502	4.76209396048	1.84785352933	6.96116206868	3.85124237767	5.62578581744	2.1597107714	2.22019619517	3.94218851444	-2.30616279586	-0.597956891577	
1.59101649382	8.74325193127	4.14949465734	2.98876489894	3.63283804704	4.91703164437	2.00785345987	0.36356936904	5.1985943904	4.31249033416	5.38547652496	0.668515313242	5.3582458276	7.10294481536	-0.648637867894	1.09604829509	
1.57071979219	9.0	5.04200353252	3.71078010378	7.71910967243	8.93705975938	3.46730946242	-5.99803102424	3.72288487753	8.08556596404	8.11636317548	6.00602739633	7.277292964	8.99983371389	-5.99378362928	-4.28906892971	
2.79091512669	9.0	4.56950188659	4.48024276014	6.11718606631	8.55854817603	7.35216199328	8.5139915181	9.0	7.4244738902	9.0	0.970960587807	2.39541498678	4.11436403358	0.961252467046	2.67988645821	
4.99262726137	9.0	4.50054154565	6.60767205504	1.59040430942	9.0	8.98523938569	8.78041437392	8.18841694512	-4.58075504907	9.0	8.5648741163	-4.6631487476	-2.94269585133	-5.26490107484	-3.54319633972	
4.88803814547	9.0	4.53118703881	6.53524019538	1.7811298395	8.99472992228	2.04372486672	-1.21255338551	9.0	2.62703132111	8.71026231427	5.12612732977	7.20297233662	8.92426390622	-2.88100125049	-1.15927184095	
2.32767108703	9.0	5.72337014728	5.21219406701	8.91884472023	4.2904957754	1.70758287569	0.1177048676	4.31585767099	9.0	5.56444013094	0.981663337478	-6.0	-4.25534352576	7.21913584424	8.96399587022	
1.70094332557	8.93016590944	5.56652064972	4.40940754681	4.44951417275	8.99403940584	3.0493633425	2.15513777458	3.63880812278	-0.754584800809	6.22180839657	0.990470814726	1.99202582979	3.65204716283	-1.0971444282	0.633600559589	
1.59299531583	7.70843429373	8.98295078275	9.0	5.63281229685	8.97287544168	9.0	6.39865989974	4.47987267998	1.24224961696	6.27737700462	2.72455364132	-6.0	-4.18724300937	7.29817493746	9.0	
1.95157805369	8.77696881016	8.94583411428	8.23615822472	7.05397780349	8.99999899683	1.84279497725	-5.45326553469	4.31322852427	7.43533288753	8.99997673199	5.22610015822	-2.49985572958	-0.779320827764	7.27953078282	9.0	
1.88591132487	9.0	9.0	8.00001723464	1.89074012767	8.76983732915	7.90442493317	2.52890858926	9.0	7.38635757038	9.0	3.11341540855	-6.0	-4.27913214378	-6.0	-4.27864234284	
1.67571147279	9.0	9.0	7.78677153366	4.84840033037	8.99888101104	2.35718843548	-1.32205712778	3.29162145529	2.94379454297	5.63540081276	-0.480866260502	3.86782661887	5.59309515753	-4.3522592206	-2.6330370942	
1.60015688172	8.90461116738	4.80193441079	3.61124374717	9.0	9.0	9.0	-5.01750621498	3.92506670617	8.90603208666	5.94388470414	8.98749905034	-4.26997799028	-2.54768885594	5.49010493294	7.21577989893	
1.82340061436	8.94077257793	8.62337762171	7.65314514626	9.0	4.10658569088	2.35575702831	-0.487691884696	3.69580471856	9.0	5.89918321373	2.22607272419	1.7239898755	3.29420154508	-1.78228128846	-0.0263417366296	
1.69759568832	9.0	4.42055973712	3.15965509935	2.01313937941	6.39157861075	3.53404114178	2.41106124959	3.29743034436	-2.7829357694	5.30970784884	2.18123478802	2.72903274328	4.42008283746	4.84826926345	6.56416681745	
1.61262264099	5.56594677181	5.12459510425	7.301729613	4.6796712042	8.98445093051	8.99937570509	5.37443632413	8.69161509104	2.6382491306	8.99999078696	8.44193289816	7.21271468104	9.0	7.31379209416	8.99416645317	
1.53724733109	8.13046097135	4.27358215069	3.66753103534	8.02257889756	5.456206089	3.57968989822	1.00634312521	5.92813799902	8.93826022167	5.57205075822	1.92406891696	-2.39513472043	-0.589783302985	-1.70809102818	0.080473603781	
1.69074636343	5.8873161526	5.83963579439	7.75703410831	4.49925214762	8.81062999214	2.26583991606	-1.43886634502	6.46888327618	3.2330648381	9.0	5.63150945782	7.07543942677	8.79841453885	-6.0	-4.27956645613	
