2.33830660091	9.0	5.96708336845	5.42602375998	3.37886819841	1.46428486147	8.37335453834	9.0	9.0	8.30984512918	9.0	4.98602419722	-5.99828914597	-4.25994429435	3.25714158894	4.97273630282	
1.88911090087	7.77143766637	4.87394127624	5.09878216685	4.71555105089	6.25311322425	8.99434258431	9.0	8.80189241459	8.5869910661	5.61241299755	-1.70656751495	2.35820546128	4.07979352987	4.76190867102	6.48262353297	
1.72928158823	9.0	5.06587967374	3.89902829066	3.2994676621	7.77420734924	2.21890574118	-2.36251298889	5.80355304699	5.60314561154	5.60135336293	-0.0782691148943	0.0942316508462	1.81455315443	3.94223472573	5.65595122112	
5.64657731063	9.0	5.46919768048	8.2293582712	1.65828256557	6.20120036031	3.3605168156	6.54527326583	7.31689251229	-2.04284483577	5.65595916529	1.29146174641	-2.12617127114	-0.404916217723	-0.751414803253	0.96930946717	
2.03193107962	8.07223052842	4.73782893635	4.80550978784	4.6276752993	6.78636616615	1.89576772217	1.57041052816	4.87093658574	3.5382232401	5.61425276514	-0.878447886571	3.03634285291	4.76446713866	-5.99602090299	-4.27428527496	
1.70541482539	9.0	4.49601613947	3.30610563264	5.73425453063	5.85072364525	3.09135537294	2.5322295119	7.51648980292	5.41686271101	7.68351511963	4.24150133218	-0.370405370862	1.34821993427	-5.94746243811	-4.22131874306	
1.59304406564	9.0	4.5120283419	3.21968788631	7.96036184237	9.0	5.66271230465	-1.37114981149	8.99999008907	8.97484241978	8.97712745128	9.0	1.79959730488	3.52123157143	3.12571122245	4.84673533329	
1.60396767347	8.90986384413	4.48658951944	3.29520303685	2.72060434466	8.88974707241	3.34779614913	0.523964420021	3.77881262115	-2.5550857332	5.64840514044	2.64456160487	1.69669614935	3.43043523165	1.33724160212	3.06115002485	
2.13001429075	9.0	4.55450337548	3.79280782974	1.73742655281	3.21883866338	5.27476268166	2.74914389409	7.30662495179	4.42677252368	5.67564583851	3.60904707574	1.40364781896	3.12622253917	-3.08086861231	-1.36085516154	
2.02739272046	8.14544987425	9.0	8.99436538656	9.0	8.44968045626	4.08750867063	4.32159564708	4.50877646864	4.05861241633	5.65626197443	0.427638181716	5.24735925181	6.96931921177	-6.0	-4.27821669426	
1.85634955194	8.69654817855	4.57306330177	3.85159737917	1.94542873715	5.77835943295	4.52575094944	1.54487208527	4.97180422755	1.36131972635	5.65304769856	2.41021660788	-2.38550549608	-0.662938525843	1.04157394552	2.76284104998	
1.87662427154	8.42607314317	4.86827544711	4.43803762498	8.52316734012	8.35032624695	1.90180346985	-4.19862222016	4.91179139932	9.0	6.42342761044	2.61874635474	-2.90572450872	-1.18308000987	-3.89897192033	-2.16794945962	
2.43178240562	9.0	4.59996304617	4.14642588521	4.00944730602	6.24141001605	1.81165318106	2.06851996419	4.60243018719	2.45374509427	5.63342237944	-0.699984067687	2.6693238928	4.39197264408	-0.992404256009	0.729560153818	
1.67846511644	7.60446342236	4.59100478173	4.77893800143	2.27873726544	8.94526556509	5.99476266994	1.64562243907	5.30169784893	-1.86617963579	5.644122309	4.49818291094	6.99137401143	8.71663130823	2.9398209133	4.66239049848	
1.5968941154	7.27431324805	4.59728492444	5.01968403265	3.69664220449	5.82234325948	5.54818719802	-0.00369308755097	5.86632081613	3.54207486696	6.25719310175	6.02727656775	-0.776739721579	0.936986687879	3.21837760234	4.93329118752	
1.59675052447	9.0	4.89853020602	3.60892922562	9.0	9.0	9.0	-2.55402935146	3.44762958489	5.94140483171	5.9358108682	9.0	-1.56649380462	0.154871275197	-6.0	-4.27811721504	
1.60654213188	8.90264228954	4.85076378017	3.65280736038	2.58883420083	2.87348938529	5.37872011392	3.64687832696	3.47767754083	2.01692676351	5.58218235763	2.49650705452	-2.55174987517	-0.829462562984	-1.53799069354	0.187089328153	
1.70872285242	8.44419817675	4.9330577978	4.30789222975	7.76353198282	3.05863173389	3.07363270189	2.51849538042	4.10958342665	6.80677601872	8.48351733363	5.05353717129	1.58944531428	3.31095791818	-0.935687945565	0.785642798479	
1.7720803263	9.0	4.64190034739	3.52030250009	4.24535395679	4.5929823901	2.07875208013	0.876596705988	4.46441178198	4.79141475984	5.63015684485	0.163185435107	-1.16900020175	0.55530362682	-5.99745054137	-4.27892250943	
6.65466501271	8.50926128235	4.62329861829	8.92920399989	1.55068590017	9.0	7.86326379281	1.26277994351	9.0	-0.0216817804519	6.65475468568	8.91316034268	-0.686556353892	0.970334058288	-5.47235364479	-3.50676831432	
1.60193563647	8.51515510787	6.83156052722	6.02781178402	3.04382026381	9.0	6.97748087165	1.20823909492	3.82521170254	2.63344370244	5.60779958221	0.618357289799	5.94862489195	7.67681924152	2.669712097	4.38742396904	
1.67794332948	8.99101967461	8.69614599905	7.49623800071	3.39246813195	8.88430087721	2.41471414005	-4.07934011142	8.89668572321	8.98117351657	5.63631622932	0.557456435757	6.51164783439	8.23370426543	7.26208767731	8.98310620277	
1.72862184654	9.0	4.62445094147	3.45900844315	2.86785860596	8.06150397437	2.22358138516	0.756115048402	3.84355348898	1.55258699146	5.60415334173	-1.81504319728	2.84502154596	4.56460303548	-2.83843508875	-1.11891360066	
7.08498092527	8.99124394066	4.79850622429	9.0	8.99725852684	8.88308581735	3.44939032992	8.99999999978	9.0	9.0	5.46769447259	-6.0	-3.46322824417	-1.74071366414	4.83153411209	6.55136084348	
1.57618232778	7.50341525711	9.0	9.0	5.07394690934	3.49199125115	6.76171152193	4.46006813877	8.78010206883	8.98894410578	9.0	6.94510972783	-5.94149514245	-4.21593285093	-6.0	-4.27150839958	
1.9595515841	9.0	4.52804220774	3.59990998546	2.82459496227	9.0	1.93226900318	1.28222336322	4.29587746068	-3.1918448006	5.98111508052	1.94578645013	1.90780672874	3.62579750383	4.79482105056	6.52143053325	
2.03668612262	9.0	5.4785920577	4.62857039987	1.78241211881	5.3814327203	9.0	1.82213494888	3.6970188864	-1.68872629329	6.03194885048	9.0	0.937383837993	2.65763821003	4.00585172458	5.72648993437	
1.60220587073	6.33467270123	6.54020014917	7.8812907244	4.13365677594	9.0	7.41414529716	-1.78540523134	9.0	7.19459661965	5.51627590832	5.72830375515	-0.96244439264	0.773809449039	7.27037836976	9.0	
2.22510665146	8.9232863503	7.27113339059	6.68772118964	1.7062536777	7.47429573112	9.0	6.10737129861	3.92530978674	-4.43507348941	8.76587198791	8.25265750685	4.5685080691	6.29008458277	1.0575316222	2.77808169099	
1.84773262361	9.0	8.99973092811	7.96203068315	9.0	9.0	9.0	9.0	3.61815811442	8.98075176221	5.48305019739	-5.91529717767	-5.87605558374	-4.15635216291	1.28025719196	3.00108678792	
2.15930237461	8.99995788391	4.74020722415	3.99654911341	1.89599877248	1.65843590591	2.92215960782	2.90094756867	4.16389186012	1.88070858158	9.0	5.54907142144	-3.2705387141	-1.54749869696	-1.31933202697	0.403785711894	
1.86410338286	9.0	7.90501570451	6.88298988441	1.94413331732	8.28538019582	6.58495107038	5.3465163565	6.6800171667	5.14107231039	8.67851264532	-0.881685115357	4.17845661674	5.8998277929	3.29450702542	5.01550215934	
1.62002304646	8.82784760328	5.19043839511	4.09827577072	2.90658856341	2.0495603839	4.39627413599	1.40113706703	4.25856684264	3.55398223675	8.99971248413	7.55888757043	-2.05457728977	-0.331240075844	-0.637247284754	1.0862040629	
1.60027189256	9.0	5.81281815713	4.52629956831	6.29434294157	4.87601334359	6.09190811662	2.88693842479	4.36904897288	7.38480443394	5.63605402361	1.24763398922	1.48091778145	3.20265952628	-0.265228708817	1.45544672085	
4.30334438042	9.0	7.55911176796	8.97153803147	1.58133467246	8.99982886907	5.7577503007	4.90885837365	5.89888464783	-5.87976655247	5.92587717849	5.13549781554	2.3381224483	4.05921751496	-4.598726466	-2.87552909096	
1.71188015767	8.99992527676	4.5087636159	3.30166908298	1.95021883881	8.94952476096	4.5909570528	3.11021467615	3.28998548565	-5.79957719856	5.93378438035	3.50126035462	-1.73582084345	-0.0197485893969	-1.99165969121	-0.292274993024	
2.42829748726	9.0	4.75656946208	4.29638969031	2.05466371915	9.0	3.53647979396	4.09291965586	4.32481322307	-5.39898539696	7.00877948327	3.23378687524	7.27732471388	9.0	2.98023650856	4.70192057406	
2.32963123895	7.84441871288	4.98238008126	5.5801720714	8.55102379874	7.54814093347	2.44353661328	3.02069951209	5.29655919143	7.4726434106	5.60711369359	-2.14057279528	3.82131050925	5.54382779751	2.59895020784	4.31881144747	
1.55527243379	8.99999007391	4.44181099199	3.11303397175	4.28145931312	3.42965228348	4.4233382456	1.34185362709	4.01438703044	4.29747760637	5.59460060572	3.262209136	-0.337785712003	1.38472409466	2.09564590832	3.82562262148	
2.86111960849	6.50284911354	5.41880919106	7.88446241236	1.90112434282	8.23243652071	1.63667108457	0.619703207997	6.75109667761	0.0241732742323	5.54647991789	0.884174061151	-0.891244458068	0.753794383344	-0.254148575907	1.46683351961	
1.98111009536	8.96884305186	4.69619945106	3.81879812982	1.88463028127	2.54073442174	4.79342760075	4.13947186827	4.1201413102	1.24500415827	6.24015887209	3.11917701829	-6.0	-4.27959677108	-5.61735258278	-3.8971253406	
4.89658777119	7.62878121925	4.59718442787	7.83387894502	1.56231904096	5.56189200953	9.0	6.79789328314	8.03260830193	1.59551489332	5.66271327708	4.41374506815	6.91492900885	8.57559934873	6.09622155841	7.9187700903	
7.19682160783	8.86637650184	4.64278881631	9.0	1.71495921915	9.0	1.79554293822	2.55364743094	8.644284792	-0.508286218774	5.37262457014	0.555429360054	0.57614783283	2.24421462654	5.36522806522	7.11300611308	
1.84880106701	9.0	4.9310873128	3.89387134212	3.90624463645	8.73931128487	1.96543775134	-5.16181481211	4.97777448073	5.16167591761	6.04332136962	2.15696864737	4.07148344979	5.79305477922	-2.50523193653	-0.782451185138	
1.90475417228	9.0	5.26313715189	4.28120785951	1.88829341191	9.0	5.93461558981	-3.49440331041	4.14189243819	2.26726293928	5.63830890984	3.83015784948	1.53536393835	3.25581395242	7.27962668066	9.0	
1.96123555373	8.76303822239	5.03220982833	4.34921783062	1.9318729279	9.0	8.8717781393	8.25830971734	4.01906940208	-3.94199290726	5.6442494366	1.14901550305	-5.13150538377	-3.41259409841	-2.72033200169	-0.999713342678	
4.59861834606	8.39429107543	4.51392155042	6.83294492859	9.0	8.9916034921	5.99236021939	9.0	9.0	4.04559029075	9.0	4.95769124497	7.27769116258	9.0	0.748165652706	2.46907981476	
2.78807248237	6.604655429	5.51661721893	7.67825741937	1.60319825133	5.36178048526	3.99478926502	2.68825640414	7.43189807009	2.49682465575	5.65308465359	2.25790516838	0.241223044045	1.8890513534	2.77310943639	4.33074572718	
1.59440798084	8.859920616	4.66242035509	3.50679461125	7.97051150321	1.88645758519	5.36475514341	3.5494148537	4.87849964652	8.99998394849	9.0	6.78318443689	4.63107837487	6.35072552106	6.77551418214	8.4983295049	
1.9748756747	9.0	5.07098933699	4.12802895594	1.86417411347	8.97780117109	9.0	8.83303134162	5.36117378358	3.80605317756	5.38454545626	-5.99962172072	4.6562044716	6.41074273266	-0.708409981861	1.03764651277	
1.58771211593	8.95737988869	4.51354771163	3.25913647289	3.96264287704	2.90040868594	7.03360831733	3.0233678462	6.69873217316	5.81734710717	8.99999975941	8.95577093543	-3.30930768986	-1.5903415946	7.2799707931	9.0	
1.91747848433	9.0	4.96815523832	3.99880162887	2.97572987178	8.99582472062	2.323117049	2.28682228077	4.60057671341	4.07032288581	5.48621386954	-6.0	0.292762015684	2.01408102659	0.806781942425	2.51997981175	
4.31990666074	8.93863321068	4.53990563425	6.03749409608	3.68056475868	6.36933213575	4.16192061495	6.88212468956	8.00065547173	2.33086222742	5.64392871984	-0.0943116672531	5.76894523461	7.4912377442	7.08427157209	8.80547438499	
2.9049587156	8.99637082824	5.53580115125	5.55892420866	2.03963835576	5.16616872783	4.07119264543	5.16136229368	4.57510727576	0.0180728948183	5.63900228626	-0.0181772122797	-0.105700750412	1.61432238555	0.382745893749	2.10430991603	
9.0	9.0	3.54029667308	9.0	1.29422211222	7.55641870803	3.95319424644	9.0	8.99741606681	-1.79161683952	9.0	3.13651615712	-4.07516980519	-2.3532605433	1.93853513718	3.6597652435	
8.98868232125	8.88516764293	2.74173401231	8.93664948964	8.76600224137	4.09011860745	8.99179758913	7.69323992404	9.0	9.0	9.0	9.0	2.98469697989	4.70497062336	1.37815093093	3.10166715867	
1.61754048918	6.23013911838	4.51247952368	6.01355733506	2.84811893493	8.52095953936	6.50834012445	4.34511468044	7.99587459597	0.34459610043	8.16379328862	6.30763133222	-5.99752253492	-4.27526430587	7.23990761618	8.96345248019	
1.60502552397	9.0	7.39127459657	6.11460158475	8.23232177091	9.0	9.0	5.89610715558	3.2488319079	3.79999272521	5.64526172474	1.42817612058	-1.37266180199	0.350790380551	7.27875592702	9.0	
1.88875895897	8.98349721771	4.49831839223	3.51733978546	9.0	8.9879724574	9.0	9.0	9.0	8.50894186407	5.64133998156	0.148454296203	1.15846757104	2.879373127	0.586457823887	2.3079511741	
1.65660626464	9.0	8.99771780587	7.77264369276	2.56842529575	4.00406082036	9.0	5.78857693042	3.30785490076	-0.132372684199	8.79202805432	8.00969622537	6.43378936593	8.15567613501	7.26941172525	9.0	
1.58183977249	7.66921567365	9.0	9.0	8.41552095509	9.0	9.0	4.93113552251	4.53463225653	2.05827961454	9.0	9.0	6.5816097072	8.30553746194	6.94398760398	8.65985890519	
3.3711482458	8.99999591477	6.15536610966	6.64117313637	1.71367686069	8.99947907188	7.06634338359	8.31714873868	4.91385003586	-6.0	5.97039403424	2.33136232053	-0.443932124787	1.27527374919	7.28035192196	9.0	
2.56088274108	8.91627883841	4.58966106757	4.33744259456	1.90405421021	4.14761841049	2.32955348033	2.67668966776	4.93561283301	0.946464288721	5.66946793194	1.0818845468	-2.33206252996	-0.607497736852	3.52563519251	5.24840356753	
2.76872781126	8.99976439867	9.0	9.0	1.48280210726	8.98829691368	7.671675536	-6.0	6.39287022169	3.83558439488	6.53989689782	8.99989790079	7.25124619478	8.99627416797	7.26724801447	9.0	
5.99248350678	9.0	4.89265275047	7.99235658144	2.27126326048	9.0	2.76175331038	7.05330807668	8.40208608389	2.86368242911	5.58831795346	-5.89668360711	-2.815422046	-1.09180664316	-5.65074835892	-3.92570023453	
1.82540902593	9.0	5.03895626417	3.98036245191	2.06102770343	9.0	2.15283953942	-6.0	3.81688465306	2.4057136214	5.81415645191	2.38693983395	7.28867235287	9.0	-5.99950491438	-4.28418967186	
1.59185425052	9.0	4.86371970109	3.50816923977	3.17940925097	3.30868785811	8.95948553373	5.33976571461	3.21145079077	1.26711660542	6.32688824855	5.82235654902	7.2987237886	9.0	2.28246127669	3.97210945781	
2.11653679045	9.0	4.50987891351	3.73864873949	2.93949189433	6.6017227697	2.93330752934	3.24699618546	5.20669013054	-0.44992475909	5.85387824186	1.54087917178	0.824933652876	2.54579344451	4.23177466098	5.95436210574	
1.61848302974	9.0	4.55947776084	3.29504359863	3.08595072498	6.04320897785	9.0	7.21821458572	4.57349169506	0.85908071257	5.66713872763	2.20729667534	3.41350957535	5.13218591652	4.28908616194	6.01006415194	
1.6475760822	8.79875403541	4.59613604252	3.54157931627	2.45992753733	8.999985515	2.85692859568	-4.15061768037	4.07712064955	2.46383377839	5.61022708683	1.69918784174	-1.39072328178	0.324971425194	-1.10199141957	0.624115033516	
1.89228043217	5.30337139775	6.37322226631	9.0	6.37199450704	7.28071434393	8.99999738235	8.65476477741	8.99196481741	7.79943326896	6.08501503912	0.840291751182	-5.99976493384	-4.33106954373	6.97666196599	8.69602846274	
1.60059201338	7.67460705481	8.97158760733	9.0	3.09052669594	2.84507125864	8.93137372002	7.01898313056	6.07028195306	4.61195145512	6.0051893436	3.64018457667	-3.71970675761	-1.99980987085	-3.87483427897	-2.14640685963	
1.58839299386	8.85210084649	4.76228591972	3.60739442164	6.04099198	7.376484251	9.0	-3.14879821986	3.78243442035	5.52907493881	5.92772941954	9.0	3.3682636703	5.08755736358	-4.95071212599	-3.22857687139	
5.09589100368	8.99566250066	4.3881889722	6.5481374985	3.5626473522	4.86798937404	1.55555457071	2.01467841112	7.44619926702	3.64072519549	8.10841158382	4.13832612138	0.208542587307	2.04187026279	7.35145978716	9.0	
1.60617250177	8.98948705773	8.99051066482	7.72336577754	7.16825708143	5.14539285547	6.10897553185	-0.715614769549	3.89136573927	7.69426030464	5.66916345441	4.71463794606	-4.59978506062	-2.87750332886	1.76704363298	3.48902415904	
1.46941498054	4.98099529226	5.05592275845	7.64948093913	7.22698416915	9.0	7.83947085879	2.91293028741	9.0	9.0	5.97430652975	3.13455409923	-0.450838858522	1.3024538934	-5.89039957996	-4.05190673947	
1.85372055674	8.99920941592	9.0	7.97261576099	8.99029652327	9.0	9.0	9.0	3.66143431488	8.99697145965	5.4903810261	-5.88854479407	-2.23027912963	-0.511129264744	-6.0	-4.28109310303	
1.68742860492	9.0	4.60144282951	3.40032617677	3.69239686238	6.7152262813	2.32954920723	0.576325851332	8.98262484961	8.7291269144	5.62669317183	-1.3848639836	7.18790959237	8.90829126347	2.86490166427	4.58589213084	
2.32341996127	8.99708473686	5.47550756332	4.91816489702	8.99068977904	9.0	1.72091067471	1.2039838974	4.02215353713	4.57824416424	5.64583836236	-0.4023156989	7.05506175379	8.77704428376	-0.0140268007322	1.7105299701	
1.61827633355	5.72503097018	4.41906363118	6.38431642722	3.74486417729	6.60640361817	4.10791972086	3.15946566347	7.67047203086	4.30658509145	5.77621136823	1.2566074466	-5.59934986397	-3.87835821668	2.47045857478	4.14079918576	
1.69270703501	5.80107879927	4.70169795503	6.71733841374	4.62627543588	8.42450720625	5.83745041891	0.353266858046	8.89239819308	4.57168527753	8.62405544953	8.59141449982	7.27967139507	9.0	-1.61778901485	0.0679527280851	
1.66558910476	8.55240294733	4.54381462837	3.77207020821	2.39069797605	7.46740409677	9.0	0.815554206028	5.04724484865	1.62694349406	5.63221809407	6.16137812856	-1.01286264529	0.707688039411	5.89814310183	7.61822934265	
1.96814185547	8.07859982835	9.0	9.0	1.82968470406	8.71882700797	6.0557631224	-0.00584426828648	9.0	6.3115111517	5.6357496431	1.50330745584	7.27997284249	9.0	-6.0	-4.27938581431	
1.66117160256	8.99250194509	4.6773758786	3.43804362715	2.58381806061	4.10732559229	3.95491867339	3.12177602921	3.48067205191	0.721400110607	5.65567051504	1.74765682775	1.82186044208	3.54648719385	-2.99985947156	-1.2771830822	
1.65006076105	8.73126621875	4.66104980968	3.69371894087	2.61483800053	8.29530162633	3.00050888337	-0.890573300415	3.9880994237	-1.07838254215	6.36049651532	3.64230276828	-0.896537627455	0.828395801591	-0.436894820348	1.27712900767	
1.73505992584	8.84229526509	4.61114141307	3.60089144913	2.14201004316	3.40956639586	6.18147888484	5.10609447785	3.86315365343	0.527349245616	6.62149081556	3.78083005402	7.27481451592	8.99091511125	2.21978049702	3.94349334127	
1.59336565191	6.93839289313	8.03823113598	8.78620367002	3.68779068238	9.0	8.31400081351	-0.514679755433	5.22603092758	0.158474163648	6.39294242169	9.0	7.27771222992	9.0	7.27774254301	9.0	
1.58989355013	9.0	4.56308591995	3.25330435214	9.0	8.21990944026	4.99155450166	-2.62479059089	3.92305140135	6.97000545826	9.0	8.35903304412	-3.98980875519	-2.2717339783	-4.534007113	-2.80558143072	
1.64081364673	9.0	4.57928797532	3.30889850323	2.85581853163	5.26367231911	2.69167079215	-0.99930178264	4.08702884661	2.77426692353	5.787977687	2.40354233253	-2.63223481407	-0.884945077317	2.04567642936	3.75362831998	
1.82850212275	5.83564659709	6.9478563327	9.0	8.16487528119	8.72563229837	1.7894485936	-0.512452269488	7.09629042204	8.97115256444	5.54386298047	-0.57040130443	1.20915568678	2.95577180466	1.30355460056	3.05839897096	
1.97122169679	8.84851309355	4.47774466748	3.69639076205	1.80240488889	2.2626416906	8.94728268584	5.62874329964	8.97825466155	6.1845610548	8.05004128469	7.7207878453	-4.99437163617	-3.2705228898	2.85184814309	4.5735023477	
1.79143860427	3.52512459233	4.36661934027	8.67406147716	2.00570781587	8.74231579556	7.32407042278	6.72888646237	8.99895692237	0.170734849974	8.98910180843	5.79038644324	0.479816875249	2.16925421593	1.55651327687	3.29583178021	
3.37829874831	9.0	4.61979916314	5.11169039185	1.74772762067	2.59146184707	2.22129300282	2.77637650441	6.57246984007	2.68588342831	7.68214134301	4.17333187972	-6.0	-4.28004993328	0.880946994716	2.60140220435	
2.01646187586	8.27991924836	4.52598009593	4.37644977298	1.93481897596	7.68828975181	2.41844039691	0.677473600038	6.63912825802	1.71523867721	5.64859903541	0.563272231953	-2.73384715692	-1.01056715025	3.16026649359	4.88265168052	
2.31322564448	6.34332678725	4.49381391398	6.47928118265	1.61754484034	9.0	3.62154301575	2.23848944334	7.45979584209	2.36567828382	5.54355408039	-1.27343864109	-2.11875333904	-0.403029721046	-6.0	-4.22618730307	
2.30756593466	7.42176889925	5.22976913487	6.20746728756	1.86918571378	5.43743816094	2.08241347018	0.454770669303	6.18472495175	2.47834460367	5.71671637232	1.50743597758	0.0174804716383	1.7319517483	-0.403144343146	1.31284400225	
1.61754304396	9.0	4.58002892262	3.3019959394	7.95096933013	8.59423841598	2.66275847958	0.324664885111	3.74069956138	2.98314307738	5.75061560007	2.21439155916	1.46307088215	3.18791578066	-6.0	-4.28128662386	
1.58868681313	9.0	4.55822846662	3.25780385957	5.11412362603	7.1836567224	9.0	2.19257549569	4.09586350676	0.250111326755	6.41004284077	9.0	4.22446356641	5.94563122971	6.78831273861	8.50912548731	
4.13617778877	9.0	5.90049761144	7.14823614569	1.84414949339	9.0	3.64146676393	5.86790767983	5.71167489361	-6.0	9.0	5.32063740641	0.370382339453	2.09227432299	7.27495410009	9.0	
7.1000210682	8.86008941452	4.71135845584	8.94214114614	1.52916499133	8.30186493576	6.97519633679	8.99910992255	8.96573284452	0.951773534856	5.27390856881	-1.34489589072	7.10319553173	8.71329001347	4.83412054507	6.62220743756	
