-6.0	2.72724150172	9.0	6.38781396092	0.917753062003	8.58495173076	9.0	-5.99225620765	-5.98162901327	-6.0	-2.25048921697	-0.905084616281	7.2706607504	8.99261033428	-6.0	-4.27972341269	
-0.325777132216	8.01408964481	2.58388779941	0.353843936196	2.20156144113	6.60313075392	3.67098998531	2.29182878192	6.99415310328	2.59825968296	3.72051772179	-0.897207264354	3.7638556974	5.48637520319	-4.390142236	-2.6714002999	
2.52993016749	6.68118525414	-0.822530565504	1.08912495067	-3.70253154977	-1.43594981427	-5.04588419908	-6.0	6.56167487724	3.19344385477	8.71292057667	4.80948675951	-3.87497580701	-2.12532907719	-0.553286003611	1.15857092658	
-6.0	-2.44521244478	4.69441882507	7.25398125159	-3.72448598313	2.00683753332	3.39509393125	-1.11632954017	8.99417244756	5.79290461683	-1.95557132338	-5.97306647151	-1.49518311381	0.225910940962	-2.50653713676	-0.78455501214	
-2.48718614537	5.35136554277	6.49050207945	4.76527104395	8.19854463819	1.99505253841	4.88220316884	7.37856640524	-3.81696772745	4.62462084904	4.72892881474	-6.0	0.0632350320955	1.78608881817	2.3731637072	4.09431411512	
6.95899177333	0.000829674102001	-4.07237879558	9.0	-5.74343509269	-1.39037565134	-6.0	8.33625540278	9.0	-6.0	3.68778165122	-6.0	-6.0	-4.27760927436	2.41883683486	4.13976331146	
-5.99956016052	-2.50646762705	3.22405464945	5.83825880945	-2.87850030124	1.4812217232	-0.630989657125	-5.22983345729	0.101768556636	-6.0	8.5451683588	8.920495244	-1.73603468639	0.0498808160342	-0.759863763156	0.829349316596	
8.95403834547	6.55945858081	-2.8581253514	5.65050468619	-5.77858370478	-1.35696573948	3.90594253213	8.4874331765	9.0	-6.0	9.0	9.0	-5.98117223301	-4.2597833177	7.26345210466	8.98466980571	
0.728747072322	9.0	-3.0809685662	-5.23859321891	-6.0	4.61065009274	7.44403453392	-1.51376661788	5.18372833671	-0.940295636194	8.26152381316	6.73632354481	-2.47057809686	-0.749311887369	0.0525100381009	1.77374549245	
-6.0	9.0	5.97399074756	-2.91281244285	-4.78062557196	-0.360860397398	-0.417240358098	3.57423610011	9.0	-1.35512304674	8.99962397623	4.94828496311	7.27822351958	9.0	7.27918863363	9.0	
-4.26917158255	9.0	9.0	1.84470554024	2.47948584418	2.60034631852	-0.499865062005	-6.0	-1.3662793358	-1.69996616262	8.97827697426	8.69452595857	7.27879856463	9.0	1.82100403833	3.54220383693	
-4.85101927268	-1.28960760276	3.61684068547	6.17986086368	1.93239606022	7.53025716773	7.15795202042	-5.9999960381	0.644561120492	-2.48632419047	-0.798394373363	3.88044057132	-4.67860620947	-2.95918635575	-6.0	-4.25713350328	
-0.0586511443838	5.95444835905	1.49301217149	1.59175173739	3.10342746449	1.21233090521	6.31952634688	7.79043153843	2.56164499528	3.43881057971	2.50693865226	-3.94650824076	2.0718310217	3.79249395503	0.0268908059774	1.74388754999	
2.26178463509	4.59107418781	-4.24913641305	-0.464516590776	-5.93540986078	2.69949465754	-5.27265695354	4.12693464297	9.0	-5.85588527297	7.68921817462	-1.48605710796	1.23375855946	2.95550162385	-4.71991785614	-2.99833840955	
0.350016811834	3.61935615641	1.0618136834	3.93803595265	6.90601989146	-1.50361839423	-6.0	-5.95688292406	2.34010667412	9.0	6.57602602044	2.32324500012	7.2284094694	9.0	-3.18231872559	-1.44000520867	
-5.39913904388	3.64305361415	4.88592939675	1.96011193601	2.00401839106	-1.42978741372	8.99748294893	3.56194519825	-6.0	6.28608233587	9.0	-0.415794385826	-1.63282557696	0.0890221004533	5.19620990517	6.91779447293	
2.74137499055	9.0	-0.354310025075	-0.498620896019	-4.7922294218	-1.57563316961	-2.51194113414	5.47254190397	2.9954970539	0.798130474347	9.0	-6.0	-1.20090393341	0.519678844524	-0.965819001251	0.754527357316	
-5.99948898071	9.0	8.71027800183	-0.175239257973	-6.0	-6.0	5.54849303683	-6.0	-3.5441275229	9.0	8.12084927381	1.12846676202	7.27857170951	9.0	-3.41940840498	-1.69834755496	
-3.24830369042	5.78938474086	-3.07712014188	-6.0	-6.0	-6.0	-1.19331606021	-5.63342036621	-3.16782857067	-1.93600904152	-3.20937129711	-6.0	2.33645121829	4.05784765775	-5.29486640692	-3.57314552601	
-5.99999941913	1.39874369375	2.1010049026	0.82551136959	0.628052261359	5.00890302755	6.7961257663	3.41525151767	-1.81998855865	-2.10476917174	9.0	2.27898255567	6.11101645005	7.83763001258	2.74404626199	4.47109668947	
4.59013872039	6.52372654325	3.34150582442	7.52800774638	-0.556002144821	5.87190753645	0.206254054636	-0.442534882065	6.51216810422	-2.04552983443	4.40138573419	1.16763895784	5.55594319911	7.28651948843	7.22754751758	8.94843894171	
-0.0485723730204	8.96192181699	2.68098887833	-0.219642564272	2.62639468627	-2.37614662742	-0.615038084327	-1.41268297341	-5.22334994828	3.46628855585	2.88225655222	-5.99563519012	0.73495357044	2.45700278298	3.46725636086	5.18860544482	
1.91181176659	1.72003091845	2.305075145	8.62370532317	-5.66369756155	-0.924571172128	3.88053408128	-2.06301469631	4.39395172694	-5.65691283514	-0.581627612141	4.65082818542	0.618177145307	2.34150463997	-4.45868243604	-2.64140904467	
1.13578475079	7.20772916042	-0.599885483024	-0.557900554168	1.33690935756	-0.909708935084	-0.905771139519	4.2324478021	-0.697859939888	1.01038940978	4.59626379875	-6.0	5.08858207906	6.8095240182	5.02399878273	6.74542767957	
-2.41345327334	0.723615096067	0.10753992399	3.0849982306	2.98841826023	7.80574140502	3.12496285176	3.31987858683	4.35509916181	0.56421530993	1.23530621175	-5.98383729085	-2.05622658748	-0.3293831378	1.52637973585	3.24923618393	
1.4535910495	-2.56881998177	-5.99099420882	4.11537457667	-6.0	-0.991149617004	-1.6441972398	9.0	4.21978051698	-6.0	6.28470872751	-5.11071029291	-6.0	-4.28452709958	-1.66242027114	0.082110266624	
-3.69333854038	5.33643102629	2.06942943475	-0.846570310582	8.43636956437	8.44499174443	8.99991829951	-5.73019896522	-5.80518047552	7.55122131651	8.35753115525	3.72611835321	5.46455533519	7.18576581097	7.27858845816	9.0	
-1.62898918067	-1.57539794925	2.94559675402	9.0	-6.0	-0.73185344896	-0.278768670757	7.82875771182	1.7937401547	-3.44023172384	9.0	-5.131098065	-2.58992249067	-0.867120169678	1.97547421813	3.69898502122	
0.784020318322	8.97710634196	9.0	6.920748207	-5.21355505508	1.48646192189	2.86706978294	1.28210451091	7.60369783193	6.83020808033	9.0	-1.3380851378	-0.929783919955	0.791602361621	6.8489588054	8.5701070109	
-5.79699119149	-0.571427964193	0.254868201338	1.1561324854	-1.17198780038	0.321948255968	9.0	3.26596957617	4.40589248595	5.20708971127	4.2007096807	1.62472673331	-0.613761289258	1.10689684503	0.291315017261	2.00698141668	
-6.0	2.53762255747	8.99998355396	6.57612107298	-2.01905618614	-4.68804595347	8.0793795366	4.64515368639	-1.05363812559	2.60064796122	-2.12470297799	-5.67275120659	-0.300518881452	1.42051504106	6.39073559921	8.11250109382	
-5.96252869433	-0.020833472815	8.01250727633	8.17568708566	-6.0	9.0	9.0	-6.0	9.0	6.1857386508	8.9628252786	5.79137898046	7.27738824359	8.99991228555	-5.95696352699	-4.24050697006	
-5.98955500294	2.74560630799	1.29124204213	-1.33131506059	4.58327024892	9.0	8.85124672364	-1.55993030404	-6.0	-6.0	9.0	9.0	7.27851222303	9.0	-6.0	-4.27855684761	
5.58876560311	8.99811701764	-3.07938772881	-0.376164220085	-6.0	2.25480497329	6.94241917072	-6.0	1.7453582314	-5.95392825522	-1.95246973445	4.43986253883	3.56805301284	5.2897983137	7.27849970082	9.0	
-2.74421248559	1.10078899318	4.49753816333	6.6958438021	1.13470099542	9.0	-0.689009840688	-6.0	8.28656690789	7.103053513	1.28382811641	-6.0	3.72694036117	5.43907129834	7.28034550471	9.0	
-0.744233675898	-2.18657082193	-3.35490223676	4.13133144449	0.697291413244	-1.50582086653	-4.78699640292	2.64040918835	8.11753396086	6.64150038147	3.77733928509	-5.86981237229	2.21958915712	3.94378606771	-0.961674906129	0.713268590145	
-5.1306706895	3.93580832699	-3.03928078208	-5.98989922267	7.39855934426	-6.0	-1.52470409368	-6.0	-5.64414550699	9.0	-3.22979926129	-6.0	1.67840925743	3.39550352123	-5.94732415843	-4.22936569754	
-6.0	-2.114815168	-3.02889627803	-0.784891335445	0.177190235026	9.0	9.0	-5.52400675639	8.99982835682	8.086211749	8.40090721985	9.0	7.2927080431	8.99899927653	-6.0	-4.28342070205	
-4.7526098414	1.75295821644	5.15310242351	4.77324102242	4.80152857642	9.0	8.86541367117	3.21052762105	5.64504657673	-0.581175131702	2.48439589601	4.15214832823	2.47519300527	4.19736809718	-1.84277728409	-0.122123712024	
-6.0	0.110088165105	9.0	9.0	1.18534460509	8.9669316787	-6.0	-6.0	3.73081563827	-6.0	-1.95053511297	-5.99417637067	6.06329066126	7.78450965221	7.27870529284	9.0	
-0.326807722539	8.69556508626	4.78032492186	1.87226636816	8.19037731856	8.0598889864	1.731476727	-5.68331369433	-6.0	-4.62888627062	-1.94407362688	-1.76448050285	6.15221885374	7.87360149649	2.86185301971	4.58553967498	
2.61862946677	6.01843930961	-2.80941840196	-0.133921843772	-5.04358898491	-1.03583967152	-5.84531283984	-5.90762506569	8.49629473868	3.22601330354	3.85709885563	-0.662638162894	-1.22728660581	0.375559460141	-4.48205264492	-2.70200488922	
5.42938312258	8.97308933439	4.2031276927	6.77272589173	-5.24336169135	0.845683805398	8.98476101725	-5.96535228762	3.59061662248	-1.90144935877	-1.19181092823	7.16519228597	3.7799374925	5.50106022452	-0.00951127594195	1.71167571004	
-3.19352749705	7.72604688788	-0.919192462076	-5.7241736789	-3.57732556222	7.28176276503	-1.61199022506	-1.61593736063	6.51320353963	4.63377312602	8.97323836029	-6.0	6.76228393452	8.48334909777	2.70610586859	4.42839801882	
3.34181715362	3.59232200326	2.93975105119	8.80309050864	-2.11640124741	2.301099949	-6.0	1.33119283501	2.78176545496	-6.0	9.0	0.0368981258125	6.9214306867	8.64159827045	-4.97672745508	-3.25538741968	
-5.99991620057	8.9884974266	2.87457220421	-6.0	5.60309351281	9.0	8.67010846409	-2.23314198192	4.87323186655	2.68958623974	-1.95336214932	1.7400520076	4.63585267934	6.35706791059	-0.714691663013	1.00662305553	
-5.11744303373	8.33544096892	1.88228775458	-5.45804364401	-1.06734501387	3.35066692181	-4.3721117903	-6.0	8.76392996419	3.27719996906	0.150045341363	-3.14818602945	3.50765423314	5.22878443212	2.29101611852	4.01203538786	
-3.54236594228	4.10629420497	-0.349402786939	-1.88405502564	3.21089892945	-1.32377867178	8.31256980496	1.97428899028	3.90663488932	9.0	0.517325367837	0.301234594285	6.94028494539	8.6616402971	2.6983943454	4.42278429056	
-0.600957778494	6.79024554306	4.5257772872	3.24851065423	-4.19414432591	3.59938004549	0.550145848865	-2.11243772562	2.0975298916	-4.69859705673	-0.148523290021	-4.48000079239	-2.1156170618	-0.394397692006	-2.64137574629	-0.920262696181	
-6.0	5.98202969064	8.29009033206	2.42210019653	0.223332784702	1.63296076393	-4.0404496201	-0.593267077913	-2.93577676216	-2.92861165052	4.92213649724	-5.93858802987	5.46697304891	7.18814947461	-5.90388301389	-4.18230076595	
-6.0	0.113930731819	9.0	9.0	8.93670651659	9.0	9.0	-2.89484830343	9.0	6.98755613484	0.764674627838	8.61207513054	-6.0	-4.27871702212	7.16944294696	8.89069594802	
-6.0	2.9561552763	-3.15886779889	-5.99994307006	-6.0	-1.5691724254	0.370661362824	8.97576473152	9.0	-6.0	-1.96853979962	-6.0	6.5275461119	8.24946473638	5.26904349219	6.99018774057	
-5.99938937082	0.724000570496	0.386500496919	-0.227436146321	3.1307634276	-3.5798686155	7.08831581573	5.08365796657	2.18597691438	9.0	-1.92045987869	-6.0	3.85574676887	5.58332571791	-5.76220201053	-4.05292965043	
-6.0	-1.76658039846	4.83256716463	6.60390494574	-3.53247089543	-2.30603917307	5.33438124056	0.179429775251	3.74203612235	1.44713329677	-1.84972474539	-1.50171528644	3.59962623187	5.37606391238	2.20153048147	3.96442203145	
0.0718737496052	7.7189632133	4.49562863633	2.96342660574	9.0	2.66565331327	-6.0	-6.0	-4.62732652376	4.73191190036	4.5560746034	-4.4667912572	-3.56570028555	-1.84427691143	-0.540757219821	1.18050174115	
-4.1983178247	0.706675398371	-1.43387047582	-0.283527242721	-0.400360591828	8.98438648527	7.62256083117	-6.0	6.59757779874	1.03640196296	-0.10321431037	3.73806655851	3.70432274448	5.4090406025	2.07229288247	3.78409163659	
5.23723603149	6.26920132583	-0.437850098428	4.64413929975	2.89785310913	1.84829304245	-2.40971558781	6.32792174995	4.98318424895	1.88188264745	6.47998979101	-4.10340904223	4.74948586682	6.47077430656	3.2995685346	5.02094107502	
-6.0	2.51915735679	9.0	6.59466046414	3.9946575763	3.05900835573	9.0	9.0	-1.94420243274	7.99503192599	9.0	-6.0	-4.3963912461	-2.67469706445	-6.0	-4.27870616824	
-6.0	2.25813719202	1.36533439366	-0.778951939128	-1.00631917134	8.99269430148	8.8116495618	-6.0	4.70319223387	9.0	9.0	3.51936698629	7.27871750215	9.0	3.6049004729	5.32588951963	
-5.32410277181	2.13059491347	2.14778280719	0.806922101121	-6.0	7.81052717843	9.0	0.668290401858	1.7692050078	0.28477429646	9.0	-0.991003704076	7.27876478924	9.0	-4.86528896802	-3.14405774977	
-5.88430115124	-2.31762247432	1.72213100941	4.26624092526	6.72463513314	8.99711593698	4.0138522822	-0.111430251573	-0.429356470639	3.25165558787	4.45181296002	-3.36993880993	3.18393237911	4.90598664566	2.05083650039	3.77266806989	
-4.23391771087	-0.572769368529	-1.35644261856	1.0703973819	0.581858247958	6.52574253968	-0.062835561316	-6.0	6.46891025136	1.05633249091	-0.0308984016818	-0.596896911911	1.31571741655	3.04088154731	-1.88114054605	-0.147042399783	
-5.45171499716	4.10107748429	3.51438983855	0.0751283903243	-1.30597125984	3.11371352299	1.15881443249	3.3292590127	2.53827905169	-6.0	-1.52156978079	-5.56906356438	5.85046508617	7.57179749677	-2.92608349996	-1.20527854365	
-6.0	2.35889720627	-3.09727067212	-5.33592255744	-5.12526903231	8.88210086739	3.02070519389	-5.41812464845	7.59134590256	-5.49581157718	-2.00384291051	-0.48204156801	-0.363667701492	1.36049036817	-1.22597841394	0.499484230811	
-0.0896067102346	8.17651962091	3.35607140091	1.20393085132	3.11114189251	0.750664056603	-4.59676939201	-2.48006914868	3.3353349562	2.98167410794	-0.53319261455	-5.93247469827	-4.88482092451	-3.16356373167	2.36116043634	4.08241021485	
0.68163079187	8.65570350602	-1.74677641626	-3.55440134715	4.37460563583	8.9061643645	3.26254846729	8.72729545668	8.85426052973	-3.19976329551	2.13647209624	-1.87787834822	-5.95479192242	-4.20934064504	1.63598867543	3.35158789889	
-6.0	8.13368178947	9.0	0.975152990594	-5.56247665321	9.0	8.42529924376	-5.99999632642	9.0	-6.0	-2.03807311362	6.83097798978	7.20734615272	8.92984389644	7.27063925044	9.0	
5.45718605423	9.0	6.41219230066	8.98367876999	-2.94411361841	8.93293827762	7.10720325458	1.81676623769	7.06673180568	1.57489924808	1.1007606468	-5.9912170944	1.28838167858	3.00942245293	2.36921700913	4.09047927969	
-5.71212688875	3.11483004579	-3.2815740522	-6.0	-6.0	-1.58422575492	1.20621047148	-6.0	3.90440324639	-2.45931920117	4.87530736491	8.03857494918	7.17111101768	8.89719365196	-5.49968329999	-3.77718459579	
-0.597641696545	8.43860160363	8.12361561422	5.20064220965	-3.25991171583	5.78006022168	8.2790121082	-2.14617620107	2.50375489998	8.95644778645	8.24957500522	-2.81642674776	7.13408317278	8.85705959926	5.94283958816	7.6639312721	
-0.26630975054	1.99156071073	-5.80009210853	-1.95813741412	2.65725199722	7.04656352267	-6.0	2.4274051259	9.0	-5.72609676336	2.26411384358	-1.79765950283	7.27743573059	9.0	7.2782871101	9.0	
-4.22785511331	0.291516678369	-1.38280052925	0.162831428239	9.0	8.76418594801	0.0472114372347	-5.24182910336	5.93421325849	5.29911736235	8.77008942518	9.0	-1.71939187162	-0.0174411338974	-6.0	-4.25032366147	
1.20882348577	9.0	9.0	7.32355030373	8.46948332934	-0.273590761364	-0.468583943184	9.0	-1.08772689746	7.18535294129	9.0	-5.99913403927	-6.0	-4.27482576835	-5.99904332468	-4.28615063271	
-1.62415389444	1.8307355981	1.74327293929	4.42230277059	-1.06938896752	3.02034659928	3.65054414037	-1.62488727948	8.18833575394	2.17991960258	2.50150070828	3.61343109048	-1.75607824405	-0.00231734878822	-0.494499577014	1.33490803946	
-6.0	5.67565019096	-0.438260325362	-6.0	2.8326929075	7.25288857583	-3.72043623738	1.70950249268	8.18574647892	2.10350910803	8.40610341421	-1.3584405556	6.35328436566	8.07453058699	3.10749892855	4.82873408207	
-6.0	-0.597772396025	-1.38830995548	-0.677287342123	3.18994175	7.60572758464	-6.0	2.23813978933	8.63329372869	-5.9674682513	4.95243382342	0.903776691914	-4.71452940759	-2.99271119498	7.2787555453	9.0	
-0.0544695079217	8.97782240793	-0.457826119909	-3.37652822636	7.72006585898	-5.97427748162	-1.56604818672	-6.0	-5.99993837487	8.93002819284	-3.19091592015	-5.98911889257	-6.0	-4.28122348971	7.27907052745	9.0	
-4.91184532286	4.12127057121	9.0	6.08230804208	-4.07714923507	-5.53687440342	8.00280280945	-4.85729772682	-6.0	-3.31022715119	-2.79613667887	2.83570183959	7.27825353331	9.0	1.12817283483	2.84897525287	
-5.93208019711	2.7907011654	5.21911436913	2.6095079412	0.7172512533	0.7530319057	3.62348661123	-1.13448893014	-2.12620891563	4.50351535131	9.0	1.0973313816	5.66524021285	7.38682082268	-5.5280153627	-3.80770172859	
-1.94467810213	0.63741946621	1.57708994651	5.10612621255	-2.56538332145	8.99388249981	-0.0126724908679	-0.744054340374	3.7986995452	-5.02926551546	4.58375822197	-3.41154609087	7.2349622034	8.95506811492	-6.0	-4.27881419528	
-1.87210252793	-2.1582330274	-2.39603185121	3.94123223582	-2.76405844696	1.35408143919	4.23472286305	8.0562439415	3.78136404955	-5.9502229379	8.9968776273	4.88378254479	4.01163978763	5.77670529227	-2.16731612847	-0.463165948218	
-6.0	2.55300601062	9.0	6.56070322418	5.64568206724	9.0	9.0	9.0	-6.0	-5.12676923271	4.36686060341	-5.8576279722	3.16571245043	4.88658827832	2.64080130657	4.36208824438	
-6.0	-2.42954487526	6.23999518001	8.78488752907	2.62664460384	9.0	7.28721116772	-5.61278121279	5.84636275064	9.0	5.48793774391	2.86315809204	5.81150251106	7.53096875404	2.50780678085	4.22850029595	
-6.0	-1.14522576957	2.99472499241	4.25276402498	-2.30113756682	3.45918678541	9.0	8.90341438736	2.82403816885	2.60236679105	7.08781590236	-4.35116325782	0.525714413994	2.24654981579	3.42143778989	5.14216839385	
-6.0	2.74398137451	-3.13761758516	-5.76801965549	-6.0	4.66546015558	6.05774928219	1.94315316877	-5.66441778773	-6.0	7.12630208827	-5.08478942375	-4.4985433389	-2.77735939351	-5.22357442379	-3.50230544494	
0.809940911972	8.7596192177	4.48878328495	2.6530112068	-5.99939484997	8.94947965561	-6.0	-3.73091035204	8.2623498824	-3.96001518249	9.0	-1.99222610409	7.21858651396	8.93983061239	3.7884167142	5.50968233558	
-2.95929102693	6.07513199781	9.0	6.07965632478	9.0	-0.866266985772	8.99957407814	2.25209361999	-6.0	9.0	5.54306637095	1.15981704112	2.41613786173	4.13661860002	-2.37364311633	-0.652316162184	
0.0774298778155	9.0	-3.09704114085	-5.90578687345	-6.0	7.74070575498	-4.32934846431	-0.148427990671	9.0	-6.0	6.7761950473	-2.14208304125	2.3724345722	4.09366586664	1.38323874706	3.10352148186	
-0.122877219555	9.0	-1.84869095553	-4.85770520769	9.0	4.90985593091	9.0	9.0	-5.48355519382	7.60995064502	9.0	-6.0	1.87570535812	3.59703430109	7.27873071183	9.0	
6.22493779059	8.99962635306	-0.540143388782	2.79415780667	-5.47797398317	-0.54894903782	9.0	-4.87533736412	0.935741306944	-6.0	-0.845568591648	9.0	-6.0	-4.18954313456	7.17315306292	9.0	
2.4690553612	5.48097346528	4.21406290889	7.29769140511	-4.16379453767	3.42649738216	8.85272884822	9.0	1.83498911207	-5.99917915281	-0.122114070541	-6.0	6.87566346796	8.60322369057	0.668998498943	2.38369218341	
-6.0	-1.66601659693	7.17359194477	8.95455274	-3.69379462364	0.382451113858	-5.6403532588	-2.21674580719	-4.69197544909	-4.83283755509	8.38794272288	-4.96889436553	7.27848759362	9.0	-6.0	-4.27913351801	
1.61068463529	5.13441041384	3.12506961092	5.69844383319	-6.0	1.2716246464	4.95562003443	-0.743927017899	2.71733989512	-2.70157239542	4.9646555545	2.73940698396	-4.94911641732	-3.21412506425	3.66631139597	5.34757654066	
-0.766523333827	8.2516776606	2.93207613794	0.0241148472639	2.79555680272	-2.75728645067	0.558467540868	-4.41952388454	-5.63526551801	1.15503696326	-1.59660271107	-3.84950883891	0.632288383901	2.35442400275	7.27405255836	8.99633372142	
-0.39324303498	7.56810178959	-3.10600972264	-4.95903401375	2.17825621811	6.59964401305	-6.0	-4.95975038547	6.03127761917	-1.13966871657	-1.5973716476	-5.88144195055	3.85560078212	5.57748907213	-0.504554039296	1.22066034146	
2.88357188245	8.99749021456	9.0	9.0	-2.19205395666	1.81813546263	0.347734935405	9.0	2.36925871904	-5.66225446965	4.76911174314	-5.85848090311	7.27863315158	9.0	-5.89670828243	-4.17543478241	
-6.0	-2.60688041924	6.03220366379	8.7585820009	-0.338639727127	3.89345005864	-0.815891589739	4.05169094573	-5.20983751418	-5.94209520526	8.66926430188	-5.70295221412	-5.93307369548	-4.2121624216	-0.263068938774	1.45984881448	
-5.05950277327	9.0	1.94575415714	-6.0	-6.0	-1.58073991368	9.0	9.0	1.3993143916	-6.0	2.78068595275	-0.235520726711	-6.0	-4.27891199448	7.27864573497	9.0	
-0.770891002844	8.2614940351	2.69119092438	-0.228527826631	9.0	-1.07103409443	9.0	9.0	-5.52835229321	8.25336686256	3.70481072319	-5.99989634123	4.51928683568	6.24059367381	-2.28997306303	-0.56694793377	
-3.12338984948	0.717742684886	-1.64888147947	0.675073139841	2.52941049138	-1.67145025672	-5.26516677847	-6.0	4.52444814303	7.23493059181	6.35902210029	2.52166355553	1.6465162613	3.29540435126	-0.463810264314	1.12630659433	
