1.78307799911	8.93306077121	4.63734343013	3.55991423457	1.85063469873	8.90141692007	3.01723086407	2.03162327746	3.29565860485	-5.95613565615	8.52623254745	5.7152319504	-1.58840859468	0.131763367092	-0.693286911661	1.03996288557	
1.60025885189	8.53576550722	6.0100318897	5.18240412729	8.3039273193	8.74201600724	3.24642158419	-0.124609335069	4.05515828155	8.41517701995	5.6237461285	-1.7947258923	7.27867385855	9.0	1.01761255722	2.74552070768	
2.885108453	9.0	8.99988296169	8.99017197797	2.91547833101	3.83661154565	6.90553782263	8.17963892735	4.76856011733	2.97283287392	5.56945593494	-0.836199274044	-1.63405978857	0.0852785849376	-0.292078422575	1.43779268717	
1.74465305882	7.84994533082	9.0	9.0	2.34164581784	5.93046655536	8.3144285086	7.62204916474	7.56398901728	5.39599623212	9.0	2.28515249919	-4.2417214144	-2.52049139522	7.27895374455	8.9998253992	
1.58286819563	8.12278882078	4.45021254619	3.94245374368	9.0	9.0	5.29196556362	2.32586414349	8.75395800693	9.0	5.78060159727	2.61397520689	-4.39378594668	-2.6843893665	-5.92192891442	-4.1962737226	
1.69047720938	5.28320192214	4.65239287336	7.19286132598	3.61736171617	5.59744460765	1.9398831492	0.836109647016	8.7470564979	5.33819848337	5.97310364169	2.35834252926	-5.79354328579	-4.02852448271	-2.58461167719	-0.90725020487	
2.91876307318	7.03679665204	6.08489695757	7.95790153066	1.61605420941	5.36436123647	7.03500535418	2.70011412788	9.0	4.25672527555	5.79308934917	5.28508251091	7.03032566153	8.71776730956	-2.9200724057	-1.236538462	
1.61904647438	9.0	5.00449187534	3.73772320242	3.97122674228	8.90557125504	2.8444775411	-3.21245703982	3.39524950542	1.31571318458	7.0107433704	4.21345206526	-0.216883555093	1.50565983529	-5.98261131111	-4.26270033282	
1.60737216975	8.98336551953	4.98119413091	3.72601939243	4.40973931666	9.0	4.88246567563	-2.15963290599	3.69563416199	4.22729923245	5.65495442519	1.57120641614	2.68066909538	4.40196154235	-2.33228446208	-0.623080242422	
1.72318496809	8.5049347717	4.41945126333	3.73980142031	2.94361758919	7.18037409679	2.29943939491	1.01341080703	5.19269509038	0.939718236477	5.62776280552	0.956790538189	7.28550961208	8.96974124867	5.06409597492	6.75648005798	
1.84325827791	8.89863784641	4.48566009589	3.53990011893	6.84927519513	9.0	2.55363549946	2.34927833737	5.56356165082	3.56716007046	5.62475149906	-0.318593634584	1.13954625906	2.86083569131	-5.92471430219	-4.20580779241	
3.90657274991	8.99936534098	4.84581248362	5.93454895317	1.62091217579	9.0	7.98644506756	6.74073173618	9.0	4.60528256008	5.59234975382	-2.21568911479	-4.72837079566	-3.07628526018	7.32579061578	9.0	
2.80914482249	6.49684742275	4.48837866847	6.88571792688	7.89462669102	7.51518852117	1.68538841859	2.09816720763	9.0	9.0	9.0	3.00379752128	6.457302575	8.17714890765	-1.01630277992	0.715783052316	
2.66356623726	8.99215817984	8.99984251648	8.78879809139	1.63259175221	8.83418139221	8.99978975603	8.96523511363	4.21144539084	-6.0	6.11390896408	3.13695204442	-6.0	-4.27893868156	-0.531567329188	1.18907642857	
2.22314979716	9.0	4.49688601942	3.83313117448	3.91601350766	8.23905910129	1.70925560065	0.0119499046492	7.48947555143	2.93448212449	6.18671790317	2.12056302545	0.80598474827	2.52790963624	-2.76437528446	-1.04312515037	
1.82976897422	8.96310798678	8.92893672438	7.90614148934	8.88783797057	9.0	9.0	9.0	3.58771644581	8.87754618557	5.44259230568	-6.0	-5.34995108675	-3.62902766149	-4.34544916934	-2.62348373909	
1.58058277668	9.0	4.80309358026	3.47775037323	8.90779256269	9.0	8.95969524443	1.70875243884	3.71991860053	9.0	5.60378876975	1.50564880528	-6.0	-4.27082242187	1.61247852352	3.33424353189	
1.6079464112	5.00195529087	6.1351454871	8.88856211863	7.4350620541	8.8826684888	5.91701927293	-1.66214250575	9.0	9.0	6.21511650314	6.32492290414	4.49736062027	6.21321676897	2.43925324431	4.1652812957	
1.58222096973	8.98386134943	4.44055307858	3.14268807479	4.33061270668	8.75020348086	3.65277646768	1.72909743679	6.61773760981	0.492977024389	9.0	6.64746011468	2.7494296667	4.44760049396	0.600075709416	2.32319600998	
1.56379022162	9.0	4.38347166692	3.05265975666	3.58358044332	4.71303321099	8.70298746699	5.20709443357	6.78543407458	6.18725018032	5.62875311407	2.62359938412	-0.692627767627	1.01993812347	1.23381354356	2.94788097518	
1.66515582104	8.9789998946	4.51857078964	3.30466551469	2.23215390323	8.86676710211	3.18381548236	1.73968196762	3.66634387461	0.999875203591	5.5602486972	-2.94407395645	0.636755427676	2.35907255531	-1.76623088703	-0.0342614350175	
1.58956929356	7.62485170162	8.96786365578	8.99574746745	2.96596374772	7.41884669557	9.0	4.86172305314	9.0	2.76881940017	9.0	9.0	3.02845835538	4.75516030398	7.27263644533	8.99385374914	
1.87489874124	9.0	5.81170657526	4.80003949772	4.49400747886	8.84209743934	8.96188890481	9.0	7.89802994021	9.0	5.51425982316	-6.0	-5.79204874654	-4.07130848478	-5.93354977431	-4.20984737081	
1.80388599974	8.49306571389	9.0	8.42268900176	9.0	9.0	2.28070488486	1.68189988989	3.93529674277	3.95631197749	5.6563619951	0.240040357773	4.74295607838	6.4628030273	0.322663859448	2.04486863876	
1.84156284073	8.98930812742	4.46063348438	3.41631848539	2.57152352162	6.98530372871	2.49894240147	2.14020354487	8.3923022551	2.18937677036	5.95643265731	2.11281671329	0.765015232612	2.48344080551	-3.47409581132	-1.74870654066	
1.71229803293	9.0	5.01320685887	3.85142995872	2.27865292174	8.99999727364	9.0	6.62729829127	3.56317790891	-5.24398756943	8.94982243419	7.39846280023	-4.73192771146	-3.00778170444	-6.0	-4.28148385295	
1.75818591177	8.80745993841	4.52081137445	3.59421621226	3.586540407	6.53933642634	2.07346584489	-0.644283687036	4.59920376147	1.86205614627	8.95004211342	5.43464738905	4.04523414771	5.76417220794	6.84922223813	8.56738317588	
1.76169577623	9.0	4.67805944481	3.51749156909	2.35559573886	6.31065024502	2.24268243775	1.40528196627	3.41468631628	-0.241068154766	5.56110467259	0.135707405887	6.70721135329	8.42128365504	-2.67325035591	-0.939648773027	
1.92156742583	9.0	4.44781467174	3.46130905529	2.20779546706	4.42601053838	3.73765643902	3.64464846485	4.73116624754	2.71351691866	5.60210940728	-0.48352964478	-2.58573401523	-0.856178338247	1.86547052758	3.56632307788	
2.11893457865	8.39703734869	4.49481393914	4.32578910606	9.0	7.28534766797	1.84022798236	1.53740838731	7.48336502126	8.97962351862	5.6416857342	0.172799038042	-2.09602030472	-0.375533118896	-1.38899636434	0.333019931566	
1.53684998972	8.74205901672	4.60080718838	3.49836508468	3.26680734554	4.2188511122	6.48832199361	-0.680418700965	3.89297302585	3.30140587359	6.07944646364	6.91332950827	-1.40453636828	0.328230185257	1.5645639203	3.28710455325	
1.61970112494	5.79240594184	4.53918716935	6.39956401917	6.04369764828	9.0	2.52665131013	0.788886815385	6.53379926974	2.55862075289	6.48385837975	3.3181748194	-2.88000075542	-1.17055001794	-5.48709042809	-3.78154293549	
1.78037134686	6.1534672867	4.53476079524	6.22130120975	2.915653501	7.16936503462	3.32004183317	3.01933312312	6.44616353244	1.15616204158	5.65957838929	1.08175735953	-4.0891484474	-2.41276610023	0.059276423882	1.72493180538	
1.58240258676	9.0	4.54852967299	3.23383396234	4.48386666698	8.90807437013	5.13648461716	1.07861400331	3.82851808996	-1.91481206957	9.0	8.39037141757	-1.74480566509	-0.0257942565204	2.22490265964	3.94844888831	
1.6390543964	8.20453143665	8.98649548801	8.53342656879	3.28013166758	5.03732439646	2.97494032123	1.70167048278	4.09052348428	2.3223750509	5.63101439318	0.911174835954	6.11214583859	7.83774066732	0.549530265958	2.26424352275	
1.95359402517	8.97383535394	5.12363395584	4.21574809524	1.78807642813	8.85018479653	3.29146455745	2.53205681804	3.50634829823	-6.0	6.627319051	3.79083819222	-0.958208789969	0.769063244842	-5.39299741484	-3.70445586805	
2.00516377745	5.64844814125	6.54269490227	8.99383617361	3.6509172334	9.0	1.77567321536	0.23588756085	7.15208919578	3.6665270776	5.54255294254	-0.774804500576	2.4223742041	4.1595903017	-6.0	-4.26470342047	
1.61443128934	8.40681792385	4.65099657838	3.95968704126	2.53839832267	9.0	8.41417918261	0.473617649617	4.28865279773	2.37027140069	5.60801548529	3.00855519805	1.70503561179	3.42202503237	4.44441152357	6.16941742506	
6.04728166653	8.98709504675	5.66838834827	9.0	4.48367434876	9.0	1.67940313984	1.69390829462	8.170110911	1.28062680484	9.0	5.08400410481	-5.99949090381	-4.17544017177	3.18466709037	4.8934558216	
2.80706388162	8.9015673991	8.98500604319	9.0	1.61936618143	8.95076141922	6.80103067784	-1.16560615155	5.05802969729	1.99775011155	5.62923203584	3.33157262592	-6.0	-4.2779971054	-6.0	-4.28157343265	
1.75786250138	8.65504680978	4.54574316332	3.76193284029	2.09586888241	6.51334322343	9.0	5.1565044496	5.29923827113	-1.22591388318	8.96222610051	8.91861281911	7.27850594901	9.0	-1.08165182005	0.642284078278	
1.58318924372	8.77666352574	4.46782988333	3.38306558557	4.2306219131	8.64505126092	7.80873259383	5.26466648215	4.22138220034	-2.06573575444	6.31428806483	4.73655876992	0.613054257476	2.33538769592	-4.53779693312	-2.82368068497	
1.86813430143	5.41069087551	4.65634271686	7.2071601302	2.7014937677	8.73199666217	2.09000038212	1.54345967803	7.72827552184	2.9821385761	5.54834882128	-1.17918987091	-6.0	-4.27316760622	4.15962780426	5.88609064043	
7.1324568996	8.99954654138	4.7517759041	9.0	1.57003730124	9.0	7.427944749	8.98331523138	9.0	-6.0	9.0	9.0	7.27819467599	9.0	7.27881203748	9.0	
4.91033987794	8.34267180245	4.4578434089	7.13212263033	3.69303852911	6.70047031031	1.97425020235	5.08332892647	8.79626946819	2.68043643091	5.59283874809	-0.396904133779	-3.46891048523	-1.74638306952	1.84131619425	3.56377705056	
1.67363179088	8.83791770256	4.96250835531	3.90457723194	9.0	8.69281775581	2.21936454101	-0.72594925986	3.50819445939	4.16039124285	6.77983505553	3.38222570926	1.99020125301	3.71273100422	-2.75115464007	-1.01964802414	
1.55689882606	5.78917220325	4.92102889992	6.73083865372	9.0	5.62399897936	8.57227271055	0.875954637334	6.54025549565	8.89302313391	6.21024604932	9.0	-3.1855968839	-1.47449723073	6.1756149758	7.91501422323	
1.75368344922	8.40340493051	4.49693964317	3.95484832806	2.07932799164	6.11343791367	6.84682750917	0.727244075782	9.0	4.90501831156	5.67500980655	5.87367597649	7.28068484962	9.0	7.28060171964	9.0	
1.53822157688	8.99010602865	4.7184880238	3.33995622212	9.0	5.28927394854	8.38712388789	3.87288341672	3.1461578158	7.39157628427	5.52443381083	3.55214541568	-4.64251493861	-2.8990829352	7.23019775677	8.95495954246	
1.71789684411	9.0	9.0	7.83227926342	2.20906249657	9.0	4.95284186368	-5.52716108843	8.12102631713	6.99118538101	5.78056429652	4.60105558782	-3.1002228766	-1.37874360995	-6.0	-4.27758404947	
2.01100230992	9.0	4.81255031117	3.90364549629	1.71581440112	8.8101981493	2.73125009249	2.10155935973	3.40448764869	-6.0	6.20609117628	3.16255521664	1.04183269136	2.78272544755	0.001657163542	1.73349851861	
1.65542509068	8.99744351417	5.38556366016	4.16192463285	8.99488093606	9.0	9.0	8.24583559682	3.59286645387	8.99713697983	5.59689695317	-5.06503991247	-4.44485773727	-2.72787328311	0.14896792696	1.86298384493	
1.59408381211	8.86967500492	8.77984071697	7.64927418448	8.84761376232	3.96043379632	8.99999893871	4.37232687046	3.79239599082	8.97750940008	5.71350666858	4.06626284393	-5.91676298895	-4.24007867078	7.26668389664	9.0	
1.60782041937	8.96447206473	4.4418120573	3.1997756742	5.03344230019	8.97579194906	2.75443699401	-0.735751950848	9.0	5.42827810228	8.79861920901	5.92582606143	2.78312972875	4.49209440451	3.24404102523	4.9869229952	
1.79026244485	9.0	5.67805985231	4.59831674684	1.92196906159	8.77157457889	4.31185134737	-5.89241315568	4.85729198271	3.42813385545	6.25305246072	4.99735006224	-0.944146327726	0.77204216966	2.37457780022	4.09582229764	
2.89375934289	6.64207843511	4.72396231037	7.0503113621	1.60783505268	8.96824429706	9.0	6.26753298795	7.04126615428	0.506280041668	5.6831438633	1.64718886958	-5.6515029352	-3.94311542242	6.56871350585	8.31402642942	
3.49161259519	7.19413228221	6.0151928311	8.39867278101	2.99481139174	5.32943224618	1.47040216459	0.653107722969	7.2592720208	3.5477610666	7.01687098278	3.12848044429	-2.69480057532	-1.08007847847	-3.50166440037	-1.78872488774	
1.58919008859	8.9700341389	4.50349327936	3.23565714436	3.70967678665	8.12131613887	8.91194770443	6.34025774942	4.74356627773	-1.45929259717	6.14464433775	4.51577834904	-0.870959187374	0.851096224169	1.92108142882	3.64537329552	
1.64028823115	9.0	5.55269046512	4.30186525906	3.41639234828	7.2241652513	2.6304585999	1.4368263244	3.22558918743	-0.248362347007	5.57062011673	0.433907235639	-2.61259645308	-0.890336567014	-0.62328598889	1.08988901753	
2.0995597104	8.28986260209	8.04483506874	7.96538203705	1.99908524735	5.04714750817	2.11264833191	-0.174641864529	4.49383917929	1.2569989704	8.77744181592	5.25915371759	2.43883795709	4.16110946142	-4.79890667288	-3.07809660661	
6.0548149599	8.61724614898	4.48527018971	8.03484879107	9.0	9.0	4.52311925902	9.0	9.0	4.77939262246	5.61008426097	-0.646649911843	1.63190741472	3.34962261836	0.952268390374	2.67419388599	
1.58355679917	8.93880687445	4.48726237511	3.23904783516	4.93998587986	8.99800853024	9.0	5.29288995208	8.47421418817	4.68828198309	5.62326711498	3.06602451233	-5.96997749078	-4.25181873182	7.27465258632	8.9965686797	
1.48006780313	5.22152838581	4.22904455067	6.5180569498	7.86292527307	9.0	9.0	2.97153424276	6.84829117789	4.50203405921	5.43296778686	6.72305751723	-6.0	-4.24301861275	2.55702926594	4.29784591296	
1.5845319386	5.93427741844	5.58096756899	7.34524111613	7.00380782857	6.77671023371	8.30889914718	3.66919581348	8.31929393198	9.0	8.79074200821	6.98261856303	0.791572363631	2.51307775394	7.14024392388	8.86118874212	
1.7137720117	8.38809156758	7.05451808857	6.49384517664	7.03800890932	8.99999859425	2.19345853727	-3.15567784146	5.60895583955	8.69640681783	5.62145132716	-0.0769032810874	1.3886478408	3.11089169093	4.14977459782	5.869099475	
1.67814689731	9.0	5.72056066255	4.51483718623	3.47954397063	8.60360242311	2.77998576552	1.7612585797	8.79685203368	8.92729728058	5.64056000684	-4.59605927613	7.27986847036	9.0	7.27384589211	9.0	
1.67692292319	7.77308940924	4.46411623972	4.46756526283	8.50849977672	6.09950798843	2.28879793871	-0.166418376085	6.72269975536	8.9393656094	8.89574676924	5.55546403932	-2.00801641309	-0.285394993876	-6.0	-4.2723454009	
1.93549166679	5.09799779635	5.86246727114	8.83376486252	2.55625075667	6.78008441813	2.60156269907	2.33064515764	8.20535168202	1.9062413792	6.07717446903	2.34707204572	1.65011380509	3.35092290338	-5.2073331204	-3.47242166826	
2.08549395166	8.9776156448	6.21707744105	5.44000720697	3.32195681464	8.99836729157	2.28900991678	2.48356737929	8.89234661212	8.61245485308	5.62196124616	-5.99999005807	6.97598126832	8.67987749964	2.71914620146	4.44800509569	
2.66781818723	9.0	9.0	8.7808910663	6.98895526846	5.41793428909	1.63475656304	1.09198026455	4.30375087515	5.69404744963	5.62236383043	0.349370045448	-0.970201566917	0.748944018048	4.83254949163	6.55556140189	
3.00611325509	9.0	4.54954438324	4.66111306949	1.78251381223	8.97663441596	2.63760880559	3.44468220394	5.2819488795	-4.66579854181	5.77976064918	1.72162805173	7.15482173459	8.88422823453	-4.59984251666	-2.87670537731	
1.7317133645	9.0	4.44414796007	3.2856381826	7.28017830531	7.17876491541	2.12667550846	0.369126250035	6.62517395429	7.09812125086	5.64393161049	1.04674351247	0.0155474587618	1.74359543002	6.22998537321	7.95321182079	
2.36004473018	6.29350267042	5.72224447674	7.92203240078	7.68595129144	5.24759307279	1.5253799544	0.762285996218	7.13191555348	8.2266770927	8.93344974386	4.979499478	7.29543298793	9.0	-0.0700697425264	1.76795637617	
2.18214380773	9.0	4.69050439016	3.97402873183	8.23770616955	9.0	3.45234042997	3.96636463013	4.7328846001	8.97848245783	5.53008138083	-5.99945788515	0.364083180122	2.08747927141	4.8545615187	6.5770208726	
5.259225103	8.85370642351	4.51295284199	7.01550743798	1.57797399334	9.0	7.95243163113	3.65803498727	8.73778213391	2.62653324308	5.60613119854	2.60491722142	5.51409516779	7.24617168211	6.9376503387	8.66338236184	
1.77618245968	7.58455986481	4.52231887507	4.81969653703	4.3638964796	8.75119614872	8.10376289413	7.83007011539	9.0	3.48296660517	5.62552829091	1.02847540414	2.33931691287	4.06961867858	-1.28297698852	0.44522035921	
5.24035095678	9.0	6.6491733292	8.99950096451	1.71524565496	9.0	2.60289515957	5.63806508661	6.78340732746	-6.0	6.16508221894	2.58186087339	7.19673196638	8.91885900045	0.913327152902	2.6219088219	
1.72822882134	8.29970556504	5.74881450779	5.3022634649	5.93199543378	8.62797933084	2.06400309422	-4.85544312136	4.66120438865	6.45907104183	6.09837529835	2.49725152888	2.82760428236	4.5498686385	-6.0	-4.28840184588	
1.74966894089	8.99201352947	4.54405579659	3.38509232768	2.01276555202	5.69608145951	2.97729777052	-0.738820181612	3.76797906906	0.431134086326	9.0	6.40159738295	1.12556170041	2.84392000621	-5.56792819915	-3.83906892641	
2.97318243272	8.98352058988	4.50697363666	4.61248763532	4.18233098027	8.6082343193	4.95366065318	6.31911570552	8.47993643363	1.84339757118	5.6502614543	0.494428078342	0.591709181182	2.30782171604	0.713033069129	2.43451355539	
3.16598280014	6.79657194334	4.58136983113	7.03133548921	1.6456968928	9.0	2.46738966613	-0.160481146053	9.0	3.32461024146	5.67171977528	0.651040824751	-1.76740311226	-0.0486706824016	-1.26981900816	0.446903712113	
1.67820591405	8.99999271974	4.70300995651	3.48406774287	2.42811669495	8.94715586729	2.9860770439	-1.43393140868	3.83772683212	2.19474724868	5.62445207765	-0.812588463483	7.27225849505	9.0	-0.164191609256	1.55137388222	
1.87836193435	8.8464960187	4.6060605666	3.74458809888	2.31516938479	8.77476628626	2.16671824984	2.15137127246	3.89975973864	2.6924597397	5.28982415048	-6.0	-1.65899003998	0.0525362436103	-3.59288456092	-1.86706396377	
2.79469791056	8.98629764966	8.2058324356	8.13010471648	1.63319722437	9.0	8.99361185959	5.5250232818	4.48590596075	-6.0	8.36881501536	8.96840203224	-6.0	-4.28692462478	0.202415395075	1.93508939237	
1.59376061513	8.03296831921	9.0	8.67421607617	8.90891618219	9.0	7.39823326022	-4.89033719083	4.54625909869	9.0	7.25048007673	9.0	7.27863730465	9.0	-2.98132949779	-1.2609198951	
1.82503894838	8.24905024836	4.58576156765	4.285002555	4.57334754086	9.0	2.70415906523	2.43372972388	5.50310068442	-1.02100432854	9.0	5.36018129791	7.2776951917	9.0	2.31315225488	4.03502305425	
2.45013261086	6.49846361061	7.02243211234	9.0	8.60007800896	8.11721806053	1.74825884007	1.16367374361	6.58584504858	5.98091216193	9.0	4.82164430791	0.682287660901	2.41991076971	3.28548644941	4.96385698409	
1.61075744562	9.0	4.50923222527	3.23968256472	5.32904530015	8.45296954669	3.01623884418	1.53506144393	7.31464140702	4.56404729876	5.60132571343	0.700932273887	-5.81137362458	-4.11040020515	-0.689399699625	1.03534872679	
1.61300291834	6.03423621481	7.25891226454	8.94172345721	7.19735286704	8.00722111869	5.54061925469	4.35869888864	6.23190594301	6.0108753726	9.0	3.61303378656	-0.0828512078575	1.63592295353	3.6564242792	5.37661963071	
2.272000431	5.48603786227	4.75014144948	7.41606704868	1.80933332845	6.0565801674	5.03555593925	1.97004914561	9.0	2.95699778255	6.95782666758	6.07870127599	-1.85854112752	-0.117022497945	5.97660881168	7.74111723821	
2.01134636289	9.0	5.15438194841	4.27864696228	6.72132665228	5.84431762268	7.2036166136	7.4185414834	3.73757606228	4.60973688645	5.6107102095	-0.595609859304	-4.93858856009	-3.22062547075	7.28215465421	9.0	
1.6297925077	9.0	4.5982522456	3.34843484678	2.75268113294	7.21589125929	4.67120963254	0.329613721412	5.46147119389	0.354390169089	7.05447719042	6.04771313068	-0.405233085546	1.30915369915	0.76658708005	2.4785405738	
1.60113172276	8.96766320995	4.5437390775	3.29392029233	4.33890970814	7.18323555757	6.59631391123	4.00527804708	5.7699258685	3.3007479987	5.63630329007	1.85152731901	-6.0	-4.27773478948	6.66214552497	8.38479382179	
1.70143553211	9.0	9.0	7.81778973928	2.24268583229	8.90976834774	5.54348037648	-6.0	9.0	7.93518385432	9.0	8.93600365288	-5.99999914823	-4.27844751619	7.2795740718	9.0	
3.18720037563	8.9970687866	8.70241431668	9.0	5.01900308255	9.0	1.6336359635	2.03626107772	8.8623659444	2.52123415574	8.99310355932	4.96195186086	-0.522520198641	1.19984616128	-6.0	-4.27896658438	
1.71779308593	8.99884399327	8.97605559454	7.81757400165	4.30148612376	8.71593665085	2.06123882182	-5.99997880021	5.53500730685	6.61732621733	6.48595502878	3.00656170772	-3.55936063856	-1.83305823586	0.383253365251	2.09956245681	
1.57494874162	8.67871902196	5.98062003131	4.99580533049	8.9999993373	8.98270060601	5.28303178091	-5.61410818134	3.78666348253	9.0	8.99997951573	8.69469191967	-5.95445790138	-4.23051818843	7.2803925948	9.0	
1.53481651807	8.82351318028	4.29302215584	3.15687106268	4.55416220587	4.3816658934	5.47207770518	-0.994351578643	5.1591219342	5.73445795475	9.0	9.0	-4.96427788486	-3.24368777867	1.25323342008	2.96965925348	
2.01192456016	8.84883844992	4.72683896872	4.01065500753	4.6096750785	7.87016812096	1.81315527289	0.0426799543809	4.2993740798	1.12700160372	5.79208743671	1.47356052116	2.72695303454	4.4457337087	-2.12918666198	-0.407265847546	
1.59629593729	8.99310760468	4.95563037176	3.68443528007	7.3217252698	7.47082458426	8.99999851809	0.886862772068	3.48692746174	5.05944600188	8.60346084412	8.99080454573	4.96466001856	6.68809522359	-4.70996573295	-2.98764476193	
