1.69959551942	8.8603872785	5.09436143922	4.04633349399	2.40477632478	8.98446802196	7.80408043613	-5.99873808268	4.06674603359	2.674617921	5.43668226237	8.05404021935	-6.0	-4.27895024767	6.79160532359	8.51314001567	
1.60644030773	7.57614070027	8.41621208853	8.55404890772	3.35062495227	4.38790739905	3.34263270538	-0.031615527764	6.79682752433	5.49430597561	7.62515992089	5.27254437784	-5.99707082004	-4.27683842151	-3.73094335571	-2.01246638801	
1.8682920952	9.0	4.52571606973	3.49952328179	4.57159165471	8.98341547254	8.94345185587	8.93349211963	4.2934432903	1.09344052319	9.0	1.81062262015	-5.81306414219	-4.09405389854	-4.33496423441	-2.61078136468	
1.57447362706	8.6931056214	4.77861794438	3.76661786781	7.32549169774	8.94504121693	5.82636014319	0.273329928593	3.73110465707	3.3162657525	8.65501573128	7.01439989068	-4.21687895502	-2.49424610993	5.46144043269	7.16830128106	
1.68214815453	8.8819090985	5.36931383084	4.26899774608	2.92681590196	5.93059741285	2.44012553621	-0.0778374187988	3.4408468037	0.677213885151	5.52844487355	1.82317247443	5.5502119575	7.26834440697	1.42610871959	3.14565915394	
2.06778504072	7.63878674901	4.84131817502	5.3854195702	3.30993530367	9.0	3.54430001703	3.87871875072	5.25583651468	-0.545503307773	7.31653227466	1.0775945584	-3.56092791845	-1.79632131074	2.59507628796	4.31537790707	
1.9386848355	6.11410134511	5.08126145883	7.02852887661	9.0	9.0	8.75950126499	8.86158822381	8.85735696172	9.0	9.0	2.8715640858	-2.99565975234	-1.28238584859	-5.60219777477	-3.84600006343	
5.00015276548	7.81096640109	5.62710836823	9.0	2.50627634695	6.11359053889	1.77207331927	2.30733124441	8.78520223183	3.11253178246	6.36806404072	1.88161999449	-6.0	-4.42719787489	4.73839473733	6.4049639237	
2.86246554348	8.97444949457	4.62207008678	4.65734850689	7.58678021791	6.13059528122	2.33834059185	3.41565118066	8.85122755695	9.0	4.80142761217	-1.00905929568	4.61425431599	6.3369014285	-3.72008637382	-2.00087162068	
1.59693716005	9.0	5.62879748383	4.34163291267	4.44896486484	8.18319535076	6.76161441047	-2.98924614664	3.83624033951	4.89559141549	6.09572825721	5.05282140945	7.27990519336	9.0	4.40768614191	6.12819682502	
4.45414226487	9.0	6.43452063381	8.00701635278	1.62184735936	8.27772349666	9.0	8.45101711746	6.10872545752	-6.0	9.0	8.99848109781	-6.0	-4.27819924672	7.27921399296	9.0	
1.63126499202	9.0	4.56660826346	3.31202124146	4.57471590975	9.0	8.5112818731	0.340937166402	7.63968597649	1.95493846916	5.5609306218	8.99330969869	7.27964453682	9.0	7.21179821227	8.93386720901	
1.9032416507	5.45790019237	5.20013705699	7.75656656594	2.57234903088	9.0	1.98963678019	-1.38117887497	7.91304475559	3.2351498018	5.63381880149	1.25947606449	-5.67147276497	-3.94936383695	-5.55796154884	-3.83728762854	
2.00199254251	9.0	4.84826160571	3.96188007081	3.18506019935	9.0	1.84855982875	-5.99854416984	9.0	8.30784225432	7.15393226336	3.88016242497	7.27873888105	9.0	-6.0	-4.28236534236	
1.63833985909	8.97901033229	9.0	7.77483745705	3.32679826043	3.38415441575	9.0	2.49908653458	8.98952766727	9.0	5.0298810761	5.46364416391	-1.51691869451	0.201972974824	7.28027115517	9.0	
1.60113776646	9.0	4.59043735228	3.3099764133	4.63679203909	7.19136799631	4.42064048087	-0.144612342066	4.93038190412	3.06252731956	6.58911921996	4.46725032784	2.15303679428	3.8730233703	1.98499235167	3.70788731031	
1.60153909654	9.0	4.494219396	3.20523883593	2.99601900189	6.93385976702	5.77851089312	0.54687482352	9.0	5.50094392291	5.8357995211	4.6422629961	-6.0	-4.28550450777	3.48476392937	5.2130930618	
3.2592057142	6.7964065264	4.60623854892	7.17034171141	4.21515380113	6.45685303507	1.64797781631	1.98690044906	7.13174930045	3.16395583697	5.27076112606	0.694151179818	0.563325795009	2.26974158777	-0.981763591912	0.665139603643	
1.75148901507	8.54635359579	4.91086306364	4.21582262087	2.93056261502	8.96457486533	2.25697621865	-3.95528636559	4.06831733134	1.55540948188	5.31396764011	2.0111661733	-1.31327533149	0.407472509263	-5.92965402217	-4.21315070124	
1.74061098562	9.0	4.93380991559	3.75950080578	3.97723140618	3.48739983181	7.1571394862	6.7659604733	8.56519774828	9.0	4.91260015244	-0.629851412202	-1.39695834887	0.31252743763	0.932681926347	2.67446771453	
1.93453812832	8.73978603638	4.98368452642	4.29634878047	3.51243187777	7.59343962976	1.90982112848	-1.11947645712	4.57585861121	3.92710596344	5.10441342785	-1.30149838971	-0.639195750199	1.0802803695	-6.0	-4.28044355619	
2.39246864048	8.4991246393	8.99123797341	9.0	1.81592408666	9.0	8.93978857309	8.99640929722	4.54587749679	-6.0	9.0	6.30586749793	-6.0	-4.27879875785	-6.0	-4.27854585761	
2.65130009862	4.45787359843	4.65962641619	9.0	4.09087060164	9.0	7.40339698843	8.47583847603	9.0	0.733430438689	5.11841545041	1.4088415107	-6.0	-4.35951807404	-4.9159817413	-3.21686126345	
1.65894731629	8.89330376555	4.51010918	3.37302206249	2.30989187463	6.73022290243	7.96138658563	1.73045430593	3.8470813228	-2.74476079003	6.57720326319	8.99933925947	-1.79574236696	-0.0670077278175	3.78773466615	5.51612980212	
1.91846231661	5.30801118185	5.0006413233	7.7084595616	8.10667077162	8.99889193187	2.68401938398	2.5779315284	8.00910119398	8.66612418343	4.83942092166	-2.58997922829	5.20893697105	6.92189421966	2.68306069391	4.40068442169	
5.02239182006	9.0	4.38731912085	6.52289768936	2.89172325722	6.67998115611	1.55645685392	0.869534820779	7.08389985496	1.973782941	8.45358935189	4.49004588591	4.38120156981	6.12176239452	-0.31802659184	1.3368149363	
1.57774724194	9.0	4.48471090711	3.1704669885	9.0	8.88904493267	6.76869836316	-0.473140216676	5.13222863748	5.99867557495	7.39488815268	7.89143118321	2.69188596215	4.41238487586	7.23911189001	8.96217429606	
1.67377714261	4.88340202511	5.38329492516	8.30490774548	4.53837417011	9.0	4.24832357706	1.63970437278	7.61514033632	0.615386721668	6.16093908799	5.2750389285	3.86997259895	5.57382994703	-4.60496341206	-3.05759618099	
1.60843979277	9.0	8.94907283533	7.67190911678	3.23060170067	9.0	5.81882670699	-5.99038600862	8.99995606779	8.999439117	8.95842451718	9.0	7.28037262975	9.0	7.23391490329	8.95187854304	
1.76933247952	8.53921651543	4.58511710235	3.92593076023	2.23810139061	7.99912343737	8.62592081926	2.48405760043	5.70931480537	1.97478270731	4.86014484415	2.98234223493	1.33979540099	3.06330606293	-1.51237336047	0.205032551087	
1.62035194019	8.99099017628	4.495767683	3.21515581848	2.78690457366	7.19527990358	9.0	6.32640188897	4.33026875848	-2.59501052416	9.0	8.19809315679	0.897305291471	2.61238492239	3.93667136667	5.66107963874	
2.17961758729	7.59359658402	8.289059012	9.0	4.83285258212	4.07865578435	8.61455826343	9.0	5.92082732752	5.42013234432	4.83649868129	-0.318386534726	-1.44200995792	0.274708190121	7.22658824803	8.98514305184	
1.92990895172	5.27911527713	6.23415937676	9.0	1.83842950259	9.0	8.94247067014	4.04452155377	7.43937725547	1.49207754944	8.78545147293	6.4706636641	7.27932629499	9.0	-2.16988677892	-0.447802791832	
1.64395070143	9.0	7.67141331072	6.43596306337	3.87819743362	9.0	9.0	3.62061311782	3.32266209517	0.431441691434	4.92565386186	2.07088658629	2.94656020322	4.66853866158	4.00469733692	5.7265640585	
3.57601550403	9.0	5.85386994789	6.54517003097	2.57531230743	8.85348633118	2.2150029814	3.97344796645	5.45553001548	2.43813085	5.02310142655	-6.0	3.3753819705	5.09674672024	7.28863991682	9.0	
2.26138908926	8.98019755902	4.58047938563	3.97893938281	4.53749247046	9.0	4.39458116025	4.90117965426	7.63218604119	1.82385116511	4.8827781799	-0.285246775292	-5.41202791236	-3.69137931805	2.87764875853	4.59935042945	
1.73200304334	9.0	6.20033986054	4.98513871609	3.53562090031	8.96160700204	5.95039660951	3.11030980004	3.14997686961	-5.75998992579	8.69256917886	9.0	-6.0	-4.29943426145	7.21718370723	8.92772508352	
1.64297841243	8.94200543174	4.47571137778	3.28604666116	4.54076074098	8.96022283823	2.96561708006	1.9949022258	8.98691824995	4.47632489259	8.73719178122	3.81264690869	7.28137254406	8.99976545604	2.39022071755	4.10952762469	
2.09933607765	8.39079148229	4.50950019898	4.33290367937	4.58122348202	9.0	5.75522582199	6.11148076359	9.0	2.91422929233	7.5215453694	2.83480389073	-6.0	-4.27814085866	2.28974158187	4.01112668054	
1.94962195221	9.0	5.73471433277	4.80131170866	3.78587118273	8.99998521538	8.45626923232	8.55976878205	8.8246638774	9.0	7.28745085214	-4.20261267339	6.77710914571	8.49578522263	6.740309031	8.4602758485	
2.08891484432	9.0	4.5448003952	3.74501019617	4.31022279817	4.80517308392	1.73319038985	-0.379862224025	8.24243888412	8.13353155013	8.38150082485	4.11080359427	0.812513152436	2.53245028112	-2.86058858652	-1.14050095532	
1.80550332766	8.91853623953	4.44244100496	3.43665528842	4.59464017233	9.0	8.9260125944	8.76263180107	8.86005251023	2.72989406032	6.35917457546	2.26648177192	6.04584458351	7.75529840166	7.28423396702	9.0	
1.7956259008	7.87489917999	4.91694522684	4.95781651896	2.46380158451	6.79561702414	3.11645402959	2.21189977128	4.85683601013	-0.549883082069	4.78346061874	0.759228364833	-1.27854585238	0.440125612651	0.585946764432	2.31200711762	
2.26812935046	8.99999296538	4.58793307106	3.97104213066	1.77154384002	9.0	6.42482026279	6.00416165002	4.82802026026	-5.51861328928	8.70838363638	6.24988763586	-2.42247316437	-0.700710727167	-3.31389822242	-1.59205099197	
2.24840181002	9.0	4.54808813791	3.90615620314	2.4248964816	4.42103881297	2.27791543636	2.48889591118	8.94643686198	6.44821214058	4.86449555289	-0.838364127418	-0.815615097343	0.90464586036	-5.70897162186	-3.98601125642	
2.50865341712	8.66548098739	9.0	9.0	2.37364804325	8.98643809582	1.81291208501	-6.0	5.66334568883	3.5923168993	5.1137026738	2.30096204909	1.52270069846	3.23898704304	7.2710158564	9.0	
1.63501243736	8.90045668364	4.70712592952	3.54215721076	2.51765665403	6.14353544177	6.09767864651	4.26872938655	3.62448171708	0.341614812942	5.59931329228	1.10676664542	-3.09543985733	-1.37449159444	4.51881112316	6.24277825364	
2.03607414692	4.99828912017	4.22290349555	7.26395889222	3.5659547341	7.60831456836	5.06061054379	5.42397589756	8.99060031103	2.68748800702	4.7749773734	0.671044980736	7.33056810591	9.0	-1.93348021293	-0.190640601521	
2.04199839161	9.0	4.56508631307	3.72098567953	1.86360425564	6.30124150868	5.8756775927	2.33732331157	8.75464193427	1.91478585479	4.93970267419	4.88486085654	-2.44750116253	-0.728728674686	2.6409729931	4.36406826412	
2.39881955171	9.0	4.67047485063	4.18166080534	1.67198135584	6.0886126101	5.49019705973	1.85851592964	4.54019288791	-2.31375250042	8.92685511229	9.0	6.50041944114	8.22163124833	7.27925155482	9.0	
1.66360483488	7.94680698571	4.9751990621	5.01017583172	5.47412988618	4.21522416452	2.31906186861	-0.278269763261	6.07756421695	6.78109516692	5.47094364143	2.67506133416	0.736305243365	2.28756212784	4.76911238084	6.59579518064	
4.33988642156	7.83856162858	4.54157950033	7.16116663578	1.70183238612	8.94854337831	2.22594002027	-0.500472468223	9.0	2.27427076234	6.41606970109	2.61954040583	0.18188004662	1.90545921748	-1.46445059836	0.256338376507	
1.72851880696	8.82546129122	4.93270021468	3.94154296851	5.88915617439	3.67570631109	2.26561700254	0.318229783577	4.63226559506	6.75906979049	4.94020582912	0.981527811839	1.78946417488	3.5154178218	1.51181389635	3.22984216072	
1.80564635908	7.79377639939	4.62683578185	4.74464353162	2.50287182747	6.36794530181	2.19429222737	-0.282176283761	5.10671203214	0.660671729083	8.07211820619	5.13896187734	5.53329103011	7.25107367692	-5.91158284976	-4.19625301833	
2.53735391637	8.66284790433	9.0	9.0	4.32176602557	8.98318891375	1.86650175993	2.47965544255	4.28960255618	0.0475248470983	9.0	1.89942811799	-0.0920063952137	1.63826751753	0.68907026633	2.43464040868	
2.06418131546	8.99999999997	4.59632279936	3.77493790857	4.61544727647	8.79831230332	8.69961079713	8.97416548764	5.96816454185	6.45434793682	4.95190671207	-6.0	-5.99574957989	-4.2765690219	4.05279220519	5.76939271339	
4.44877706207	8.99960699114	5.27691021454	6.83888110102	3.57490850644	8.00457310149	1.66085760031	3.44220964714	6.16009936338	-2.63818360896	8.4277768641	5.01824095833	7.27808938832	9.0	-1.22967845036	0.491787912084	
2.14164616009	8.35086133424	4.56444671493	4.47113903496	1.96394663344	6.3832054658	2.53893163424	1.87160402742	6.72977958309	0.607166073803	4.80629960368	1.1772749899	2.22991984894	3.95706310681	0.785796697596	2.50860976758	
1.59888313991	8.56014283095	4.57595514147	3.72671202944	6.35342873649	7.2736151822	6.78945988665	0.0160162788284	8.95386042864	8.74201977803	8.92983374069	9.0	0.22736828292	1.94876477019	-0.116054211978	1.60309094579	
3.2302112197	8.89638221504	8.54334525248	8.99996867375	1.63914785552	8.99583366046	3.61512696954	3.70179535707	8.98806532088	5.65351473711	5.34551297778	-4.76843608003	6.15769514209	7.88954072689	-5.99999999865	-4.27107175292	
2.80645857563	8.91427674115	8.99454827961	8.99999963427	7.55793459633	9.0	7.03358543262	8.23149367116	5.95103766022	8.98597783323	8.72335184251	-2.94704768131	7.27487958943	8.99582905918	3.26053675095	4.98165859917	
1.86525509712	9.0	4.59090787231	3.5797109044	2.02783155442	6.45538771665	8.70940557395	0.975614915394	5.7104750433	-0.0988483055161	5.04671393819	8.14604483888	-1.38969416374	0.324387502342	2.64348797583	4.3673863136	
1.65081837581	8.29613062269	4.6383018669	4.1118697737	8.99364779141	9.0	2.84342385744	0.793272127259	9.0	8.9976224111	5.69616288771	1.76440028738	-5.99999999876	-4.2729943024	7.28432700787	9.0	
1.82760067709	9.0	7.36628855056	6.30837821714	4.68731140997	8.62461969696	7.783792236	7.63417109283	7.76772936592	9.0	5.88936182435	-5.12766216898	-1.43186560311	0.290570708011	7.27854169746	9.0	
5.90876492078	8.64268143054	4.75768020434	8.12879977025	2.68151743469	9.0	3.77492687423	8.0352195984	9.0	3.42315436127	4.99797680278	-6.0	-5.64195542854	-3.92128194133	0.17836253214	1.8980334444	
1.58083318269	8.52360647439	4.49914120134	3.66980999103	8.79186095549	8.66772464234	8.22212617508	1.07870532729	7.34609042015	9.0	8.61129088923	8.22858303605	7.27884025141	9.0	2.80635981688	4.5272906511	
1.69196407736	8.98968654803	4.60419164542	3.43166760224	6.30139911743	5.28395479591	2.64247784002	0.518319650669	8.02261012821	8.99356401306	4.94288474143	1.10104880284	3.58260297753	5.30343880959	1.89584841909	3.62355849748	
2.13868710965	8.99712667131	6.49480893427	5.74751796929	4.59008942092	9.0	1.92489042792	1.91264298203	3.74975674866	0.106545410251	9.0	2.25006038553	0.660356194736	2.38305205816	7.27815143524	8.99925497187	
1.66984994219	9.0	6.93670264871	5.71651453236	8.14173092801	4.36311529075	3.58892406009	2.59959600172	3.3435828506	7.15940610248	4.9960978903	-0.0477664735557	-6.0	-4.27686119854	4.38714192318	6.11019417237	
1.56901932366	8.998764557	4.46154113446	3.13828501793	8.99005494829	8.99659337936	8.95641153437	0.449555503582	7.41420815383	8.86682150066	7.93820029886	8.99983852433	7.27355084487	9.0	-5.65857182879	-3.93790225553	
7.49162560051	9.0	4.48266776956	9.0	1.51170135303	5.96138902769	9.0	9.0	9.0	0.718661746538	4.84152058777	2.72191295614	-0.0599341852645	1.69658355313	3.04500162758	4.84563134198	
1.9656976759	7.64318058303	7.8232674719	8.24903596365	3.32724243692	5.05965562217	1.91522831954	0.286178876372	5.00772289944	2.46532900837	5.03886532015	1.49315653095	1.38947778881	3.11067572862	5.92078817736	7.64116433402	
2.74232485312	9.0	4.86921440728	4.71621350017	2.66196171413	9.0	4.39163073851	5.469811809	4.99538368096	2.95336465189	5.36413461851	-6.0	6.92786758489	8.6462987588	7.27345782064	8.99881797842	
1.58586137274	7.69455602054	9.0	9.0	8.98950058705	9.0	9.0	-3.64830328095	4.81364136762	9.0	6.18225563033	8.64230787267	-6.0	-4.27886471821	6.38612680863	8.10729893405	
1.63873534061	8.99994821687	5.32529343313	4.0805994475	6.3818814019	3.38085608072	3.69513084051	-1.11291384947	5.94843235769	8.96478285657	9.0	7.79280092682	7.24330295713	8.96459262011	-5.55424352242	-3.83295021087	
1.60137811686	8.10376368136	5.378813396	4.98943911093	8.67449930429	9.0	5.34879615995	-0.794648284356	4.68695380124	9.0	5.33994513602	0.849090437663	-5.99988130027	-4.27878600153	-0.619540622631	1.10149072011	
1.8538845211	5.95196080984	6.61813538219	8.58093221919	1.93158280374	6.14929631712	4.15743267918	1.25053334097	6.56783969647	1.60891058401	8.63410558338	6.34797543178	-5.93277640823	-4.28140022179	-0.309201159079	1.40528751322	
1.93003160779	8.88371609131	4.78083235752	3.94461811371	4.064886759	7.67284267973	9.0	9.0	9.0	9.0	4.9766300055	-4.63104134279	7.2816751891	8.99985304693	-5.99683302756	-4.28034110139	
1.61257831547	9.0	8.70672313055	7.43160324273	4.59695234323	9.0	9.0	7.83958355524	6.90285115546	0.642312608811	6.34256744683	3.36107704723	7.28064132497	9.0	-6.0	-4.27950110057	
1.8590052127	9.0	5.4103504551	4.38301300966	2.3471517807	6.67990526549	2.82409276096	2.30041872267	3.57105763043	-1.19000273892	5.07253098355	0.0274439078498	1.21492628108	2.93644836339	-0.50895932597	1.21211402762	
1.64900174747	8.96219964145	4.51272017027	3.31354758247	2.95221960317	7.22501676511	8.99849097364	0.0898874732337	7.03605069201	2.46987038096	4.90279901032	8.10827293507	-2.14394314649	-0.423291791431	2.76933638835	4.49299699928	
3.88034526419	8.89810753027	4.65208990311	5.74796722843	2.64087045955	8.9933593501	3.56017125472	5.75927537115	6.70193754077	2.97399675043	4.82738868743	-6.0	-5.99839250904	-4.28585516366	-5.99674742596	-4.27931295414	
1.9414326669	8.98027537555	4.60978597512	3.68496350971	4.54595604196	8.95756673265	9.0	9.0	8.99233567405	1.60501867169	9.0	5.97770452437	3.36385812658	5.09150248172	3.56253788731	5.30147241227	
3.30570181131	8.07726521322	5.0175093633	6.34172577627	2.1427662108	9.0	7.15627942173	8.68028537562	8.30527733725	4.5532873073	4.62573845285	-6.0	2.14866604829	3.85776359821	-5.58710110087	-3.8672726216	
3.87202928129	7.94556445106	4.80676620661	6.7841549463	4.83175721288	5.13138251963	1.57886112055	0.413898835763	7.35964694008	5.59540660855	8.2724231718	4.92980507617	-5.62970480397	-3.88065399091	-0.0429888776296	1.55916074348	
1.63097222733	9.0	5.2221652591	3.96547914365	3.49504796474	8.5008337363	6.30581465584	-6.0	4.06000643215	4.0956157342	5.89293531879	7.15846646652	7.27829448206	9.0	-5.99256475077	-4.27168041269	
1.59123883293	8.80174912568	4.53604969891	3.44616374217	7.82062272793	9.0	6.27946623988	0.88464830021	8.99851522989	8.66273462388	6.76988762459	5.31590005936	1.85929127719	3.58078627499	7.00713575828	8.72853301063	
2.88398926703	9.0	9.0	8.99865095354	3.011535274	8.16772022217	5.30944340467	6.57322887452	9.0	7.51012215815	7.67125725879	-3.25559582805	5.33934776577	7.06056911016	7.25502037541	8.9777199647	
2.89335614886	9.0	9.0	9.0	8.95717686222	8.99887835208	1.65686806943	1.6096306459	4.93271710038	5.81977654854	9.0	2.15005911017	1.40723201699	3.13759623835	2.35284202269	4.06249525141	
1.59280399402	8.96349391196	4.51142460557	3.26375228526	4.57330206826	8.97920199012	6.30607727016	3.03607976503	8.09984329339	1.54032191265	7.47803708088	6.88707279104	-5.99929575871	-4.30064541837	-5.99965725418	-4.24878411272	
1.7375750582	8.92475000602	4.54053833425	3.46806193154	4.70014579019	9.0	3.28815693987	2.90114975714	5.30334264234	2.1616782643	7.81162162523	1.04072327316	-3.01562782091	-1.30002122241	-2.79476190346	-1.0695117969	
1.71115350093	8.9234025274	4.92232166021	3.84754682128	3.29787200843	5.12738474017	2.79594536757	1.41359744823	4.17472614309	2.42846668038	5.3642300378	0.687283618368	3.12128812086	4.83729685561	0.883164564849	2.59706995355	
1.69831074743	8.97384542821	4.87668261809	3.70090278722	4.5434570461	8.99862101333	5.01171284052	4.49700397344	3.43016993729	-3.51116957518	9.0	6.00576471833	-0.0383451382113	1.68371012839	0.0584478259894	1.77688833057	
1.69223357637	9.0	4.64098656068	3.45768977119	2.96566723571	6.90634432619	9.0	5.79581772008	8.37825701815	4.21670836301	4.76554319994	2.17793976962	2.95955111985	4.67422450484	7.27479300704	8.99875253728	
1.81895914573	8.99794435026	7.96809195583	6.90179404444	4.1393183976	8.56403486785	8.99999877899	8.82945125526	3.43807285637	-1.83937256584	5.57652236357	0.600743978669	-6.0	-4.27799832604	7.27965429412	8.99763558694	
1.60368193222	5.51207669311	4.52868411463	6.82509945253	9.0	8.9957966566	3.51504223152	2.09498230998	8.99878501302	8.77162262578	9.0	4.41013382937	5.63585226581	7.23371546308	6.45598528181	8.06113834689	
1.67532848898	8.94950844327	4.75249665336	3.58193115307	5.2085667694	8.99904816741	2.54149098046	-1.00869879393	3.74867457116	-0.138319889954	6.344856549	4.00141590083	-1.02379868969	0.718841320557	3.40126921935	5.11983833417	
1.68143573264	9.0	9.0	7.79413327205	2.91531229915	8.99056865888	8.70195582162	7.96310302439	7.00081995791	6.62215380978	9.0	-1.95389067536	4.19613547983	5.91720950558	7.02653177271	8.74790551801	
1.56853504734	9.0	4.42060628474	3.08266849843	9.0	6.49015657521	7.69149055857	0.918797359384	4.92130527594	7.74201320548	5.24269138214	5.72343339935	7.17925610245	8.91700973685	-0.00910548533033	1.70358980937	
2.63035394967	8.90615043996	5.61683376766	5.4552325638	1.66288525719	6.08693674358	9.0	6.5886990201	4.40660258267	-3.60491610701	9.0	9.0	-5.93178907179	-4.21090530721	7.27881986549	9.0	
