1.89526644465	8.99998159618	3.57497688354	2.5779696736	3.00903944589	7.51647505242	2.10333157046	0.815226945001	3.07317293731	2.51040674287	5.64461954339	-3.00494255087	6.84734403414	8.57417265892	-2.71679096307	-1.00733672361	
2.034806909	9.0	3.40235964116	2.54723884152	1.95231895794	6.36814734848	7.53396650755	6.91547911326	5.57458246229	-1.14903079393	6.42960233532	3.36251645475	-5.99956447641	-4.27481842912	-0.93419618213	0.787818753895	
1.75223116197	9.0	3.5838051591	2.45004866909	5.28915025412	9.0	3.83401896556	3.3399852792	3.44682629574	0.457815231098	5.6358888108	-0.58835379552	7.27691800018	9.0	2.15244208453	3.88002887036	
1.63811182401	8.98000834012	3.47145644137	2.23032536846	8.41462068816	9.0	4.15549903319	-3.63339768032	6.26417851591	9.0	9.0	7.4892503989	5.34823216025	7.06875251791	4.46840972355	6.20263236424	
1.63490581039	9.0	5.00696402517	3.75123614897	5.91041956502	8.9816270362	8.87785800745	8.01614579298	6.38195589063	8.06192497664	9.0	-0.890553358548	-5.94578176172	-4.22483663162	2.1391720497	3.87113075034	
1.69144634075	8.06886788043	3.43912991426	3.17063576945	3.57663258065	5.26913820123	2.60201619168	-0.361788541216	3.59793423747	2.46080342265	5.84730679442	2.30183480398	-6.0	-4.29693117799	1.45917746448	3.19308588686	
1.64814440636	5.00596897231	3.20997620063	6.14019769114	9.0	9.0	4.12905404321	0.605186174165	8.73689127575	7.63731974976	8.99997996039	7.35445771203	-5.28810664721	-3.55224935146	-3.31587240369	-1.47571025194	
1.87033925432	8.99954347658	3.48553104936	2.464828064	2.458943963	8.07187321247	4.35265489552	3.94694286705	3.35347015833	1.36652080123	5.69064291452	-3.52004062874	-0.660669909208	1.0640990662	-1.4929199292	0.230079905987	
2.02621572078	9.0	4.64241087307	3.7845653142	2.31640581205	8.53310004463	9.0	9.0	9.0	8.39617930858	5.61934265216	-6.0	-1.54041170655	0.180630675177	-3.8999597401	-2.17803644885	
1.78814274129	8.6586374903	3.866517137	3.11940272467	2.08358915241	6.12095797176	8.99843003035	3.76045964886	4.47063598218	0.786155692711	5.61977889581	4.49846407707	0.133082127923	1.85406714006	6.83845832552	8.55903638816	
3.13194452614	8.98932626977	4.24466611838	4.50052134119	2.29225782522	6.71136575465	7.57595826942	9.0	5.87534287402	-1.84538689761	6.09049728635	1.97226477698	-0.0467205886486	1.67476048469	7.09209266872	8.81322669722	
3.09838851228	9.0	8.79970911945	9.0	1.70917753621	3.81793649071	8.9190585418	8.4052272437	7.20485741486	5.36682936007	5.74578961877	0.0117823541416	1.02601901378	2.74664482726	-0.921989816895	0.797736807538	
3.43219196701	7.5516628272	4.73260321194	6.70437026705	1.74186873851	5.52376844648	2.0541358555	0.896299316403	6.8959585199	2.02697391783	6.36901458847	2.70188839146	0.434773789923	2.18574192765	1.14268236116	2.89927068682	
1.55595334406	5.01359531282	6.3354140959	9.0	6.44110660484	4.98951135743	5.51948123152	0.757215931422	8.99012991552	9.0	9.0	9.0	2.91743119774	4.73509500582	7.26625913825	9.0	
1.66647745239	9.0	3.25140021549	2.01842109688	6.60366816105	8.94550140362	3.6396129796	-1.32704471407	4.94108962011	3.63747947333	6.95710488483	4.8933226284	7.18866256333	8.91331522817	1.43936110509	3.15998332713	
1.95067463992	9.0	6.18822061804	5.25287104773	2.08646138295	8.99916186034	2.34282501544	1.37407877745	9.0	7.75690451669	5.62303811678	-5.07571609277	-1.18713234151	0.533838328022	4.12635786999	5.84739752253	
7.53604831727	9.0	4.35195554408	8.99995073012	6.70649475743	8.90123048417	3.06802208771	9.0	9.0	3.20178425804	9.0	0.67747468033	7.27845783597	9.0	2.39172036916	4.1137363106	
1.8317366071	5.73349839748	3.47208781977	5.64592487149	7.05935260078	6.44123496035	8.99999894576	8.55017935287	8.91885464743	8.69043944117	5.57676690573	0.955106064798	7.31592687611	8.99309192644	-0.725907342892	0.949098235338	
1.77850641455	9.0	5.04542424123	3.93194358291	2.43962228443	8.3148055022	3.4936455538	-5.99999546672	9.0	8.9564291692	6.05436769542	3.71382604875	1.1165681644	2.83975886242	0.751916611704	2.47565681074	
2.03653853016	8.26159250533	6.52129802773	6.40608713286	2.99599544399	6.93955253648	1.95970586543	1.56935051886	3.54507437758	-0.310228428924	5.62658734726	-0.0703810718826	-2.59098065404	-0.866965133875	-3.42329247266	-1.70330565143	
4.0848040948	8.46383457238	4.5053289683	6.24013672618	1.60436452056	9.0	9.0	7.59483900524	5.84520316998	-5.96950581159	6.86710818893	6.69312981339	3.86244604943	5.58374789277	1.49250394425	3.21397429495	
1.71833896994	8.9999871676	3.55930813483	2.37353726394	4.69971230091	4.08921098571	2.68651349084	1.0228063387	2.9421654121	4.48046883199	5.65109867061	0.404913896602	-2.08186825301	-0.361251194659	-4.69054366706	-2.9657635799	
1.87642954395	8.8753516743	3.3332736942	2.43124132792	2.20842164875	6.61746528708	2.66278096181	1.46318383326	3.92437856915	-0.886564816141	5.70222060316	1.33625060191	-4.31066291319	-2.58690682217	-1.96585351369	-0.245048805853	
1.8125662853	8.96509253869	3.6583631251	2.61720050978	3.57788079164	5.48757055552	2.07429756487	-0.924658569772	4.761490258	3.5775673732	6.14395651856	2.42109638298	2.3326300594	4.05503360457	3.29436571317	5.00805258885	
2.90615067296	8.99114866448	9.0	8.99932016997	1.64500833544	8.96907124163	8.74839794953	-5.40074458978	7.99478941196	5.96178739786	6.05968495675	8.93602763811	2.48746053235	4.20897528894	7.29679700079	8.99815663803	
1.59255615424	8.6919481834	5.2364140987	4.24719539895	4.59076292566	4.18540337655	4.28177035995	1.25508176588	8.3671493215	8.89149795983	5.65978884969	2.57729146483	3.02655133983	4.74741519558	3.32782456409	5.04571001662	
1.62079067507	9.0	8.00823807204	6.74333366098	3.15330856593	8.83613307151	3.39843179923	-6.0	9.0	8.9495110697	8.64311484592	6.41115475689	-5.95833017927	-4.23706698284	-5.94874545421	-4.22761811035	
1.85937539063	8.45867605721	4.56567885755	4.08024784771	4.84253546606	4.11471086701	2.46652288695	2.24225565748	7.43853847837	8.20282193901	5.62890323653	-0.182156703139	1.82655074501	3.54839572057	-1.36015458625	0.360116594849	
1.65000892366	5.26830125154	3.51727932565	6.00588591819	6.88069266189	8.89586479664	9.0	4.53030639191	7.4540264033	8.00824941722	5.65030787592	1.55771400155	2.04223242296	3.74365505591	-1.36853264653	0.345566075192	
1.93340743013	8.79222984709	3.48243565959	2.72509410992	5.43698504982	6.34221846926	9.0	9.0	8.65643887469	8.28815459498	5.66143269023	-0.86326494805	-6.0	-4.28873311796	-0.681547190451	1.04113014439	
2.03335036759	3.93882349181	3.18897823586	7.39818346632	1.77178152307	6.48741206122	6.77428010054	2.19913343453	8.9223696824	1.76880635478	6.8512036036	7.88352946196	-1.94994663125	-0.250474899875	-5.33442759982	-3.55505861446	
3.78194141049	7.11480689693	4.14709090536	6.97743755999	3.2817681681	5.77165041808	1.82432304617	0.648869588862	5.94540193159	2.58493819377	9.0	4.95818494232	2.52283853574	4.18776819366	4.78609204698	6.52675175851	
1.91895313365	8.77045982014	8.7910638612	8.05286703762	1.88418292798	5.7494371475	3.09325220668	0.123679503593	4.86344974626	0.539376939037	6.91759436981	4.35022636545	6.18875118981	7.90990084284	7.12989851439	8.85284506729	
2.26633105944	8.79100563042	4.27315303111	3.86679154349	2.0682957644	4.0533799323	8.31516862227	8.60567034014	3.59945153803	1.75292697497	5.62431509449	-0.807129407113	-0.293399030103	1.43614100648	-0.228691251504	1.49366788218	
1.59494149044	9.0	5.3192279155	4.02670297751	4.16654534861	8.57356841599	4.56254549892	2.68883588101	3.36783207065	0.16463661112	8.99970172082	3.67528678658	-0.666668717573	1.05470906006	-2.65739005901	-0.936261152063	
1.60974790529	8.92401660981	4.04361241744	2.84335757298	4.71279870066	8.967313906	3.36313052069	-0.687475682317	8.76362649436	4.87461167059	6.95276468696	4.64798363177	6.06335398827	7.78527082606	-3.32677790306	-1.60729636412	
1.62078317469	5.37262507011	4.39070830103	6.7048539561	4.24683112523	7.26052428404	6.82267734252	1.63390416062	7.73306347001	3.99323259731	9.0	9.0	7.29007569572	9.0	-0.0650989137238	1.73282802812	
1.66757340756	9.0	3.32566646423	2.09514524593	3.73044202568	4.22836256478	8.99277345238	6.11822429369	8.46984701544	8.99734151585	5.68546518957	1.55370725098	3.93391752752	5.65664976187	7.287889256	8.999820383	
1.76699974744	7.04798253671	4.04516402886	4.87436005447	2.17202661317	9.0	3.21881727538	-2.98892559625	5.5012496588	1.46354755359	6.04857317175	3.47571402373	6.72780580747	8.46100133841	4.03919432287	5.76084899842	
1.81499959127	9.0	9.0	7.92899402784	6.60704245253	8.89875361661	1.97202383544	-2.03161730242	8.89394369017	9.0	5.71816954252	1.3273384894	2.65729313807	4.37854127382	6.31352799812	8.03477284443	
2.0105481645	8.67887601115	8.50801139205	7.95449461296	4.59933211748	9.0	1.83399573761	-6.0	5.11484613942	6.34875555774	9.0	5.19869962754	3.57683549941	5.29825620386	-2.27656679351	-0.555110756955	
3.25715617839	6.80501905765	6.43949838626	9.0	1.62225684211	8.90000837453	4.35632109564	-0.856187778212	6.36903726777	0.263330607883	5.75175808538	3.79934483051	-5.99996444812	-4.27743520864	-5.96806888264	-4.2474452224	
1.60031738078	8.99956451306	4.00539521215	2.71814763476	5.23709348013	5.69699381992	4.59126188321	-0.711029779304	4.83200995863	5.04796853566	5.91896756514	4.54905191056	-5.99993893711	-4.28104304696	-1.09158139255	0.631076265846	
1.63628364642	8.97981023877	4.11204159862	2.88117202738	4.79237515013	5.29981139262	2.67269478891	-0.906102373234	8.91204732159	9.0	6.65502522791	3.64272307034	3.92316755811	5.64347976558	3.99736299877	5.71806603588	
1.61239690826	5.31361683918	6.63456231195	8.99990893941	8.35546567088	8.99666770888	8.68972612938	2.69792734079	7.78118352284	5.61805977792	5.76412380935	7.38844291293	7.3995841123	9.0	-1.53367788866	0.140317995577	
1.87494794508	9.0	3.4320954697	2.3978470806	5.45242460297	8.98328673761	2.68111146346	2.42351577652	3.22262170866	0.458623483154	5.6683142845	-0.823364420854	7.28084343418	9.0	-0.248843729366	1.47878961548	
2.18251653557	9.0	9.0	8.29193023627	7.47010613581	7.22927752408	8.51666499715	8.99803380145	9.0	8.90519146056	8.99963502959	2.86621997726	7.28076156003	8.99973729263	-6.0	-4.27814126488	
2.06349854573	8.87433264963	3.86243208787	3.16873248709	8.7432677039	9.0	1.82161056136	-5.83796450635	3.76849696979	9.0	8.99848715	5.16395015133	-6.0	-4.28198035524	-6.0	-4.27615186321	
2.90995438656	9.0	3.62864004422	3.65626375126	2.12135073979	6.53780566439	2.22924446978	3.05722716438	3.82955278413	-3.38200825239	6.07408044801	2.04166757918	3.37405874885	5.09560244808	-6.0	-4.27110739929	
1.58847963639	9.0	5.32859701452	4.03008700484	8.06865116837	8.73251885854	8.992525441	4.64538893849	8.96703402183	8.32302892014	5.64238475304	3.97374594456	-0.317454189579	1.40358144419	2.50920927163	4.22843294202	
1.68553797097	9.0	5.8889439109	4.68741099548	3.93477733349	7.0396117955	2.28181741583	-0.0873632036913	5.29951280111	1.91565968961	9.0	5.65252049161	7.28230655255	9.0	-5.62226201542	-3.89836820497	
2.01396517286	8.95125841746	3.64418104851	2.81487029349	1.85231626026	7.96310743929	8.79266726046	2.61827186138	8.93125946425	6.65456718626	5.6550222479	2.00225227491	3.49315142742	5.2206147594	-4.71126659179	-2.99487772264	
3.43041507151	7.24879703125	3.10621715449	5.33662559731	4.20528096641	5.171089258	1.70746246633	1.25358132506	9.0	7.43564734785	5.68777705839	0.789220318504	2.93052558696	4.64722514471	2.80245466978	4.53022579202	
8.99999164898	8.99967396255	3.08001244379	9.0	1.73388117877	6.18482876894	5.37472382361	3.85312688774	9.0	0.598117828062	8.86872182886	8.53475744984	-6.0	-4.27905823204	-6.0	-4.27876022203	
1.69929527346	5.84344333956	5.17997250378	7.18740698692	8.58025314514	5.39061684312	2.59861098098	1.39316947085	6.62329452068	8.55996485001	5.59295126897	1.97459438786	7.02013723901	8.71706023096	0.827019467218	2.5135575339	
5.26503995194	8.99916384285	5.50412828678	7.8861268823	8.71742475194	4.99757606029	3.93889576754	7.61903151986	9.0	9.0	5.62230925187	-0.341593663881	0.207629062474	1.92938184064	7.28223437758	9.0	
1.91212154631	9.0	5.98683243354	5.0122264117	4.58009150587	9.0	7.69258927343	7.73052011626	3.81908099343	-2.87331685178	9.0	5.23891683382	-6.0	-4.27830179426	7.16874796047	8.88981773365	
2.61094207018	9.0	9.0	8.72368854871	1.66821350232	8.99146497479	8.98292356249	0.980431123051	3.44476922393	-4.50915762101	5.74055279272	8.38211072776	-0.0784132830921	1.64251378749	-5.9955632698	-4.27860221937	
1.68002260488	8.855067345	6.22171831703	5.14993115633	3.28135966111	4.04700000713	9.0	2.02438005997	2.58623011264	2.60054985907	5.63675142665	5.84703826492	-3.24964355485	-1.52686533163	1.83733574299	3.55531120029	
2.04919624981	9.0	3.44091286832	2.59870912264	1.8512827273	6.26060349023	7.52420135848	5.06868637014	8.90848835392	2.55602858807	5.89056265856	4.29427811776	7.28249486246	9.0	3.20102993093	4.92250519785	
2.56970745002	7.48206013908	4.58034625338	5.78131447276	1.63845564177	6.06035704672	7.05438775271	3.98891286571	6.48778749632	-0.74585413695	6.29097816742	6.17167361323	2.92152662492	4.64309074013	-1.52756844376	0.193200302393	
3.66441551671	4.43919619735	3.6893227928	9.0	1.69942659965	6.20835086754	8.88687568186	9.0	9.0	0.875809694564	9.0	6.54545672725	7.25379770291	9.0	-2.94983850614	-1.37486132291	
2.73953393175	8.14339420591	4.76984692956	5.49972898883	3.73966235259	8.3854201214	1.93792424358	2.81517482852	9.0	1.36195720292	7.02131043086	3.08530772588	5.74954288462	7.46611534128	7.13532912555	8.8348130605	
1.80635181535	9.0	4.02512978795	2.94847702521	2.12574888408	9.0	9.0	7.54397702064	3.04795956598	-6.0	9.0	6.6264389671	1.8502525057	3.57251388806	7.27781692742	9.0	
1.5805775312	8.86525309588	8.29645726103	7.11990780214	9.0	9.0	9.0	2.1602801872	7.60404908422	9.0	5.6056865538	5.04979614722	-3.42729790687	-1.7227265761	6.44498497244	8.1617602088	
1.81266966318	8.79336906285	7.66266565877	6.79527126546	2.09357988665	3.63142198025	4.20194277064	0.0744605412242	3.42295165377	2.44647937049	5.66914095521	3.2346874948	-0.640689259032	1.08035557854	4.16003535958	5.87973013352	
1.63213707133	5.20804688069	3.67926756196	6.21345085279	3.38948259093	9.0	6.79371800951	3.20317985889	8.86144647942	5.41619582337	5.65460659729	1.08910334605	2.65457984442	4.37602496755	-5.85775816654	-4.13692638967	
1.70013853244	8.13737453056	3.53390523363	3.20326443368	2.40438667762	6.82575022835	9.0	2.17344599298	5.67049686525	0.276775286833	5.69987298241	7.50346529891	-5.59111092817	-3.87179176311	-0.386381995085	1.33556982774	
1.6299834982	7.47423264789	4.93504623507	5.19761578382	5.02076089485	4.07956268877	4.73053620395	0.22187658868	4.74416854915	5.77948937765	5.75271984105	4.17234375611	5.12605077296	6.84374727971	-2.87730232639	-1.1545115267	
2.00671692138	8.86241135052	9.0	8.25766179469	3.22355704552	9.0	2.18572523136	2.08755358121	8.99909004905	8.95104430546	5.62911631673	-6.0	7.02187765878	8.74183386355	-5.92428990679	-4.203022773	
1.59102093506	8.36008019029	4.64900344082	3.9923399446	5.02920769433	8.86767159702	3.56047233394	1.65729177737	7.21014076483	3.36497554671	5.6638430603	1.59958124355	1.27059957688	3.00126234715	2.964922329	4.6890969852	
1.68408173237	9.0	8.99321749263	7.78581283794	2.56394359304	3.6942841324	8.57605609297	-0.837475862222	3.03223995206	2.57085115223	6.08775122296	8.83937667468	-4.46447530183	-2.74329276763	5.53816283768	7.25507085431	
1.73751136922	7.55709110035	3.51072148742	3.81554353421	2.82098150795	7.3002298995	3.77673666828	2.97318163377	9.0	2.40525176218	7.39531124326	4.27077175507	-3.14122528905	-1.42390708002	1.06280904311	2.78743841787	
1.71436535646	9.0	7.76897499655	6.59008005223	4.47902936905	9.0	3.38691457684	2.80475787966	2.67228427113	-3.06513807962	5.65976925228	1.4471672792	-1.95403677363	-0.260556364782	-5.17533365421	-3.45025878646	
2.3712789937	8.99998092858	3.83433320369	3.30925185729	4.59899313438	8.56672449683	5.77242618025	6.40455257575	3.14371270273	-0.691219799153	5.64508451114	-1.10713420173	-2.50073972612	-0.772298643198	5.086358526	6.81003728025	
2.89086365403	8.99992490137	8.99998783961	9.0	2.66366922274	7.97794111941	2.84087097355	4.00939830863	4.16712868301	3.28194911344	5.60878369173	-6.0	4.11819163861	5.84007379578	-1.4034540425	0.319889253014	
6.24200088609	8.82297353711	3.85199100728	7.2199795013	1.60650787461	5.91424306293	4.20672629433	2.77785322503	7.91229763421	1.56908122648	5.72877232808	3.37955961028	-1.71492356521	0.0549855329384	2.18051130243	3.84056275765	
1.99633076645	9.0	3.52731187157	2.6235610794	2.13492704712	4.22209435252	2.23347259572	0.601214141371	4.30653294678	2.97525287053	5.64189772929	0.536131170073	3.97099270016	5.6980544467	1.5530329413	3.27352344889	
2.48659771545	8.93036388814	6.78835185185	6.46247831913	3.99502962439	8.15153364042	8.15647691846	9.0	5.01915050693	-0.24666984147	5.62739485859	-0.109522845054	6.71129150559	8.42366725423	-6.0	-4.27917267629	
3.2512659609	7.45476805616	7.09010733181	9.0	1.60587064481	9.0	9.0	8.99112671566	9.0	-0.64679258493	5.64159067728	1.90359058762	-6.0	-4.28703773294	6.01966907748	7.73764635381	
2.45563694739	6.53693515742	7.04872203777	9.0	1.81367934183	4.68366228852	2.51369928702	0.255124775128	6.40001548113	2.97733701667	7.66540983026	4.51873251731	-5.99999169408	-4.21683041647	1.48079042877	3.1790186262	
1.6381174112	9.0	3.48230562243	2.245030034	4.55083944423	9.0	6.54376174976	3.89582041121	5.96634425876	-0.284929479426	6.10417279068	4.53705096494	-4.99271654932	-3.26894439652	5.95590450936	7.68471909447	
1.61246439526	3.80166280592	5.00485079437	9.0	3.22802110896	8.99003852771	8.84924872018	4.31983964768	8.35852833685	0.467594347416	8.41083886067	8.95424661903	-2.63189743276	-0.858606051089	2.30242886023	3.99350294436	
1.61746068536	8.88886495042	4.03076422692	2.87157537065	2.81078766581	7.12967231378	8.94037068241	4.83699196519	5.0101401665	2.62746776097	8.9976597161	5.16994047231	6.55796757819	8.27896511805	7.27874889231	9.0	
1.61481368312	9.0	9.0	7.72729328021	3.42969537401	8.99582770269	3.22967661757	-0.883422371455	8.87449375699	9.0	5.63444423589	-1.93911370694	-5.0859736855	-3.36526658929	-6.0	-4.27832829284	
4.47750914073	8.02946499403	4.78338849656	7.34379383041	1.59186505315	9.0	6.29179209957	-1.44741082403	8.83229541065	2.5430450133	6.85528114574	7.48283481655	4.08200238533	5.80436899446	-5.75272307192	-4.0321902964	
2.12972368586	8.13861629414	7.8070620879	7.91055858768	3.36897610591	4.79217979211	1.75198805138	0.35168236171	6.89768822942	4.7651702302	8.68515989771	4.79782332864	-4.72308056754	-2.99928430256	-3.43963109968	-1.71675600305	
2.0830252101	9.0	8.42588471905	7.62503118857	2.49313466958	9.0	6.49254203375	6.60265327767	2.70199551072	-6.0	5.84945799098	1.9280361655	-5.49160189264	-3.77228233045	7.27334014144	8.99510189386	
1.98526718704	8.72207704158	3.83680661068	3.21308129855	2.18950389936	9.0	4.11935872365	3.95884880153	3.49869053511	-0.11709410289	5.6440141414	-3.38654861612	-2.13733423146	-0.417614133564	1.92893345901	3.65215483596	
1.61226570141	8.94958779935	3.21301450311	2.00853174078	7.41922271956	5.65682953144	9.0	1.75688653631	5.91813413805	9.0	5.99170360082	5.94219158972	1.22382800664	2.94045422367	-6.0	-4.39188526579	
1.6655194607	9.0	3.9850721028	2.76050978986	4.77347039963	8.73712464868	9.0	-5.22183447157	6.84448171853	9.0	5.66076924692	7.76385805818	-0.661810250328	1.06057928707	7.28150482419	8.99942635476	
1.8525462708	8.98987503702	8.36578783236	7.33952997384	4.62008815496	8.3940079823	9.0	8.85401696567	2.99060214047	-0.419164376015	5.63815169692	-0.573717747428	1.58784485949	3.30982820823	-6.0	-4.27912846433	
2.718040102	5.42251627563	3.45265456955	6.92900574463	3.31328718762	6.33225006631	2.45864796033	3.44030820935	9.0	3.80410123208	5.37083295877	0.508797823315	-2.91368229802	-1.15093332539	1.71193049969	3.5416253955	
2.71316039375	8.99543496343	5.19176669522	5.02330017841	4.54961595647	8.94178858754	1.72188497758	2.14861660699	5.55946002096	-1.20840042754	8.86468096413	4.82107722883	-0.61361693594	1.11164105065	6.15082783551	7.86968259389	
4.35025175483	8.14879972407	3.63197609582	5.94808306118	1.6904631863	4.91507340545	8.89537753546	8.61974109182	7.54908268895	3.6087192745	5.72695965308	0.661487281108	1.32089494954	3.12068461036	-5.84269497623	-4.05723474191	
3.19582329222	9.0	6.96000822862	7.269785337	2.91889497193	8.0219280241	2.27094656466	3.69898337139	7.11516483779	6.18233523288	5.60848944784	-6.0	7.27860240616	9.0	-3.99305203332	-2.2737635272	
3.04391028983	7.54442963275	3.81089987399	5.43409801122	2.21859396293	6.61979040076	1.89206235626	2.55316334019	5.29296648998	-0.503498077563	5.59423809532	0.311421950062	7.13231718533	8.8632591576	6.24092977748	7.95822154027	
2.23088025304	8.99945665697	6.30349939404	5.65280871425	7.67556378188	8.99407148187	2.77930631462	3.28470272346	9.0	8.19446728481	8.89056554705	1.87706414716	2.84725755192	4.56748576281	7.28005510267	8.99983849482	
3.10773448481	6.58270965884	5.7394861302	8.3421820956	2.01436578959	6.23240698731	2.0605834846	2.0462501903	5.68777444891	0.550710956928	5.68887586344	0.630039463089	5.15494839661	6.87341110292	1.59990977623	3.33127404688	
1.74200979171	8.81233809944	3.80220948484	2.83791747962	8.36602802743	9.0	2.18662843605	-0.639800507159	9.0	9.0	5.94535163925	2.15224253789	-6.0	-4.27881823986	-6.0	-4.2794477581	
